18.006395535762422
13.125507579978471
11.619916239660565
8.504694260161294
5.689658343833187
4.510205082520923
3.915186057952125
3.519898987977661
3.269835783898622
3.0891272735345714
2.9428139315049293
2.8266308627444703
2.7357952231093527
2.6601826172042564
2.597080754038653
2.560886048022871
2.525841511427651
2.4595275911839494
2.2951445208792087
2.1628462528645978
2.0439843906155097
1.956594653769275
1.879461478257487
1.80926762270669
1.747178327241289
1.6805577560737675
1.5534511105679485
1.3347064548187895
1.1115273224989632
0.9503440981642424
0.8623351076374366
0.7946900309730207
0.737351676911012
0.6881947157376036
0.6609319816440973
0.6468890394587303
0.6299489454968352
0.6148477423169147
0.5927337828035961
0.5618490746043641
0.5347446147504771
0.5133754472149734
0.49025920368501286
0.47291425370409446
0.44949574934136827
0.4281675709877115
0.41618160063514864
0.4061456680468849
0.3973899280989093
0.3891899688809719
0.3846656565057964
0.3804755749964839
0.37644897860628834
0.3730517360796002
0.36875386136687904
0.36713563322937226
0.3642734119643336
0.36221669916608423
0.3599228148642215
0.358638618345398
0.35734380104244146
0.355886812095882
0.3545306954377967
0.35316626858483335
0.3522317623257534
0.35161423253900104
0.35118008821169155
0.3507637058200146
0.3503553462844451
0.3499388027154655
0.3494603734174824
0.34890841034200015
0.34846646275359916
0.3481202075402834
0.3477501453333378
0.34747929603716976
0.3472914983565447
0.3470890699520224
0.34692092787701334
0.34680116502646197
