17.983383740255732
13.127787243883496
11.681929557798824
8.64073405413259
5.849043747977291
4.546910621609056
3.9062359667785547
3.5327501135474932
3.2788675254585087
3.0936465234811887
2.9604467075048824
2.8530551586269244
2.7709487601451652
2.703202008625297
2.647361308006503
2.6017201690488303
2.5653418662542817
2.537498750189677
2.509591174252458
2.4171177111724784
2.2653170430724323
2.1495674412392027
2.0571794065940505
1.975205884948105
1.909646360119007
1.84776337523979
1.790721796453691
1.7384663688971234
1.6853132081121913
1.6253316895270533
1.5179020779134653
1.3907237720111238
1.2481974713067174
1.1257757684182206
1.0113552978011402
0.9223304046544909
0.8617877280443036
0.8283764119732719
0.7989284997696036
0.7569488118443699
0.7145835351457954
0.675859818585951
0.625367172520404
0.5788924753312816
0.5386550801784278
0.5139717766945333
0.49859225905529403
0.48644131866314666
0.4716495398991398
0.45996899653722334
0.44995431501065664
0.44103809768436086
0.43243878691588034
0.42452797210980364
0.4173809563051796
0.4105442077214283
0.4045475795471267
0.3996056908851937
0.3954382106925367
0.391615423839375
0.3884196404222413
0.3853854104922192
0.3828255727617105
0.38020317291280215
0.3778927216014072
0.3759300200174449
0.37404122118764693
0.37257767223667315
0.3711787631954362
0.3699227061185262
0.36882947547965017
0.3677443263479123
0.366757897652791
0.36586040206764814
0.36501507648408626
0.36408401145784985
0.3632619558739627
0.36249241699395807
0.3617849337409771
0.36101293064530715
0.36026392180988687
0.3595578387890299
0.35891039903788435
0.35821685063944386
0.3575986454332165
0.357063296601706
0.3565274667794194
0.3559990477117916
0.3554652071028137
0.354983187120423
0.35449891738405626
0.35401999128943373
0.3535986467963159
0.35311516821575584
0.352656021296208
0.35224598161098264
0.3517657125339477
0.35132226674523004
0.35084794295694
0.35041337078211576
0.34996944318839596
0.3495476403926876
0.3490781669662901
0.3486467819851553
0.34820860788508856
0.3478317732789744
0.34749408188973696
0.34712424272304254
0.3467986861629955
0.34635480769777693
0.3453518691838777
0.34399723323164544
0.34029235463065355
0.33354977555849974
0.3317621022762154
0.33131644361928014
0.33095146042198653
0.33022877919376104
0.3294278800193693
0.3288861488978263
0.3284828730662337
0.3276292911958114
0.3265520752720681
0.3258299305435415
0.3255430017442986
0.32544354363076344
0.3253419528413586
0.3252575837934799
0.3251746190413938
