2.554481297378532e-12
6.932434716525247e-11
1.3486616133597305e-10
1.0114380175865454e-10
1.99622478696446e-10
7.746457968536235e-14
2.0587685398167404e-10
2.5913448349363565e-11
1.040773492826349e-12
9.174300609420086e-12
2.0498173094074814e-12
6.060600948699567e-11
1.075079708531696e-13
4.113229219720189e-10
4.884210498721294e-13
8.724067626406366e-14
1.445552242880963e-14
2.6324436782209595e-12
3.7705781553913763e-10
1.2214921735431689e-12
1.8031092629973558e-14
4.134838036761374e-9
3.1012065833949303e-11
1.994480049788138e-10
4.747356891767544e-14
2.8042444894962207e-9
5.897554216475277e-11
4.5728180016519905e-11
3.260875949508779e-14
1.2867910537857674e-11
3.4762634563820554e-10
2.6958993568533787e-12
3.312685513838509e-11
4.697873868850164e-15
1.8566185988334548e-13
2.883037126360941e-10
1.389203812406333e-10
4.027826646493356e-12
8.209047927419975e-11
1.7932811813368088e-13
8.177166878412949e-12
5.093565840286383e-12
6.026231831147601e-11
2.957588188915772e-11
3.2600675851231836e-13
2.6279709138455377e-11
2.707805329119541e-11
4.050244842197195e-12
2.0081563383261337e-10
3.591524097313666e-11
8.731237913747223e-11
3.612268490746301e-11
9.483877648089734e-14
3.300062369515353e-14
8.649960343039016e-11
2.5272438065587815e-12
1.1641335284484645e-12
8.517730179240015e-11
2.6116273043797023e-12
8.01336855946487e-13
1.4737430204129156e-10
2.982967896908087e-11
9.061002662262238e-12
3.282085219595496e-13
2.72916833293353e-13
5.3563846388548135e-11
6.241643689312801e-11
9.030533893075451e-12
1.452091292314373e-10
6.397386815420581e-14
5.6457089316802424e-11
1.2853963314683153e-10
8.964912361597586e-11
1.1106998658309292e-10
2.226267025307041e-10
6.09400267369897e-12
2.4769331890026368e-11
2.3029154334986997e-11
1.823412907978298e-12
6.745638739039575e-10
2.0901714000092143e-12
1.1153020598308509e-13
1.5017939985023876e-11
6.013652179110773e-12
1.9525550210516056e-10
3.039339943283485e-13
3.5538196895442995e-11
9.137209250434057e-11
6.858607743745721e-12
1.0667157334076205e-11
2.480520549263746e-10
1.0304512153212944e-11
1.3073468821000897e-11
8.252627102527794e-11
1.0231223308185646e-10
1.7473721013819266e-12
4.029140611052832e-11
1.933404477411215e-11
1.6188451708895732e-11
1.6354889926533023e-16
2.651285024986831e-10
7.030009733296275e-12
6.350211572641357e-12
5.483435239101656e-11
1.1146127002402552e-10
2.263612684420189e-11
2.6474176754911743e-12
1.3505536446055687e-12
9.291155442902907e-12
1.1940917321239032e-10
1.4559613221146958e-12
1.383415451127502e-10
7.311591490908546e-13
7.641460700284707e-11
6.081424287510259e-11
1.5359893327793934e-14
1.8330577923732942e-10
7.989231998477328e-12
1.6691989058161373e-10
1.2202430539754762e-11
2.7058766058280443e-10
5.91034193400714e-11
5.456767932082019e-16
6.3493655037551656e-12
5.6986788375119224e-15
6.192259327532965e-13
1.97380814472031e-11
7.607117582110034e-12
1.8173919226807093e-11
6.412475103416793e-11
7.359649269836393e-11
2.730438702167268e-11
4.4991475442058926e-15
5.587355617954123e-12
2.307511766762478e-13
1.3856871010569786e-11
1.3898481295290724e-13
4.188514104391128e-11
4.865250568506974e-15
7.680294339667264e-12
1.2384368874351466e-14
5.31781132426262e-14
1.8131029454666647e-10
5.260545441555362e-13
2.7751500954694004e-10
2.753918941813339e-10
6.379882434917668e-12
4.085484097059797e-12
1.600999258441768e-11
3.8618707274922936e-12
2.9275620535558237e-13
4.736612389367975e-11
5.1081234421280644e-12
1.5557910872090143e-11
7.178490722164324e-14
3.156432777806083e-13
3.9689604046471587e-11
1.0975332670483027e-11
4.603076913332116e-10
3.1534155385664583e-13
3.1691687566216062e-12
9.971583608837171e-12
1.1238586109071033e-10
5.126010305474219e-10
1.8202091813854699e-13
3.3260975420290105e-11
4.406139499461232e-12
5.150137731278343e-13
4.908391990789925e-13
2.212557594306709e-11
4.056070736316822e-16
6.373159083232218e-12
1.8516648984817968e-11
1.2203925611334837e-9
4.0449174455922894e-13
1.743062807076501e-11
6.21764470315956e-13
6.306013716170178e-11
9.638551642747694e-13
9.054752876121255e-12
7.587645311780594e-12
1.7771261775350254e-12
3.0225403425775493e-15
5.893565290123372e-10
4.428628390666645e-12
4.5839045300745724e-11
8.04740272642936e-13
3.5345675510023573e-12
3.584472751470212e-14
9.227547887394694e-11
5.8108436385847415e-12
7.787126089262147e-11
2.4371378600608026e-11
1.766565366784642e-11
1.480446812928784e-14
1.2913467328446187e-11
1.0741623542248637e-14
1.5142140241215998e-10
5.910882997530762e-13
1.518942362471221e-10
3.25703915793647e-14
3.750472536292051e-13
8.914526604306522e-12
5.270086329884759e-12
8.307957858318963e-10
3.091169788803842e-11
7.805943975735379e-11
1.4424489137397176e-10
4.835149506555156e-12
7.380650096372426e-11
9.083210911091883e-13
1.8641291650219836e-13
2.7062699032786827e-11
2.105286750765931e-11
1.3749434016518164e-10
7.626213664686744e-11
2.6588303429368458e-11
8.349091440962375e-11
2.322385971079707e-12
6.98765142665864e-12
1.1438208421808604e-14
3.032613329312457e-11
2.597886568772741e-10
3.327465968931897e-13
7.122965393860286e-11
3.171559265387202e-10
4.228412834054748e-13
5.396448096190309e-13
4.921787479021221e-13
1.665992306516505e-13
3.190334472751454e-10
4.18554402275914e-12
8.502161834750793e-14
1.2971319888058462e-10
3.1699936530543535e-14
1.7248383691703704e-10
9.539274222842255e-10
2.0101867292649865e-13
1.7897059549132044e-12
4.993580436590133e-11
1.810345577846931e-12
1.168732675740181e-10
4.629255650089511e-11
7.000927242668798e-10
7.479068686791027e-12
1.5735931380645312e-13
7.309473435523935e-12
6.059059860259277e-11
7.48639197223922e-15
1.1882061660119235e-14
1.2727187670670731e-11
2.801760047078269e-12
5.431357477486983e-11
6.434424544502288e-13
2.2514112108934855e-12
3.438763190218711e-12
1.7097978825829042e-11
6.8431854225377146e-12
2.67160178547349e-10
2.5290217232056945e-11
1.4829529520314246e-11
4.825289560018621e-12
6.931201508665895e-12
5.784963297847736e-14
1.225835020652259e-12
6.308423827765912e-14
7.266499437493276e-11
3.677375224202371e-12
5.079804159533352e-11
1.771118048808195e-11
1.5602590769256467e-14
5.152054221288256e-12
1.4624047079690087e-10
2.636822422253864e-10
7.851818805115552e-15
1.0585547140091406e-12
2.1966399537750687e-11
1.1889927693827523e-12
5.204432550579951e-11
5.013160615123372e-11
3.1443430855831508e-15
5.160184529675859e-13
9.672440031566499e-11
9.793444087232636e-11
2.5049716948704702e-12
4.314337853629054e-13
1.03608759060093e-11
2.704783364977418e-11
9.00897994581829e-14
5.846551095985563e-11
6.49520316177775e-12
5.36606688718945e-10
1.2699863558835646e-9
4.712044611270401e-11
8.169501446227521e-11
5.106866840648235e-11
4.827636888595526e-9
6.294197567144269e-15
1.6175088419866462e-11
1.725232491738487e-10
1.714865135163213e-13
5.420833774170579e-13
1.8900258872247848e-10
1.8129129462737473e-10
6.4701162259676185e-12
1.7973250453203378e-11
1.282078234718757e-13
5.491990083893176e-10
3.755542424599796e-15
2.1368307010332714e-10
1.317031111378283e-10
2.9981456964741475e-11
7.318552540572632e-15
2.5927291174253016e-10
1.021219739555582e-11
1.4418108419958547e-11
9.295890225279215e-10
2.248635342119437e-11
5.835202928140218e-11
9.752632803805709e-11
7.292223761612725e-11
4.297015661857824e-14
2.306377868460697e-11
8.000381839409694e-12
2.2635640459973716e-12
2.4647700872500383e-14
4.4608818825639805e-11
2.7011846472763885e-12
2.725393749115681e-12
5.013223284840765e-13
8.354205207804657e-11
5.937646437261244e-10
2.3284371989851802e-11
1.4307339345494896e-14
5.820999747673704e-12
1.7457300007867981e-10
2.429058817544381e-15
1.3478043031556351e-13
3.699679198282548e-10
1.932933457320949e-11
2.7191047555239062e-11
3.257475353934286e-10
1.843408057575019e-11
1.277096697774505e-11
5.9884865099655486e-12
2.6527770389021915e-13
1.4643967331749314e-10
3.3008092938482654e-12
6.151738744425828e-11
1.1541451254691018e-13
1.0271823746608253e-12
1.3309256445411838e-15
1.9425521448477776e-12
4.748324554191807e-12
1.045260658301297e-12
1.0074786642679215e-11
1.0354389016704393e-15
1.7704025478989038e-14
2.998634541143478e-13
6.433619144623489e-11
2.2801361543089714e-11
9.149618619451102e-11
1.672838339370039e-10
7.77703740931559e-10
5.865646190912256e-12
7.939203575805451e-10
3.573607588139077e-12
5.945269248811856e-14
2.4995831361685237e-13
3.5732021467578067e-13
3.7451655766594634e-12
8.253832356818733e-13
1.6102660607839022e-11
2.6377998528332643e-12
1.2282379437009857e-10
5.343663496388903e-14
1.2494294073436805e-10
8.051703503930671e-10
3.3169882277533912e-12
1.455213979614136e-11
2.1238791487565958e-14
1.5557274269992475e-10
3.2820774036473835e-11
2.7856650521103134e-10
1.5245745714420127e-10
1.0895164410677559e-13
1.01035166201852e-12
1.2724235938562233e-13
6.437589524470566e-11
9.323775257129339e-11
8.371194827351395e-12
2.577217845387243e-11
1.1062466351030128e-13
1.663511327192816e-13
4.657356920443799e-12
1.6533371155985646e-13
4.4160959206666775e-15
1.9574986882891587e-12
7.85456522628214e-13
6.933278854990168e-13
2.7116549512633724e-11
2.946138396865605e-13
5.052346420731183e-11
3.521528054896068e-11
5.0012048830932927e-11
4.82006006855298e-12
7.120164839976465e-14
3.823108457471018e-10
2.569304584030527e-11
2.208830260154198e-14
2.284991095061126e-13
6.483629308428316e-11
2.84375490780316e-11
2.3945515622371663e-11
3.1451991513003406e-14
8.722700475255236e-14
1.8228993116379263e-11
1.409132446937734e-12
4.4388677966023843e-13
2.3894704668354208e-11
8.041701126281608e-11
1.3806374122154606e-11
2.256065320298494e-12
1.4774403826153206e-14
2.4400554082984207e-10
1.5592572306874178e-10
3.488223446049922e-13
5.013382184615925e-10
1.5258981146164697e-12
1.0318163463493511e-13
6.824196124152397e-11
2.1257871315932898e-12
5.6509179600118357e-11
2.6664083172007026e-13
1.249779657379103e-10
1.5325920663150958e-14
2.746655889110294e-13
2.607847061512915e-10
1.2178700450460575e-12
3.5281802235267874e-12
1.898754672628116e-13
7.284335563603243e-13
2.6379415360341084e-12
1.4968567804449074e-10
9.963159560511026e-11
5.22542586347867e-11
4.0544256660486506e-13
1.458310226697367e-11
2.5398685708742722e-11
4.505229757046725e-13
9.020618321182085e-13
1.483435737472561e-11
3.7394740732877934e-12
2.608779101807466e-13
1.8335017108026263e-11
1.813205307255898e-11
6.113654971689273e-15
1.5238253706504684e-11
4.0580269937611285e-12
1.366492537520355e-10
9.467268663217917e-14
5.792343370117938e-11
8.924088163643637e-11
1.6628139603330346e-11
1.3031247804770688e-10
2.07066360281765e-9
1.1658651751638705e-11
1.7106286122202246e-11
6.766825095834326e-12
1.1998796730863715e-12
8.083119500442617e-11
4.307159868493357e-11
6.119539877205426e-10
6.52879515964108e-13
7.233679653001539e-14
1.762218309585193e-13
1.048857354120395e-14
3.963364450490245e-13
7.297963605278326e-13
3.641933273197725e-10
1.7192277324495835e-10
1.3208613820516704e-10
1.717948553991532e-11
3.663664734319109e-13
1.9329033210419224e-10
9.881483301797701e-14
9.057478655317466e-11
1.3640954073825592e-10
3.416003790666464e-10
1.0559167855127385e-10
1.0547792951162548e-10
1.0650378887260397e-10
8.760994751745871e-12
2.407113566006268e-12
5.193698520790559e-11
1.1517560674838576e-10
2.89989870791189e-12
6.139484495323951e-12
9.814995234768142e-12
1.2012349820382194e-10
2.8136096514569096e-9
9.162993128491713e-15
1.0668820757217522e-10
7.900939678939346e-13
3.5238308693063685e-11
2.2490639146589785e-12
1.2253181047327878e-12
2.5282387407775384e-13
1.3965538772386146e-10
3.460235538230306e-11
9.063273240244965e-12
3.988890957071726e-10
3.61542599983129e-13
9.88376386033686e-11
4.737587191689993e-13
1.1654502161350238e-13
3.5729506819774504e-11
1.8075751996686445e-14
7.910873845531223e-15
9.809462793790036e-10
1.6812959769609986e-11
1.5238411289868807e-14
9.535173716360063e-11
7.0625916467119105e-12
2.6530997797943635e-10
3.6989731484957704e-11
2.0516428230637026e-14
9.016486440266323e-13
2.82532210729583e-12
2.352848320027845e-11
1.4844312821253274e-11
5.135644925111991e-13
1.1342173975199612e-12
2.7613605841661425e-10
1.1216688189725002e-11
1.2820426202340404e-10
3.146729486244736e-14
3.5394408330410505e-14
7.801134030558699e-14
3.986189541671104e-15
7.118312545238478e-12
1.9189829740058661e-13
1.5662296872326235e-12
3.855299757723461e-12
1.1392272707986001e-11
3.3183095793728426e-12
3.4612614965598327e-10
2.948429046329331e-11
6.12830839338181e-13
6.9997430398956e-11
1.1640522982448706e-9
3.1006080933617376e-13
1.6398839769742273e-13
2.3064968029990924e-10
1.590544447793316e-11
3.084223386486552e-10
3.6317738650523555e-15
1.1952636605707712e-9
3.8156516422148924e-11
9.4858322811673e-12
7.957848871271581e-13
8.830897897123509e-11
6.758379958705209e-10
3.226137935819364e-11
2.7744768496369103e-11
8.768871703662423e-12
3.6503461205572636e-11
1.9775621856637975e-12
3.38942043334402e-11
5.691290251690058e-13
8.617257462464493e-11
1.3771287481222244e-11
2.308104213762193e-12
6.441620180571558e-10
3.6997308748622305e-11
2.136639349280606e-12
4.9793329761841124e-11
9.12891685791823e-11
1.9110110301345877e-12
7.904725865879927e-11
3.5561743966870196e-12
1.0013912552351933e-14
7.283682756830557e-11
7.417296260074666e-14
2.395402139952922e-11
7.957425549503942e-11
4.222939880081062e-13
1.18295276635838e-11
4.2452615576427344e-10
2.2373122238202376e-11
3.1742698190838987e-12
6.629969391011551e-11
9.66382334687133e-13
5.759805286877509e-12
8.275237286122431e-12
1.0913944179176295e-12
3.119997119706072e-10
7.64922680289297e-11
1.6078784371154902e-9
5.488624211697786e-12
1.9207774290127858e-14
1.3707125047977418e-14
3.357081604786421e-10
1.7582471309530618e-15
5.0005452183026753e-14
1.6402904277673532e-11
5.281951803285149e-13
1.1564010242217078e-12
1.575364887741317e-12
3.2014157222106213e-13
1.483041872316711e-10
7.063346557465122e-12
3.4216539454957154e-11
9.824084524090044e-13
5.36783496211483e-12
2.2264108050696506e-11
1.3929297687869272e-10
1.0530874038658307e-10
6.032795321581852e-16
2.38868308136355e-13
1.8588938694435677e-11
1.1968409508874302e-12
2.9687014995086464e-12
2.594252221374948e-12
2.358907259559128e-13
1.1566717090529049e-11
1.4481371459003714e-11
8.90381074632123e-11
3.1588396756012787e-11
4.406882832515345e-12
1.652709131365313e-10
6.948613292638164e-12
2.1938799702515064e-11
2.40116502859904e-14
9.029700093297444e-12
6.518827429790074e-12
6.744091553802569e-13
1.2426194348994974e-10
5.720242021254235e-13
6.183044078210575e-11
2.641218467564834e-12
1.6626410481955155e-10
9.20801336618341e-13
2.7190233992432393e-10
1.585636703541416e-10
2.4155713025322287e-11
7.988512219677179e-11
1.2202160811769581e-10
6.790428073551998e-12
2.4886528464223495e-11
2.726775543898039e-12
3.2605830960119996e-11
5.605790627524036e-13
4.971159989711545e-12
2.1984185543112975e-13
1.282001873757639e-12
1.3537549777551736e-14
1.0329231660376835e-12
6.51269153912149e-14
2.884729592986729e-13
1.008271348378753e-13
1.1611756404778687e-11
2.8036966934518425e-10
3.648735996994744e-12
6.029712792835345e-10
4.832015943208902e-12
6.705206538907774e-12
4.435217410600831e-10
1.5088323676177024e-13
1.465713040193665e-12
2.5268062121052384e-10
6.043065624008038e-11
8.835241220461817e-15
9.38717392315341e-12
9.451322038819135e-11
4.088749173557817e-14
1.2493281746985232e-14
2.5248436900471053e-11
4.498083917441929e-15
1.3179035651287872e-12
1.6613685545750849e-10
3.8936267886192985e-15
4.5016979426569287e-10
4.591064292091965e-12
1.561360164045329e-13
3.250597211570515e-10
6.977684943842136e-11
6.418870427072178e-11
1.91628022117669e-12
1.243528877278326e-12
5.181880056455503e-12
2.635251834747429e-11
6.120184010635433e-11
1.4826299288795695e-11
8.932229106259184e-11
5.772369622886941e-12
9.876741083878191e-15
1.0126054183560936e-11
6.798180172121267e-10
5.035060027723044e-11
5.210461615926896e-13
5.272242168999821e-16
2.2528673687134387e-13
2.5316832414104507e-14
2.1734936830279e-11
1.9451059949808463e-13
3.5323267958110625e-13
3.135529337023228e-11
3.0454299739495224e-11
4.874918871368818e-11
1.4408090240439792e-14
1.8952339056260902e-11
2.565108348118712e-11
6.178827334941347e-11
3.94522560760082e-13
1.2981368389831797e-13
5.064856447627561e-10
1.6517333134348975e-11
1.7531625435264535e-9
1.3843518732187287e-12
1.4734344679463378e-12
5.134315705759496e-14
1.5790166574997825e-13
1.0848072556244752e-13
1.9485641133610937e-12
4.279467211078833e-11
5.673024928079321e-10
1.1763448657109701e-12
8.665895177755784e-13
7.716201775169509e-11
6.629123131609681e-11
7.188313038683115e-11
4.0334810968138886e-11
3.3777035064432334e-12
1.1743112966832569e-14
1.246536693890286e-11
2.9808646029636566e-12
7.339348659233133e-12
3.1165672979374456e-11
4.49321124891539e-12
2.0392841475397063e-11
2.314136750187689e-14
3.2407023762599333e-12
5.1845825403818435e-11
7.347079746655195e-11
7.110762483349742e-11
3.9495647843602933e-11
1.0965780877315345e-10
5.866441801451314e-11
4.973627173509429e-10
6.434288899950128e-10
1.1883487206570465e-9
3.0071825702821814e-12
3.2162692987632615e-13
9.274653722299478e-9
9.886218395029515e-11
1.1333658712273447e-10
3.882934840372002e-11
1.9981650452678748e-10
1.2474293547471031e-10
4.189701963146358e-12
3.6563670527949885e-13
5.280478594398471e-13
1.96088750900727e-11
6.77621134027169e-13
3.502299420529552e-11
8.760934525592282e-11
2.257989159968012e-11
1.9019997769786683e-9
3.2786940570661884e-10
4.789946011699981e-10
1.6133864921836865e-11
7.76403583966179e-9
3.296401320521215e-11
3.932475985976995e-14
1.3545411981850182e-10
3.309143985700708e-12
2.6798566449447763e-13
1.2563835078649275e-13
1.4391764676453357e-12
7.686382095633685e-13
6.070163611532754e-15
5.643056739711823e-11
2.6128026597043452e-11
2.488270443800079e-11
9.588902383234777e-11
9.967887029356522e-9
2.7070126492091803e-12
5.718762044459953e-11
6.961438447152781e-11
1.736906661369065e-11
1.6036025870907453e-14
2.4943184451010913e-11
3.360636529701399e-12
4.549542397745477e-11
1.2556146407436123e-14
2.9331282506639964e-11
2.141574264218327e-11
3.904946851025009e-13
1.9130143689480826e-14
5.89030887499434e-11
1.5125113256680089e-12
3.3225826083600526e-11
6.381248782699165e-10
4.5548256549364946e-10
8.865556517892548e-13
1.510839853736882e-10
6.853476102652629e-13
2.2260889624025165e-14
1.0777309111205624e-9
9.12019047112222e-13
1.129245399690733e-11
1.2324841450220687e-11
2.1412500905201536e-12
1.8528665720060728e-11
8.783997601708372e-14
9.86393978866668e-13
6.353964414982467e-14
2.641814663993864e-10
6.866898700942033e-11
2.2931656698479756e-14
2.3574809592278408e-14
3.90702952529942e-14
7.225652694198079e-13
2.033983875137748e-14
8.417655427025255e-10
7.327190786917358e-15
1.754613082616103e-13
2.7612626625030494e-13
1.6376674603750394e-11
4.8115162553770966e-11
6.216312464241061e-15
6.256360264515526e-13
1.1077959873075465e-9
1.0552382261252406e-10
4.805842990982207e-12
3.3362645280037284e-10
9.53824832676101e-12
6.9981952255428505e-12
3.672100306577885e-10
4.1997540741762527e-10
1.264741738229036e-10
7.043122488199861e-11
3.537638924538605e-14
8.388604436637868e-12
2.1831445748094858e-13
5.203307570534746e-12
2.962411777781856e-14
9.41696851543415e-13
3.6202941394199254e-11
2.92508869246922e-12
3.6952932986317227e-9
1.585192080463773e-13
1.5308731505555012e-12
1.0061779195863825e-12
1.0501824713637952e-10
4.9951902870895194e-11
8.574496520314868e-12
3.041840280763421e-14
1.6086579142765605e-11
5.45526156197334e-9
5.663181314912446e-13
2.1353565605336584e-13
3.287549290176011e-11
3.2888011489957e-13
3.9961110484016836e-11
1.9656125860219752e-10
7.678870040530232e-14
1.0486033148745658e-10
2.1105872354164494e-12
5.841038009474329e-14
2.7410893838672284e-12
4.715624150421768e-12
2.1668065462431934e-12
3.9864711171430996e-10
9.719226944372772e-12
7.184237535349405e-12
4.762243237271147e-11
4.032656783623009e-14
1.066140397979996e-9
5.4262939481482445e-12
9.811991394207583e-11
6.079927182965256e-11
5.731757425857583e-14
1.0960196987571699e-12
4.453557098813834e-11
7.2464581341325e-12
6.880333312794122e-14
5.0344637100908515e-12
4.932749912131006e-12
2.0257482392947316e-10
4.982579016746067e-12
7.363264480561763e-13
2.850428385923662e-12
4.2464895820886973e-13
3.160013857385212e-10
1.3004309240217237e-10
3.232693333530296e-11
5.994355084154284e-12
2.040177983944988e-10
3.848924353935303e-12
7.698084902780502e-11
2.054815433479349e-12
9.61123147820381e-12
8.346307098607812e-11
2.2677682601708553e-10
1.778594361345227e-12
1.2602128695219614e-10
3.906091249808805e-14
1.5105412114122414e-10
2.373435408171974e-12
1.7012103081647613e-13
3.0177076687822544e-10
8.916559069843575e-11
4.852554993087752e-12
2.0145476648996188e-11
1.330136618139294e-11
6.3230714810820996e-12
4.356258834506224e-10
2.4848414963292763e-10
2.0273751175981815e-11
1.3659684407180187e-15
2.053791881626564e-12
2.2218605275698898e-14
1.6386082079003315e-12
3.694256551620795e-13
2.998989834972251e-13
4.697768756739416e-13
4.836062673358535e-12
8.195123972881128e-11
5.662062222537422e-11
2.802520364020698e-12
1.2204990398302666e-11
9.04617476440978e-10
2.2509140872953265e-11
1.0134632095334327e-10
4.796554818347009e-14
6.511924357719587e-12
8.526442993057331e-10
9.559503970504444e-13
1.983873018987311e-11
1.7048571752696609e-10
3.013105503039354e-11
4.070906664712936e-12
2.2300502358413832e-12
4.431693147518158e-12
1.1179332835135783e-12
3.573503657609267e-10
2.0467806344931967e-12
7.534980380383475e-13
2.3277186828518919e-10
1.908761535638363e-12
4.6018514801628404e-10
3.950508372764962e-11
9.653055958727536e-13
1.2194914827807875e-12
4.022707724579593e-12
4.994855379850915e-12
3.720942302079611e-13
9.002981137237114e-12
4.497309472442313e-12
2.0204557310790578e-12
9.702002756628986e-14
3.7602264841177276e-12
1.1138219586342102e-14
1.4853566419845323e-11
3.880801663720748e-11
2.876737253144307e-11
2.920182994780909e-13
3.742683482312643e-13
2.5774414650760644e-13
2.1321840291451882e-13
6.343134354790171e-13
1.9264985980346353e-11
2.3032249459515105e-11
1.135884243738902e-12
3.320796179941342e-12
7.456666840008955e-11
1.4964524345027877e-11
2.377078825983351e-14
3.3138943619559444e-12
1.7083777634522377e-11
1.6195498219062182e-13
1.3368407398133974e-12
1.1976890075266837e-10
2.5980117450507697e-11
3.7596053619049835e-11
7.864739123118412e-11
4.0788965792736843e-11
1.5481658258852817e-10
3.284017069233893e-11
3.1298625476796356e-12
1.0548623521400558e-13
4.549622233390076e-13
2.5128436854550217e-14
4.533759743842936e-11
3.883103952941129e-12
3.3860493790983004e-14
5.786939485460441e-10
2.7400653708605096e-13
9.765576757705875e-12
7.826240431348707e-12
1.6006433714667833e-11
1.0099268946940074e-10
2.760664387228488e-13
8.743619816449666e-11
1.2688087567415243e-10
1.291425977987536e-13
6.674700660931029e-11
1.3042611966338603e-10
8.07342698903006e-13
3.0641537930456926e-10
5.0631828233198e-10
3.410613806592647e-11
7.679179799471603e-13
8.943216583382288e-13
4.205931985693867e-12
4.930521564349054e-10
4.41837627412404e-11
8.307766554015222e-11
4.4525382286713874e-14
3.5221170284806385e-12
2.6511494644547566e-10
8.746577911072962e-14
1.5044606198581516e-14
1.657426390118835e-9
7.345383353735769e-12
1.0018548709049139e-10
3.8393057439719924e-11
2.5382825543132515e-12
7.577287105303776e-15
2.164931648527475e-10
2.634426273790788e-10
4.057057284747232e-14
4.2829724219682515e-11
7.403039992440204e-11
1.6290113900840066e-10
6.807251362046797e-12
5.777748272954093e-10
5.1951552877711645e-11
8.739758785067034e-11
1.8417436335845393e-11
1.6579643372585875e-15
1.8153934354552118e-11
1.3345860258874848e-9
1.2624253132024837e-9
4.788354350706697e-11
1.8417965765146202e-10
2.5631257855218523e-15
1.8147052916028196e-12
1.791487679058494e-12
3.896802004916957e-9
6.737847437669406e-12
3.1768396822742334e-14
2.3047394467708854e-12
6.08307276827449e-10
3.4204134089484197e-13
4.004406568625354e-12
2.819247488226625e-12
5.7179238352145556e-11
2.9594841474324425e-12
2.411349698824257e-15
1.2977252777503032e-11
2.159273026556179e-12
1.0857627494137493e-12
3.445506001980952e-11
2.6213753338285952e-12
2.376679710101614e-10
1.1139305840254976e-13
1.3094409960474317e-10
1.167945591418683e-13
1.0292564721273237e-12
6.4970426672970816e-12
4.296972891401307e-13
4.809992879191845e-14
1.030260824449422e-11
5.25754557610981e-12
2.7626247984693024e-15
1.748841831086313e-11
4.563016066834812e-12
1.6005065546354312e-15
4.4445310416803586e-11
4.651416633561265e-12
1.2218972545725878e-10
1.3557678900170088e-10
2.931408707712857e-10
9.49016914859216e-12
1.3839395064779605e-12
1.3413848167311451e-11
4.875560688820688e-11
1.8227516212450278e-10
2.1588039897775145e-12
4.627481641693078e-12
1.447005197529387e-10
1.0729396605040908e-12
2.0174623064271113e-12
2.686470460062328e-10
6.710471826639684e-12
7.308782741611943e-11
3.2483063600282123e-14
1.423325182509186e-9
2.5427940596626153e-10
1.5091155181867544e-12
3.0664108851015263e-10
7.982037452716847e-14
3.3345130318296085e-12
2.4198849688576456e-10
2.852923036170928e-11
9.048494465969533e-12
3.05101460132179e-13
1.8253364610350098e-12
5.386988801711257e-12
1.8775626022251787e-12
4.279468829960419e-11
4.443973294917414e-12
2.178935251559385e-13
6.298631248747737e-12
8.964425072461907e-13
2.0943722784157372e-13
1.213155083475015e-13
2.5075854384195664e-11
3.21652363890512e-10
4.943473978210516e-14
9.142702486419601e-14
2.8044324204783756e-11
7.21433431985019e-10
1.5801286107972225e-12
7.822359636061899e-11
3.053495764131802e-10
2.1757308637656487e-13
4.233167668184845e-11
2.011332813132651e-12
5.274750485995874e-11
3.315156565911708e-10
5.523517035927786e-10
7.992792873100668e-11
1.5691176016820009e-13
2.201016006891561e-11
1.877927243403109e-12
9.425113832791741e-14
3.642219364079815e-14
6.925668909527539e-12
1.5071253661740023e-11
1.6825230041459964e-10
2.0413981178382027e-12
4.6833018445298316e-11
9.719031610223608e-11
4.7796953455968954e-12
7.368493527541188e-12
2.4437919211097578e-12
1.2056218729974211e-12
1.1330921489580272e-9
7.336325222530303e-14
7.0328017435205035e-12
2.2991505670776255e-12
3.36760112334794e-14
3.874979900528345e-11
1.0117274094865427e-10
9.1433585617342e-11
3.6454364174908085e-10
2.0838629807000562e-11
5.880582362128711e-11
8.857049161412877e-13
2.684122688842258e-13
1.7338249939125669e-12
5.0301163043020786e-12
7.894429305089062e-16
1.0502308128740734e-12
2.760254928053755e-10
1.1998458676694936e-10
9.815777449225441e-12
1.0278714642685143e-14
1.3248653094739535e-12
2.9840891705605535e-12
5.322486720413698e-11
6.427838083199492e-13
3.3386322217630557e-10
1.380752712896668e-13
1.4486980703336886e-10
1.2584591734354705e-10
7.77713393802829e-12
2.1997450019086495e-12
8.006610966391055e-11
2.1803370678131686e-10
4.16378391698879e-11
3.691964787842228e-13
6.946646775122737e-10
1.0083407171067668e-11
1.620391628158477e-11
3.5493538605586497e-12
5.237726542000977e-12
2.7069811115248806e-12
6.006316611393899e-13
1.5340671355521525e-11
6.105981827978772e-13
1.99351456420537e-12
7.912741591970618e-11
3.62675711686576e-11
2.4763347021225067e-11
1.2202828734046418e-12
5.127363056594632e-10
1.2001587114527969e-12
4.736745525710528e-10
1.0772635036287152e-10
6.324071717402288e-11
3.8759372776922117e-14
1.200246350368887e-10
2.0278166266865112e-12
5.0146064327328735e-12
4.702054523056779e-11
7.541571800157257e-13
9.59851501954704e-13
2.6453106774506996e-12
2.6223396644700453e-13
1.0304709788368638e-9
8.584643050320289e-14
9.785799516979393e-14
7.037752675425053e-11
3.573719108490734e-12
2.7471300552568195e-11
3.032719768049472e-12
2.809768188825179e-13
1.49574762799856e-12
4.768989715664717e-11
9.506870027396324e-11
5.726410601976854e-10
1.7000117702458006e-12
4.1676777730357957e-14
7.691653693034332e-14
2.910651973624781e-10
8.47999800769139e-12
3.161378889006246e-11
7.154187931789958e-11
2.4863949164782046e-11
1.0200936434093703e-11
6.059111747129617e-11
6.723256908780975e-13
4.5501677228989973e-10
1.6005834452538255e-12
6.310325877258685e-11
2.4046648881956677e-12
4.710265555791376e-11
3.6057318282513825e-13
1.258002495369997e-12
2.8650998247381484e-11
3.044171265483973e-14
4.6983586398359434e-11
2.649367085917856e-12
8.44518735262575e-12
3.768389155890463e-12
2.7069714074597095e-10
2.720122513434236e-11
7.387203217477413e-12
1.5614614856794e-10
6.782345259264865e-13
1.8316984841229026e-12
2.1566413918139395e-12
1.5235552425841986e-10
2.983620735564062e-12
3.841676491951509e-13
8.062136441257908e-11
1.2621819778761265e-10
1.123768906072754e-10
6.796828782838853e-11
1.0232485747391437e-10
5.5852387679880097e-11
7.848027828245316e-12
1.2848459994166006e-14
5.5859144560079196e-11
4.35369811380581e-13
9.039020139581056e-13
5.3130199372180585e-11
6.831905176661601e-12
2.8412223084482226e-12
1.4392746263552501e-13
2.4103895930275793e-10
4.4362428506050956e-13
7.094251101220196e-11
9.128765723837332e-11
1.7963707685663312e-11
4.7657527895514624e-11
1.4042999804998605e-14
6.48771146951201e-13
1.1499808975922774e-10
1.0647548684342846e-10
3.959807573979124e-11
8.843347351185436e-14
3.018712117492186e-12
1.8553416852283516e-11
5.279335364188235e-12
4.077310125960313e-12
4.012671951114296e-10
1.328723976611476e-10
2.2378577768872656e-13
5.249041244684614e-13
2.8699791370200565e-12
1.5157118182973938e-11
1.4069613649862508e-10
2.98089056082313e-10
1.0548410079247229e-10
5.543791247720627e-11
9.036219512988462e-12
5.277924718554443e-10
1.2402018722830439e-12
1.5876345056052815e-10
3.5831457445317594e-13
2.8270396284479212e-14
1.8296737018869076e-11
3.962339364357333e-11
2.2234896778798388e-11
3.676963313549208e-10
4.008857588750943e-15
5.6436596853658135e-12
8.666424685161656e-11
2.2145975970898043e-9
2.4974034618050776e-13
4.6968982829533296e-11
1.5149249740825964e-13
2.2403013376032822e-11
6.278252642519304e-12
2.0464881318503684e-12
1.1280122022308226e-11
1.5891155437552763e-11
2.6226430075276993e-11
2.7328638385393945e-11
5.180070514279535e-10
3.649663520769075e-14
2.12189952803481e-10
3.6582098835112595e-13
2.003459303508624e-10
1.1094368786710567e-10
3.375482921403614e-12
3.895560908065061e-14
4.0355450485903154e-13
4.247237289318747e-13
4.920538550573603e-14
7.997574835078661e-10
2.201359270677845e-10
3.304480185773861e-13
2.8191460183984285e-12
6.686849222616645e-13
2.4199800674508435e-11
3.0736714884341246e-12
2.068362872710061e-9
1.7540610354665227e-13
1.65190937808575e-11
3.2253352541968965e-11
1.835434403322939e-14
2.377611364086496e-11
1.7107012153526133e-10
7.35845920000167e-12
2.137933609944346e-12
1.1420106222133634e-11
1.517720450196365e-11
3.137234874189038e-13
1.6277124571660963e-10
9.969818201422583e-12
1.999213966903548e-10
4.955684733950988e-11
7.056380272301184e-11
2.2049682135819007e-14
3.4124508799430505e-11
1.8775148757573848e-11
1.3005526332492073e-10
5.132721013070532e-11
7.394262644223062e-14
4.470441314207155e-10
3.659962231478534e-11
3.788619086148983e-10
6.560438356932481e-12
1.723006071348647e-12
1.1278014761872607e-10
8.718125114397473e-10
2.691937275277724e-13
5.410650355936316e-13
4.2864753906331435e-14
2.8206133164078237e-14
6.602041331397449e-14
4.652140145446925e-10
2.2000501069597253e-9
1.1056324689080458e-12
6.652961077333132e-10
7.087215474185409e-11
1.3305933741086438e-12
6.412224266581494e-12
1.5126792793504147e-13
7.036889038477116e-11
5.813895966759565e-11
7.650788788586267e-12
5.952537470863705e-12
3.660267420030904e-11
1.941202164325105e-13
1.8364975736145213e-11
5.047384789414216e-13
1.1627254891806202e-11
1.528806037295766e-10
3.5440440503723515e-12
2.8152707835338835e-10
2.4175918531922276e-12
4.7307575258897203e-11
3.7085111676241825e-12
3.1995923371569264e-11
2.3812895519338692e-11
1.0762042950186649e-11
2.9070063313364265e-10
7.039141331258996e-12
1.2654523855569624e-10
7.784006672153505e-14
1.2333926857542329e-14
1.5394217879533017e-13
3.0667607911097534e-12
8.007654808627074e-12
1.2197357407883884e-10
2.4181094120408315e-10
3.596162968428933e-13
9.204959291913213e-11
1.3986463622951158e-9
1.3505230817151825e-10
9.43879447713319e-11
5.90222753634604e-11
6.960730873925096e-12
1.2649132153562253e-10
9.754061848211358e-13
4.357906370865449e-10
5.990619607583034e-13
2.2089018574035893e-11
5.850124706843324e-12
9.394331808231619e-12
5.154296422148855e-10
7.251769925007085e-12
2.896467910660827e-11
1.7145313904830816e-14
1.0709668572397348e-11
3.762917593704144e-11
1.3217932515972927e-10
3.59812249406217e-10
1.3757716724162682e-13
1.3577446359169553e-11
2.4976519282825887e-11
3.698080551810764e-11
6.777608447390419e-14
5.320505767404752e-11
1.5891227308843407e-10
3.071858116843838e-10
7.61156007204282e-14
7.1675962526165045e-12
2.5832233821481715e-14
1.6318378683964745e-11
2.7596108633269233e-11
2.069116639455243e-12
1.6177009248300113e-12
2.5043053517189434e-13
4.146092978540821e-12
7.85637819340072e-11
4.2308191555792725e-12
7.448451775545544e-14
1.747137535056149e-10
9.159377293539647e-10
2.743961510044491e-10
5.090639782050379e-15
2.712417077335659e-11
2.514962735408131e-12
7.879171992232502e-11
1.1760054084384685e-11
6.024695663093916e-10
1.1475343035267172e-10
1.222209755180693e-12
5.051418635402668e-12
3.024103751130267e-13
8.847342921974671e-13
9.421566769694425e-15
6.09719274697687e-12
6.195958398919899e-11
8.028368320769252e-12
4.578399998055418e-12
1.185628216924653e-10
1.7557350952726597e-12
7.763179017586575e-11
4.335352503535493e-15
1.0453075186988292e-14
1.099031590270795e-13
1.0001913921322057e-10
1.1377680230029802e-12
2.7227881187525542e-11
4.131153537734463e-10
5.204035274723851e-13
3.637453445425715e-14
8.145966690331713e-12
2.6226998372683753e-12
7.284720982308945e-10
3.0002042349867415e-9
5.782486623098151e-14
3.33764646311136e-12
2.4662607224011132e-11
2.746773703421668e-10
2.0298046829087017e-12
6.129610468484065e-13
5.309246104901663e-13
7.875701043389032e-14
1.0365851648307865e-11
7.149193528692889e-10
2.223659631826824e-12
1.1675463029870591e-12
4.599723283383753e-10
2.7333687640585837e-13
8.74550450069563e-12
9.930516006953481e-11
5.2813502106285466e-11
2.2063488813089794e-11
2.371257748062096e-12
7.800267643417486e-11
8.080445380887845e-11
3.2330939608191595e-11
1.0833622184443562e-11
1.6971254230827115e-12
9.32974238943126e-12
6.432766168101016e-10
2.2545512113780014e-11
7.140824647825295e-11
1.645900029210416e-13
3.820064263245129e-11
4.817722944003023e-12
1.9416264001375118e-10
1.2964512108218684e-10
1.2148464009859686e-14
5.009298509898603e-10
1.7525202839433907e-9
1.701435818434098e-9
1.762978069238495e-10
8.658021555604086e-11
1.6175060749304796e-10
1.3645859956359535e-12
1.539452046490688e-14
1.4001314831429342e-10
3.376938554161528e-13
4.625040850332413e-11
3.904143815529183e-14
6.162631312284875e-11
4.832694388687189e-12
1.357910237751056e-12
4.912600869473702e-15
2.5568078181373874e-11
1.505618618373482e-10
4.019952044286527e-11
1.3133631034468527e-11
1.4222645505949247e-11
5.15623551279504e-10
3.4837127459369286e-10
7.815818681283404e-12
4.829962255282466e-10
5.7292720793659535e-11
4.0089835016818936e-11
8.998348859816836e-11
1.5618010019565465e-13
7.730077872922332e-14
6.69040920761764e-12
8.238762087536268e-10
4.608506289361782e-13
2.9835694715878335e-14
4.013132494001232e-10
5.587867852887883e-13
7.70868470880924e-12
3.930172348428584e-11
1.785268620191212e-10
3.8538071028655754e-12
8.743685524338172e-12
8.913463360396907e-10
7.006413108386054e-12
2.723318528292876e-10
1.787247092179535e-10
5.2344311724508755e-12
1.2688192531284865e-10
2.2889552464648793e-13
2.3139473381143196e-13
3.883620718414702e-10
6.277126092214375e-12
2.6400137111625312e-12
1.4403769636376684e-12
1.0955288875298567e-12
9.340051347583374e-11
2.284697574368147e-12
1.9402255270112472e-10
8.535025875868697e-12
1.7329180207282304e-10
9.789794600183332e-14
6.383173293333315e-11
1.470554009898974e-10
5.17304093832149e-10
2.1816693785483839e-13
5.498184681737387e-11
8.128368388359463e-11
1.3578093104049056e-10
2.5002364470792958e-12
2.7431142327048517e-10
3.0205802000386166e-13
4.99094488474594e-12
1.594011089338601e-11
2.2911793314638946e-12
1.7090773452249752e-12
3.0806327358214166e-12
2.2674380774227728e-14
2.7269467302459367e-14
1.282375656360518e-10
8.167808110247512e-13
8.59669837948324e-12
1.1724943656458093e-11
4.0023835852494405e-15
5.2565652754227195e-11
8.488036065311503e-14
1.6203514488796799e-13
1.068169713483548e-11
2.9818743273086485e-11
1.2724550619247545e-10
4.589073716353906e-14
4.5223873838360643e-13
1.7888460452355565e-12
1.158292119604803e-10
4.395612036728232e-12
6.629979350081451e-12
4.689113346823782e-14
2.714782227415046e-11
1.2100865486081798e-10
1.664704579102196e-11
2.984277385203642e-10
1.703215933443046e-10
6.923362304893254e-13
7.020341202641491e-10
1.393958696595593e-10
3.4370125794048793e-12
6.30107068836255e-11
3.267417476908766e-10
1.2176690314459624e-9
7.102214771366013e-13
2.6461147538978326e-10
1.3015173289974811e-13
4.6089704542513506e-10
8.838399398645547e-11
7.687938528929452e-13
2.1721487049288765e-13
1.0492278765883444e-10
2.512019712630552e-13
1.7172253991761601e-12
1.5416666250596416e-11
8.241367283421782e-16
3.894546052436673e-12
4.7889883951906754e-12
2.049396723033799e-10
2.6018174152900483e-12
1.551024823436871e-12
2.5153596418407465e-13
5.972227896402255e-15
3.822589086749553e-15
4.4589344667719264e-10
2.433596219725699e-11
3.124407627518258e-12
5.449139689328769e-10
1.142605653956592e-12
1.0485460344649567e-10
1.2864741145477942e-11
2.0587653200961073e-11
3.94637906692744e-12
9.040431809097503e-13
1.3099438954866608e-14
2.3217584342524444e-11
2.659040736041609e-10
6.381798193095526e-11
4.934741481435314e-13
1.8336432746367452e-13
1.24897740516346e-12
1.5516021834031637e-10
1.6531644082569377e-13
5.927950113185635e-13
2.4147763840220907e-12
2.7589690551869665e-10
4.895394589222954e-15
1.4526470427243788e-11
2.5653753407832647e-14
6.912664989395198e-10
1.2218152886201085e-13
5.80320753552025e-14
9.170596790158491e-10
6.48822883203754e-13
3.6357884241608986e-11
8.415647390471774e-12
3.2312801200921424e-13
4.6473664676642563e-14
1.2647047943245228e-9
3.8816820077743154e-14
1.4932880878608233e-11
4.0355399206107504e-11
6.551089905764862e-11
3.3227495550045397e-10
9.54243829914333e-13
1.4937385156688967e-11
2.2274056199532356e-10
2.2450058682194786e-10
1.0019966361866248e-11
1.0616223927425923e-10
6.83552629388744e-11
1.7325720560814982e-10
8.232159306654534e-11
3.2437717078710907e-10
4.281601543129157e-11
1.0135711769134634e-9
1.093104704553805e-10
3.185605400018189e-12
1.7026789763514986e-11
1.059317042983681e-12
3.357297776632912e-12
1.8875364949782078e-12
1.134299193024809e-11
3.3768477086294487e-10
7.201750386927907e-11
5.159955567422752e-10
3.47597661964217e-12
3.0660702913375917e-13
1.556721248086092e-11
6.450519704377789e-11
5.519939893558864e-12
6.143521160828276e-11
3.9322717583907616e-15
1.5950273991143947e-12
3.2233908161158e-16
1.177924533958939e-13
6.142510566692957e-11
3.1976474636815013e-13
3.0020701435688676e-11
1.175465029248092e-11
2.4155804283848335e-12
7.79764061197692e-13
3.081806474215225e-10
5.307022280638181e-11
3.0320187255780004e-9
2.1658583816098007e-11
1.0102652937560346e-12
1.2330317005475465e-12
1.2839934039660313e-14
3.219954567805251e-11
8.589374027755933e-13
1.467694382007462e-13
1.8527784232270313e-10
9.055879931735037e-11
1.6434439060605852e-13
1.607669708335949e-13
9.392873172177474e-14
2.7884301019166094e-13
2.4032568842341455e-10
3.735646299556745e-13
1.4359833789152317e-12
1.0376703134666696e-9
1.2759149921533439e-11
1.1183605082568756e-11
1.1468503837768154e-12
2.655773548380235e-11
2.7504204051410832e-9
1.1673252205407926e-12
3.1361359860379495e-12
8.119653425563366e-12
1.31019512047973e-10
9.434038750037858e-11
7.921249655714128e-13
4.2997377340535955e-11
1.4946099819227822e-12
1.15907604908434e-13
7.730832621796831e-13
2.8539778857327055e-10
6.852565328904979e-13
2.45631650628646e-11
3.4912340468937997e-12
9.636534844842589e-12
6.3584505763776485e-12
1.9177220188195667e-11
9.558838920005661e-13
7.20372857172294e-13
3.004146739706295e-11
1.0594565263646437e-13
1.755255465536601e-13
7.846741694490845e-14
3.374485028104039e-12
1.2491871167563425e-11
4.1305494683330124e-12
1.3623243387234695e-12
1.425522297242057e-13
9.926728232810883e-12
1.0517471599527346e-11
1.1277994215276287e-11
2.650253187478092e-12
5.6961208384599446e-12
5.384439138323614e-12
2.788544956941471e-11
6.153136252593902e-15
1.3768141829395947e-9
8.083087833294609e-11
3.793167235026249e-14
1.6280311371141015e-13
1.8431341204163442e-14
4.388164226353462e-13
7.362695479546685e-15
2.1286077195620816e-12
3.1515546973266697e-10
2.8362550033720974e-10
7.663552444035107e-12
8.908322723681144e-11
5.856850328943977e-13
2.279658614625681e-13
9.330773908638531e-11
5.814075186127524e-11
5.432546556980855e-11
1.6810478121649184e-11
3.2009951039945694e-11
1.0768405965207553e-10
9.511456506633451e-11
1.5725785676169105e-12
2.5285761176510216e-12
1.314977804270378e-10
6.050224500489237e-11
2.8357994154497345e-11
1.1338050481612874e-11
1.4940976152676865e-11
4.8819103816402905e-12
3.264072894170719e-12
4.417751792836062e-12
2.0188954819189855e-11
7.265891881358364e-13
1.5121791011265723e-12
4.2599848045406415e-11
4.983590554925836e-11
1.5978768837441128e-12
4.5221497356492044e-13
9.960021202844254e-10
4.4696353801711075e-11
1.7278461488911686e-13
8.193296724983661e-13
1.5431337521739895e-11
3.579467333121128e-11
1.752027680501688e-12
3.0876687732944604e-13
2.2245932037332855e-13
1.4165738288240498e-10
1.3766118504511942e-10
9.945046843219558e-11
1.2838483469352956e-11
2.262787744378671e-11
1.7244937990706033e-10
7.623630345916515e-12
1.8355198470950008e-14
2.0785320954583986e-10
5.293214468547357e-13
2.9604145485358895e-11
1.0481159008714667e-14
2.547860634098186e-11
1.78548320011344e-10
5.1338362015155265e-14
7.426397854585251e-11
6.700149884997862e-12
2.64389865241818e-13
5.729259039020057e-13
5.323724992472372e-11
1.7127113101223344e-10
3.5674632130009165e-12
3.8953185562123906e-11
1.618321007436908e-13
2.6160237082269214e-10
2.7983421078663904e-10
4.639815059309533e-13
5.209219965341355e-13
5.267421848537119e-15
1.647704977815412e-13
5.212732322958309e-16
4.678515187253366e-12
9.565336964735798e-14
1.9686840130669237e-11
6.325384219778121e-14
4.0848408769878904e-13
3.1186658915332767e-12
6.308578546643729e-14
6.01354066152855e-11
6.825757772354364e-11
1.456073878127409e-10
9.415600099454825e-12
2.8649469091052266e-12
1.7348795080213432e-12
4.879680956317631e-10
4.567701733191171e-13
7.658166348178757e-12
1.0301156429997696e-13
3.378285054038002e-11
4.703590834124357e-12
2.6259322835676382e-11
4.422149953016731e-12
8.763459119779502e-14
2.2523942680968844e-10
3.279894283964916e-11
1.0673005187727625e-13
1.321441938716388e-10
4.349557412013859e-13
1.6630534222069592e-11
4.581304653730292e-14
1.0100054516687704e-14
4.1188040699934914e-13
4.094738152824055e-14
7.859953101606546e-13
2.10319044294297e-12
5.575499130127343e-11
6.785321221036776e-11
1.8542588622514622e-10
8.107946363047435e-11
7.368969520055437e-13
3.0330846960799395e-14
1.506217590870216e-9
5.53160625668272e-11
9.099380735566885e-11
8.661197325698096e-12
2.536765983121644e-12
7.944852691502492e-11
1.3449386926595102e-11
3.2488918268386395e-13
8.730719311304034e-15
2.510402867051132e-13
6.318423764743643e-11
5.168985357888882e-12
9.373410436492083e-11
7.74028869237663e-15
1.6778504705638e-11
2.1442440706201983e-12
8.018433120619923e-11
4.248212063504995e-12
2.7166172109600327e-13
1.886379904169778e-11
6.860571531860728e-10
5.5767248812265983e-11
2.714169680561081e-11
5.3422132871069596e-12
3.845602701762719e-9
1.1299098394561085e-10
8.768696750760929e-14
7.538931704042672e-11
1.5654789547522927e-10
3.683017407388059e-13
1.4313148903886913e-12
8.831009731864802e-11
5.962351434665798e-14
3.20999870634311e-11
1.6883798790185007e-11
1.5125270866516883e-11
1.9331953517595435e-10
7.134578019493803e-12
1.0327504260805085e-14
2.6001783008548756e-10
1.3062879476475803e-10
2.1879370283545702e-11
2.2709728710638296e-10
1.5041296541686238e-11
1.9662676252556478e-14
9.396171220393351e-13
2.0210450941141177e-12
8.015587517151806e-13
1.406397298996288e-12
2.5556645546126724e-12
5.537738764788823e-10
7.243445941006355e-11
2.7791599248396038e-11
4.484496348740576e-15
6.939400158730175e-10
1.2883112118844864e-12
9.980988934821542e-12
3.886200521493369e-10
2.6425735907205196e-12
1.2770294280916728e-13
3.2991532544333026e-11
3.71369154365478e-15
6.755911877788911e-10
7.760985513483454e-12
2.593087119304722e-10
3.040494955476449e-12
4.2110509974490996e-13
1.601106946364253e-12
8.449598855814338e-13
1.2883995395941654e-12
4.011703678443552e-11
4.473239683379718e-10
3.709863049114273e-14
1.3439543067119802e-12
5.5483454401175634e-12
1.5432975645962103e-10
7.42219240972585e-14
3.6642010808340467e-10
1.269460978804248e-9
4.93185070569157e-11
4.4483218766220065e-14
2.9648359871866464e-13
2.8469204984097055e-11
1.8344280841582875e-13
1.534035995851646e-12
1.8270115224942223e-12
7.0798073550228345e-12
4.895379765233191e-11
9.023965755664236e-14
1.6359280052075154e-10
5.72527844861423e-13
2.7684441008965642e-11
4.4482050749985214e-13
2.7352672091944305e-10
1.9745560862247415e-11
5.657996230953925e-11
1.6991086746854158e-11
1.6045237772380144e-10
6.071962898639112e-11
1.7597360896606822e-10
2.7241355839958646e-14
9.21813998037064e-12
2.014000283787747e-11
2.084060764292966e-11
1.1592267294033643e-12
4.857789028183671e-14
3.780008705826695e-13
3.477695054656772e-12
1.8435979150124937e-11
1.3506650910514774e-10
7.500106059906198e-11
8.482513755387606e-11
1.2722079075462416e-10
2.098823058416101e-11
2.285194091002047e-12
1.5834999290546506e-12
8.225548465833094e-14
3.255063476423537e-11
1.1671166602674254e-9
3.419486062018917e-13
7.201961851958546e-11
1.3599387275506957e-12
2.9279692808956965e-10
2.4619688129643877e-11
1.2349432251797482e-10
2.607341514977646e-10
9.647385077130446e-12
3.1709291335981798e-12
1.621588043658702e-10
6.480271592183149e-13
8.40004380416541e-11
6.407953429362877e-12
6.737655743121121e-10
5.661277668634744e-10
4.576776251782684e-14
9.413118155524132e-13
1.9498867662781207e-9
2.6859520180314115e-12
1.525366002703258e-10
4.266304650545103e-14
8.111120255615665e-12
3.137114079944339e-14
1.2631890427803414e-10
1.3642998778293786e-10
2.3490366506019287e-10
1.51059726450268e-10
7.460368706317469e-11
6.511205438057759e-13
7.574193641755088e-15
1.0243482651304008e-12
5.512123705593329e-11
1.1898815466483197e-10
4.9750553006016e-12
2.826615827472664e-12
7.47296018833807e-14
3.936077235529249e-11
7.815207275849912e-11
1.6473674885516145e-10
3.4436210157570115e-11
5.654335948336771e-11
1.3893004214015014e-13
1.1550568020337597e-10
2.127123863223419e-10
9.714119774462722e-10
7.067850288921109e-14
1.2465027121367323e-11
9.1120373211706e-15
4.911659186133621e-13
2.2486674332411395e-12
8.223325371390472e-11
2.282572380314207e-9
4.8848444134261034e-11
9.833422806980473e-14
1.1777177047819782e-10
1.716630279922447e-15
1.382006994971379e-10
8.621009403825277e-15
1.587873381115409e-12
1.0321345062284384e-10
8.004589937064088e-11
2.28807073013969e-13
8.418099170691911e-11
6.364693352715792e-14
4.873003236726243e-13
5.054421350977546e-11
1.0749513567225925e-12
1.1655314882123988e-13
8.162565100549943e-11
1.4831830053527375e-12
2.8105176312152724e-14
1.4427196801684327e-10
1.567739698210306e-11
2.560284382173687e-10
7.640755066499802e-10
4.731010934471914e-13
1.197161161704227e-11
4.041309027597013e-12
2.9712344038110654e-13
7.448716829565365e-11
2.8430695327603962e-15
4.243851809202563e-13
1.0117261436926316e-11
1.4298383056841201e-12
1.1660181922336098e-10
1.0537889894252226e-15
1.533398153416454e-9
3.234689838235248e-12
5.121933056379319e-12
1.3316738245201852e-10
1.728414600585526e-13
4.537586694779698e-12
2.5406522624027647e-14
1.666712163609664e-10
3.0399796269992894e-12
1.7501477729173733e-10
1.0027860275889327e-11
1.9045722396320365e-11
1.3302566821796038e-14
2.410703322902305e-11
4.600332340166002e-13
4.060803608430934e-13
1.6745157411835235e-11
7.561177830603052e-14
4.087632071665044e-12
7.410923731197185e-11
1.1203372412954786e-11
9.328760088434036e-11
8.373360058864852e-13
2.154215905331519e-14
9.889225818108226e-11
1.7435865401245232e-12
3.9518114973816635e-12
4.75616520142329e-9
6.979243304107776e-13
3.6126629221813e-11
1.7356750418299711e-12
3.5664494192069285e-15
3.718451261667598e-11
9.793155977811053e-15
2.3502016930093122e-14
6.162120287925215e-11
2.6682752887391287e-11
5.751137729947186e-15
1.2177127449372981e-9
8.785368053147493e-12
6.739728073411876e-12
3.849924838724463e-12
4.559353710088135e-13
2.3314505621586156e-12
2.4818358719870925e-10
4.191165071836467e-12
4.432225011700917e-14
8.526357014875281e-13
5.257664442346955e-15
9.991039328190082e-12
2.435597702260963e-11
6.861503734940253e-12
3.51348187689968e-14
4.886957358352378e-10
2.8990545856249335e-12
4.508170405128235e-11
7.928796592283288e-14
1.2818214198871496e-10
1.5867328742715284e-12
8.563501526522573e-12
1.2531494415326946e-13
6.215582968748388e-13
9.589081490862967e-11
1.331723372955118e-11
7.322374617654015e-14
1.47465923365849e-12
9.30303381712298e-10
8.97822893584661e-12
2.2499836101438977e-12
3.620336638002556e-11
9.070462528808736e-14
5.539725738914741e-12
3.311188042956937e-11
1.0705859891447298e-14
5.0432667094618595e-11
4.9522222672518e-13
1.2408972655446975e-13
7.210310949530033e-13
1.813630216167601e-10
3.4757801104924076e-11
1.393789165247071e-10
3.014196314713757e-14
1.3901797216081156e-10
6.433000181739131e-11
4.75539579197115e-13
5.130049928988964e-11
2.277502853871239e-13
6.145413105951506e-11
4.792835218308518e-11
1.8038500444971015e-12
3.0173431820672498e-12
5.930375726880902e-11
8.462922247383677e-13
1.5598935995949268e-13
5.1380956121699775e-12
3.7189361886729997e-13
1.7557314115257723e-10
5.999243362379778e-15
1.380887238069981e-13
5.746555708792666e-10
1.0045003467224758e-10
8.854524606081718e-12
3.4697858074169536e-14
1.9107411199370445e-10
3.978268550392033e-16
2.7889695349563564e-10
7.307530676740994e-12
4.831672300444887e-13
2.2445339753818508e-10
1.9164796709311e-10
4.857773478857244e-9
5.197283072741291e-12
9.24684667106403e-12
5.454457818886047e-10
5.251083783317052e-10
5.881930143467865e-15
1.895872011069138e-11
6.640373394570809e-11
7.773489776916701e-11
1.1126377885065646e-11
1.0608297183926697e-10
4.2700310686386947e-11
5.914177710785941e-10
4.558596265899937e-15
2.6364936391856545e-11
8.886412707099183e-10
2.315111179846494e-10
2.650161989234126e-14
3.275739569450009e-12
6.691718930404207e-11
6.7484625525064465e-12
1.6477020120914288e-9
5.2808641703024836e-11
6.66260470744211e-11
2.059700541863754e-14
3.680571536607833e-12
3.367439648338886e-12
4.530292615529527e-11
2.7446865973501606e-10
3.1995986384767285e-10
9.916446354847243e-13
2.499553551178591e-11
1.172314670590415e-10
2.4130095106508226e-11
6.9464115982469585e-12
2.2676047365543004e-12
2.1202305751624476e-11
5.090893193629696e-13
2.9885077234750268e-12
7.107385887270921e-13
2.867656640669445e-11
1.2316485627256891e-9
4.936296572424846e-10
9.493515518771986e-11
6.343220876780067e-13
1.466831053105154e-12
2.162915195248101e-10
3.324160021362141e-11
1.1766628572052457e-13
1.746429077479557e-10
1.1402447489291102e-8
3.687327037644442e-13
5.0236277110239616e-11
6.487610822570121e-12
2.3387633817138626e-10
6.213552475783293e-12
2.413180595641846e-12
8.700223917361084e-15
1.921030889138042e-12
3.664809988584223e-10
4.231710214441675e-11
6.093390567414809e-12
4.990941347447434e-11
1.3970421696472493e-12
2.2269035261264452e-14
2.8684230126209225e-10
6.083695227319146e-10
1.9837026828625237e-10
4.840489139350192e-11
1.2148475125771715e-10
4.8632790161733295e-12
4.112451575388878e-11
4.457917207250125e-11
1.4901870588185498e-11
1.3198443111632734e-10
1.016866410960033e-13
1.1711397350027736e-11
5.829356870519844e-12
9.38918020944276e-11
5.681031027597882e-12
1.6757475324345937e-12
2.0042896474636473e-10
6.163456906668427e-11
2.2458448033944718e-11
1.5666733960328284e-13
1.0185209566844507e-10
4.67253595213976e-12
1.805423434103808e-13
1.1819529790523876e-9
8.717308390078799e-11
3.22519696237477e-12
3.0828051961209085e-13
1.256985091282325e-9
2.163038315356695e-12
3.3780230590982435e-11
4.9445860604869245e-12
2.5938341172355438e-11
2.3589785213381438e-12
3.0433901868645655e-12
2.1579684624847625e-12
1.8632642075018734e-14
1.2669620799006362e-10
5.710814263741858e-11
3.8239201263810224e-11
1.0560727008991504e-9
3.125030665597638e-10
5.119261408985191e-11
4.86661434856388e-12
2.8434328329045467e-9
1.6128230453900794e-12
2.807805123679832e-13
2.141598233801929e-11
8.593929524055977e-12
1.0323273005361095e-12
5.245162714250183e-12
1.204201294080008e-13
3.003042349672279e-11
3.194354118150813e-13
1.8801363932700865e-11
5.032931848276805e-13
1.0040129238576587e-10
1.1915777719253218e-11
2.961236970227091e-12
2.0257788200360795e-11
2.5052497818444467e-14
2.0544911943190015e-13
5.795963058841529e-13
4.39744782766626e-13
1.5649093758308153e-13
1.1686317550262376e-10
8.305381766140936e-13
8.435549017017481e-11
8.025570406570959e-10
1.4934718392180953e-15
2.7284339053043304e-13
2.9790709065400767e-12
8.377466614222656e-11
2.241295327486612e-10
5.546825477162575e-12
1.4309526986127178e-13
4.919470718064387e-11
1.9461950282000256e-12
5.466691633304245e-13
3.398585442321315e-12
3.359038249371852e-14
1.4799909314269757e-10
3.4935303426294616e-13
3.868515516400791e-14
2.2952820229668702e-11
5.765784533141358e-11
4.264255981594134e-11
9.892053128017096e-14
1.561675911924311e-10
1.3839805043522928e-13
1.2594884112986056e-14
2.8328931390992292e-11
2.538994257113461e-10
1.1951021182207449e-10
4.0426345969366544e-13
7.993383828340985e-14
7.292893263082179e-13
4.191909524094791e-13
5.870221974361986e-14
5.168985896396486e-13
2.186054727111914e-10
8.942429137409673e-12
3.168555137532423e-12
2.253854855443468e-11
2.4461395332908434e-12
7.058745345438614e-14
2.092800967706574e-11
1.1824592005757186e-11
1.1636431328343757e-9
3.206582980587151e-13
7.890138707742105e-8
7.303609318247973e-13
1.5667374580524e-12
1.8370436287995735e-14
3.010059706658058e-14
1.0682162967467735e-11
8.654586639027384e-13
5.2879528421408895e-12
3.239819416614453e-12
9.174702649821135e-14
7.074221147056424e-12
4.627815030690413e-11
5.20877772702981e-13
2.680825713625303e-11
4.7602343595460946e-14
4.268236656555986e-12
1.1246892822601505e-11
5.604976409220042e-11
2.0871629313736392e-15
7.533147026975731e-12
3.1484138158483464e-12
4.4167959693392565e-14
1.2671469412180925e-10
4.728779839354287e-10
3.788001504029085e-12
4.622378054019255e-14
4.5997484060673663e-11
2.5795221698709873e-13
1.4072566502843376e-12
7.020069081810754e-13
1.4986237681895053e-11
1.625211257747126e-12
3.8646530351579575e-10
2.409601537638371e-12
1.9012366171559115e-10
1.6115209769028338e-10
1.5538416530245565e-10
6.321574144539286e-13
5.648056687685802e-10
1.843994969991709e-11
3.466335804341651e-14
2.2298781085382502e-10
1.472967190037754e-11
1.3748733666581586e-15
2.7443382718808827e-13
3.5388946470530937e-13
3.3165021899405115e-12
7.394897083807572e-12
3.681298026398085e-13
3.8461628617438125e-10
2.7400374850510244e-14
2.13016997300888e-10
2.7932478702226624e-12
1.4697274942123366e-14
7.939824333837057e-13
9.388036366773478e-10
7.130439488005871e-11
2.1958426319043703e-12
1.0721648933505484e-9
2.1674147744687953e-13
6.471299842747179e-12
5.315765253737434e-11
8.562339089462075e-11
1.2467712888903366e-13
3.4203418736581504e-13
4.090129839619824e-10
6.495387645591963e-10
6.289926827245359e-10
1.2969161153000357e-10
1.576213635479989e-11
9.943460430542965e-12
3.95288827821513e-12
7.067847360469802e-13
3.191862002984985e-13
2.1477255764320865e-11
8.760344410306108e-10
5.739130838190057e-12
7.190513545502973e-11
3.8050470710303836e-10
3.2455745433072353e-12
1.5511143121560889e-12
1.079631682665102e-11
1.5126486945478965e-10
9.733211304672098e-13
1.5812396865955297e-11
1.1412204817355085e-13
3.1048919963976336e-13
2.9780315238661757e-11
5.685057043688877e-13
3.6084133050714444e-11
1.7281126750639323e-12
3.059049755804211e-13
7.669427565607603e-15
1.2694126266070702e-12
8.162722724931806e-12
4.4792829539467065e-11
5.429482014083825e-15
8.515556324544861e-13
1.0458084852991864e-10
2.1218475485589513e-12
8.16968427356383e-12
6.8927603357217475e-12
7.992219642972946e-11
1.1118662912901746e-10
3.959500304569417e-10
1.230089972239883e-13
4.595282275500781e-11
1.8730351303089204e-10
7.804932966175422e-11
1.0159849272268115e-10
5.367169322802158e-10
6.74273983014593e-10
3.0705483504047437e-12
8.489010107837979e-11
9.551875523800165e-11
3.202623274250146e-13
6.805949506198634e-13
1.7194896341633823e-11
2.4984371045903185e-14
6.68514001169609e-13
9.45658372539505e-11
1.8912362417364882e-11
1.8199150901886928e-9
3.039045725842213e-14
2.4103311744512745e-12
1.639085251744668e-10
1.826656002345806e-13
8.692064222882752e-13
3.346688678536157e-10
1.458482402140588e-11
1.524455986436768e-10
1.1970987666610558e-15
2.7978691683980078e-14
6.713587040230511e-11
2.1149131876411068e-13
5.44977385106215e-13
9.158386800114256e-13
6.720047844316968e-10
4.8929868726972115e-12
1.9063362024187131e-13
1.3311789717921073e-13
8.424067300241105e-14
4.928443854318116e-12
7.63868413290518e-13
6.054041070087313e-16
1.7873711028512625e-13
1.9498668743592196e-12
1.8789862334591167e-11
4.951426134896326e-10
9.147693095165231e-10
1.1777066485376301e-11
3.222898872671995e-12
1.0157078177514877e-12
3.150737286632503e-14
8.804460577704447e-11
2.375782014468218e-13
8.570044481808776e-10
6.075349127939513e-12
2.1579405226695323e-11
2.123606282555055e-12
5.293610441102037e-12
2.849866458302417e-14
4.6440558583747803e-11
1.6842476796389294e-11
6.551249751676716e-10
3.5394740904323125e-9
5.905231578513841e-11
2.1055071241051165e-13
6.20760907450882e-11
2.626123178616895e-13
1.4572674952931331e-9
2.5461002255179377e-10
3.189664400372714e-15
2.2344516542321502e-12
7.708426708180099e-12
3.7045573185325663e-13
8.887905579656382e-14
5.21653129508551e-10
5.507928268993874e-12
4.5041666695402236e-11
4.784074752069265e-13
1.463843886450617e-12
6.790614364853323e-11
4.334472104470515e-11
8.621161170039044e-14
1.937288942186631e-14
1.879224698009296e-9
5.048992447826825e-11
6.203186651103614e-13
5.386514973382498e-13
1.0768736208475406e-10
1.8673003182457202e-11
5.991529590498656e-11
2.3888358490577477e-10
4.2854886684261615e-10
1.95993346652645e-12
1.900617449116424e-14
1.439645467580317e-13
1.2587738283357992e-12
1.0467818142432565e-13
5.6421028196519085e-11
9.342083711337866e-11
1.713734504835244e-12
8.770839572552894e-11
1.7361796658490677e-10
1.8266218134683273e-10
3.082394142371912e-11
3.132199822701549e-12
1.5660760973381118e-13
2.496309871321776e-12
3.1799824467841986e-10
9.491845076719081e-14
2.78065436432754e-13
1.5708460492372984e-11
1.492825144633044e-13
4.376094913554993e-10
1.2944257360788076e-11
6.9447075586605786e-12
2.188041072552768e-11
5.7009510075018254e-12
4.739202048188189e-10
9.661915902048955e-15
4.524559424375643e-12
9.725999552424528e-11
1.9100564458976656e-12
1.6198318252147505e-9
7.323547869688855e-14
4.5943486808649293e-10
1.2397264642158888e-11
1.8261744824504684e-10
8.386222991913823e-11
1.5849271689432923e-10
5.358311093107026e-11
8.345849560643629e-11
3.2216127377380837e-11
1.7565772647954168e-10
2.584195854394437e-11
2.1653983296895357e-10
2.2492866460115878e-10
6.027956995488393e-13
1.852771144964524e-11
4.456059832856354e-11
1.7995033341277423e-10
1.0776917439949014e-11
2.1481000210311185e-12
2.651475535138429e-10
8.78108346336566e-12
3.484184156915134e-13
1.2061532898171176e-12
2.0152944805466788e-9
2.3561580911488694e-12
3.292873406544085e-12
2.6507998511681986e-13
9.2153564198712e-12
1.0017444281036344e-10
6.4249337450650335e-12
3.874243867234229e-11
6.280916992690524e-10
3.830844198927678e-11
2.0140228625442894e-14
9.031944784023927e-12
3.8481620448662813e-11
7.079981412596602e-12
3.028527472793178e-11
1.6243668555962995e-10
1.384668581363438e-13
3.6081992156281876e-11
5.776448765888492e-11
6.915491093514556e-11
4.2567426578259324e-11
1.4855474190333223e-13
8.671889755677353e-14
6.502044160795082e-12
1.8967508626088256e-13
2.1352634627852441e-10
2.836271027777949e-10
7.447314690220874e-12
4.211140248565286e-11
4.874027281539499e-12
3.956283858504415e-9
1.102443042143273e-11
8.503486284376398e-12
4.119288403302945e-13
4.164700001691767e-14
2.0905793416337897e-12
3.044037244416915e-11
9.673814324353879e-11
3.877371900046336e-14
2.338592737887302e-12
2.466375782244694e-12
5.561047076257993e-14
9.934780542733109e-12
1.3244423843095574e-15
1.6941568241304468e-11
1.2377804238241085e-10
1.9417245734797532e-10
1.460512092400462e-11
5.4285645200679504e-11
1.1878321475527909e-11
5.3571065381404964e-11
2.7942464228883445e-12
1.3167161380999453e-10
6.0906551433807766e-12
2.2115655983737896e-13
2.0545286837547236e-11
9.680279548396634e-13
3.5313259329699807e-11
4.139565684316477e-14
4.819665755613077e-12
4.813140513326051e-10
9.318223489056942e-11
8.890896290225648e-11
2.3043060926913808e-10
5.874872831774558e-12
1.7837380251762383e-13
3.83027259014973e-11
6.439046022422041e-10
7.220728930843606e-13
1.4383171186214431e-12
8.318209470226202e-14
1.0373310864060666e-13
3.2355483706012027e-10
2.640049441542595e-12
9.300894913281316e-12
4.0922594467740775e-13
3.1112889449929957e-11
1.1001403811982135e-10
4.750493846839277e-14
3.358667656419297e-12
8.763747983763819e-10
9.71698109196358e-11
5.27458727710391e-13
3.56530075906999e-15
5.910372898965948e-11
2.1995745415259138e-12
5.6606168866037626e-11
8.229311406114168e-10
3.1255659475957565e-10
1.0043430695076778e-10
1.8732488021131971e-13
2.990166872929545e-10
7.737708791582371e-14
1.333447490614636e-12
3.908065914045818e-10
9.453532451837288e-13
3.0988110540147266e-13
2.741011641609696e-15
1.8424156745123122e-10
5.6627584693704704e-11
2.456234584045997e-10
1.018230530377688e-13
6.141066876345385e-12
6.29070984943081e-14
9.770341839263174e-12
7.303048470844049e-11
2.1644532931487346e-10
1.400956933112242e-10
2.0023303524793445e-10
2.1665912497290622e-11
1.0389435623316459e-14
4.1004385806460545e-10
8.487932121771312e-10
1.6330387741460106e-13
1.48898368308998e-12
4.2091000208530315e-11
7.501646752762572e-12
6.329481400591241e-12
2.6163829000224266e-12
1.9593006043868989e-10
5.910287334655598e-12
5.410526531752238e-16
7.040272692057292e-13
1.9943902898829528e-10
7.997899999211539e-10
1.310942135549374e-11
5.894848813372072e-14
4.604761261166809e-12
1.3375567136431204e-11
5.968094310413825e-10
3.4027395083376193e-12
8.09374004010141e-12
6.504134652488568e-11
2.495100516735625e-13
5.6428424503173896e-11
9.461005471311652e-15
2.8278726258019362e-11
4.282626451891027e-12
7.326219717765943e-16
6.76204566127134e-14
8.680551693954918e-12
8.930753458498098e-10
4.950720630077516e-11
1.2301502704832369e-14
8.814817405842354e-12
1.4291593730062914e-13
1.1109850466856523e-9
6.122761488825931e-12
1.7762346851728692e-10
2.9972005979167846e-11
4.899166070407468e-13
3.025413972670721e-14
1.6702202601138732e-13
1.1814749804966965e-15
2.8885021760488243e-12
7.061412832644709e-13
1.392583925830863e-12
8.237156023405784e-11
1.375276947244852e-13
1.4994797874384614e-10
2.1649697808163232e-14
2.420880264781116e-14
1.9630528146326106e-14
3.089573949183271e-13
6.4041521052780144e-12
7.659444974349626e-11
6.841157151586283e-11
1.7870694807541007e-15
3.1451840685164323e-10
2.129865241676924e-13
7.485800253454568e-12
1.6283773724266086e-15
2.8279360844756273e-13
1.677116514124146e-12
1.8681564198910754e-11
1.2848914156205447e-12
8.350595678433398e-14
9.36500489861503e-12
1.861885203613493e-13
3.2056119458274695e-13
4.073209171272183e-12
1.349367669909501e-12
3.980760809399307e-12
1.3060970508992683e-9
7.455843300151979e-13
4.538388007124501e-11
1.6966144526127496e-11
1.9125445798849693e-12
4.639973723064581e-13
2.9025059636154216e-11
2.5264068516780866e-13
1.2885293463200788e-12
5.7151290906930626e-11
3.89269282179522e-12
9.548024109554814e-11
1.4976902286906454e-14
5.39138670262591e-11
4.0688801458941e-12
2.7980943252333384e-12
1.3489713370818396e-14
7.799561874979674e-12
4.381040548922004e-11
6.477249401392002e-10
2.773352975299907e-13
7.915304729355823e-11
3.7631034116280783e-10
5.255871839847576e-11
4.960895388524307e-13
7.98621890693484e-13
3.931001290936281e-12
2.680703417661785e-12
1.4122644051206779e-10
5.855378000255549e-11
1.589792051152564e-12
1.824841106131502e-11
5.299286676262034e-13
9.904999802972e-14
1.215819627403872e-13
6.869133362093107e-16
1.8390008910550616e-10
6.7853285116992526e-15
2.544559215061326e-13
1.645586019983906e-14
3.7744010788180063e-13
9.224464184630607e-13
6.638623009397037e-10
8.51536518694067e-10
6.542667279245439e-11
4.828134213125865e-10
4.3908416899788117e-13
6.759682736336852e-13
3.211312382364313e-13
1.2726627647669218e-10
2.609012678455457e-14
4.96758116842095e-12
1.1256780116440077e-10
4.040508982770551e-12
4.4860405976365766e-11
3.2183068113942795e-10
