1.0014796604326703e-11
3.062273623934707e-12
5.2483898520323906e-11
8.395672171852316e-12
6.284988581529304e-13
2.5088275823694007e-12
1.185168556446549e-11
1.9945970421295564e-10
2.559387564927733e-10
6.877558784879955e-10
4.330047158232945e-11
2.0499990095949924e-12
3.020037119595733e-11
4.466053180846782e-10
7.049225600601849e-13
1.303217168147305e-13
2.0941765113774233e-10
2.183626908634041e-14
2.1872349637733838e-11
4.1900081198911877e-11
3.799475312928485e-11
7.620012884046176e-11
5.905216447853831e-12
1.6553619047584155e-11
4.067819637298267e-12
5.433074708694205e-13
2.751865190510947e-10
7.119348073024163e-11
1.175939624794331e-10
2.2087823756990676e-10
3.869248591728305e-11
2.828993917701856e-12
2.6275630349008044e-9
1.3086856519983998e-11
1.0845771752865766e-11
4.741547368832327e-11
2.486187015613344e-12
2.0519143553256013e-10
1.6080845014476528e-10
3.204445387420279e-12
4.653610846127454e-12
1.7155837056348897e-11
7.415293978836125e-12
6.888276144949423e-11
6.703983333652824e-10
1.0428500505487334e-9
8.447330699544289e-12
9.104927645670528e-11
5.385317638500295e-13
6.86228985533538e-11
4.7456974280880526e-11
1.6723411316311258e-11
1.2352647847042571e-10
6.116948101371385e-11
5.72474865201906e-12
2.564375498464412e-11
2.1374849979546905e-10
6.288501463905609e-12
3.066167676821454e-10
7.284774751478855e-11
1.9066089731823402e-11
5.991612669501211e-12
2.4438970327280764e-10
2.3210897499741662e-11
6.875286103885553e-9
6.896963991979783e-11
1.072704458652595e-12
3.4822848405060884e-11
7.291945173079079e-13
7.910409919618352e-11
2.3515283391480293e-11
2.2258871588365767e-11
3.821438897004686e-11
3.01458861161889e-11
1.7599494420537125e-10
4.679776448412927e-11
1.0417733620882658e-11
7.673659481492955e-12
1.5401751874703118e-10
3.637684952493442e-11
1.0807002239090268e-10
1.751342963688427e-11
7.896399806931486e-11
3.558950491350555e-11
4.4261719307610216e-10
1.470635415374574e-12
1.2851475139480705e-9
6.790093287311868e-11
1.83891349528322e-12
6.413247306333835e-11
5.2186819249838383e-11
1.9489020401225106e-10
1.3710078006565916e-11
2.5802415142963078e-11
6.645249906649113e-12
6.34297097049873e-10
7.235171683072934e-11
2.1739096594803262e-10
2.627286989872426e-11
1.391480166532461e-13
1.0834662326612626e-11
4.1290961336644726e-12
5.635571571435821e-12
1.1624840928427959e-11
6.152354033853099e-13
2.926202855070061e-10
3.9344747159406526e-10
1.9592043593595425e-10
4.3128934522063786e-10
1.0206403035077626e-9
1.3315262950833484e-11
1.3687846509036603e-10
2.382444905061623e-11
4.237679891628418e-12
1.323909855289526e-10
4.1890074095859855e-12
3.057776002056426e-11
2.914265282280046e-10
3.535078119611233e-11
9.665511854640742e-11
5.681435698371622e-10
2.824128282115669e-10
4.655465399606952e-11
6.754089138660517e-13
4.945339171269617e-12
8.431213889934995e-11
2.1500368346249793e-12
1.2550489848995332e-10
1.572077966243572e-11
4.3454148117528554e-11
2.893575355206113e-14
2.7095543838850774e-10
1.0705277356734155e-11
2.891639871244728e-14
2.678718516945343e-11
1.392146146685212e-10
1.2831453756335252e-10
9.768657582764491e-12
9.880061637270457e-13
5.875763017431189e-11
3.5851542435654048e-12
1.632547470238535e-10
3.101288648088867e-11
1.8365452544820373e-10
3.0905964143844187e-10
3.72790730773092e-9
8.099285303632833e-11
3.2877512842640896e-12
1.9602944866232552e-10
6.27301654453573e-13
8.868883222438473e-11
1.2730825266999036e-11
5.3074257861456204e-11
1.0946902289611676e-11
5.5427562072134155e-12
7.319982607595649e-12
8.287260695938549e-11
2.2308293020536405e-11
7.437009598169016e-12
7.154965737802731e-13
1.5293221218339155e-12
1.3258000435056718e-10
1.8522586814332853e-9
2.1043513153168305e-11
1.2317785088385877e-11
7.448644974731787e-11
6.901457306483307e-11
2.6550031878967948e-11
2.7447680081266238e-11
3.8665014328535513e-13
4.153703157546483e-11
6.309776878558326e-11
6.003518923272707e-11
8.975089978217901e-11
8.668703608876972e-13
3.404396366825217e-11
1.8811825764394902e-9
8.605693681102476e-10
2.5056468393971353e-10
3.607825644679154e-12
3.2853651080327597e-10
3.746448884301775e-11
1.569981350287176e-11
3.1730793943222857e-12
7.006916688179941e-10
7.540415515902133e-12
2.757522786633986e-10
3.812408683162586e-10
1.161297512370998e-9
5.4998439961507134e-12
8.76933233081319e-11
3.423799612230421e-12
6.3249488153047156e-12
1.030861923282686e-10
6.043367171503871e-11
7.99296541363709e-9
2.744197249361221e-10
4.114547210855285e-11
6.968495412357054e-10
3.440498615092143e-10
1.4247239595185641e-11
2.040694436221262e-12
1.4810671320271142e-10
2.2971938873674254e-11
1.2610408551801062e-12
8.692507952715663e-12
1.1502302036058596e-10
2.1055978062277803e-9
3.324994782709979e-13
7.166207638730347e-11
1.1949151462014077e-10
2.791142622907875e-10
1.2615229502065481e-10
8.105451340752229e-12
3.3395285971903936e-10
9.834779941669446e-10
9.611446011586232e-11
2.3840986967807108e-12
2.517602531876952e-12
1.4022202524419348e-11
2.1052431313065835e-12
2.7812275671451074e-10
1.5432571809154625e-11
2.2481120099872566e-10
3.5243366891234175e-12
4.547087364322314e-10
1.0622625986088376e-10
3.6146342003459454e-13
1.4865175469324034e-10
1.9544000907533942e-11
4.286556871785464e-10
2.878620755353311e-10
5.32175909143755e-11
1.253518705598156e-11
1.2453615418957911e-11
3.4470644308264716e-11
1.168264880018223e-11
3.398327701478439e-13
3.457311257057167e-9
1.483765708580703e-12
5.990638303309328e-11
6.417234424586325e-11
3.6423777975970874e-11
5.138118444314548e-10
1.5009857826485488e-10
9.191470621256994e-14
1.662823362375619e-10
4.225155994430302e-12
9.428064587317975e-11
1.44416779191497e-12
2.8926151599418093e-12
1.6745565358832726e-12
3.7080341790279273e-10
2.4965043766490756e-11
9.294817895913542e-11
2.865053675898377e-11
7.355078336801113e-14
1.1925428983176427e-11
5.8522827409432776e-12
5.264180652970632e-12
2.1276385987029916e-11
1.0723883874433602e-10
5.3919387010015685e-12
4.753451086439211e-11
6.603295593401473e-11
1.4148340098436722e-10
2.2531182555617467e-10
2.03472553165287e-11
4.5272836606752335e-13
3.347036680002574e-14
1.4755634035671428e-10
1.8837370038201767e-9
2.2370885076468556e-9
1.7129566050638344e-12
8.275060941868831e-10
2.744585841071889e-11
1.8802904525440507e-10
1.1710272814752829e-11
8.433585598936864e-9
3.5495896933312746e-12
6.952456352165649e-11
3.022574508244301e-10
1.0621289687852527e-9
5.516362810901643e-13
9.45638728224671e-10
6.835598921974821e-11
2.359016799799537e-10
1.6086357926102153e-12
6.46061635474019e-11
3.192548091350137e-11
5.778564133172001e-10
1.2381449659503857e-10
8.013148809562512e-12
1.0537655572614167e-11
1.7317538250970622e-11
3.602941116569156e-12
1.6446522683347142e-10
3.485150533765149e-11
1.8305757599421527e-8
1.1111946029431201e-10
7.228335664345814e-13
4.189770024884816e-10
3.594991321068043e-11
1.0762476427400137e-12
3.3124676021506634e-11
1.0781219870288485e-11
7.514438482849222e-13
1.5381450597573249e-9
4.8110507592450754e-11
1.300544810311057e-9
1.1943954338739833e-10
1.6334984922430778e-11
2.7335006424314563e-11
2.960140957728536e-11
1.200574670343378e-11
1.1936132253313268e-9
2.0335596070733648e-13
1.4777732918730461e-10
3.692114865098486e-11
6.7858109657395164e-15
4.1462026463565836e-11
6.454156737163967e-11
2.3439995519588376e-10
7.390396594214386e-12
2.2969153899363976e-10
1.488657332247609e-9
2.43067235118293e-10
1.7208017317732093e-10
7.962817154174045e-9
3.750049684956287e-12
1.4716693075921937e-10
2.9666122307814996e-11
2.1251593740931407e-10
1.0218427062247657e-10
9.496914710326933e-11
1.474324740506436e-11
2.5759963527494102e-11
1.186281368887853e-10
1.41736029478734e-9
2.194817216602004e-12
2.9796428293800307e-11
3.7632818860743455e-11
7.633231018419168e-11
4.6088864530285544e-11
6.920881730992649e-12
3.6874796946131764e-11
1.9502383557697005e-9
4.4141815787016914e-10
1.8066065751649144e-9
2.0026352404040476e-11
2.676191933333212e-11
7.638485390166005e-9
1.4895293690806657e-10
8.988040023432606e-12
1.253716987531431e-10
1.0695154346975716e-11
1.1458364368141807e-11
1.2626128100845112e-10
3.293046327630292e-10
6.026267713509858e-11
9.303011518268802e-12
1.5498335286559792e-11
1.6743114315152003e-10
5.0537931293892866e-11
6.771593671293484e-11
9.674624431277547e-12
7.344442746149489e-10
1.0298394662206908e-10
6.102051330269089e-9
2.947354390377158e-12
3.3930367160257055e-12
2.7371642752753648e-12
1.6900412145742574e-11
1.4377502314206038e-10
2.1718829039575514e-10
2.0452343495176432e-11
9.877780465088526e-14
3.1478857301076816e-10
3.05571902174188e-12
1.0739347727705307e-10
2.0988030736575792e-12
3.5173383754406933e-12
2.5048717743987914e-12
1.25937813047289e-11
7.63188715658509e-10
9.433399165223987e-11
1.3252499924365145e-10
4.738750519767075e-12
1.8674259871491723e-11
1.4399488529837474e-12
6.551263516415418e-10
1.0140942916777858e-9
6.881358850808887e-13
4.8641732258063476e-11
6.485295279628769e-13
1.910827915737173e-10
1.2531233973269107e-12
5.6470716691723606e-12
1.310665607621022e-10
1.5611498398214456e-10
1.4710550664244686e-11
2.0762749570549706e-10
4.815255185112851e-11
2.856697348588579e-10
2.089240262650247e-10
3.2384993914517234e-9
4.513606901687433e-11
1.3160612722152522e-10
2.06766943070554e-14
2.8316981616123383e-11
3.069442797262694e-11
1.2179169324078557e-10
2.6655099096448102e-11
4.2878741031551917e-10
7.694175654744583e-12
9.082106765922953e-11
8.596385860333648e-11
1.0518042524096698e-10
1.1591396825060681e-10
2.8587965439521452e-8
1.8102633178790967e-9
3.3331837098283504e-11
4.28143970673092e-10
3.3658033169999984e-10
4.396336580318578e-9
3.7676492788628707e-13
3.780330478633728e-10
5.5508203860211497e-14
1.972602776399485e-10
6.118472502575056e-10
6.460096869001164e-12
7.488291576790372e-10
1.899080187663802e-11
2.5912768001305965e-10
8.369768010421629e-11
1.2654718294772979e-10
6.71958386762133e-11
3.999097079067054e-11
2.7216568254756375e-12
1.6593579951174657e-10
2.7135013305380742e-11
1.2149290129792076e-12
7.255432018363274e-10
4.487214710166211e-12
6.640745066574205e-13
1.5380125108527038e-12
4.1157004705056054e-11
1.1891444938273254e-11
6.694452574267257e-10
6.860709092679403e-11
3.673744743252858e-12
6.295939958083618e-12
5.728063238885679e-11
3.966203436850758e-11
2.887346349028941e-13
2.870919145322475e-11
1.11948960441726e-12
5.435071668906447e-13
3.767565521454186e-12
8.141697104761232e-12
1.4163309668802041e-14
7.826380454949868e-10
1.0125572972563234e-10
7.481525384777868e-11
3.469495120453222e-10
1.4691333114670175e-10
3.657377141444532e-12
4.249523085840917e-10
9.070115666219947e-13
5.53118579085539e-11
1.7857509391160468e-10
1.954349577852183e-10
1.4563644549530726e-10
6.348474821390823e-11
4.673546479549115e-12
4.567569275683706e-11
7.235874261934529e-12
3.478002893639057e-13
5.53819453198441e-13
6.484543561844457e-11
9.406221667446029e-12
1.4295101902072546e-12
6.214326708536993e-11
9.622205505898962e-11
5.092900493704764e-10
6.555397631891285e-11
4.861885145363457e-12
6.308118043434104e-13
5.15435924703713e-11
2.7106694810219806e-14
2.5348736166144017e-11
7.27421899229629e-11
1.2671292999737674e-10
1.1602479415359254e-10
2.8475213327336885e-14
2.866200099338501e-11
2.1956637126616767e-10
4.544868825536617e-13
1.1798063313313117e-11
8.59045282727968e-11
7.01238697732651e-11
3.7413924326602705e-10
2.7273779265882004e-10
4.937231424560043e-13
1.9918054741246753e-11
2.012303408824398e-12
2.014465071279947e-10
3.5849713736454487e-11
1.1343084277824478e-11
6.180770804686935e-11
2.031954273084153e-11
7.685567612766035e-12
4.259524775399585e-12
1.4819644019287805e-11
1.7400970711626707e-12
2.070359634296717e-11
7.597158141024717e-13
2.947334189050682e-11
3.542962009224563e-11
1.4571570726253864e-12
3.584542085954008e-11
9.245868582806506e-11
4.017701547449024e-12
4.259622332643431e-12
2.984378787422472e-12
5.256428071712909e-11
4.279575181232472e-12
4.249464225572704e-11
1.3892927295620562e-13
3.054963826739085e-13
1.5519450200480306e-9
1.7972830222059415e-12
2.864477667505911e-11
5.214325965341739e-12
3.122417825354242e-12
3.8654973030561655e-12
3.6666132241474673e-9
3.784534013311749e-13
7.719195235683606e-11
2.7152682808734686e-10
2.2957711895596186e-11
1.1966862043841887e-10
6.565468589544306e-11
2.0436258289504932e-10
2.4845822929004918e-12
4.3123368643920456e-10
2.920535231544109e-10
1.1086053263285e-10
1.854893521472702e-10
3.84428356249398e-9
4.589766301726499e-10
9.211372758833357e-11
1.926857781367348e-11
1.4953646509449953e-11
6.095812202180291e-13
4.9682064557092894e-11
1.838318330043432e-11
5.398187686751932e-10
3.411852747926399e-13
6.298155353569419e-10
2.5184284577543006e-10
3.9862991244928863e-10
1.7628474027763005e-11
1.0918091534959414e-14
3.523330949387114e-12
5.438260808835699e-11
6.080188947183769e-11
3.052409839015773e-13
1.0594706080628177e-12
1.1286322844022281e-12
1.6948807472354922e-10
5.944658981620217e-12
2.27276023768325e-9
1.1186937318118157e-11
8.887881334506748e-11
1.3526422159763417e-10
1.4416571131723115e-10
1.957840025622667e-11
3.873713197127339e-11
1.129555692290967e-12
2.789222947286248e-10
8.134344929884447e-13
9.421673924378035e-12
3.5589718545591017e-12
1.4556137879604959e-9
1.0869976009650535e-10
6.867164101133781e-14
6.136282135057365e-12
1.0336388575320247e-12
6.307450323903933e-14
1.3192536126576714e-10
7.633006299546366e-12
1.3195088145987683e-10
3.9143125926830784e-11
1.3910554287970646e-11
3.7326132658001296e-10
2.2406484745422327e-10
7.141925851354998e-10
2.7954164219910834e-12
2.6149245931841247e-11
1.8889751336505775e-10
5.446672482468158e-11
9.003309982863792e-11
9.015648504712418e-13
3.1627285008049967e-9
6.125258257415584e-14
2.5114917926192064e-12
7.368714816405304e-10
3.106016026909432e-14
1.4435375593228492e-10
5.846195707388739e-12
1.6360592168638185e-11
2.4372993113705318e-11
2.0871350913106796e-11
1.3220176969082176e-13
1.3143298450774018e-12
6.919919375672722e-11
1.6855785156774083e-13
1.0708499448790627e-11
4.02362869269432e-12
3.122724868076171e-12
2.638618319890808e-9
2.217879540851945e-9
1.187991348936672e-11
4.130753290203892e-11
1.185465412248194e-12
2.2797533564233847e-10
2.0849606580359556e-11
1.461609340386756e-14
4.2333044639997324e-13
2.097929820603843e-10
7.438881241917443e-13
4.150706196172796e-10
2.104345949695969e-9
5.316976887357211e-11
5.4557214626961537e-11
3.5798810549890857e-10
1.2535194145745767e-10
1.1251394178511599e-12
1.493415566310091e-12
1.2357507790567457e-11
8.958294780816636e-11
2.337385833077542e-10
1.966481851355412e-9
1.4156074615970187e-9
1.9925619210386936e-11
1.3163451477065398e-10
2.4581463676933155e-10
7.427687211465135e-13
1.576524609025078e-12
8.887779835321356e-12
6.333141434558755e-11
1.0334269889666698e-11
3.344057602877758e-12
1.9996822403200565e-12
6.431198824349142e-13
1.4700981248270538e-11
1.1069161648412739e-13
3.578596700383196e-11
5.70685156623212e-11
1.4870141121503727e-10
1.0706553587479195e-13
8.348908382886159e-11
4.2849593362755004e-12
9.308317757545215e-11
3.4140845680024427e-11
5.616516874225682e-11
1.1146948442166311e-11
1.5479629304121512e-11
2.2156995679384046e-14
6.652200603654694e-12
2.600026359032081e-13
2.30811912636957e-13
1.8346263119675048e-11
2.2260288618603015e-11
5.243235532666413e-11
9.471712486927896e-9
9.677207161475598e-11
5.840169663558835e-11
1.8527628291715712e-13
8.179567365938477e-11
2.703969792535701e-12
7.36750383166177e-11
1.0225168425070676e-10
7.484193611331934e-11
3.5730596529028372e-12
1.1944036764613806e-10
7.529893586656962e-11
4.709125571530623e-11
3.0711161234421824e-11
1.8435992792593935e-11
1.4277458306003456e-13
8.452996542964485e-12
8.153677672666617e-11
9.6114916396626e-12
1.0662776400757469e-10
6.040884813743586e-12
6.884916044100556e-12
5.427866370965038e-13
1.9270504398301703e-10
4.505641191257488e-11
2.177674802042938e-12
2.206205757953662e-9
9.767764432719862e-12
5.671644584839978e-13
8.84695855450201e-11
2.3858228620314667e-10
2.1181231459088855e-12
1.5212253494834695e-10
3.188580275649992e-10
1.0406747528631835e-10
3.2521278628562422e-9
4.274521550932941e-11
3.2780918990390074e-13
9.734669645876534e-11
3.1303537599073463e-13
1.3039055349860274e-13
4.184213564547065e-11
2.7984446522135157e-12
4.0940920435631074e-11
2.2827474929835817e-9
1.7510354037559987e-11
9.923840989494809e-11
3.227659714595587e-12
7.434377014808367e-13
8.160679883387603e-13
2.582719341559098e-12
2.670321634351799e-10
5.6575879972142147e-11
1.710981951557307e-9
5.8276375669272954e-12
1.9765295524846426e-11
1.1511582059319938e-12
2.009185876810677e-11
5.943320245568457e-11
8.873290227253076e-10
2.2047176118177767e-9
5.992993447223032e-11
6.661033933487683e-11
7.744222223615e-14
3.949495261411094e-12
7.809280695631133e-11
7.433402629076647e-11
1.0026194254361149e-10
7.294462875294107e-13
7.411569221282135e-10
1.9703356747221587e-10
7.349757155832576e-10
6.032455612701038e-11
2.92114085082422e-11
3.795614098887083e-11
1.5386790929383223e-12
8.474981020856389e-10
5.59518829464738e-11
2.0781953309887307e-11
1.0185833688049217e-11
4.43634532826441e-11
5.600936875122455e-15
2.7788929124910554e-10
2.4812901616870837e-11
7.116049175854106e-13
1.8903136624870337e-11
2.994537476918988e-9
4.4854513060760163e-10
2.7231130812381407e-10
1.1132432737522628e-10
2.4308286252888113e-12
8.066458651368052e-9
5.055620562416413e-11
2.891160577052478e-10
9.576424145373121e-12
1.4321940493437302e-10
3.1835885427576586e-11
8.072367608537419e-11
2.446800156693137e-10
1.4611991065835965e-12
1.7474844233823367e-11
3.6729736566181083e-10
4.4369852804367675e-10
2.98397879306004e-14
1.1352552873793913e-9
1.213384113847268e-11
2.7248224333997878e-11
2.4338060346410864e-9
5.5891189609626336e-11
1.0293865601843978e-10
3.563578973892404e-11
8.027675973342885e-13
8.321808608121209e-11
5.41098918669099e-14
5.0340533083715565e-11
1.5095626116011932e-11
2.3029222329323437e-11
1.92261062997884e-10
1.0492347939295553e-11
4.40728281564708e-10
6.940979806166757e-10
1.69305590934627e-11
9.01506901712271e-15
8.698345387781695e-12
4.1107973725569565e-11
3.566639974719707e-10
3.2540970996572374e-12
3.920081011339359e-10
1.7858892494213538e-10
5.568152781046856e-10
8.787732272974316e-11
8.021604174298424e-14
1.823047396552987e-12
4.06848557482372e-12
1.547265669144067e-10
7.061612994303283e-10
1.1082621644942015e-9
2.6515168273684736e-10
3.586640020462999e-12
9.997446187633514e-13
3.2598907363664137e-10
3.3311731489896547e-12
6.732823993655034e-12
6.813344977427981e-11
4.678397095317483e-14
5.285575968032837e-14
3.862422500691835e-12
1.4846241464558252e-11
5.370964539467652e-12
1.9234753013959185e-15
1.6353293778975297e-11
1.7385979232575968e-12
6.666035071458319e-11
3.992415287568918e-11
1.1235472010123442e-11
1.7302899430358494e-12
4.2751311017165616e-10
6.247499220885845e-10
6.900158911588101e-13
6.766426765856879e-12
3.771426284146924e-11
1.2851547802960662e-9
3.078229937454988e-11
8.306196595242566e-14
3.8139079742427306e-10
6.596923714989509e-12
2.0996835197670476e-10
3.8243309976604566e-10
1.8085570335815833e-11
7.367735424918306e-11
1.8533870551105762e-11
1.6720296295128972e-10
3.8143001758075085e-12
2.005565860932227e-10
1.0079179725881206e-10
2.1094903851611448e-14
1.9011422771384515e-12
2.2835997478882887e-10
5.025753937112743e-12
1.4136813879088265e-11
1.5365410488961253e-13
1.3999072006697544e-13
8.828763513890991e-13
6.877152177691523e-14
8.421483654392075e-13
8.228442949773385e-11
3.253889535424487e-11
5.928920861170979e-12
3.025406630302404e-11
1.1468449471583343e-11
1.8592307494346607e-10
1.4676757836776942e-11
4.305608444040864e-12
2.0594989673360996e-11
8.859698534862792e-14
5.53092261070651e-12
1.614166774600656e-12
2.412885255260817e-10
1.0449498494861128e-9
1.1524093092611605e-11
2.1468527577060263e-11
2.1372742933597551e-10
3.051292045901831e-11
2.1063204294417524e-11
1.0323721881620605e-10
3.2521989512518953e-10
2.658807382283532e-14
3.5781522110948287e-13
3.963221820720168e-11
1.7271491611329257e-11
1.3952318945352359e-10
6.809120592342445e-10
1.3086307405812415e-10
1.7703215032376112e-10
7.266762888746677e-12
5.015151844135551e-14
5.141688057968604e-10
2.042904671205987e-14
1.3892963200042456e-11
6.9150283607078285e-12
2.035273984178977e-12
1.8069100656372203e-10
5.569271863283241e-11
2.6836807622301536e-11
7.578573831560287e-12
2.921349125245428e-10
3.894571461395195e-11
1.776702303989401e-14
1.1354505338826919e-10
1.580909518464523e-10
1.190906693363718e-10
4.763096890402272e-14
1.2079124750473996e-11
1.9478699963830008e-12
2.3354625316998426e-13
1.2754118035531798e-9
4.4064438628532454e-13
1.082090496226097e-10
9.281711693677811e-11
2.919108102325552e-11
5.6312812549371785e-14
8.24383485198315e-12
3.3843571227467194e-11
1.792439411028329e-13
1.0715781031511872e-11
3.555402193472471e-12
4.2060849771576457e-13
4.2236126429265783e-10
2.636483166659717e-11
2.3493742836185914e-11
6.95226450997806e-11
8.325615035261656e-13
4.230016944792199e-12
1.9405711173018784e-10
1.6889563354795232e-13
1.736356296326052e-9
2.7151272686369253e-10
1.3715202890082243e-10
2.9573985296583985e-15
2.5543269864144063e-11
3.4733248520535603e-9
4.836581844513969e-12
3.452304163904699e-10
1.9240465052144663e-9
1.2615047321085092e-11
5.22210385025592e-11
6.299265934383308e-13
8.105625689011595e-11
8.232132039935049e-12
1.7293719059666194e-10
1.300746607284632e-10
1.1373323510610218e-11
8.425853693421996e-11
2.0163097421750105e-15
2.506688403806014e-12
6.64302723434302e-11
1.387951078741593e-11
2.1945900609308806e-13
2.02582183762256e-11
3.3040875148678325e-12
1.2179046888061166e-10
2.836715980557082e-15
6.260532025754708e-12
4.0960607639276056e-11
1.7033709058239253e-10
4.5268363351019456e-13
4.07956737704191e-12
1.1358211749459312e-11
3.674102779974345e-14
8.207664712699723e-10
1.0927175079861082e-10
1.8080772132701881e-10
5.239794943867026e-11
1.5601670588690595e-10
9.517748369141134e-12
8.499803476995285e-11
4.861541231128624e-11
3.286885208967629e-13
5.7870865756950395e-12
7.948984449359448e-13
4.3530066345053123e-14
1.669490529272185e-10
1.579083866374178e-14
8.435698557296785e-12
3.0509081513563647e-13
6.215761820731946e-11
6.311051024788344e-11
4.096754768673816e-12
1.0045077831705795e-9
1.9044132944279012e-12
1.4176581743371244e-11
5.957032772760315e-11
2.7579993293026114e-11
1.2688263416661555e-9
1.885389315727596e-12
6.5808803237969004e-12
6.882581289036283e-10
1.6565390148066983e-11
2.4326442334337773e-12
1.6396645948148935e-11
5.407491532778267e-11
2.198608916951964e-12
5.291914558255675e-12
6.299582285231065e-11
1.7260020483199286e-11
6.433305231888695e-13
2.3107385033572533e-12
2.924642541341121e-13
1.1178777219611878e-9
1.578287027030551e-12
1.0542708397568853e-10
5.420311994889744e-13
1.3908258828255838e-10
9.19103740170671e-14
1.9443674430213427e-10
7.844538760912619e-10
2.293813676512885e-12
2.2687672857043346e-11
3.4666217497626126e-11
3.393504681302936e-11
1.730380153012905e-11
7.999286389944295e-11
3.3078944091361245e-13
1.1313825200044464e-10
1.402908494908601e-10
2.224215182319165e-11
1.1092789503574742e-9
2.3135894363187123e-10
1.5786356253103455e-12
4.4101849589222105e-11
3.599000969823208e-11
1.9139412232973833e-12
4.824477426474628e-11
1.4111475905538587e-10
3.612184444561421e-10
6.184082738219952e-11
4.2094364372355656e-11
7.462993071774732e-11
9.859632377726706e-12
2.190388776449455e-11
3.0902465719849236e-11
1.6745511802965778e-9
1.9028731718656748e-9
7.717136816190626e-15
3.184610247910245e-11
1.3062933210474719e-13
5.566925754156886e-12
3.1267877185034876e-12
1.810199260920307e-11
2.463960031711774e-13
2.566244681600846e-13
4.3026058727811346e-11
2.311469732154755e-12
9.864707507326273e-11
2.3359552605156346e-10
2.4778833716917627e-10
4.75339058943136e-12
5.847908989490909e-11
2.8850639327604603e-14
2.1990036224930246e-13
1.3411018018357692e-9
1.9203411876593555e-11
3.359676636555656e-9
2.8080475050886985e-10
5.118468109285225e-10
8.122682686201783e-10
7.687221601584055e-11
1.0259099920716214e-13
3.688946209262987e-12
8.819365568821287e-11
1.394070229344086e-10
4.75805031144185e-10
1.794043311667134e-13
8.342264430231073e-13
1.828414715946377e-10
3.467332178576103e-9
8.753775374714273e-12
1.052419147351229e-13
2.6036216280555074e-13
3.4898251291890375e-13
4.0151407560274874e-14
8.569590829598464e-10
1.787825659325237e-13
3.214782951514162e-11
1.5562795566903727e-10
1.116531445134644e-10
3.007274133965788e-14
1.0360054729761742e-11
6.889239865098404e-12
3.5272148928732893e-13
1.7909807634344098e-10
1.383059803280492e-11
3.824656735197445e-12
1.3603173725888123e-10
3.233516176331955e-14
6.097415444023534e-14
1.2042374062166227e-9
5.358731175140344e-11
4.203862001748496e-11
2.458777048294619e-12
2.9010559434565166e-14
1.3569765251105433e-9
4.884040835111278e-12
1.0810256022947118e-11
4.069820081824409e-12
4.7148256915631135e-12
8.171305739458149e-12
1.0715108184501243e-10
9.01016650672503e-12
1.3926041128243461e-15
3.859685525256825e-11
1.6283278918830214e-11
2.150614759833625e-14
4.12312854427899e-12
2.0579751713881584e-11
9.909695443511637e-13
4.668497468866816e-10
2.8977766282311895e-12
2.267289018897587e-10
3.513056077651125e-9
8.732181554703342e-9
1.8962562085608186e-11
1.5873350789558603e-15
9.671084706215923e-8
4.023981393829953e-11
9.585189807132497e-11
3.282655538177905e-11
9.968278335331866e-16
3.7608619140022986e-10
4.0120814668438516e-13
7.185378698260624e-13
2.1174398177708674e-14
1.90285626216303e-15
5.856777828129967e-11
4.592638223200124e-10
5.8050507690130766e-12
9.233572727056974e-11
2.635285933094635e-11
1.9685091453319803e-10
2.8095512051795605e-10
3.6520051394711303e-10
2.7742983989918504e-10
8.474088608133041e-12
3.546678838888859e-11
4.175497030605246e-12
6.553134675482735e-11
2.6434447691005498e-11
6.768824760124e-11
4.5082630030785335e-13
9.618880837885322e-16
4.734127678091261e-9
5.73421591924853e-10
1.4709706075589458e-12
1.330733934797081e-11
2.3171131994183293e-9
2.063787702633381e-9
1.2886226130020273e-15
1.0409030601579085e-9
1.3806260813004973e-14
2.1751142679331745e-11
1.8700356094344756e-9
6.233564295587587e-10
1.0839909257216936e-10
4.055558269903813e-10
1.841544259300117e-9
1.6195299438034494e-10
2.793488879266571e-10
1.9197534002150806e-9
5.361684513610231e-11
4.7903544988109196e-11
1.1601330238245274e-10
7.481659128266002e-12
1.5316090172479667e-13
4.901315786953685e-15
2.4192138943539155e-10
3.085962049052664e-10
1.637755220108195e-10
4.1189087501268955e-10
1.6338374452179135e-10
1.7448926776368665e-9
2.3611112202652286e-11
5.87331883888531e-12
1.485289044189653e-9
4.1396361608449035e-13
1.2127722594587494e-10
3.674506287152036e-12
1.3284849941388342e-11
3.1771624732102647e-12
6.00503863266415e-11
2.8605388053838774e-10
1.557918681746899e-10
6.798419232480843e-12
4.919510772384462e-12
5.130160570714088e-11
3.86426258271733e-15
1.7335815824931484e-10
2.0655821620962118e-11
3.4857598736842e-12
2.915450488688953e-13
4.903978378932741e-11
3.1946177411276525e-10
8.468178135354624e-12
5.705796912001158e-12
3.857588697317335e-14
3.333138264073876e-12
2.768320204718682e-9
4.770087894075285e-10
2.401879143404279e-10
1.383191937804835e-9
1.8499375233927547e-8
4.1678770919032956e-10
9.03310227343684e-11
3.3563344349142197e-10
1.3709186636038848e-9
7.804131780651892e-12
1.2699546758011084e-12
9.234806110921821e-11
1.4849617342121199e-10
1.319667396395683e-9
9.83205759602092e-11
2.309604332793154e-13
2.199299245251412e-12
1.5470505080477135e-11
4.551248653743511e-11
1.532937285532074e-12
3.620598496473768e-10
1.9653095102914866e-10
4.821732357507522e-15
4.072316412810975e-12
3.0287464242068654e-12
3.85087158847981e-15
1.297939394801917e-10
6.118314167440961e-10
1.749575342258709e-11
9.404344398607714e-11
5.10527414823012e-11
9.314628482085025e-10
1.3968715935688924e-11
3.1051899706052673e-9
2.313400631781084e-12
3.1382252237677185e-11
1.7143297429767606e-10
1.61916166613642e-11
7.799785125231142e-11
2.1625533416498441e-13
1.4062519595079819e-13
2.5307568774433177e-10
5.554086899298706e-13
7.699755477093916e-12
1.7317784599915863e-12
2.9822035770052994e-9
1.1753356065891886e-14
1.0356468373841038e-12
7.417736741338226e-14
1.4058427089657923e-9
4.70937637671041e-13
6.102402810517321e-13
1.6228635845422516e-11
3.9735694646611213e-10
3.8132216824484535e-11
1.3659026953253917e-11
2.9720072559078376e-10
5.104968767340881e-10
5.5807948329518e-10
1.2709954239274348e-11
4.321899416968488e-10
6.713883156686655e-10
1.0633071949358905e-10
5.747155392743762e-11
9.517579089517429e-15
1.5337406676666125e-11
2.6798756043896268e-11
2.0476031292387835e-11
8.336094653716781e-13
1.2792112929908185e-13
9.398118428007964e-13
3.969412947399545e-10
1.0265552792988197e-10
1.7994379557601052e-13
3.148200293988955e-13
1.8076458404836876e-8
3.114054266652177e-15
1.8291549668926822e-12
1.2682761349551e-10
9.946093088459627e-13
2.5695725781589096e-10
3.702254526333913e-9
7.9684547656257e-11
4.4596437066111045e-11
4.7508219579722044e-15
8.963159071260002e-11
1.259213112426988e-10
4.4050050804935853e-10
5.95373118069135e-13
4.0897919468106185e-12
2.2008027861734256e-11
2.9006819395829266e-11
8.336443112475339e-14
2.0004362474591385e-10
4.81975401481117e-12
2.4555880112954168e-9
1.097486883175426e-12
8.663590159310807e-12
6.6648646026133145e-12
2.4281269221047956e-10
4.361090584684524e-15
1.0743175033617918e-12
1.3670990542318136e-11
3.2278216586282035e-12
9.261081661128853e-14
2.9367101023158475e-10
2.510127959151023e-9
5.6979808886590335e-12
7.215387739405014e-11
1.879946586326554e-12
3.736024898084666e-13
3.324278494319725e-10
4.485414604018852e-12
1.1720258878415544e-12
8.152378166195731e-12
3.1260801846178132e-12
1.470067353728903e-10
7.598030000263368e-13
9.192773722023558e-16
6.499301641860387e-15
4.679102094511982e-9
6.531458813574281e-11
1.2221112851766922e-8
2.2984927671801984e-10
7.398135076216487e-12
1.046684105441187e-10
5.577083938579149e-12
2.290236959072117e-10
1.0597414099650446e-9
3.3012378478817197e-10
9.715133584420465e-11
1.255418057831029e-12
1.6379846818080393e-13
2.1540961300615958e-12
9.758791283477443e-11
1.3306398795531284e-12
1.2519148259741377e-13
1.534232160139593e-10
1.2171910266801811e-14
4.330224054674923e-13
4.6542426693988837e-11
7.493233897632857e-11
1.5316348618590213e-11
4.623606542767352e-12
6.012710408065945e-12
3.290466725562208e-12
5.246056450289026e-12
4.227948381700525e-11
7.48442642938786e-12
8.10389433037331e-11
4.503394821573512e-11
1.1580349412453363e-13
1.1590239519481501e-14
1.9718044623122776e-13
7.055907121430106e-13
3.7623172417565625e-13
1.375336718477029e-11
2.9821828580248946e-11
3.590587937542727e-11
6.2853796521864656e-12
3.272090057900324e-10
3.3162188798466415e-11
1.2788632070469466e-10
1.0673785257240554e-9
8.308066740300004e-12
7.282450071569975e-10
9.428910563107794e-13
1.2801457384576147e-10
3.6821295931410826e-10
1.1020204095995385e-10
6.701584099416158e-11
1.7836899318889154e-13
2.483241243270088e-12
2.5216620194722738e-11
4.704174618798745e-13
4.788772892351371e-11
1.7300918375041686e-10
6.290136199391587e-12
9.234779187024579e-11
3.3102221648435994e-9
5.370024499177272e-12
1.2852165961019468e-12
2.314462184333695e-12
4.76510462131264e-13
1.8606622743127624e-10
9.954003003503822e-11
3.8228009725894655e-11
6.168087481456152e-12
1.3009518921367952e-13
2.745458394915902e-11
1.8490434859520878e-11
2.4107286021894614e-9
1.0944446204027462e-12
3.1630651137954446e-12
5.963979262306796e-13
2.8187980150894382e-14
2.4743445099454377e-10
8.204693439416255e-13
3.740499752926651e-12
3.588889823547397e-12
1.5263659176493773e-10
4.8663569373261014e-11
7.339777158369897e-13
6.614924764256037e-11
7.366550696025021e-10
9.239794028286289e-11
3.682466253202131e-11
7.382808020880205e-12
4.0626584952438036e-10
2.3698263418882034e-12
3.375190465228645e-13
2.0050912457368494e-9
2.6519144732222893e-13
2.0863654567242994e-12
4.441650980748826e-11
6.133822971839937e-10
1.3337046730220856e-13
2.1175935220277006e-15
3.2308872338086025e-13
1.660342239118862e-10
8.256129525066576e-10
1.0276316827398315e-10
2.441922184886872e-16
1.3341602817154763e-9
1.003583318695348e-12
4.375322641976e-12
5.916172501077064e-12
2.888182150656488e-12
2.3749429594874258e-11
1.9272352936706337e-14
8.688931211971822e-14
1.4481122690516271e-11
3.9207975414894685e-10
8.96906960980827e-14
4.743153406017021e-10
4.1531150593416647e-11
5.679537511018821e-11
2.935615128244358e-10
6.908703852539888e-14
5.153282649354279e-12
5.535883803536195e-11
2.7276208990008822e-11
2.5585795000949443e-12
7.271327365996955e-15
2.596985318125905e-15
7.55391993845136e-12
1.7857218040577844e-15
1.2817903951851182e-14
4.590669700259652e-12
2.402041846470631e-13
5.429601985227309e-13
1.4090326893321123e-10
5.7070976225741186e-11
1.4576981358208968e-10
1.183448651569614e-12
9.149051899087186e-11
7.853877610640413e-11
2.9008746682085135e-15
6.7448160801862606e-12
9.306727986355536e-12
6.698082048505431e-13
1.1669711629972853e-12
8.743605464069988e-10
4.77615675306028e-12
2.294943534780147e-13
7.625704300896212e-10
1.0976241451338198e-11
2.105907059339705e-12
8.175940290432942e-12
2.378892699634525e-10
7.629007932876475e-11
5.184825340356433e-11
7.897903247641666e-11
1.570179685067231e-11
9.035017043962724e-15
1.0367260322509632e-10
5.808891898301575e-13
1.8916274932302915e-12
1.2622020563828276e-14
1.5376200629104644e-11
3.801357973465822e-12
9.2870414624849e-12
1.9353113472479146e-11
5.61612947439618e-10
1.8417308630997537e-11
4.3365816217308335e-10
1.4547556893738177e-11
7.975622093139971e-14
7.634623625068909e-11
3.2513655047311186e-15
2.6338748925259385e-12
6.696045527797323e-13
1.0021594154807356e-15
7.957918267501603e-10
3.4607801387322795e-13
1.6088720748220124e-12
1.3740413920647737e-12
7.924178546661038e-11
3.2083952309190868e-12
8.870408808006843e-10
4.092935171143901e-9
3.804694809150681e-11
6.506879176266472e-11
1.0014971623909686e-10
4.343070019273022e-12
9.017340999777546e-10
9.491419893170561e-12
2.161846341639528e-12
1.2364288531690807e-11
1.3690444495405685e-13
1.2023878832296586e-10
2.728229758634253e-12
7.199708935703677e-11
1.313074610453999e-12
1.87655284775317e-14
1.3362037979832825e-13
4.583024652093778e-11
1.2322060859074472e-11
5.872379921270564e-13
1.0281291483844644e-14
4.1749992162927275e-10
8.742236389038542e-12
2.5352467673001976e-8
1.7711983891724195e-10
2.213223378135851e-13
4.879911445282935e-14
1.1055771186062522e-11
6.886318062045326e-10
4.914199590744196e-15
3.1675202359298035e-12
1.6736944911107236e-15
7.878403929139608e-11
2.664023299445369e-12
2.108390995001415e-11
7.967346570726518e-11
2.241390411540254e-10
8.27168183632453e-11
1.1415143454962273e-11
1.1200312425364038e-12
4.1573205364283705e-11
3.455683373687934e-11
1.4086676387857524e-11
2.0015255056613406e-10
1.6557645670391164e-11
1.8584300152295864e-11
2.8269456415433768e-11
2.4582238589361097e-11
1.1386768042167728e-9
2.248932890008017e-11
1.9188885365754785e-16
4.950484908772772e-11
6.035218905303078e-10
5.810952502891092e-13
3.763409889729661e-11
4.807771740731491e-10
7.932249464732771e-11
1.1023770570589368e-10
8.508535821012228e-15
3.765933959771662e-11
6.053763290415033e-13
1.5685503488509235e-11
3.362005751107607e-10
2.4238113150879115e-11
1.6616425665870306e-12
2.9830137415805413e-10
3.231264168557047e-10
3.4622036493244805e-11
1.396267420407027e-10
7.981092551861743e-12
2.2410734641593302e-12
1.2031749929863742e-11
3.3289306605030494e-13
1.0825763011440858e-10
5.986812447251995e-12
2.65385601496434e-12
6.940625073175261e-11
2.415853736560905e-16
1.456923322909243e-10
7.611261285380016e-11
7.089330609300489e-11
1.0174144458678206e-15
2.451767728948189e-10
1.3318262556426555e-9
7.798244942630524e-17
1.2908877232126377e-10
1.29029336546764e-14
2.5955475903405122e-14
9.275131300664534e-12
1.6578384464219327e-10
1.4287639383018006e-13
9.108722373986717e-11
2.173679124980052e-9
2.6067349956645203e-13
9.974536863316131e-15
5.054542993533552e-11
1.834539496790437e-11
1.8150807473692648e-13
1.4463046766985323e-12
9.375607166918117e-11
6.606923107135964e-12
3.405567936538043e-10
9.711406390090887e-15
3.4954822740376946e-12
1.3872429809804418e-9
1.0364292132073303e-14
4.4002917988151953e-14
1.136862118795531e-10
7.936513548593247e-15
9.025995524593085e-11
7.353407444476786e-11
6.1386386145883e-13
6.780635533808595e-13
3.609388506174267e-11
6.150576032962993e-11
1.015659775168981e-9
5.502436618022218e-13
1.195874999987078e-10
4.675781291992206e-13
1.667677553608476e-10
1.344699397901255e-13
4.2334577143486266e-10
1.967196210894066e-14
7.250764785195829e-13
2.2068479335364645e-11
1.8756157305777592e-12
2.819783095199586e-12
5.07611782903246e-10
6.52846609816492e-14
5.333525256864377e-15
1.0024554376264733e-9
1.716779003939615e-12
8.716574005906957e-11
3.715064136753805e-15
1.9149166529968614e-12
2.417262235522694e-12
3.3101312994417293e-13
6.966422737536933e-13
1.545462524857919e-12
8.313219285925543e-12
9.942884470469356e-15
1.5216340790859167e-11
4.916132013979631e-16
2.0225634620935862e-11
1.231528611906681e-13
9.567939251906596e-11
8.767816122121243e-11
1.512240663721129e-9
7.989741710636065e-14
2.1371234073002955e-12
3.808650959691618e-12
6.06438395698933e-11
2.3324458997860244e-14
7.785171338765924e-11
1.8735439730757388e-10
2.7124926154327755e-11
1.3704089284262478e-15
2.3825130374056073e-14
1.3562477823505194e-14
4.932600379207657e-15
5.080522439464148e-11
2.15228728414557e-10
7.481289163719693e-10
1.628586645277478e-13
2.9370878252288275e-13
8.997626832044948e-16
5.193621813700505e-10
4.3247068120403e-10
1.0804170417830958e-11
2.1959837098466605e-10
1.420233812091771e-14
1.5425217963423886e-13
2.3159426866015866e-10
5.308454085114077e-13
1.2531143745967482e-14
2.091847035546369e-13
1.0923027416826102e-12
2.4666055319534922e-11
1.399663277657871e-14
3.2684580299463496e-10
9.209801403133267e-13
2.1797046575571485e-13
2.4553513386856443e-11
1.1326837767218206e-12
2.1880497839718872e-15
1.8975789762980997e-13
1.0210169548746179e-14
1.6245648252903721e-9
1.916992683666174e-11
1.1024321865826535e-11
8.183197063484533e-13
4.764016526105568e-12
1.1554677664649972e-12
3.3492288414265678e-15
6.941576597787973e-12
1.2839120772110808e-14
3.057630261706156e-14
2.1172083557478017e-10
4.1395283555225394e-14
6.349393352947316e-11
4.2458252981967524e-10
3.309457526572777e-11
1.9696165929758308e-11
4.5641986916629584e-11
9.93897618335281e-12
4.605301937931236e-10
1.3006223793724354e-11
1.2743538408025852e-9
1.618208027903871e-10
6.099677431791409e-15
2.602591793979042e-10
3.929581370062998e-10
9.681457711804895e-15
1.4030860411016283e-9
3.9795734182560196e-10
1.0021964418150954e-12
3.979799762805548e-11
5.884931385609003e-12
3.5436618000220794e-14
3.776518845269184e-10
7.947523909629814e-13
6.593161686306108e-11
6.878056552674485e-14
4.1550040388485797e-10
3.563534503020717e-11
3.9189538423164225e-11
7.46736763273319e-12
1.125825555526387e-10
6.471737893889188e-14
1.5306746203207438e-10
8.129916312525011e-10
3.7455825762968865e-15
1.1541556332074033e-10
2.942739888341935e-12
5.4760039185966886e-12
2.1931725503860778e-11
2.634248133355812e-10
7.369585723701922e-11
9.782041867386505e-13
5.504636030662921e-13
1.35107917660532e-13
3.296818139748308e-10
1.0764290293635536e-10
5.2127848932332203e-11
6.132794534090538e-13
1.062762492224657e-13
4.83207910723844e-12
1.914119720686238e-15
1.0807531446576402e-10
1.6964350277116377e-13
7.868455012991355e-11
9.24260318034556e-13
2.849693206445725e-12
3.8656308356541125e-13
2.257243931283775e-11
1.0462791752785425e-11
1.7282160191967592e-11
3.291884317362146e-14
2.297853882115509e-10
2.6901650497478245e-11
1.0233670089496091e-14
1.1353811099810557e-12
2.391815689501612e-14
1.4985427381170322e-10
4.1248233370080445e-12
3.4608438563195893e-15
1.0482859411392698e-8
1.6995927965410366e-14
2.2040997452315853e-13
2.861006502505782e-13
1.5978871996813135e-9
6.977628166243469e-12
3.7176953812873697e-11
3.613899302227028e-11
2.9101215567906506e-13
5.384331196871299e-12
4.765529838856962e-10
2.3846327931645937e-11
6.851003389520164e-12
8.068652698829206e-11
5.650969999023631e-13
1.9832499381953827e-13
1.5889940501410366e-10
1.9851493771379713e-9
2.418271408928364e-10
3.081224192654556e-14
8.742852653854659e-14
2.797126974755451e-10
1.3629193571519875e-9
4.110512438972342e-10
5.229260785028509e-11
2.166944897876234e-10
4.175370467225746e-11
4.600871780202032e-11
9.913706525202759e-14
1.8323294711475455e-12
4.6030356927356334e-11
1.3632602841090135e-15
4.182896230687805e-13
2.98015701738276e-15
8.129735610060348e-11
2.4130935315786952e-12
4.891070025210375e-16
1.1550405738789752e-10
6.584770617771586e-10
2.8388706105587384e-14
4.0836137966025475e-15
2.3110331773582734e-13
5.588548598584352e-13
1.712824034989067e-10
7.7811764818501e-13
5.452439379970749e-11
1.6366444282714732e-10
6.25838983430386e-13
2.1860301200404035e-9
8.142216869501908e-12
6.83620830880309e-10
4.475750945415743e-10
4.029051623428549e-13
6.081993859487052e-15
1.0936872012862594e-11
3.0365926783133346e-12
3.9694001724077364e-10
8.7232695752871e-13
8.601766830209247e-14
4.573999318285297e-11
9.548881208151089e-11
1.8773758408356366e-14
1.5294590273491378e-10
7.43047524246612e-13
2.462877368652742e-15
9.105815259351043e-16
3.103252566445929e-11
8.295956437622142e-15
3.85653666946422e-13
1.1955206494200579e-10
2.7694988573659667e-13
6.100201631333742e-13
1.697129149297648e-10
1.0699727507021471e-10
1.3835156965055396e-10
1.62023829862865e-11
4.395847642600504e-11
4.3202014300060255e-11
8.199312218677557e-10
1.1696963652074343e-12
3.045579604391159e-11
1.9897880117086183e-11
4.2141552987573386e-9
1.0224952814192593e-17
3.0688394650270355e-13
3.0287353362756817e-11
3.694798032587304e-12
1.858680342968318e-12
4.2997784528627725e-10
2.285451433615476e-13
2.572579896587406e-12
1.928005339772756e-11
3.045286485562437e-11
6.511292806551246e-11
1.0215058190625627e-9
1.0108454631756404e-16
1.9472021085909197e-11
5.89836716520476e-15
5.964698701584699e-11
1.520267179561617e-15
1.81400670449688e-13
1.2639639404984861e-15
4.9492635449964544e-11
4.083744386968486e-13
4.748640238064586e-15
6.123730887973346e-12
4.4420859899831955e-11
2.5226864428359533e-13
3.012068449982136e-14
4.37197844438861e-11
1.26292546659718e-10
2.3619108245873977e-15
8.228275012157571e-11
1.1293348245056488e-10
1.3143062379936126e-13
1.392214290810012e-13
1.494248172700466e-11
3.091279139356493e-11
9.37754790314232e-11
5.828259165623698e-13
4.451132982560058e-12
1.1786903208171887e-12
9.969651377491137e-10
5.847513340258931e-11
3.9989755426712076e-11
3.5040111965904335e-11
6.351926462713465e-15
3.454071358981385e-11
7.997827928732915e-11
1.8829982852703097e-9
6.570427521533662e-13
1.4560241831434343e-10
2.554325742881383e-15
4.1002584135306416e-10
2.2027875084918182e-11
1.0353106730816977e-11
4.353510294906598e-12
1.6191941780345887e-10
3.9929148435773365e-12
9.862127506572588e-10
1.109343691458107e-9
1.1900172599736643e-11
3.0086466540619147e-10
7.951239847286049e-17
6.154950192131159e-10
1.7725795441700345e-11
1.9104277063683402e-11
5.604739506710099e-10
4.2849592255570545e-10
1.1094344244930943e-14
2.3112801437889336e-9
3.149120748608306e-11
2.370508358327011e-10
2.739021241418888e-9
5.932409253352926e-14
3.160733366805213e-11
1.1888787897292045e-14
2.355706628846455e-11
2.8687319739364385e-10
1.3077681953774073e-11
5.704935188452528e-11
1.5727084502243614e-10
1.423048744033256e-13
2.7279482265390334e-10
7.989536794329985e-14
6.120703959665225e-10
3.7562428874872296e-13
1.896071411889343e-14
1.6107126445496502e-12
1.3063970666011202e-10
1.7908790077981575e-16
9.50316029051654e-11
2.072228148020187e-9
9.749479804871831e-11
3.7855924605890237e-10
9.529495885075165e-10
3.444688534335531e-13
1.2448727254076998e-13
5.942017992365763e-10
7.762913986071177e-10
4.689212579368266e-13
4.95550586681195e-13
1.0276381660298194e-10
1.95210222167289e-10
3.4685825367634346e-14
2.936100945749712e-10
8.281721549348159e-10
1.8512284046821442e-12
2.744191700916969e-12
1.9860878556339737e-9
6.137402007604867e-13
6.52498981559044e-11
2.8020768528502883e-13
1.4733477784712236e-15
4.881401847267485e-12
3.6124563971061374e-10
3.321203539466693e-10
5.178379481188137e-14
5.878564835473973e-13
7.774443071574746e-14
2.5721402772669176e-13
1.1399439716961121e-9
3.33967144263062e-10
2.400673362731883e-11
6.008790431075705e-11
6.9703601662522756e-15
3.3879707192942343e-9
8.558893869318063e-16
1.890542581168232e-12
3.645518784513878e-14
2.163305791544092e-14
5.932365602014984e-17
1.3763487387716931e-11
1.528167536202666e-15
8.424408431220363e-11
9.034438393618487e-10
4.4936251840987475e-11
1.8374349299789369e-10
7.531458456174763e-11
2.3244101960061477e-15
1.847091762177742e-14
5.2600621118841977e-11
3.835862876459957e-15
2.9514285716847866e-15
2.8297055705035047e-10
7.03403215972175e-14
2.657002570215995e-13
6.258001355408541e-11
1.4685062547340086e-12
5.221236469391211e-10
9.636737705897884e-16
2.313547891117718e-12
1.1740196503857563e-13
1.2011525871553232e-8
5.377413007050821e-11
3.04034029473144e-10
7.718081825336705e-13
2.9252580936343067e-10
2.2246846590514905e-13
4.0094716790663185e-10
5.090841473194326e-10
2.6511591955782582e-14
4.360911524928982e-10
8.77159622843783e-9
5.398162268389655e-13
6.074992534849764e-10
1.935952551415981e-10
2.8847540502851743e-15
7.03291887398021e-13
4.882092614583408e-9
5.982692160681335e-13
7.313613151763835e-12
1.7102666332438872e-10
6.4263098097422705e-12
5.073641714988448e-16
6.632089461100697e-12
5.403718396584497e-11
3.2546605071476524e-12
9.624514286252572e-15
2.7914521268471597e-11
3.0183087298923296e-11
2.8296089584936796e-14
5.396334149723362e-12
7.787285957765493e-13
2.0375855431308516e-14
6.7227396074461525e-12
2.0377152793307877e-13
2.9082730608845355e-12
6.508621659282782e-13
7.681057185982094e-12
