1.187562777532089e-12
9.154348833205226e-10
6.861119186428262e-17
8.059501165299289e-15
1.293215708977549e-16
4.04614676997967e-12
6.994005514202339e-15
1.4863667522356178e-13
2.3302958225480892e-14
2.947364500913602e-12
1.918191209686407e-13
4.852740645234164e-13
1.797169241926629e-14
4.4278836670918636e-14
8.835371797102507e-18
2.0788571797133975e-15
6.027309032083196e-15
1.7825137872430395e-13
3.923303887775006e-14
1.5783298547144158e-10
4.823773453971111e-14
1.7631220069917166e-10
8.415031050966599e-14
2.6271429460691196e-14
1.1820279590602434e-16
4.8629665033931085e-14
2.0539102343286793e-14
4.630681988605279e-13
4.872040992969585e-15
5.5809794485870454e-14
6.240465657312242e-14
1.2976347520523008e-14
9.935603988875718e-13
2.1160290550426521e-13
8.409906197082878e-14
5.384701693650426e-11
3.444230697447498e-15
6.339252398456888e-13
2.3933924803327393e-12
1.1529694389074774e-14
6.266193617938268e-13
5.1461033048667006e-14
6.817357494527494e-16
9.442860943085261e-15
1.1486635685980903e-13
3.634800183753602e-13
8.756765044371858e-11
3.951371694548051e-15
6.025091605816846e-14
1.0031806418916612e-13
2.5806199253725156e-14
1.2580758495156654e-13
6.25309580956342e-14
1.6972584322483202e-13
4.939279733861254e-13
1.9615473155722803e-14
3.139953304302854e-14
1.041673613814193e-15
8.42004353762288e-12
2.6941904540911083e-13
3.769373318901568e-12
1.8467996428435908e-15
1.8862048689055702e-14
1.3331679147771357e-14
8.888760042184517e-16
1.440347891687097e-11
2.8365364293339497e-11
1.7559288025917784e-14
1.6626474727373393e-14
1.878870653459228e-13
5.951763765013962e-16
2.428377335955645e-13
1.9560680389194866e-14
5.584442365302724e-11
1.326117264825692e-13
4.5798256278933e-15
3.799597824623704e-14
3.14284184303884e-12
1.0677831574539488e-13
3.658782919297485e-16
1.2437359958013074e-10
1.1033315204260713e-15
7.198016995952773e-17
4.267966283422124e-11
7.245359186338385e-14
3.8433569172157744e-13
8.597639033535121e-15
2.912931985925091e-15
1.2289203508042419e-16
2.689467279959888e-16
1.0607892886568014e-14
4.520758140066482e-15
1.7558922833449328e-13
3.917588206946055e-14
1.0165181959755438e-11
2.3862288301015924e-14
5.457689353617849e-15
6.616103227344265e-17
2.7111333452082966e-13
5.448117253130282e-17
2.1363909569352663e-13
1.2355274703169748e-14
9.948747620064478e-15
5.167364444972257e-15
3.2945429366558592e-15
5.527725226533619e-12
1.188279082220196e-12
2.907928013619664e-12
7.257282727431902e-15
2.083527187459853e-11
3.148350898972881e-13
7.195422626783714e-13
3.794528849267919e-15
6.472188567612639e-11
2.0033573781204113e-13
1.0554147049346745e-12
9.744520440545226e-12
1.2811970155608624e-12
4.0313189944957957e-13
9.186616215586833e-13
1.1524186237484533e-16
3.7028250482286274e-15
2.1627913666213197e-16
1.1176220669787062e-12
1.0453306324543453e-13
9.511044385720368e-13
1.0755180634549946e-14
8.747581612372863e-12
1.0982010344067068e-15
1.0723034427277311e-13
6.0469474167393096e-15
1.1385447580602177e-13
1.9899868231195994e-16
3.75950446955918e-18
8.831363109495206e-15
8.185716060432125e-15
1.7588342671637632e-14
1.3676381423176022e-15
1.187125150956224e-15
1.3908136247902833e-15
3.381778549273726e-16
1.603285301039709e-13
2.118631509664285e-16
1.6961249004568344e-14
4.854721772743822e-15
5.1364300844664765e-12
3.644119751181085e-13
5.229967285596709e-13
7.947500435060341e-13
1.7942097226959136e-12
1.6099656227170728e-14
2.7628601902405916e-14
1.0434025768192007e-14
1.7154199298010228e-12
2.728158431707778e-13
2.7302324471520912e-18
3.0802755102339057e-18
1.910626227567712e-13
8.377129590654514e-17
9.82289427129942e-14
6.336254227575792e-13
3.2992175823533397e-15
1.410381762685698e-11
1.1513405754684068e-11
3.1928107025116314e-18
2.87564257882496e-14
3.983932834722277e-14
2.5782464906878132e-15
3.139711791267585e-16
6.218052924959099e-12
4.701968779943869e-13
3.227574838029864e-13
6.575344013491746e-14
1.0429417446814544e-14
5.459574386898069e-15
1.7319349114751102e-12
7.469810041833898e-14
1.3918909123736845e-11
3.957554920969201e-14
1.3423598559310502e-12
1.2167290167516048e-13
6.206753442028e-13
2.313568065824758e-13
3.621260438549728e-11
1.7243710588906038e-11
2.3030227943753782e-11
8.13119839514343e-15
1.2993333914100117e-13
8.520769161323122e-15
1.450736280850955e-14
8.57231785940841e-11
2.806868855296227e-15
1.877845656783456e-15
1.0152711153651028e-13
4.17246184235483e-11
4.791803564121323e-16
6.990527812703101e-12
2.2126106249367002e-13
3.93227286260171e-17
6.696703460312807e-12
3.55505096607787e-16
3.4655704977554848e-15
8.127797669535482e-15
9.330610786714565e-12
3.1047798936744097e-12
3.8142709168775735e-15
7.022333458861882e-16
7.963407120703018e-16
4.8634642148106674e-15
7.566543532875349e-13
2.746585706759819e-17
9.406626616872452e-14
3.718644835173115e-16
7.367488755513032e-12
8.639137878188905e-15
4.17586312099959e-16
3.8976645776439236e-14
1.482063277312491e-15
1.1032756442088165e-16
3.4665376513835995e-17
7.2299561684400565e-12
1.4505943236212956e-16
8.878011163627293e-14
1.8341758422783984e-11
3.632667318326816e-14
1.9420827624929895e-13
1.7233145828698736e-13
9.272272366170787e-13
3.938235879599667e-15
5.911384729650516e-11
4.225031990392032e-12
2.568098461440923e-13
4.7241618444747286e-17
1.1170978481479947e-18
4.1386298302435056e-12
3.2067444959108486e-16
9.336627139246473e-15
1.4384170310181883e-16
7.173278693739945e-15
3.525833283413174e-12
1.2704809205932537e-16
2.031946468518904e-14
4.792389201874398e-15
1.7982459288663512e-11
8.170466487236491e-16
1.4999793813018704e-15
1.5693506015750194e-16
2.7662130512896356e-15
7.135048687700303e-14
6.394414022255391e-14
4.378931291825644e-17
2.7622546490379396e-17
2.2647070486977245e-14
3.473877834849307e-11
1.899209008041835e-13
6.049019097349215e-12
1.0055456549248515e-15
3.834211866042673e-16
1.0367558892017646e-11
1.4751803080072907e-10
1.711637289356642e-11
5.3101782459582155e-12
1.4779742534784737e-14
1.885236391007663e-12
3.7294226660468953e-13
5.217768525692805e-13
6.267864866777732e-9
1.577934313536839e-9
6.839118218141962e-13
9.782935250793503e-17
3.2345464323353726e-16
3.5579020730544474e-12
9.772609723570589e-14
2.375614531026463e-11
8.261703348188881e-13
3.2055180617795195e-14
7.461787862610374e-15
6.869672973920594e-15
1.7479345783970236e-12
9.789959450981015e-14
4.4015969543769184e-13
1.8960653637492723e-17
3.0220258865702917e-17
2.2292680868211315e-15
5.963194861011177e-15
6.510986633657397e-14
4.912095087609363e-16
1.1771530049330298e-16
2.957493724392859e-14
2.0681194655458687e-11
1.2313087975345032e-12
7.60530457499307e-12
1.3833249338648989e-11
3.3570581893040502e-12
3.2217698769018008e-12
1.1880742262550391e-14
6.824500749344076e-15
1.587412655592411e-12
5.824025858008165e-13
3.672913957921386e-15
1.3906251502081144e-13
1.5150060484073378e-12
7.213210252837926e-12
4.821889860204051e-12
1.285061159600659e-14
2.8194866493950062e-15
3.620635110692558e-15
9.232024092297883e-15
9.50676132758256e-17
5.57827117559506e-15
5.048033631097681e-15
6.291661291758098e-15
1.2744602683140715e-12
6.137470738517758e-14
5.803516066665073e-13
3.266557427157006e-11
5.0352641599927676e-14
3.249131217097264e-16
6.074491755802931e-15
3.792137768741272e-12
2.517899300513698e-16
3.2185924825363356e-14
2.0218960009234926e-15
1.1951982619867148e-11
2.5323316451107663e-13
1.2514404340110293e-11
1.1647788711398608e-10
1.4481442217780646e-13
1.1234419751735525e-12
4.194214805123873e-12
1.2926289824555966e-10
5.8092392646385485e-11
9.603422387038413e-14
1.8280847615947577e-17
4.8743724159793924e-12
9.83199272330546e-13
2.3580817536733753e-14
1.8700867240544267e-10
1.8488848694078815e-11
2.8205959514597808e-11
6.057273285342554e-16
2.269689005908554e-12
1.3184013930148656e-12
4.061791950333352e-13
9.02694669304709e-12
2.2760326108330782e-14
1.4442983763229764e-16
1.4587166546859702e-15
2.606742130534828e-13
1.247932574765335e-13
2.013319300495101e-14
6.649896632706456e-12
1.2516087951692648e-11
6.481725304515673e-17
2.1235438843850658e-14
1.0741833570032596e-14
1.9405179285611964e-13
1.6873934023224985e-13
1.1010327347952116e-13
6.515195275833812e-13
1.5782811227077605e-14
2.0128726415733588e-16
5.851985165952507e-15
1.6222672027561792e-12
1.5276962412515458e-15
7.049724865612868e-16
9.062104857924625e-15
4.098276226748313e-13
3.63666216037833e-17
6.761199187569857e-14
1.363068180619871e-12
3.1494548069111227e-13
3.4527822373355044e-13
4.912294504608549e-9
2.3554154111420856e-15
1.4094108304844304e-12
1.30487175185778e-16
1.977951512804845e-12
4.357767053492265e-12
3.6237321302084837e-13
6.730590145339289e-13
2.226819234963386e-13
3.107997720908595e-16
