2.9055634135698187e-19
4.151303885822691e-15
4.000340054660986e-11
8.560139009272755e-20
1.301608889915413e-16
1.0516025671795957e-16
5.887266672080033e-14
5.2483801960675144e-21
2.0236005844832541e-13
6.530312800000367e-21
2.939052393926925e-20
4.165787900026441e-21
9.782387187818677e-20
2.7047824879940347e-17
1.5037794420059153e-11
2.2795344741750236e-15
1.4083392146330607e-19
5.409730830500477e-19
1.413567323178164e-17
7.089060542176879e-20
5.4419736338950806e-17
1.0864658522828147e-20
3.541203173003185e-21
2.888388694734875e-15
2.45502413047221e-19
4.427705923958874e-20
3.2602234561384665e-23
1.0109337397808606e-11
2.3330173586064824e-18
2.863758968919437e-19
1.5614757270258588e-21
2.085649031480663e-19
2.3143087604347705e-18
4.596566389660425e-20
4.650680155746379e-17
8.647495782787042e-22
5.942184006909851e-22
1.976457210990814e-20
2.1462203892170755e-18
3.873662071755506e-21
1.5457929801853276e-20
4.6460009329220167e-20
1.3720775504335378e-17
7.035229801600157e-20
6.750554534574874e-17
2.0308351316485155e-20
5.630911890108176e-21
1.7863380220454288e-22
8.735086800556232e-16
9.608263209083117e-13
1.1785267478149837e-16
6.822880137239163e-21
8.004525315884203e-18
7.936392955923083e-20
1.2051903742977325e-21
3.487469429561208e-18
2.311324261475535e-20
1.8913528359916657e-21
2.6525471597634787e-19
7.860961959353527e-19
3.521913366738594e-18
8.636425492912333e-19
4.2837661741966107e-20
1.989093376419177e-17
5.15708806194389e-21
4.424216061817332e-18
4.2491947056796067e-17
6.7235778063537e-18
1.021599875861566e-21
3.1224532607138263e-15
4.760627163799491e-20
5.3060762133120494e-17
3.496753549686106e-19
4.4029914863976914e-21
2.1043918962308712e-20
4.78486707194799e-18
4.37154916659967e-19
7.4140310593114e-15
8.975650306100985e-10
8.706943797787429e-21
7.067281083412088e-16
2.1731128747877536e-15
7.716168302438159e-22
3.90935245734648e-19
2.4563952101037737e-20
3.721011040546937e-15
5.768081349343175e-21
1.0129908724127343e-21
7.695291409517529e-19
2.0181904763001487e-17
1.8402290003646372e-13
1.5992286715622434e-18
2.6632084341398093e-20
4.055779655762583e-21
8.999037885809525e-17
1.610158889925822e-17
1.283926737532515e-21
6.158040111605879e-23
2.9392663167195816e-19
9.384623055348016e-16
1.4326223502813596e-18
3.115710574401738e-15
6.938012458736361e-22
2.6862912101206676e-12
3.265658283196353e-17
5.859341958505678e-22
2.2521655369598706e-17
4.7662789608334265e-21
2.462906227703593e-20
3.323358209617124e-20
4.7147821396341763e-20
7.3619763030837275e-22
1.8833867984592985e-13
1.1300442889605495e-18
6.57308688195663e-23
1.4715344875816222e-20
2.1395417191553183e-15
1.8911061758939526e-19
7.842323586710095e-18
7.267373671391845e-15
1.2102878890443129e-19
9.79306342537254e-20
1.0691771369584406e-19
8.442726065136678e-18
7.275206461539717e-21
1.942252088589148e-21
5.636477300247172e-18
1.586835765874467e-17
8.897448048118419e-21
2.6915357433744145e-17
2.0098402905631228e-19
3.560740740484632e-18
2.1936777866229365e-17
9.57594463229e-22
2.8786572843750885e-19
1.5647096590766304e-22
1.7151128441799332e-15
1.6461649120321251e-21
3.386766046143112e-18
1.207973648162692e-14
8.15970817091034e-22
3.6484330329847004e-16
1.0047600898075398e-15
5.228513588958521e-16
5.926534822303398e-19
9.524745707320197e-14
4.5839089232715045e-20
1.1374724378548612e-16
1.9161600533610616e-17
7.095395790743272e-20
2.728422422785301e-16
3.07065102775822e-16
1.3726661635495e-20
2.061644367327807e-20
1.780849936338374e-18
4.192497583231444e-21
8.743940947949936e-17
1.861168140690634e-17
2.022385373317165e-22
7.885964093170724e-17
7.02812996097178e-16
9.938421611102881e-17
1.3095026895193377e-20
7.701901294370055e-17
9.657460347829319e-17
5.897897594714865e-16
1.4824792511482876e-14
3.5771879297791284e-20
2.2951988956959367e-17
3.000464325403995e-19
1.3619253640220423e-22
9.162212811358564e-18
1.3293507997356182e-18
6.380880401751596e-20
3.912936530152609e-21
2.4658774703165007e-16
7.845651451596435e-19
2.7908449471930817e-14
7.264056320448485e-18
6.38695710558313e-19
9.035579751506702e-13
1.7055553627905943e-19
1.1765293942487065e-19
2.0795749102403323e-15
1.0183753331361961e-17
2.766742394514664e-21
1.4010239909853769e-18
6.103463848508695e-21
1.3082622399917646e-18
1.795489584642221e-20
1.4040742741583772e-18
7.67464364904167e-18
1.9062904124791867e-18
3.0203338938980607e-15
2.337164933438459e-20
1.1480721787518775e-17
3.1635389896084324e-20
1.218889286007539e-20
4.2960431535323506e-20
2.10772935018089e-20
2.5708905084785096e-16
2.720575009189984e-16
1.3532984227280165e-18
5.849438316421931e-13
9.718835278337814e-23
5.2115327197902684e-17
8.464964802721902e-22
1.652241116907747e-17
1.7828915892633782e-20
5.3891443031561416e-20
2.311412147853697e-17
2.019584032409809e-20
4.9465930544269745e-14
1.0952588143151459e-15
6.251984836400141e-19
6.5443981797280496e-18
2.9633575738747133e-19
1.3552198003714493e-19
3.331217418358967e-17
2.309039589641851e-19
3.409063000971896e-15
2.4115825108900193e-15
3.557274168787253e-17
5.2505943195969936e-23
1.6181747197159184e-21
1.104970787259842e-14
7.609742560783946e-13
7.253830188387661e-17
1.8908124466248353e-21
6.840841567286801e-16
1.5194613892428958e-17
5.0379343737861e-15
1.9982930996580276e-17
6.317868446414656e-20
1.8253590744977468e-19
8.148516125881786e-16
8.797757481533207e-15
1.5203593568889048e-19
2.4470260876082686e-11
7.911971950052214e-17
4.709198720982836e-19
4.403532848861955e-19
7.770203600642047e-19
5.972352836009359e-20
1.1113273049274818e-17
4.711876369628224e-21
5.295216186918069e-19
2.7850452143705935e-18
6.130261058337792e-20
2.340294924739638e-16
2.379524296215824e-15
2.6002235118727925e-19
1.3222138947853524e-22
1.4610061682538095e-18
6.104444668688997e-19
3.1159083523430754e-20
3.451130812687782e-21
9.510141668433926e-17
3.938596451977573e-16
2.0634970905849989e-19
1.2649026892747855e-16
6.099756055786466e-20
2.1390073938914003e-19
1.2262691950686382e-15
1.1868959903107212e-17
1.507981528954241e-17
3.019344833484024e-19
1.0074416824666336e-18
3.668616488204773e-14
1.5655559108951231e-15
1.4484096689113425e-17
2.6861130540587074e-22
4.098316723065444e-17
2.4800412257190665e-19
3.514208295530103e-19
1.0248144390072112e-19
3.3349814681470134e-19
4.645864594366487e-17
8.003727435056888e-19
2.5694192920547255e-18
3.370915809095497e-17
3.748812174624958e-15
3.93547934606236e-20
1.8937487228453851e-16
5.902798772847125e-17
1.0784614344848185e-20
1.0072249772829544e-18
2.521543833190627e-17
2.1094086136760296e-10
2.92128226935477e-20
7.064827072475143e-19
2.5241877765997398e-19
2.4767720219769937e-19
1.1915591092903376e-19
6.596795084005835e-19
1.8433716443629514e-14
1.79979992774385e-19
1.47824784307065e-12
1.0188982868762404e-19
3.906864234008505e-18
4.494093304609221e-17
2.3889053957632592e-18
6.592211415904013e-13
4.183489397500711e-18
4.407672419716205e-17
8.357715724524269e-12
1.070650064490414e-19
4.575963062313308e-18
3.6191758757049653e-19
1.3850858508010356e-16
1.7976296040120196e-20
8.87124817624928e-18
5.750283690665118e-15
1.270997968062538e-18
2.6239896591827065e-19
3.914128000950692e-19
1.9055726712728973e-20
5.702784201014607e-21
3.785437362479732e-20
1.9677937887366935e-19
5.140318072699759e-16
5.651263365061797e-19
6.910611874763689e-21
6.532678942111784e-18
9.975144704135847e-20
1.3612593463894282e-18
2.600810995858367e-21
2.2577178813158573e-19
4.996299042137258e-19
1.0293998077137342e-19
4.205706786072121e-17
1.8641596288204617e-19
3.624340819103094e-17
9.17577888977419e-19
6.733886389567699e-19
5.1739137036903595e-14
2.4851510396693915e-15
2.289453477963177e-17
6.574150737597587e-20
8.648631264398357e-20
5.895169922838206e-18
3.4074121705304893e-18
2.3540548391556365e-20
7.993200925407013e-18
7.313728888695902e-20
2.8127630671954646e-16
2.192937782298744e-16
6.0710804028882615e-18
5.99999330836165e-14
7.468226382792382e-19
1.142989446445559e-16
2.1079973298525543e-21
5.881022484294875e-17
9.630800735078088e-17
1.3730316418081378e-17
6.46622207142589e-18
4.580938384898961e-16
1.885304963523414e-17
2.5921152852185955e-18
1.412638511001455e-18
5.114662570449717e-14
2.378676020144418e-15
6.818074689083573e-20
4.0669343601947936e-18
1.5317452118451103e-19
2.4615989703975585e-20
1.798756677855323e-14
1.5019166892319025e-16
8.445052318380717e-19
2.5803876892070787e-20
1.0989031018797522e-15
2.415702105627895e-14
8.88907974935342e-16
3.3920663523056017e-19
3.487135785758673e-22
5.648180207146444e-17
3.846994956869814e-20
1.2952039147577172e-21
5.178441753019112e-15
1.7739019905265821e-15
4.703424497632957e-21
4.059316439245346e-16
6.029722585205352e-17
1.2003667637340875e-18
2.1516804525395753e-16
2.758599219285344e-19
1.5354866667602573e-16
2.172717266759495e-19
2.8556259231071784e-21
9.314553490536023e-18
6.025982238937776e-17
3.578179073382346e-18
1.6614291720417381e-21
4.752361455471956e-18
2.1150338817873262e-18
6.158086001188327e-22
9.168994096322117e-21
4.3989180746438055e-23
7.209575607593122e-12
7.135721680433349e-23
5.73233218645791e-16
1.225364278171051e-20
4.366469117523623e-16
2.1123810380502659e-22
4.4319230322345525e-16
5.211355564362856e-17
4.91530224788365e-15
2.054125023201362e-21
2.553270702923269e-21
1.1369188495302913e-15
5.686291581136302e-12
8.951476943297024e-19
9.524774785953358e-20
6.95305956883605e-15
3.605297643211067e-19
1.879247017957898e-16
8.319017566488032e-19
9.812701540389953e-17
3.0696830736848297e-20
1.537624365285721e-17
1.9878621775585706e-17
1.52424983917188e-14
2.856873528581873e-17
3.603983590907014e-15
3.0026499370966794e-17
1.4192331649607773e-18
1.3896917691465142e-16
3.212765572236887e-18
7.235549028517592e-19
2.247138077351983e-21
1.740201410078167e-20
1.2749228253613073e-16
1.0555502358672605e-18
6.690642487544041e-18
4.368049759367718e-17
5.934078211204184e-18
2.438732878572289e-17
3.6287199703320205e-21
4.560980058822607e-17
7.046004400670938e-16
1.8162350826027767e-21
2.3443433830650633e-18
2.1172850223445568e-15
1.7115094640259654e-20
3.475519836178783e-18
8.758945766228007e-17
1.0403985350808611e-16
2.9481019272475257e-17
4.836035430819292e-17
9.359081428647765e-21
3.556868437315701e-19
4.761979787773232e-16
7.964072923953289e-23
4.132711811983762e-16
8.364123442168921e-19
4.190661113182289e-21
1.3752625026459985e-16
8.264540250641376e-19
3.591228529571078e-15
1.2776676123703743e-15
5.873177328669926e-16
4.854669321055776e-19
1.3738206033520978e-19
5.844575546087564e-18
1.020748580705128e-19
3.7633730124042384e-20
2.8642013927768606e-17
1.7542772680262247e-20
1.2536895064291213e-19
1.701015203520317e-18
6.882589739437021e-17
1.3999593509086558e-15
4.737152921614981e-20
2.662625467779986e-18
1.9570287625660853e-17
1.5947958361940758e-15
5.467854660355335e-18
2.1013975078438076e-18
5.402192170706137e-19
1.110280153800179e-19
2.2009248309957372e-20
5.4232699267676945e-22
3.4361043774941965e-18
5.964949739328503e-20
1.1827499330784814e-20
1.1969942245571271e-17
2.42319027227396e-20
2.499989718298091e-17
2.7801330701353183e-14
2.0914586482026555e-16
4.222810712156281e-17
4.518953989951947e-18
2.744370972859937e-18
6.580795046021214e-16
8.557252975421634e-21
7.191283600829897e-18
3.1387571504189657e-21
9.931525489795789e-17
7.799032277809757e-21
8.794092667643121e-21
2.4891525605951044e-20
3.2697616162586026e-21
8.785640779501785e-14
3.106281849757841e-14
4.735209797006875e-19
5.662265156007893e-14
5.214254663228841e-22
2.2487158653096598e-13
3.865236714691907e-21
1.9664470803394396e-17
1.416230873857372e-17
3.504944107121886e-19
5.953128379525616e-21
5.83106809612395e-22
3.7397828536745764e-18
6.773633549450039e-22
6.957596261306437e-17
6.489763493145535e-20
1.948444346721584e-18
6.797414139369902e-20
2.8829456250637305e-17
3.1406754721685834e-20
1.4365047127511397e-16
5.518948072388941e-16
1.9278768830629834e-21
4.3736120194678205e-18
4.064797512304145e-18
1.403461136968071e-17
1.8138480524780386e-19
3.6783439337548413e-19
4.820834266194125e-16
1.33744729306503e-16
1.001036068109478e-19
3.577809193006846e-20
3.275349697627938e-20
2.147741118025561e-17
1.3419440046699377e-19
5.177463791453993e-16
3.777302012545112e-15
4.528927467814545e-17
2.1008155497847425e-16
3.377603065872982e-20
9.191410059320604e-14
1.9684029353511516e-18
9.105998729059444e-21
1.3105441752084168e-12
1.2918601846727752e-15
7.329062867842792e-16
1.1993191741575742e-19
5.026455023361844e-19
2.0171211448584036e-18
4.5877797812182e-22
1.8022944501279222e-22
1.703024662886474e-17
4.583507459860268e-18
2.3992358932014957e-19
2.408215676290122e-20
3.0628227317748816e-22
3.6658618262899166e-18
1.0033988518213388e-17
1.0938750871822727e-19
3.002097680530974e-15
7.246973266130598e-23
8.483301906578299e-13
3.077049770420007e-22
2.947863661735399e-21
6.474577102859397e-16
1.1038909625348242e-16
2.456909186315696e-20
3.3147944929365177e-15
1.2998975438734757e-23
4.9237013396733695e-14
3.5280441291041293e-14
1.0438944717801743e-16
1.073434165055572e-16
2.4917582615465373e-21
1.232552363319438e-18
2.375742262675069e-20
2.0022911818500123e-18
3.2348660888658754e-16
7.078205932225651e-16
2.8028364393193514e-23
4.628836173953619e-20
3.495553066625733e-21
3.480038011274289e-16
7.78593319659784e-21
2.324720410281798e-15
7.093271439170867e-19
1.0346710386006798e-21
3.094283531783316e-19
2.733396289662319e-15
1.130068829632762e-15
8.160268966475202e-24
2.3387748262711964e-16
1.3218091503626963e-17
1.550728173310332e-20
5.876298242639066e-18
3.4031525424214e-20
2.647560058141695e-20
1.5119155359898946e-18
8.167769411450195e-18
1.133891013799583e-19
9.999606776568426e-16
4.920823148479525e-23
4.5164062451609844e-18
2.1228825645257647e-21
3.267681227307291e-16
6.574994951320801e-22
7.936598172454175e-16
2.7903245864591437e-18
3.2579219585259144e-12
1.425276656893843e-21
1.4880209906863839e-21
1.4107595805610148e-21
4.73540353973192e-16
5.245151773039148e-22
4.5161512555694555e-22
4.95313870052758e-18
1.39810609122196e-18
1.460930214559633e-18
5.2911960440296103e-20
7.2860534850242055e-22
6.658877205701968e-20
3.5432596163120026e-19
1.233730656981735e-22
7.351098887949496e-20
5.057026849167472e-22
5.869196742569587e-19
1.9752438108364896e-14
7.674030412530638e-19
6.830380871091673e-16
8.61633140046807e-16
1.8766053267414726e-20
9.333399386483027e-19
3.0488497206232836e-17
9.249385341010183e-16
9.829923702524338e-22
5.288911469346926e-16
3.562729611130262e-20
2.9343336381840785e-16
2.1131215382945948e-16
5.840878669629413e-21
4.664013788700729e-19
9.7863313985679e-16
6.3178375928958494e-18
6.143672034771606e-19
9.323612974288132e-16
1.240308797887548e-22
7.243672146118002e-18
5.870504254643914e-16
7.07578471561418e-17
4.307751174302693e-18
7.493958044813856e-21
1.5431472050747875e-22
1.7196984029431362e-16
1.8555108828398957e-22
1.3413383890015663e-17
7.809937583163106e-17
6.506334992935434e-23
4.852058453342677e-22
9.566110745430572e-16
1.48101701229817e-17
3.968588213833639e-19
1.3644025514197512e-14
3.3742119748324766e-19
3.979955319234953e-22
9.653213411102547e-19
6.004711746757188e-15
3.845177373205219e-22
9.097260713506089e-18
2.231277185885833e-20
1.4196173852166167e-19
1.1819079100509209e-20
4.316403060166926e-21
8.307924624723996e-20
4.4199058877583946e-17
3.4969028920608052e-19
7.03884864142278e-17
1.4566864875951045e-18
1.1944750990032958e-14
1.3051164530147406e-17
1.2550973748707542e-13
7.170148123729902e-20
4.079060140100397e-19
1.4505697118763635e-20
2.43354009695309e-18
1.0370797617898547e-19
1.4097228125546063e-20
7.357981192570439e-19
5.003711740922909e-19
2.3385735600957928e-23
1.169978931078788e-19
3.2677847158124236e-22
1.0760450327797026e-20
5.2739714764331766e-21
6.5991403249982244e-15
4.055264535280045e-20
2.3062517264933097e-21
2.5412717933248123e-20
2.194886572580296e-21
9.545357533893832e-20
3.912891308111758e-21
5.421197585954459e-21
6.444699007588379e-17
1.2707068025163144e-18
7.904769374489468e-20
2.7029829463944336e-18
2.318158133496018e-22
2.455241991997908e-21
5.7401983141163196e-18
6.484374742370848e-23
1.7510109376360563e-21
1.5568221823344185e-17
4.249752487637003e-20
5.126337137333936e-21
8.190473108652623e-18
1.7039388800924309e-15
7.876845667831914e-24
2.1864726279228332e-18
2.844180136295937e-19
3.548840092796054e-15
3.1828610163080986e-22
1.0680121685201123e-19
2.949723283066894e-18
1.4432045274800231e-15
4.574442488231011e-20
2.57634237504554e-22
8.150534551499876e-21
4.09406893790093e-18
6.652074459296868e-21
6.0901858605156164e-21
2.710287219149741e-19
5.947986582618734e-22
7.370845055344669e-23
1.7066722736966698e-15
4.000190846986203e-21
6.877332865296126e-22
9.427137897081932e-17
8.895512674633532e-21
3.2953028766064633e-19
7.920470645583357e-17
1.8751220111886203e-22
2.3446216352403696e-23
4.570822310119731e-21
1.2518283826764134e-16
8.537824530263263e-22
8.026164973174448e-15
2.0516685706497957e-21
8.713766538598744e-20
8.935670971976385e-18
2.5468940166408178e-20
2.4519975129671227e-17
4.944538330586192e-20
1.1712653485802735e-16
1.1103754774843742e-21
2.050000760945069e-20
2.9418088585020633e-22
5.049063561793322e-15
1.3625260427058478e-19
3.559310316877852e-21
2.3404171709068218e-12
1.0918743178272443e-17
7.310577133439503e-23
3.663858665758712e-18
5.535250742404198e-16
7.288102756774615e-18
2.2160462663370554e-22
3.830934034742907e-19
2.802021683597224e-22
2.8148954358136646e-17
6.014207428729962e-21
1.0494818643573264e-19
5.5626470869706916e-21
1.3550915745997153e-16
2.9881219498826976e-13
3.143879709050617e-21
8.87723565167143e-23
1.990482903197915e-18
9.155688870453696e-17
4.287242777951327e-19
3.104827823922543e-17
2.3508599768357243e-17
8.509050318684573e-17
2.89736322609732e-19
8.276420110247327e-19
5.417127095649005e-20
2.290770435204551e-18
8.931937483853267e-19
3.663620137955513e-18
3.2981026707204794e-19
4.205103926181583e-21
5.765504380787902e-20
2.0718392809304306e-15
3.6272748896993607e-13
3.839180305343457e-21
1.7543439376992038e-14
1.5551982339882786e-18
6.430657355586003e-17
6.407445447765205e-20
6.440188197717718e-20
2.1743059459274485e-21
1.5157706218726736e-21
1.7510943277887303e-18
1.596053515962043e-19
2.862281091123977e-20
1.2515356302857594e-19
4.695017505746454e-14
8.328292750811588e-18
1.3027628005812393e-20
1.2835823820410453e-17
1.141154702790628e-14
1.2000715261663015e-22
1.7134847521835379e-19
2.537107796402371e-22
4.0170844710412984e-21
1.2187528485910038e-16
3.9511240739264366e-16
6.945191764670708e-19
7.70935217356814e-22
2.3110643255346604e-23
1.3642043585669174e-20
1.9804692685221418e-19
2.502114393598713e-18
7.427585736382942e-14
1.8284637335259515e-21
5.270961683955342e-17
4.1731671726868024e-16
5.247623676033451e-19
3.360629523698465e-20
6.574321858003986e-18
1.5566545995707062e-18
2.9016621215038907e-19
6.437301959999072e-21
4.3246181429627816e-21
3.1768872599180335e-18
6.557298394357958e-17
1.3832683967134343e-19
1.4424232989576136e-22
8.163505898188424e-19
2.599020908454916e-12
2.2207226726770553e-20
7.471763873040014e-20
1.0959649664035436e-16
1.1159382484829425e-18
1.978488316549039e-15
1.0626345336944265e-21
2.3837187308290385e-22
7.882023932611289e-16
8.285775693094074e-14
3.617417895907965e-21
6.000638556547921e-22
2.5228467451760818e-20
4.871443124587834e-19
3.0350257015561883e-18
1.3890832784404344e-20
1.0434595737740185e-15
6.203831154200568e-14
1.0836305656529027e-18
1.7382698619940307e-18
1.5408370614148823e-15
4.7711570773928834e-20
1.6145895091973935e-17
5.692817227983978e-17
1.491140810928216e-20
4.2871095855764215e-13
1.443845252981904e-17
7.102995320466656e-15
1.7104515898514254e-20
2.496838594010911e-21
1.5304956703003337e-18
4.092898498365451e-22
3.2577198785580805e-22
4.144334883592073e-18
7.482103460101532e-17
7.253443962075124e-22
1.596500720684485e-20
5.711718007853631e-14
1.2278790917756335e-12
2.7716709155211335e-20
4.008241382935052e-21
2.1387680143757028e-19
9.135887030845912e-21
4.762083307434304e-22
1.5984687033950393e-14
7.214757479216691e-16
6.585540573473076e-17
2.765867874036154e-22
2.301145822340305e-18
4.393110625919044e-18
3.908865462080434e-21
1.7693494069456012e-21
2.8087463792558525e-20
3.0248450726599113e-19
5.384163909863643e-19
3.358814655660972e-23
2.5351368168900455e-21
4.575496000238209e-22
2.6985696390088133e-15
3.080325668092192e-20
8.2020337257248805e-19
3.268604172492887e-17
3.004311210034097e-23
1.443306235167475e-22
2.190815469189858e-22
4.3634639717262874e-17
2.858172741120904e-21
1.336922097046912e-20
4.666244820702359e-15
2.1544465333108125e-22
3.221845960838237e-23
4.5785876889218406e-21
3.645628209160007e-18
5.717769454279473e-21
3.8647884861460616e-11
1.537234060406433e-23
9.338555943902346e-20
1.065219329817675e-18
8.273486678806142e-21
4.632388510357808e-20
4.698433391873864e-16
1.79164971012325e-15
1.9742850689619056e-18
1.9014038947049647e-12
3.5077882286049362e-15
6.009667026666575e-23
4.301652418327953e-23
1.0091703129528631e-16
1.918660993601465e-21
3.178460214103985e-22
5.074896088500793e-18
4.4306365480096815e-20
2.789476700672857e-17
9.121435924937162e-17
1.9190909230012345e-19
1.3385703347753352e-21
3.988270853836331e-21
5.487578867637392e-16
8.273031592789134e-18
4.901356222111438e-15
5.480218655271776e-23
5.825823643076261e-20
5.7227690545094325e-21
1.2052491124374941e-19
4.8350929852038843e-17
7.727147036124196e-21
2.2466809672709835e-22
1.244146495437146e-19
3.2748958339092627e-17
1.8081255059036566e-21
2.3443995068624255e-21
6.199235532785364e-16
6.242548627485037e-21
2.731205098918164e-21
5.4496155372397444e-21
1.664209906943816e-17
1.416080796781045e-18
5.160087081268047e-22
1.0921282064492172e-20
1.723241385014209e-19
1.7824174626814003e-20
4.172804104430385e-17
4.853668854923083e-16
9.217886083305566e-22
6.34435774683362e-19
8.809522202487415e-24
5.319716456813485e-19
1.3106958038366104e-15
2.280589957498959e-17
2.035564518976317e-14
6.140272491495566e-16
5.223579841402878e-17
4.514269567092749e-20
3.224308231083359e-17
4.632499981117347e-22
3.3753733244574852e-18
1.160577988577497e-18
6.851756737379894e-17
2.5644239829350996e-22
6.179721897563573e-24
1.3622138058100964e-13
1.6995781562939847e-18
2.1984550507178945e-12
1.3384045334188183e-18
1.1904641722432338e-20
2.744346291927621e-16
2.3181694589379183e-16
1.7160474866020739e-18
8.538620712176336e-20
1.930819545361535e-15
1.9890846369898376e-18
1.6177739269889427e-19
2.6595902874374463e-21
1.1373674329854968e-17
3.103080028900302e-22
1.5224145520989308e-16
1.9618199814711194e-16
7.069726819265299e-19
6.84572998055222e-19
5.1851240901210915e-20
1.0188264758568261e-23
2.178052615629665e-15
1.553579811679556e-16
1.1748129002978332e-21
7.092855177506663e-21
1.665679909155339e-24
1.8523678520232188e-17
1.4370469303695553e-20
1.7068475238492544e-20
2.648155402238107e-21
2.053565686543055e-19
1.3987994659590432e-20
1.6428232427893299e-22
8.317559717210489e-21
4.577013873747883e-15
8.738309657533234e-14
5.526466444558433e-13
3.789638866569961e-23
1.1447107347925267e-20
3.042720966434674e-22
1.7803900526352136e-15
1.5367800214207463e-22
2.6215606927043204e-21
8.278815313657748e-20
5.303980205699813e-18
8.634661145926934e-23
2.2781706383565576e-17
2.854061323111604e-20
1.6558982620404865e-22
2.292891704276259e-15
6.345259799637419e-20
3.053015040891258e-20
1.0943307286564365e-21
1.7361569299591704e-19
2.003629699443066e-14
1.0588586779935247e-22
1.6691747211529143e-14
6.625616173377624e-19
2.349040852423784e-17
1.7623340817481034e-20
9.602562207861907e-24
7.569833733136667e-22
2.5180444214360023e-19
4.520163817338119e-16
7.647156961716835e-16
7.692276754716551e-20
9.16067811419052e-21
8.770226715155574e-16
6.71653301991329e-20
1.2898247228533216e-22
2.4103248744438406e-16
4.714748879525483e-21
7.854801674565437e-23
9.32038525069213e-19
5.1410160047113006e-17
2.4723345898116495e-17
3.2533440194604864e-15
5.0966884643460595e-23
8.009232835199871e-18
1.0837934808522391e-20
3.064365132404436e-20
3.125263418254064e-23
5.152915631247487e-22
6.263793017055764e-22
4.719551950310028e-17
3.004482551295423e-17
1.9859094944759184e-21
3.947011682429249e-20
5.726497374582277e-18
3.828546043017163e-23
2.6228621352110367e-14
1.1311212782451308e-17
8.091075527652307e-23
7.079483074827222e-20
1.3029108986328612e-20
1.2751808349221984e-22
6.407217666866564e-20
3.467218154791353e-21
2.255207652437185e-19
1.4324503299524348e-20
4.8098913221397383e-14
1.2730249358847861e-22
3.744892243939638e-16
1.863084296347418e-21
7.127701721062032e-18
4.325406543056229e-20
6.411633207980263e-18
1.1093606491587635e-19
4.233874248619216e-22
3.414728138792084e-21
4.878584405036817e-22
7.124212544172822e-22
2.2270373047385686e-17
4.446114066080751e-19
3.0819750160942505e-22
2.702896112514814e-20
5.655339911841241e-18
1.2192793359646454e-17
1.1482597656404315e-19
1.593831491923623e-19
1.5181506596655873e-19
2.174771138707945e-23
8.625611095005826e-21
2.48028099637442e-15
3.0031488972023066e-17
2.2585236338216333e-19
5.6140039594364324e-18
1.864974966143056e-21
3.856373864193235e-20
7.250319370104989e-23
2.9070130538315017e-16
3.1454088885783016e-14
7.654915707864008e-19
1.9718851086914691e-22
1.320547270564863e-18
9.781283410486623e-22
2.04964058410311e-20
1.1849905924630295e-15
9.543743688325138e-17
5.633952596516485e-15
1.4158959004171461e-18
6.95171378149905e-16
4.2216260469113563e-22
6.938144749317767e-15
5.701164695480317e-18
1.094165760500383e-21
1.0662061818593074e-19
5.840212187071101e-21
5.345710747263614e-16
5.796212831549664e-22
1.227183998358903e-18
1.18508832881504e-22
1.289072821590292e-19
1.2018561033865046e-18
2.7648647394266717e-23
1.1668155575454551e-18
7.232822728690566e-20
2.9360254721482114e-17
1.470615935654561e-12
2.7661321693965396e-19
1.3612285803129382e-19
2.32964377289731e-19
2.8568441670246218e-18
1.7576419962352564e-19
1.4974915768088096e-12
2.89690607279645e-18
2.9278353016944996e-15
1.5410480915405864e-20
8.880691855201598e-19
7.351745343017566e-17
5.023241663144347e-21
1.563706788583051e-16
2.1134413981651264e-13
3.250657651763677e-21
1.5978687612688073e-16
6.157640125627152e-19
4.0046116175086174e-20
2.245488824059011e-22
4.104189658249014e-24
2.8212837276770936e-21
7.965462488417545e-18
3.3649396702945365e-14
2.6049685174366434e-22
5.3075488481308285e-20
1.197918158893328e-18
1.4401377258550874e-19
7.576320481550213e-22
1.7920421966533376e-20
2.4695286681676782e-21
1.0902530185571145e-16
1.361503627168234e-10
2.0244225892003046e-17
5.500037823888233e-19
1.8932101785856164e-20
2.5168571876761655e-22
1.0893780821038351e-19
2.1653830451203162e-17
4.964636660334275e-19
2.0574821030619362e-17
7.12568169650785e-23
3.8265750470408486e-17
2.4160662485723066e-21
8.319819805445174e-22
3.9887466374389974e-21
7.85962580635224e-21
5.4904476480433583e-14
5.694837369681436e-19
5.291000874593894e-21
6.216104304761769e-19
8.797022474891131e-20
7.051298288648544e-20
5.288779093735562e-18
1.9062711636990027e-23
4.1332747487938635e-20
3.937122090986758e-18
7.112358730471628e-16
3.33991186804075e-22
1.6649461491234015e-19
1.924358968917151e-22
4.649768726363356e-22
1.5000112345783954e-18
8.013519276278274e-22
2.4370846311720397e-22
1.027549944491881e-15
7.014620098014016e-20
3.3406646577741606e-24
1.2103532304561942e-19
3.5631740084446815e-23
5.4126565525145095e-22
6.258275189135729e-21
7.782011527218996e-21
4.4716159844697184e-23
2.567476285110094e-21
4.0783145933607894e-22
7.293030724529257e-20
6.774000893277234e-22
1.0065696110995407e-19
3.530285053673678e-16
1.1821166063701094e-17
1.8492698264027444e-18
9.592521358659116e-22
3.4047383207365136e-20
2.770689761873258e-21
1.2272292343546024e-22
5.729582993271125e-19
1.8445275617587487e-20
7.372793797048051e-22
4.462203237844214e-18
4.6079817123297296e-20
1.1706565128164586e-22
3.3910752276405567e-18
1.1757341067245365e-21
1.1929161488395217e-22
3.3765305786279534e-20
8.595569264753857e-18
2.65892499486636e-19
5.436439698819059e-19
9.799667075238622e-15
2.716354412713991e-21
6.734880910022111e-20
2.041354411220431e-20
8.595369587945942e-18
1.2508395567039514e-22
1.1911093797071578e-24
1.9747362001473304e-21
7.433708099259708e-18
3.912139936297729e-19
4.0234067178055578e-22
9.768490747218066e-20
5.368971722318888e-22
1.9052727449399211e-22
2.873093145366446e-20
2.943586117943557e-21
1.86633016804696e-23
2.542500912836233e-12
3.588417414065757e-21
1.7011636923307823e-19
6.433200267688564e-23
3.22476486326137e-20
1.1250465345464465e-19
4.1296368260157707e-23
1.1267583651661226e-13
3.5699243177611073e-19
1.8969468157597674e-22
3.596077193927639e-19
1.4565671980708328e-19
1.0564965972375379e-18
6.193102007250074e-18
4.0454975863251215e-18
1.8739978844997068e-22
2.5258534489228835e-19
3.057999587810038e-21
4.536961408728445e-18
2.790711751110655e-23
9.770018895244913e-20
6.942104809833332e-18
1.6114743674880304e-23
1.8556435226626902e-14
7.112133669471716e-18
2.5878605474824084e-23
6.589510647411388e-15
1.2703866040114211e-14
7.7210127557928e-21
5.449615523266712e-19
1.3953696854390944e-21
1.6633065260087153e-16
3.566455304185208e-15
1.6082217369777516e-15
2.5797211885584877e-19
5.404769427706974e-21
5.606961464910923e-17
2.787143611700898e-20
8.65034061779481e-20
5.974076395931711e-20
9.638158980591575e-17
1.5185188428355389e-13
3.3115789697663358e-21
3.6182792194703764e-11
1.3422209741653909e-19
1.99513749969135e-23
3.503456366287918e-21
3.247532109439897e-14
1.1075299472381887e-17
4.369845311545402e-16
1.0865288825740149e-21
1.7339107040855097e-18
3.9934239133947634e-20
1.6621175339091621e-21
3.249430507315712e-23
1.380576264161167e-18
1.8490237342946903e-20
6.690164265843246e-19
1.6333497012717063e-21
4.242720561716687e-20
2.402939133444863e-19
3.227551256859037e-20
1.5075648374395574e-15
1.7426639737425566e-18
9.916426448918106e-17
1.5928608126010994e-19
5.067510658075758e-13
6.047807280505696e-16
5.438798849645556e-20
7.748624060209645e-18
4.0719140481089714e-19
9.750665571647476e-22
9.10639381603296e-17
4.512883302411719e-16
1.6056344974526243e-16
2.11437591347286e-20
5.249008334060899e-21
2.0679611745649684e-22
2.2949197445717434e-21
3.706685569852447e-18
7.325086956167621e-22
7.442564715685704e-18
1.233995611205486e-17
7.32735978639127e-18
8.523011840290607e-19
2.727284366660478e-20
2.5086092919970506e-14
9.694429740167089e-22
1.870969051684988e-20
1.586939304920163e-22
8.837631999652098e-23
6.482486457189111e-23
1.5973729497867163e-21
1.2596005431335887e-18
1.902821059503678e-21
3.2076008042114654e-21
1.9416089732898904e-23
5.102416837818317e-21
8.219112372723019e-18
7.275187609880709e-19
1.1261148155090068e-15
7.550927754116572e-18
1.9230272954800687e-23
5.164078941862914e-16
3.091764916295652e-18
1.9404230784959145e-22
1.0408262747263506e-19
7.490644640343453e-21
1.6376867815987521e-18
1.711717472416197e-16
4.386567609634178e-19
5.727451396535657e-17
2.064986159667937e-16
1.6232868573312414e-13
3.2750724326041314e-21
4.7498249964248894e-21
8.869975057112694e-16
1.0685983730574196e-24
1.363748650134808e-18
2.0743043402638317e-19
5.964107018521745e-20
2.3599466150160583e-19
8.53248760994698e-23
8.7248689498888e-21
1.967322360991027e-18
7.837012563974364e-23
2.0810944367450537e-19
1.6641027979572405e-18
2.7047085459452845e-18
1.4874415132018539e-21
4.5664574587234764e-23
1.0492570532390914e-22
7.184294384600837e-20
6.693327786884208e-23
6.188115647621273e-19
4.911308414307607e-17
1.564424441750577e-17
8.196931505350219e-17
6.530524344431432e-24
5.415499223636638e-17
1.3368975806233614e-18
8.0044672197238825e-16
4.0785286585729355e-19
8.462795140981987e-24
1.1016015034167702e-17
4.743337457738321e-20
7.733741082323842e-18
9.671244439871564e-21
3.5336833091160845e-18
1.06449895331587e-15
2.754098092677534e-20
1.4299404174808988e-18
5.663655571859286e-20
5.467337050709698e-22
1.230036668252893e-16
4.537171004415782e-17
1.2981137635714575e-23
2.5864787031772684e-22
3.352434454671588e-18
1.5521620000915778e-22
7.063747238313837e-22
2.464214362827808e-21
2.159209117684181e-21
1.852019027649693e-16
9.82240325946672e-15
3.8585782689920754e-20
1.9082720448377676e-21
1.0549156515280165e-18
5.6066801170653646e-18
5.291354529940838e-13
4.1289459879503025e-21
8.412568352824193e-15
1.1886385032300797e-17
4.9117924054410426e-23
1.8260526243233757e-19
2.1973890182049282e-23
3.835884543724274e-18
3.3609360415249838e-21
1.0577099553453383e-19
8.479068786936926e-20
1.8743473051928117e-18
3.0091065466607493e-19
1.1111557474013324e-17
7.708689487550358e-22
4.9204553058473114e-21
3.607901891083444e-14
1.449856483218061e-17
1.6901226101421782e-21
1.3312470812241564e-16
1.68581979170505e-21
7.38050445219474e-23
1.2545255416833489e-22
5.533211242423204e-21
1.4670687273898705e-14
1.8046285680446468e-19
8.638932402498234e-13
4.389961035381721e-18
3.637483534016728e-21
4.340480351647074e-18
5.695124338978161e-24
6.932896805763099e-22
7.371584748356837e-21
3.844881446731255e-20
5.795255415424688e-17
4.374105465737785e-17
1.934991781656679e-20
1.5774061851871993e-19
1.4661690318702686e-18
2.8735353639397114e-18
3.188975076935608e-21
2.44106468332484e-22
2.6758597870121076e-20
2.7111395361816225e-17
1.3240948569334301e-20
4.008216013162504e-16
8.82054875968259e-17
2.0960767407236433e-14
5.371403876849642e-18
1.8186871936442099e-22
5.114651643541064e-20
6.977340738443747e-20
8.781895050390267e-18
6.270261319088443e-22
5.360922564821209e-24
3.2837324484267227e-19
1.08158906037304e-23
1.2913623013441033e-14
3.866060800168944e-23
1.935484478773298e-20
1.734408588322136e-18
1.2645633634258282e-20
1.4696925905751028e-20
5.140109736987118e-20
1.482996620479768e-15
5.736430798720899e-21
1.0632937740333034e-16
1.2567702036990678e-19
7.374619602128176e-20
7.78778195420868e-21
6.306920549232019e-17
4.1038622790330764e-17
4.476475501771183e-17
4.512579535562013e-23
9.380620436286054e-18
1.0404288917151818e-15
2.630038180709164e-19
2.2220227569354372e-21
6.001272673407165e-17
5.014700956222039e-18
5.117381257356043e-21
8.022046142578808e-16
2.90497737116685e-20
2.464572257129005e-21
2.2352562890216945e-20
1.154846928683327e-21
2.6239713687767123e-19
5.705443035482282e-18
1.546439523287158e-15
6.512956948056681e-20
4.658070312095962e-19
1.4358354001402643e-14
4.731636887907391e-19
1.1138243218669196e-16
2.238709614252784e-15
1.5625385778145006e-24
4.137588952173063e-23
4.325128655464665e-18
7.472240459796461e-19
1.4437937479570355e-18
1.3024594711832744e-16
8.590259622068618e-23
2.3710846409590293e-19
7.365864167870994e-23
5.926074967036573e-17
3.153681636964563e-19
1.242736743338937e-22
4.53126180806033e-18
2.4666058664629286e-23
2.1232157334654106e-16
6.259479241545384e-15
2.815181196130353e-20
6.470549705790818e-20
1.2202217971973732e-14
1.7579480728619361e-16
2.548781737307102e-15
2.2012393923778853e-22
6.917144386989926e-21
2.4189549794493278e-20
4.112577029199559e-18
3.180842460835064e-19
1.089940570479531e-19
1.4703776456629636e-17
2.314929315794541e-19
8.477160430398502e-23
5.015865414716293e-22
8.647400106122144e-15
1.0117138567900683e-18
8.175882135695353e-18
2.9674981505334995e-22
4.391119481499046e-23
1.0187662361169058e-16
2.118197383467478e-21
1.06733196561999e-18
3.767463961371103e-15
6.498916725421118e-20
3.2215661548574996e-12
7.215877309893113e-16
2.450841835655905e-18
2.6276416019413948e-17
1.6423979753385206e-17
4.197147436755919e-21
4.373178419396547e-15
8.035234449828085e-12
1.8323766818550865e-21
1.506926624565145e-21
3.2951619325561473e-16
5.186200842384304e-18
3.618602105178402e-16
2.5518789831782905e-17
5.080478820776749e-20
1.2681860268031475e-20
1.928592871049595e-18
2.3353853282675095e-21
9.202988417690408e-22
1.641480727923021e-17
4.516865077552834e-22
4.1238093653717445e-19
3.3963074809668417e-18
1.4473230153691336e-19
1.8914574583234813e-17
2.0032287747965424e-16
2.8244266450509825e-21
1.1974166167099408e-16
1.5311523755802569e-19
2.180123044837738e-22
1.7981713549038736e-21
1.9737920775940777e-24
1.2992367854724332e-19
3.739221550157446e-17
1.6228230370493004e-17
5.668163408281173e-20
2.0137165902564577e-19
1.1042207612526933e-20
1.1809975289514644e-23
2.0928856499977817e-19
3.379441060315056e-21
4.219840683624077e-22
6.238351035613128e-22
1.1911309292947687e-15
4.863611537887848e-18
1.6088576074771614e-18
1.6010900986935847e-20
1.0539368123428446e-16
2.0780398341505532e-12
1.0667604503516162e-19
8.499539500182322e-16
2.3404737896853075e-19
7.857035073308433e-23
1.1211639378974725e-11
9.631052616012442e-17
6.38573944500845e-21
7.820510555555189e-23
2.7458649362750473e-22
1.739242943045083e-18
3.370334043896732e-23
5.343145711939076e-16
4.2441213469814194e-20
2.0432907986150517e-18
6.597194027548698e-16
2.813050327342886e-22
1.4291065561266384e-16
4.293374083959143e-21
1.4312849165726214e-20
9.291555918959755e-23
1.9853049111258717e-17
3.735558624368856e-19
2.3307012572108826e-20
7.974918603591962e-22
8.32915370814435e-19
3.016060129675883e-23
1.7162264618777805e-18
1.818848265074586e-21
1.9278170846727282e-14
5.643794609374813e-18
8.379331560302917e-21
4.063365744896993e-21
7.329768399458488e-22
6.14172278364541e-24
6.5612074700679155e-22
1.3405715721803797e-21
7.078918697230693e-16
5.1329207398557763e-23
2.2299421533640447e-12
7.066364933928617e-18
4.115226530353712e-18
1.054538223377705e-22
1.3557386055680953e-15
6.523652495462706e-22
2.985331125664483e-16
3.595388888176952e-22
4.037878442089242e-12
4.268817374950977e-19
2.898659628202961e-16
7.488205756000024e-18
4.178591426899287e-23
1.3894671916438759e-18
4.470084453093764e-16
1.784745738504156e-15
4.4715752290136245e-19
2.386987595476205e-19
5.5439575733895235e-21
5.8417869139392085e-21
9.222050335222931e-14
1.7475629698971398e-19
5.810419979867359e-22
2.1103932188780284e-18
2.2773603056590292e-20
1.5562857194899203e-16
2.9332164970974354e-22
3.277717166565235e-22
1.8822204394970467e-18
3.5806175610674934e-16
8.15116302721684e-23
2.9383362544928827e-21
1.5651552399821817e-20
1.2471740820177377e-14
1.4486841225176953e-20
1.2072499037325994e-21
7.309450623282075e-14
1.3631143698386917e-15
1.519173240949865e-22
1.3790690801943466e-20
5.691221975831717e-21
3.2278100393380687e-16
4.12173506626399e-16
5.541268568719663e-23
1.6917797227628247e-19
7.317930894639291e-23
2.378044917728363e-19
1.5111901756695418e-19
1.059138493303992e-19
7.722586711064373e-18
1.2693588958120235e-18
2.785831278153702e-20
2.9225474149670018e-16
6.445564722770932e-19
1.0025504085251909e-19
1.528283049785316e-21
4.2923694550988075e-18
4.149332424997225e-24
9.411295741392914e-23
3.8913993260223107e-11
1.9130582256992363e-18
1.9450305584423002e-20
1.746626212166348e-22
7.483920323479326e-15
7.721010434847703e-21
1.0084137377817363e-13
1.596334693962381e-22
3.204639122614238e-22
6.431542862293507e-17
8.944258689087213e-19
1.3460190127603844e-19
6.673252997369529e-18
5.662319167253297e-20
1.5267141159695633e-19
1.109708521277025e-19
4.433418955245035e-25
1.4134915353256064e-15
9.55871930066472e-24
4.797684564259249e-16
1.378499330872673e-14
2.302142152201932e-20
2.529897882165285e-18
2.8910101619251893e-18
1.975571493678423e-16
3.25635930456511e-21
5.015151865556313e-22
1.554089676631403e-21
1.700924922576608e-20
1.0036638413964813e-21
2.4411406805356824e-19
3.9232538884812636e-18
6.378197456744832e-23
5.5094801795717826e-21
3.1593742002014696e-21
7.752426792569172e-16
2.1807618288658067e-21
2.072552576473809e-17
2.1921455719701423e-19
3.3715779596941225e-17
1.3143832959883693e-21
4.655076084469052e-20
1.2721621935963602e-20
4.4950443726161315e-21
2.4981069030753783e-12
1.316579241417317e-18
9.959509698469636e-24
1.4856310893695427e-22
1.1015979238490733e-22
9.171324570683945e-20
3.765774946804446e-20
2.9568626063737014e-16
2.5159531828360836e-19
5.51049537154393e-20
9.17368286004626e-18
1.8441546805926794e-23
1.8710596243041062e-20
9.463389824428778e-18
3.66499104572666e-21
7.78670883886666e-20
8.801041993469706e-19
2.1513730004334584e-20
4.788060824140729e-20
1.0179081637318412e-15
4.54904843943922e-20
1.0792746034643142e-19
3.379583327669306e-19
8.62451892888501e-21
3.626416126628732e-16
9.249230317822276e-19
3.332759141959039e-23
9.776948496486858e-22
4.7660326712874055e-14
7.965749750663837e-21
4.289835069683604e-22
6.041537060768232e-22
1.3204701678438128e-22
4.962141580736827e-19
3.612434121093156e-19
4.8850377609270766e-18
4.6767944952062866e-23
5.156123710319359e-19
6.350834941535238e-20
6.962231832043221e-20
1.60929232779667e-17
1.2303340346354147e-21
8.785194492785253e-21
3.740769510083438e-21
1.876919030705471e-18
1.5211522597450484e-19
2.4930180088354363e-12
3.5087976989404455e-17
9.250616313039098e-19
6.2883214061930186e-21
2.333907249920587e-19
3.641043666383449e-22
8.2850143213576545e-22
5.360420565767958e-19
5.18141473703931e-22
2.0535487357036296e-21
2.5661908321181004e-22
3.3287444377556803e-16
9.641921506729222e-24
2.9123339510318325e-21
1.4683042085482134e-20
2.584778139384433e-21
1.2553751673477496e-17
1.1985037157774681e-15
2.440247033259855e-17
1.0092740627898417e-16
1.0709156155608545e-17
2.1258504815128916e-15
5.380989897894044e-21
1.1311087358129591e-17
5.596179164445837e-14
1.6143839365809508e-18
3.050660811505294e-10
4.1645665951384096e-19
3.66343988566631e-19
2.204820414309458e-18
2.912805683619064e-20
3.9930524741103386e-19
4.1893757837162457e-13
5.141381497123971e-21
9.624708477083056e-22
8.604776321134997e-21
8.618161459189204e-24
9.852224652802755e-25
3.0988526496126766e-19
6.491217853533292e-23
6.516510004072129e-21
3.4135035078202036e-17
6.397106972085266e-22
1.506340814007313e-11
5.538961754096514e-20
7.873405090435551e-26
4.199890410877791e-23
2.5822345120907784e-12
3.9157066003340794e-22
3.509002497827091e-17
2.743833555392841e-21
8.179451976762536e-18
1.967273228295463e-17
8.750634553568274e-20
1.3055012030034493e-16
1.6916320043672152e-21
3.985466133926537e-19
1.535909469677398e-21
5.304539452629181e-20
2.4577413077111676e-15
3.261810590804769e-20
4.156851620391888e-21
4.632086035616905e-19
1.3654097158224708e-20
8.01943331735558e-24
5.142493666692435e-18
1.294361631659194e-18
4.0660498282558346e-22
6.02515426483092e-20
1.0791006057455203e-16
3.878111836798711e-23
1.5082634669812367e-16
1.6964217861496784e-19
6.815464833181982e-15
8.193655646392709e-19
1.8209193454016045e-18
1.1868107015126602e-16
1.559674370904194e-18
2.735091636172732e-16
3.3306247237782647e-15
5.650497596418432e-22
6.148453500718739e-21
1.6705568978951774e-19
1.866219336737347e-17
6.696938144180336e-21
9.159939261378676e-16
1.7336263865473044e-16
9.750061728547941e-24
6.352221791792611e-22
7.310246294957752e-22
4.784020204992397e-18
1.155653637426585e-21
2.385728454663449e-21
3.2640436807918285e-22
9.364447396441454e-17
1.0245747059240844e-13
2.9622348031881664e-19
1.6024349697638618e-21
1.2948689489472188e-20
3.8905994645236147e-16
1.8503673687901737e-18
3.548362962556203e-20
8.165555542873852e-24
2.4894443564370038e-17
4.536160680661308e-18
2.9636428731502042e-18
7.486207704791319e-20
3.23326734388719e-23
2.493716990823963e-20
7.443114501757393e-20
1.4367844369762582e-19
3.071737782419693e-20
5.966799874518311e-17
1.5481430400321404e-20
3.4857094951191005e-21
5.250792943971653e-12
3.6208172314596374e-20
5.453224045636119e-14
2.66367285990484e-22
1.3618642827805892e-11
1.7717886512368123e-19
1.3926897492934752e-14
4.568535302216926e-24
4.4404255931711945e-17
1.5984679177533642e-21
2.8977155702193773e-17
2.418367924698938e-22
2.474298033130977e-18
4.456215373665876e-22
4.9698372270271015e-21
1.048922518332255e-15
2.5983754967180537e-22
1.624827327015446e-16
1.5715525753425404e-20
1.5090396066004242e-21
8.341307292003139e-19
2.9764863809710407e-21
1.8237256808723384e-19
3.5382669579947473e-19
4.2385292768317185e-23
6.220780513903548e-21
1.4085435204702272e-17
1.0460858031788686e-14
2.8654379555140198e-18
2.3700451963268947e-17
3.196319486228114e-20
2.024579777465155e-17
4.628382041702961e-17
4.904233110556169e-24
5.18936485643641e-15
2.2885905938225322e-17
2.718967588097598e-21
1.3421236231727736e-21
4.088425262321448e-21
1.0695690816971178e-22
2.3833912027875946e-22
1.2159590966852003e-17
3.804445129525499e-19
2.2674404564161173e-21
2.1074037803695578e-19
6.173311494662578e-13
6.257792955858543e-19
8.454084967409945e-24
5.923870794791749e-16
1.451123003006001e-20
6.961851117998338e-16
1.447142416481666e-14
7.723270569412076e-20
1.5112395533096675e-19
3.1689675264408465e-22
3.898039925209279e-20
4.112613126181759e-23
3.0753166822039864e-14
2.2649573613281407e-21
2.0603781515982933e-21
1.7254476672516578e-15
3.6471055418299884e-20
3.7907726574030326e-22
4.246297082071002e-16
9.68177854472258e-22
6.299694474336897e-18
1.923104833946969e-15
1.4220934083434392e-19
1.672884904124018e-18
3.058587287719834e-16
4.893550112865113e-21
2.0519644228729158e-13
5.203850710012933e-15
1.114131277801665e-19
2.6274797191794896e-19
1.9953208872729487e-20
5.940051559545723e-12
6.11063332516626e-19
4.219457340048055e-23
7.266321564488898e-22
3.2371228520788647e-21
7.467977096533164e-22
1.789662280829302e-18
5.525089318026111e-12
8.306666158929168e-17
2.482645516725358e-23
1.312874455776023e-21
6.345471083946164e-24
4.588206771425664e-21
1.2669471359047785e-20
5.119948861854753e-20
2.5153280179656914e-16
4.7540229053491445e-15
1.9974925608607735e-21
1.1506246098577122e-22
2.0670795997694021e-22
8.501722451030919e-20
1.2482370086153584e-22
3.120933130515389e-23
6.1946489223441295e-22
9.795301817600312e-14
2.8080889427062056e-14
5.739290967725664e-18
1.4887612362912558e-19
2.1179019799276273e-13
5.51208457786064e-20
9.918875998654369e-22
4.739935034687133e-20
2.15558449617274e-18
2.9753310504025076e-22
4.4029927995997557e-16
1.741002917870922e-23
6.05581994813217e-15
3.7630720925763663e-20
4.500368413182496e-22
8.817190700249446e-22
1.1130247142606944e-23
4.091689419856176e-21
5.212092147028496e-22
5.874882003183573e-19
4.463433666609083e-22
5.997426923233574e-21
9.966729661566182e-15
6.874849775800553e-22
2.453201800620798e-23
1.7100455917598603e-18
5.0914311437661935e-20
6.569537789527592e-24
1.165540687465875e-19
1.0459998893148398e-23
1.057741739780576e-16
1.182117632234181e-16
5.845973421445201e-18
1.4087715069334465e-21
5.806436172342077e-10
1.0998756459419086e-19
1.5160670883322084e-20
8.278072521271848e-19
3.1683457816433575e-20
2.5755426148921712e-18
6.239692599871347e-24
4.634840407738652e-17
1.4818286531206531e-24
4.7798280151667756e-17
9.06624162154771e-12
9.248397171385971e-20
5.129901669380055e-21
5.042785736633358e-18
5.840452802670385e-24
5.702871513096483e-21
2.1047507266611645e-19
2.1790294224534734e-20
1.2671972126337902e-16
1.4745990196337087e-20
1.4145528616378694e-22
6.053859807370815e-22
4.032576109273096e-21
3.354186203226775e-23
2.898679066538812e-17
5.490252416648004e-21
1.1409124637964559e-22
2.797511313647954e-20
4.2935195423677256e-19
4.088230343177832e-23
7.337702890797869e-17
4.0080073645811146e-16
4.527733214846976e-22
1.0282067168370305e-13
6.563700139623454e-23
2.5476726920602566e-20
1.3273032351046402e-17
5.608786740537984e-20
1.3181697435033514e-17
1.7951516071650608e-15
5.300847470961292e-21
3.569510372485046e-20
2.0965267370515234e-19
6.549195479734073e-24
8.321234348360713e-19
9.301028879240671e-21
5.953296072066971e-22
6.121067619988385e-20
6.259126348444346e-15
1.4173433348747854e-14
4.228394344842696e-13
2.1305459831304613e-22
1.7506484425129664e-20
3.606112361949087e-16
9.427013594400783e-20
7.276792464593548e-18
1.685395266741143e-21
4.486418084157595e-19
1.4844806779160385e-18
2.6524003438097614e-21
6.388535841766965e-18
5.349967992012624e-22
7.629886796227148e-20
6.551532913767919e-21
2.1462867625322174e-21
7.365561950036644e-23
2.962633425088093e-14
7.070419057821548e-23
1.5224779070776524e-22
2.5784376266067615e-16
7.940914946823655e-22
2.570844384208402e-23
7.6108901824908295e-19
4.117740382030107e-21
4.505059623070941e-19
2.22871553270519e-21
9.307164103138923e-21
2.156950054100573e-22
6.356290501459263e-19
2.324641344839119e-18
2.281899026149282e-21
1.6139635777056886e-23
4.584794149871469e-22
6.020179123670639e-15
1.9969916116379815e-24
1.8272217986637844e-20
2.1711413090326683e-20
1.3866052392559325e-17
3.60276420819251e-13
4.126948081197482e-22
8.789028836178167e-20
2.6043242782662353e-21
2.4614147320485266e-20
6.400465216705566e-16
1.5085506535011417e-16
3.7679370670636175e-23
1.7624843004057386e-25
9.884328444082537e-24
2.1579081090461646e-21
4.550443564501608e-19
8.03127996862787e-14
2.9456551968130485e-20
9.312364122558522e-24
2.780670402662846e-22
1.4586662149387547e-19
4.493928782125585e-16
4.348733267340083e-16
3.608871954220857e-18
1.850631448068582e-17
1.1422724600454565e-21
2.6124301466287524e-21
1.5848510822776073e-20
3.4662276276494e-20
5.863393766992095e-23
1.6367184574043175e-25
1.9864121786178832e-22
5.61197337543883e-24
1.3140780060565113e-22
2.9073571618227925e-12
5.3361305540118735e-18
4.8645573149350315e-22
1.7961892211537625e-17
2.4247464481406646e-21
4.363485506173714e-17
8.002828677614631e-22
1.659779321863577e-22
4.994420890783799e-20
3.780218118995125e-20
1.3346001369120732e-22
5.871444521831955e-18
1.792068413875779e-18
2.5199602098000775e-22
5.2757833764973994e-20
6.4690937007069625e-18
4.392919388367694e-22
3.371083712376937e-26
3.887528183766069e-20
2.8824557229787225e-20
1.9226862933235294e-19
2.172217279981821e-27
4.462767281376649e-22
7.512118819134149e-20
1.6718430192115197e-21
1.9468943729304587e-24
3.106404897830773e-18
4.429778413786876e-15
1.0841716639058358e-20
9.51169509357544e-20
5.510231721575485e-19
2.192748607880495e-18
3.976460139125769e-22
1.133061214988252e-22
4.483275578704348e-19
1.0236532603455912e-18
9.272702825665388e-15
3.44165088697225e-23
2.1730191292192613e-22
1.9445424129459738e-23
1.176737700218564e-18
3.0779790138295487e-23
7.642066455873499e-22
2.2791301154420495e-22
1.0764687063926677e-14
1.5074306164804442e-27
7.244653195004384e-17
3.920495869368562e-17
6.341438318776474e-18
4.324976003026355e-21
2.6897353627653917e-20
5.240705469015992e-22
7.596445162127066e-22
4.866008204006704e-21
1.4158734491464077e-21
9.140124111118012e-19
9.477904452379102e-22
2.6839885706101277e-20
2.6593217041526503e-22
8.961630693680085e-22
1.9549583627238796e-18
3.7660063796186467e-23
1.4379796082040999e-19
3.016462583467135e-18
4.081254672053784e-22
3.367020759685667e-23
1.615198769662994e-21
2.71647350521934e-23
1.5506080064974571e-22
3.253154077595289e-25
9.027159776200399e-18
1.769583798333117e-25
2.4517879106325445e-23
2.3397912539592367e-18
6.7635253266023916e-15
4.713954699448485e-22
2.9832901870331446e-16
3.6677744343013015e-23
4.617997499777385e-20
1.4181168228473686e-20
1.4481008144523541e-19
5.108007372976529e-22
9.90746765687828e-23
3.673348428597577e-15
1.8521465723638828e-20
8.883478860931586e-13
1.2045302009097043e-21
1.5584954561657508e-20
9.264771927533437e-17
1.8786802571805376e-16
1.8752582129563105e-20
5.4404353547256134e-21
6.3078721605035225e-18
1.0590304269564661e-16
7.145937813054541e-19
4.227644659879588e-22
9.663158991280582e-21
1.715140038585301e-20
4.1483700288215987e-17
2.715868698210123e-22
1.5906096572374605e-20
4.651247325036501e-18
3.3811393689701078e-18
5.832256125958234e-18
2.8850396709943784e-22
9.074748263904089e-20
1.391849644706967e-17
8.724978621752859e-21
8.096138722398096e-25
5.0841322352140115e-22
7.013130227327652e-19
6.727744589568315e-17
2.1353245367896644e-21
1.1271718781627596e-24
8.356614035222056e-15
5.82049120467865e-16
7.486208274911924e-23
8.590893432894907e-22
2.3796290012742054e-22
2.259870178966198e-14
5.045439616078363e-22
6.971933011010169e-22
4.131477217479112e-18
8.509640871439352e-22
2.399693164277318e-23
1.8054888201069297e-24
4.696918491715734e-18
3.752948899132652e-19
7.042486751997852e-23
6.173723974069409e-20
3.110406651973949e-20
1.3062488061621449e-23
9.663984369387606e-24
1.515157483385972e-24
1.4786617042990967e-21
6.711283144111916e-22
2.4163656405998968e-20
1.393204126320549e-21
2.37183785024252e-19
3.6942532443539106e-24
9.489406463304827e-22
6.993106312245333e-10
5.61303336086232e-22
9.424275266336033e-19
4.2314349675291154e-17
1.853506591331781e-18
8.863347820137809e-22
8.445473837129542e-14
3.590724101611566e-19
2.0602623346412392e-20
1.610886875510026e-22
1.5267059590335564e-20
9.464911025212445e-21
2.1856801923575693e-22
2.3889774994632844e-21
9.008796762488767e-17
1.2150317221830133e-21
6.409587345117759e-21
2.318531285678216e-24
3.716745071618817e-18
1.3797433054686847e-22
1.0438042841540703e-21
1.3030237521178793e-15
1.3513213232853685e-21
3.417002400446754e-23
2.9491030113561083e-23
6.751130414680674e-20
3.4834992216643655e-21
1.5382738566457825e-15
3.4815166844845782e-22
2.851021580200442e-15
1.1488734184252485e-19
5.30472458297061e-17
1.692764060503556e-21
1.2929062064913468e-23
1.0640434204030256e-19
4.619681129904502e-22
1.1132923698909176e-20
2.240096000554784e-19
1.0821870900301988e-20
2.847376099873069e-17
4.728127652682709e-23
5.472050186081399e-20
1.6791303437392586e-10
1.3524743559973782e-13
1.2581350393707431e-19
4.3974622224808924e-16
6.367580520916198e-22
5.17321748750095e-21
7.291286425189019e-23
5.513742874079542e-19
2.626128415892447e-22
2.3252419866131964e-20
1.2794827028156109e-20
4.7023652218152645e-17
5.814698329598755e-16
2.0237974285726914e-18
8.002212971152976e-22
1.1941678441704142e-24
9.047814837578875e-22
1.445154601988501e-23
4.441211287507628e-18
1.8051446276189322e-23
1.3284480031013863e-22
5.851952427278025e-23
3.8225811131840077e-20
4.272339643710487e-17
1.0867757448203527e-22
2.8124898029069026e-20
1.351616921756358e-22
1.0694688249741672e-18
3.382321498943117e-18
3.645628683953538e-20
1.2934953376410034e-11
6.762839358300959e-25
1.0623552371071863e-26
1.396823419800208e-18
1.4592582813110475e-22
3.455564485261771e-24
4.754480979317437e-18
8.535067296204994e-24
6.710119880151256e-21
6.848005183054809e-22
5.5741265869581006e-14
1.6358920117556908e-17
2.24345995608037e-22
5.927163641668992e-19
1.156435574974112e-16
8.473504437995894e-19
1.435482577880486e-20
3.3904637423970575e-21
6.584901251347203e-23
1.3844266270968324e-20
4.469491064301351e-21
4.5138789743417127e-26
3.531616867336801e-21
3.8203313089905315e-17
3.630250892635133e-13
4.5258788459195366e-26
1.089716278417781e-19
9.820182172011937e-19
1.2968213968400474e-22
3.900888042703959e-21
4.0889756386034742e-25
4.078099603199537e-21
7.15050670271501e-19
2.5586355968748554e-21
7.229000530274694e-23
3.355630640718378e-26
2.8143618602710324e-19
3.485691893873627e-18
2.946887183744571e-20
5.504993674296406e-19
2.970313816533101e-22
3.0463630500601372e-21
5.415222061479543e-23
4.503626650687686e-22
3.5682500751682848e-19
1.03220061399008e-16
3.1460325115818375e-21
1.6492044037438075e-20
6.17114272879522e-20
1.4380126214475767e-22
5.389534088960147e-21
5.988153411508432e-20
1.0388638999049057e-21
5.93728969096681e-20
7.47269506933275e-18
1.0723216271793724e-20
1.1044050943765486e-24
1.866902002983576e-21
2.7216118337348956e-22
6.80405027633491e-27
1.0049911460897616e-20
2.5020028882848702e-17
2.3937359653621645e-13
1.5505040724616107e-20
1.5037019420832323e-19
1.9448934781788575e-18
1.9704731671559447e-22
3.282739585440853e-18
1.9262310319137076e-17
1.9993404414996887e-20
1.0347033349872622e-21
1.5498849827518298e-20
9.113233545525068e-26
6.4953448653996576e-21
1.4302135622418182e-15
4.621147877353239e-17
6.316030578003076e-25
1.5719048549448305e-19
4.6171566987564463e-23
2.6483043507987296e-19
1.3086884526101417e-21
1.009445285165327e-21
1.1100040889023403e-18
3.1053955099557095e-21
3.0899025343755986e-21
3.877344271093548e-19
2.7209220233832085e-24
7.950817944067984e-26
2.425680029741932e-18
1.9569979516494403e-22
2.656352629048653e-21
1.8874379057691593e-17
1.3985126562077895e-23
1.2587949633586425e-22
7.625966741058613e-22
3.0172326970282707e-21
5.9672294768255824e-21
3.1623662716404536e-23
2.1644083642859167e-20
1.371995835534849e-17
2.783464210716656e-21
4.4311060644113565e-23
6.335940229669668e-20
3.1010115216510703e-22
1.9246023014173924e-11
4.947990682038073e-21
3.4396518709812244e-21
2.9083888347052036e-20
9.985185717234276e-23
6.247690948365161e-18
2.2796256970103192e-26
8.78268825136343e-22
3.3045293531957303e-22
3.209307684505899e-23
8.139851101636408e-23
3.961627288943227e-24
2.17107447268109e-22
9.89972702083509e-19
6.116619683569027e-26
3.6805437524146314e-17
5.60262741754291e-24
1.1425226673825165e-22
3.4146000103489255e-20
1.290764205649525e-22
2.498867713603314e-22
8.652589640363157e-26
4.633894251452769e-23
5.52469207348766e-21
1.3415298716742693e-19
1.309441674085991e-21
1.5081210086170713e-17
1.0303629516620251e-23
4.267304844092695e-23
1.5042605867546467e-22
1.1585262719851433e-24
4.2214946032619054e-19
2.48970185240787e-24
5.688571183780652e-21
4.1867319957276827e-17
1.6686000830309567e-17
3.606740630118511e-18
1.4067377733180902e-24
9.617174028453086e-24
3.014488271782899e-20
1.1484869894679472e-21
9.466962069063326e-23
2.9378638501618817e-22
4.899389107011141e-21
1.4060167646079319e-26
1.8019669088881412e-24
1.866882453437276e-22
1.309805730465039e-19
1.3116952186433046e-21
1.9043075358269594e-13
5.1298957464956286e-24
2.0710332583070822e-20
7.776183275541717e-20
2.5759151834170463e-22
1.3230110145905368e-8
1.099055892967468e-14
2.5055719752235398e-26
2.9037618046030903e-22
1.4453071319288672e-20
3.9852230808867097e-20
4.1699278653988813e-16
5.577509650001965e-22
3.065306124707612e-23
1.3124273333569164e-20
2.8714952718088918e-21
1.7183556807696897e-22
7.689103224499788e-17
1.6681338122542715e-20
7.621046535661142e-19
4.247237312711182e-22
2.192199799441252e-20
4.676187337422172e-25
1.2664459918791301e-21
7.706219625598377e-22
2.3300416325345084e-16
3.1583106143677045e-23
3.689309377355412e-21
1.4967435086769981e-22
1.6564651455147235e-22
2.856522541405681e-23
9.496817503197479e-21
2.8257987242600537e-23
2.9004912669507585e-22
9.808357668946846e-15
1.1872115922826576e-23
5.5500097792511174e-12
7.680953064034453e-20
3.0422553648002866e-24
1.5764945437631302e-16
2.3969704612045847e-22
5.690577290828397e-22
1.2417187469196887e-19
3.3454555828103123e-17
2.898461700624029e-25
7.743759077265518e-20
2.4354820119506743e-14
1.628028254219025e-18
1.805393062291787e-21
1.353058312369991e-21
1.0868972002747264e-19
8.001600568395538e-21
1.2943425779942167e-20
3.4087746448783126e-27
5.307380612874366e-23
7.798506411717685e-22
5.888095296075964e-20
9.187892464671866e-21
4.683373611994101e-19
1.3817733643735894e-18
1.588776942301433e-23
2.1601735168305455e-18
4.337685209447825e-21
7.554017235131112e-21
1.7007084208423122e-14
1.0912601917409777e-26
5.142477177067927e-25
2.810345343496556e-17
5.6078246713811e-22
8.94678861485283e-23
5.78927502854194e-24
1.2646023938472647e-21
5.889366122812823e-24
2.4232607518292517e-25
4.993292639327422e-13
9.660237348989004e-22
9.05031782093535e-24
8.34352775660243e-17
1.4219342879795115e-25
3.993272871068805e-22
4.688625382530516e-17
8.309390307616379e-20
1.750212393745976e-24
6.294757814237247e-22
6.104836912617391e-19
2.3064314780537874e-21
3.811450490957352e-24
1.7699815012558095e-24
7.400092925732045e-22
3.923906112514292e-16
3.719096435514569e-22
3.6344565731819944e-15
1.3234775867124903e-14
1.489187333365284e-15
1.2124278940862712e-21
4.271342262295674e-21
2.60137375626562e-19
4.153959752831262e-24
2.5405585494211254e-22
2.8928565099753297e-24
8.351493687902688e-21
5.838749899229627e-22
7.855371036585361e-24
1.7687109334512978e-23
1.753581609114258e-14
4.713719020416308e-23
4.0030639958043745e-22
3.7031109416408933e-23
1.5464276399330406e-16
8.930053914535133e-22
1.9954337179094214e-18
6.78817090193059e-25
5.7496541450988626e-21
1.5156503440257726e-20
3.7384498966189147e-23
2.028112015172461e-24
2.72558255925519e-19
2.760783412281901e-23
2.123367562211255e-21
1.2402279597840674e-26
7.204481649733134e-19
3.187309395556298e-23
8.555994561836742e-21
9.483326404735067e-19
3.431289312337554e-22
8.122183298077648e-16
3.8736484137205695e-22
4.013571249098414e-21
6.461160710463064e-19
1.4758037043131108e-25
7.773199260223215e-22
3.391099716729584e-24
3.6055148772621425e-23
2.3957784489135456e-27
1.8277241016818794e-19
6.839847271221332e-17
6.25169111626296e-24
8.30933990822191e-24
1.6716824177320268e-27
1.0991698681592482e-23
3.960452023450411e-23
7.444536412001188e-21
1.6132644094714087e-21
3.1404153904451528e-21
9.870562322005486e-23
3.0584243117559153e-21
3.2895652777882496e-21
2.1760016515423126e-23
1.2373554352942703e-19
8.494060728628545e-17
6.711556229432865e-23
1.1899659078045839e-21
5.887563680414554e-25
5.140493468398344e-26
1.1653265686548724e-18
6.793177443313998e-22
2.2481663803652315e-18
1.1543961016783293e-20
2.3343824023097425e-18
2.006248019800548e-21
1.32124025811001e-23
1.8542599057178236e-23
5.030349746982394e-24
7.160478746921384e-22
9.152042144475196e-21
1.1219592289998316e-22
3.697956871336147e-19
7.795851969096946e-18
6.0683240262574126e-24
7.305857418141832e-21
3.218713231835887e-22
1.144316081516732e-19
4.402421294994894e-16
1.2432742012385873e-23
2.556856226506608e-21
3.222930451796961e-26
3.7435903516982303e-16
1.2205243250261232e-16
7.320572562432131e-20
2.474042354129121e-19
4.189197059733412e-26
1.8236681007750313e-23
1.2205497700867453e-24
7.90156260040979e-16
1.0424578798098882e-17
8.542694803078054e-19
6.547784865199301e-24
4.84551995224439e-16
4.300039141226594e-22
5.207839663597751e-24
3.7970794695763772e-22
1.0230368059550342e-22
3.6932742475210567e-22
3.474640167153952e-18
2.7970579087567027e-20
4.982070703916672e-16
2.5597311500737596e-22
3.823781086589201e-24
3.3084258120928825e-25
6.708987524606226e-17
1.008913966511683e-15
1.9032484788372113e-22
3.01185811656021e-15
5.2739646524875036e-23
1.891486570315602e-22
2.936371569106201e-21
3.071398469222472e-20
3.9731681271922117e-20
1.3899617913936194e-21
6.377553010945022e-26
9.22864878395667e-23
3.4779408993575944e-21
1.9896593656447886e-17
9.122026426190563e-19
3.288469087114257e-20
7.717383212746967e-23
1.8687516594950985e-25
7.47199475142795e-19
1.8893690360804879e-22
1.0765921035364253e-20
5.160921615146207e-25
1.7302182664550867e-15
1.782046985579168e-22
3.5689885250496284e-27
1.9827458516945182e-21
2.0026572262415004e-26
5.871984040836953e-23
6.231563955982973e-23
2.492747948636743e-24
2.1150353430459604e-20
5.720404853366189e-24
4.396533413228528e-25
2.749166803578579e-19
3.2793417239139824e-22
7.544101021565189e-22
2.657559993754789e-22
1.1395002013227418e-18
5.367738747711662e-20
3.532129143742954e-21
2.0770509748060317e-23
9.5909709597861e-22
1.543934817619984e-19
1.049533966354786e-26
1.889130165630087e-15
4.1397259893927577e-20
1.4818546175792965e-20
4.326210086863795e-18
1.405536485363078e-20
2.665005158315716e-19
6.663797946604045e-21
4.446114678998403e-22
6.517809427299222e-25
1.094237215614937e-20
3.7810416918498694e-23
1.2182852164479913e-22
2.7731573744808617e-26
4.0453217517501545e-23
1.2622112915654795e-17
1.37503515009749e-20
6.874827649652711e-22
1.1666864583275938e-25
4.463129085836285e-22
1.0390580776384384e-25
5.1638995449444504e-18
4.515087099530772e-21
1.7918494884643543e-20
3.535578745219917e-20
2.9332258655919536e-22
1.7461561413794312e-23
1.279577880088272e-22
6.951408018345799e-26
1.687223648555924e-22
5.754566809355061e-25
3.438349277841502e-22
1.0810315050842492e-23
1.152210999129178e-17
2.5320604859082618e-21
2.4124556400122922e-20
7.859844349452958e-19
6.105595156549724e-23
1.124512940210677e-18
5.391508869149644e-21
1.4817424889469632e-20
2.9624021624445894e-20
2.2893958726402202e-23
6.514445731101588e-20
1.6909808824191105e-20
4.565663811199867e-26
1.8392431158262132e-22
3.452608183613483e-24
6.833412503035421e-25
1.0571426685484809e-23
3.500503163282924e-19
9.013447515258131e-18
5.413528340759472e-23
1.951662061190631e-23
6.588332998664076e-29
8.217798350287229e-27
4.6202098806107555e-21
8.00546386507553e-24
2.6880126154791377e-23
1.914911445323557e-24
1.2682840570033801e-27
6.537895502087857e-22
3.7148897347868745e-24
2.2070885854084108e-21
4.054094130100777e-21
4.170630168279087e-20
2.303395801693472e-25
1.3987044849847995e-20
1.0346381035782282e-15
6.5748663061090705e-21
3.117032999723431e-20
6.276449104296678e-20
9.442682172029417e-20
6.219490568154886e-16
3.274498996261245e-26
7.202578846037185e-19
1.911485789726549e-20
4.832793320969794e-16
3.324637117203091e-24
5.158547724582562e-17
6.821311924322789e-21
2.1566192857296123e-16
5.867036518609907e-22
1.1080086176939208e-17
7.649439415783799e-25
1.2844228283275496e-22
1.7593779229948826e-24
8.064534138217541e-16
4.237979620212854e-26
6.38797109071446e-26
2.1800473542491574e-17
2.2721767301747464e-19
6.067359259773521e-24
2.239494719642639e-14
6.274037214072409e-17
2.721291881981375e-22
4.0232699223526274e-21
3.068441726883641e-20
6.275979891727422e-19
4.9290350825726785e-23
1.1885209923101893e-17
8.276207202503743e-21
2.086627697703371e-27
7.691727099909928e-19
1.1473870249111422e-25
5.880141784829396e-23
6.952734809052179e-26
4.188345664726959e-22
1.2293245344685225e-26
2.7040993263933905e-21
4.081005828164993e-21
2.7498009735449916e-25
1.4721633018458074e-25
7.367353002933194e-23
3.601426626215285e-23
4.167635330844041e-25
7.333936023600453e-12
1.2217489161349962e-25
2.936050647100455e-24
2.015033275368746e-23
1.0245985773123918e-27
1.4549509288356743e-19
2.51087352332261e-22
5.1720042828857673e-20
1.035095048539925e-18
1.5349246819920352e-23
1.5658358401996518e-17
4.494672227389019e-22
3.731574685191573e-23
1.1435597932528612e-26
4.749354927842977e-23
4.505738950513521e-21
8.283360716362595e-25
1.1238116404293413e-18
9.803939010023256e-19
1.7933642798717386e-18
1.401466086203176e-28
3.4074726757521747e-18
4.210666965900382e-14
1.774069575164492e-24
1.605728023778376e-22
3.56054800290251e-19
1.7561338484720705e-16
1.0081284294015412e-23
3.5698610150338317e-28
5.209191249063353e-27
1.5310555206584426e-19
1.71677582034879e-21
7.833056713370803e-22
3.201454188847572e-25
3.3756284817704536e-20
5.449669383574547e-20
2.2091950175933176e-22
1.7074318556156684e-20
2.8136367655218134e-19
1.2502078361783794e-19
4.601569518093139e-20
6.515933070754063e-18
1.6128952110790486e-24
8.224356818764314e-20
1.1932390905005686e-24
4.4118801248232546e-20
4.848401936971599e-21
9.181094671592379e-23
5.150955842787346e-22
1.3087870128023017e-19
2.174500767561545e-22
9.58696477976553e-19
8.062794699979938e-22
1.256029330801177e-22
1.8407606805566885e-20
2.3635694745968635e-21
9.863020741719358e-19
3.9270132278928245e-16
3.3120312658228e-17
1.0407194214451336e-23
1.2054634008740319e-20
5.4669476435253705e-19
1.628804857588377e-22
1.477526443919761e-25
4.93495876490086e-23
1.0548302577531488e-19
7.193166361664708e-24
8.475346244434939e-22
1.212153380270518e-24
1.773618607389603e-22
9.093084028280156e-26
1.2717993442786221e-22
2.501781183343411e-13
8.807832717036628e-18
2.1599434555398757e-16
8.213093021176314e-24
9.876443802908089e-21
5.541212048643702e-21
2.355147788257483e-15
2.4023794894182533e-22
9.086882758022044e-20
2.3164472903080078e-20
4.025695878906721e-23
3.148308796627742e-27
2.5792241094868207e-19
1.4988969729675313e-19
1.823024847239571e-24
1.503954494042198e-23
4.4128736488346185e-15
6.2725025972304e-23
1.6935248362774568e-23
3.4029287237251764e-28
3.858199724037888e-17
6.539283207797258e-24
2.250721603057967e-22
9.664488018888733e-25
3.243171979691265e-17
3.017681201274938e-24
2.902733768421935e-17
3.0217168608807987e-21
1.010737070324809e-21
6.678331855712085e-21
6.766500538097174e-19
1.1729358514609904e-21
1.656095238743874e-27
1.3888521842233932e-23
2.0042937218527462e-21
9.634475023240806e-27
1.749050421194145e-24
1.1267155326366367e-17
6.415073951589752e-28
4.977058308098135e-25
9.372791435761462e-18
1.5341074527806591e-21
2.2409936021315517e-24
1.887932795813958e-23
1.1912051191270385e-20
1.6134241807946335e-21
9.779851971131675e-20
1.0143383289218476e-22
5.2171097156992505e-25
1.9917193828114208e-23
5.1714512996902565e-21
3.271472837182001e-27
1.0369643124931375e-26
2.778958284031873e-25
1.6103100850411137e-24
5.561265091219457e-26
1.9061058566322065e-26
3.9500231103701497e-29
1.1033188176027881e-21
3.8587609171219246e-26
1.4112400430175156e-19
1.7658489155316377e-20
1.6587213392887316e-24
1.140600972984342e-20
2.206715913191188e-21
1.2826913140993942e-22
6.286936765728305e-21
2.182929118994102e-22
6.184347393879524e-19
1.4949011598996852e-26
3.839128908834613e-29
1.0091734822946642e-21
2.2003009831859168e-13
4.637568000582142e-23
7.92586346082108e-27
2.7752907780532596e-21
3.289266669037304e-23
1.1972112314772116e-18
3.9285016954800035e-23
7.609627591762495e-24
1.192477011416292e-21
7.098180978618684e-22
1.533637878413512e-18
2.1004950752225574e-23
6.116327950113372e-23
4.3258200973540384e-27
9.224471809734145e-24
1.269148789749917e-18
4.472094727987745e-25
5.483455825533039e-24
1.086185614952143e-20
2.2276078783483647e-21
2.09078489497227e-27
1.749635716314238e-20
6.519275779413906e-18
5.371714610976932e-21
1.5962937737235303e-22
3.549198201020691e-26
4.2057760028276755e-24
1.6673030923305058e-25
5.2245159011624885e-23
1.1158380451661146e-21
2.3718489135041074e-22
2.4833839836055632e-23
6.244497528588936e-28
9.008710128575777e-22
1.8284680360372093e-18
1.988267194308343e-24
1.0230897858575888e-21
1.0600005468726402e-26
1.3401662300804569e-28
2.034628861459543e-20
5.548613804083848e-22
2.1911605923270878e-20
3.89308342150707e-26
2.8374407293543005e-14
2.521660509409802e-28
5.321470433323772e-23
2.4071932498738565e-29
6.410071571299571e-20
7.311310864641503e-20
1.0093228968781706e-19
2.7439972179087277e-17
7.830605953789103e-22
1.341490230258714e-20
1.0538790238966935e-20
4.2143900254699905e-24
7.809906398838909e-16
3.9503874685829426e-25
3.0151003156747986e-18
3.778359528959215e-24
1.1538941532986815e-23
9.021935452717214e-22
1.6053471172680769e-25
1.4336424784345732e-20
4.176200710138296e-21
1.0326999254441619e-23
1.2276732743787012e-11
3.691048448477155e-27
1.4953315192672872e-27
1.1215692866872175e-22
2.389509253158763e-19
6.427723614350219e-20
7.602946344607166e-25
5.856982379788263e-24
1.5935389405162758e-16
4.265491983350734e-22
3.7260428291450714e-26
1.3768983819102143e-23
1.4870061074091833e-21
8.094975501578988e-21
3.4942441194471144e-15
9.000542092968817e-23
9.014196788791155e-27
5.278776431343682e-24
2.519800519611538e-21
5.311922513838039e-24
7.384976874550755e-27
1.309865066282997e-26
7.390451010847948e-27
7.622760718357793e-22
1.6030559880566124e-27
2.59603752809604e-23
1.770235345218743e-12
1.405836178002471e-22
6.700350581412014e-20
7.387700605400561e-23
3.288205881468719e-11
1.5338334330537862e-16
1.4093284939649314e-23
1.1366507764473419e-27
5.808410332366138e-23
2.19316019341405e-26
1.6182055187764203e-21
3.76857835570226e-22
2.2760855273726703e-19
3.460694239690215e-26
2.87127939142125e-21
2.2304735212951812e-24
2.2328824147039306e-29
4.1904161209605526e-22
