1.6251524297530312e-9
9.982454287559427e-11
1.6805354004976434e-14
1.6606487089567807e-13
2.0278949751335803e-11
4.3808363498766e-9
1.095668125747729e-14
4.6015946886623025e-12
6.937464915999372e-13
1.119364876772961e-10
6.089220842312288e-11
3.81668885704813e-10
1.0024807415099996e-10
3.655009586836909e-10
2.546787540200187e-13
9.020861943564814e-11
1.5340044739144118e-11
4.937295718951869e-12
3.5040952098313564e-14
1.244530443148604e-10
1.2273583138616635e-12
2.992452450059062e-10
4.2421581641858795e-13
4.223356778962802e-14
1.4917417092019683e-12
9.474061525101272e-12
6.277201374779142e-10
9.19701116983816e-13
2.2464143178172734e-10
9.63350876465607e-15
9.718131756222554e-14
1.0978511844645516e-14
2.1139301589733957e-11
4.179314943482456e-10
1.0628408038550082e-12
1.0407986471357015e-12
4.577025035634401e-12
4.859710430886533e-11
1.864571824004074e-10
1.4274683523083871e-11
4.466418022657322e-13
3.537546086602471e-14
1.098646274285815e-13
1.5262826575377515e-12
3.685551302197444e-11
2.182408016463437e-13
2.8339660359983544e-13
1.52107476057269e-13
1.8359037954643347e-14
5.090804652254194e-12
1.9437400563765843e-15
3.331249132874396e-12
3.902516787905833e-15
5.144934531186824e-13
1.9405855812018313e-11
1.1016364364398196e-10
3.856360182796892e-14
3.136756227026548e-12
4.5784774039576243e-14
6.067718298931733e-13
6.268287753196312e-12
7.618815120684106e-11
7.795709727861864e-11
1.3323304913284157e-14
1.1122544975072303e-10
1.7685206593802132e-12
9.007382347064236e-15
3.2125313229071424e-12
2.7014905560178224e-13
2.283146168726242e-13
1.1189793321056472e-13
4.890880152418806e-14
3.6127889218262815e-11
1.3335513953413309e-11
1.6378545651293022e-14
1.130170301793906e-14
2.5424911245572597e-11
7.867288133939822e-10
1.0707620796976549e-10
7.450262498032715e-13
1.6265682188760197e-11
2.3121489094487785e-13
3.4827723208029056e-11
1.6883153942657856e-10
2.882984858673706e-12
4.67442562222679e-13
2.4485568751979127e-11
6.011921617774626e-11
1.3585469179329658e-14
3.793970901479776e-13
9.781688274900381e-14
5.006992857308099e-12
4.5530868930344976e-11
1.458294334222966e-11
2.267576521132203e-11
1.02518375686315e-9
8.867270935131773e-12
8.113247051911493e-11
2.7729352390647585e-12
1.617127417444005e-10
9.668755363993995e-10
1.337830295970342e-9
1.555637197803946e-14
3.63560985977273e-12
2.0749270482446043e-11
2.3227641930329936e-13
2.7860888983021213e-10
6.39142549141869e-14
2.3947078200222296e-13
1.0668817320292435e-15
4.3576774335645864e-11
3.343168039991831e-13
6.628796951474052e-12
1.2870790512241608e-11
2.3860060311979205e-11
3.898634869698393e-12
1.758336872618866e-12
8.81911930455586e-12
8.379123215818492e-11
5.792465598945574e-11
7.120963839356981e-11
1.6620298097436208e-12
1.4934523997144079e-10
5.301407828638417e-10
3.5071510374024055e-10
7.717189335159284e-11
4.0117256195271144e-14
1.6659600272346249e-13
3.566309995225116e-14
1.7811955242783973e-10
2.6295712880473747e-12
1.101249285092312e-12
5.603919012240274e-11
7.451126196164378e-11
1.2397066496943382e-12
3.624818578384846e-11
3.5007865232956263e-12
2.1997788725575436e-12
5.273973525056202e-12
1.51758162511735e-13
4.1873142390183326e-10
2.1030010108679233e-10
1.2933928771507e-12
1.5559912807321534e-11
2.929666087162572e-12
4.8334433168188866e-11
2.118582018658393e-10
6.769127061397203e-15
2.0979337116515316e-14
7.66278699641516e-12
1.9395412941845717e-13
5.511240407861831e-14
5.088904477363738e-14
6.455061007686703e-10
5.413140102430808e-13
1.22460160138861e-13
1.4969709407135428e-10
1.702554069883718e-10
1.5945458143260606e-10
2.453572503592459e-12
3.9824934753242495e-12
1.5205065190826794e-12
9.533294121139989e-13
5.841315870523723e-10
4.766616454117359e-11
6.671759452197495e-11
5.69248816885826e-9
6.058011911855801e-11
1.8966500940695056e-11
1.197684384218641e-10
3.5756139585594758e-12
1.3270611918278051e-11
2.577114225042183e-12
3.063845600037328e-12
5.242139790015141e-10
4.894503872094817e-12
2.1040305593102952e-10
1.1932826257028448e-10
8.306561624219949e-12
9.113554522327847e-15
5.297151726494073e-13
5.0656371602967776e-12
7.587739076793015e-11
2.4331844795405296e-11
4.616615047700607e-11
3.808479531958786e-14
2.71563808808459e-10
8.448203648479769e-13
1.3735172789540456e-11
2.59760551058693e-13
3.2930521091417306e-10
4.0300961553149595e-12
1.2603183903156706e-10
4.4257198819042056e-11
9.541501917086331e-14
5.278162330389457e-12
1.1719991830250625e-11
1.1366692202648329e-11
2.957719584787379e-10
6.952154163473684e-11
3.0965129078702206e-11
8.055453319174981e-10
2.1984386611180018e-11
5.450743824006623e-11
1.2992724176463292e-14
6.791891931737173e-11
1.6990086052911424e-14
8.433631821625625e-12
3.598136271017931e-11
2.7648577857659047e-11
9.417709204874172e-12
1.0762927236117989e-12
5.2574556603858874e-11
5.551499444711446e-11
5.533981162346695e-11
3.731731471076691e-11
1.279835033594226e-11
1.372669900077721e-12
2.2202905009631693e-11
1.6633194525996616e-10
2.189914586278732e-11
5.242220933355285e-13
4.3311912137730214e-11
3.6479840029111674e-13
5.639543039885239e-13
4.969851957406631e-10
4.849580450805552e-10
4.8217871455114815e-14
2.0892192127497423e-11
1.2089856190332417e-10
8.065416143407569e-14
1.1222600466769007e-10
2.4433444138218097e-12
7.035092137482993e-10
1.815756805984615e-12
1.7922444920696294e-13
1.1618955002663154e-13
5.849669121554921e-10
1.1956364778217362e-11
2.9428694056445646e-11
4.968458283761698e-13
9.040300572183613e-13
1.9663293413569043e-12
1.2196221439452658e-12
7.889654551181968e-11
2.7061988614574676e-11
5.772267389498147e-11
1.1611277988460531e-10
7.899898049785671e-11
1.620647046054669e-11
9.378455021277823e-13
1.7415797641371737e-10
4.4319973655600877e-11
8.33820203145785e-13
8.514121584010281e-12
5.140853080905724e-14
3.207224369755512e-11
4.606699227905396e-12
2.2557400915877224e-10
8.494206071233666e-12
3.809152510082213e-12
6.540801362666425e-11
3.1592253107582712e-12
2.112392082384825e-15
3.6769945629994464e-13
1.2226496731564605e-10
4.2830418426780003e-14
7.161918741861267e-11
6.115582487097797e-11
1.6556999672086456e-10
5.682233277813146e-12
2.282450551117967e-11
1.6278293357952265e-11
7.511615094706586e-12
1.2769080047505566e-10
4.272819046987721e-14
4.380553015064894e-10
4.687884276467405e-12
5.888417851928958e-11
2.275182345158999e-12
9.554402372535169e-15
3.453061778925897e-12
2.0667798330420873e-10
3.330268751980476e-10
1.0860519047362317e-10
6.937835773293884e-11
2.407311061217902e-14
1.1956210121055643e-13
2.9535571933327742e-12
7.988107922131329e-13
7.593520564358414e-16
7.113867909015141e-12
2.6486798975751493e-14
5.376077694159299e-11
1.3679267724277414e-10
1.712277232288632e-15
4.4616561947322303e-13
1.1841632529088032e-10
3.1120045861679758e-12
1.435679123477377e-14
1.4241302725901128e-14
5.111302701220927e-11
1.2834659005368207e-10
5.544323705838915e-10
3.504742865360442e-12
2.1381679117148577e-11
9.497920237006155e-12
2.1514528600367774e-12
7.794792751767929e-11
2.060122333496612e-12
1.798182549582962e-11
1.1121580543691513e-12
4.76914102956736e-14
6.627270774002052e-14
1.0704827365248091e-9
3.302688943418309e-13
1.9586520211310568e-14
1.7845552541021218e-12
1.5786593532572478e-10
9.48888950282316e-15
2.2038558265341814e-10
2.0270726337231354e-12
1.0136006778416211e-9
3.267470868128641e-11
4.23250902303603e-13
3.6354869461857216e-13
1.0953156903996837e-11
8.575006953058364e-11
3.6189669586448304e-12
1.944267612674797e-11
5.107579250308755e-13
1.7972209376365305e-12
3.355630445436694e-13
6.036772229098029e-10
5.240316683684386e-10
2.950355728411275e-12
2.771321824839092e-10
2.1916231745482812e-16
7.690840294835202e-11
2.609804942518225e-10
1.8343927948406222e-9
6.842011453573262e-11
5.290200462711534e-13
1.5286682709350176e-13
1.5031312824192382e-12
8.07011454176462e-11
2.743921159215556e-12
6.028506592197751e-14
9.357349655414844e-12
6.8612104654130145e-15
8.337889986566166e-15
1.3020411936076446e-13
2.5854612635878418e-8
3.0022123290655106e-13
9.999205112548827e-13
8.361934434984403e-11
8.631075738727932e-11
9.594519445821876e-12
7.571136004177976e-13
1.6927044678039546e-13
1.3398349742145179e-12
1.0293299116292106e-11
6.490365563168018e-11
2.689926374051921e-12
1.8144416395396703e-11
9.650219273574073e-12
1.7273911564232553e-13
4.5643231831180825e-12
8.413312200934908e-13
9.137967653211218e-13
5.1331454853748094e-11
9.820080115483839e-13
7.144956434158649e-11
1.225358194161001e-13
1.1882322353056656e-10
2.0183894755818876e-11
4.357170874459621e-12
6.129240623825495e-12
9.822212094381866e-11
1.294373083577698e-15
1.815219213243764e-14
5.190432419235684e-16
1.190106018856278e-11
1.0425728466742658e-10
8.905588329962121e-12
1.255595538741514e-11
9.323655125516394e-12
1.8780879434413763e-11
2.1302748529968488e-10
2.2842089173894903e-10
3.7874618562529096e-13
3.5704937868657766e-13
1.2570874587931289e-11
2.6942793055379695e-12
5.782338919599994e-14
8.255988127258389e-14
8.874437628954377e-13
4.573408359797404e-13
8.376130616222587e-16
1.4296619496816423e-11
3.3166443837946753e-13
1.2050635698411116e-13
3.169519251600225e-14
1.6618175742435266e-10
1.748797185231581e-13
1.6096028729957385e-12
2.2569306368496907e-14
1.0907823620928638e-12
3.0370707851887606e-12
2.990936830954297e-15
1.0759361103290466e-11
5.1229391831858015e-12
2.035961446329938e-12
1.2231725086886547e-11
5.587011689538181e-13
3.117899193976596e-10
1.0685873406056915e-9
8.657955971073916e-11
3.06648129646536e-16
1.6500031875140008e-10
2.290258168423261e-12
1.4597580208559855e-11
1.438039814120668e-13
9.995639660717854e-10
1.7920954808583365e-12
3.202715701018884e-14
2.814956828972671e-11
3.985569929990574e-13
4.965587546918606e-12
6.860021214286896e-16
2.1270691375999847e-12
1.77056170725025e-12
4.668123574332901e-13
6.589838859240129e-13
6.07213209426612e-11
7.485372725089716e-15
9.66588035740815e-14
6.544926264021865e-15
8.27259319854892e-15
2.0238867608794955e-13
4.688988367480325e-13
1.4188246518115364e-11
1.3377562557805813e-12
1.0523999127058202e-11
8.105419120944777e-13
6.652083831044209e-12
1.383329163594685e-12
2.2413255182984502e-13
4.549719570578817e-11
2.8163692264692954e-15
2.911038355968781e-13
3.9211689316679773e-10
6.831184277114747e-14
3.0773589483367076e-10
3.1191422078292897e-16
4.3395675395008585e-13
1.2837301738014067e-12
2.329526826267118e-10
8.065135641388614e-13
2.6358748210882057e-10
1.493710741658197e-13
2.362566176999425e-13
2.108007207642861e-12
5.2850869070711414e-14
2.028059376728778e-12
4.95010764097343e-10
2.822089831220068e-11
1.563828546243021e-13
1.4238515419067481e-11
1.4605986296310318e-10
8.940555595056802e-14
6.246134519032498e-13
2.280321000104194e-11
5.977603683731247e-12
5.597304243162541e-12
5.361166564424622e-13
3.809037575358137e-12
5.463871375081622e-13
1.6769338776321558e-11
5.487529232369961e-12
4.4140739238582245e-10
1.200801017554679e-14
1.2229376068307603e-11
8.902775639788976e-13
3.689545409839682e-13
1.3160106156226015e-12
1.336629438259922e-12
3.185340092324824e-10
3.642366487200442e-10
7.1645735329761396e-12
3.743973785298207e-11
1.0434908075353853e-14
5.560734785055412e-13
1.240189762678872e-12
4.974051060485327e-11
8.502389188836706e-14
1.0796797004504001e-14
1.1410728129453093e-11
1.191781555218126e-9
3.205655658456917e-12
8.907083933663692e-13
3.521679380720726e-10
4.568409918690996e-14
4.33494526204501e-14
4.409518139685601e-14
1.1191250289675346e-14
2.6975406692439987e-11
3.0013075281016525e-11
7.512010147970829e-14
1.1990633568199266e-14
2.870472031381242e-14
1.1198209256945969e-11
2.5964371975372145e-11
4.0756585435853953e-13
1.963515162150218e-9
7.795282020548947e-12
1.015555474189814e-10
2.425322022370136e-15
4.866687170317191e-10
2.4046054527763873e-12
4.265146900353716e-11
7.94984265120256e-12
2.4599875880333642e-14
4.811683984065747e-13
9.011149915485676e-14
2.2596733536787074e-14
1.58817953054367e-10
1.743960173684762e-14
1.1651490875671204e-11
4.789059172944963e-15
3.6510815056560355e-12
8.117138518047967e-13
3.3322592009944495e-13
5.746364256642266e-12
1.4895464955713665e-12
8.21846904546365e-12
4.767191431824044e-13
4.314099941854456e-11
1.5800611773345284e-12
1.561656610588061e-12
1.2428811221518104e-13
8.796607348950245e-15
1.6208869144715247e-10
3.860679853721848e-10
5.7296702292640194e-12
3.881418024593204e-15
1.5855337196175562e-9
2.2508018116675422e-10
5.829376547925138e-13
1.4570141590264484e-10
5.8310567805891885e-12
4.514085204134841e-11
2.0369420735309567e-15
2.3777897036671323e-13
7.094431355786435e-11
1.0650840339554471e-12
7.976357328740425e-15
3.079447091787326e-10
4.068018537140482e-16
2.2169150069758083e-14
8.74959345092887e-13
7.144766045453829e-13
1.0869866997326893e-10
3.3514746745135685e-11
1.8193898924916473e-8
3.570231630232074e-10
1.0098131988987395e-13
1.2188324058460192e-14
7.093661605974011e-13
6.514634020020356e-10
1.908198339731516e-12
1.1099361294710213e-12
1.0793766375499966e-12
3.005176905180302e-13
1.8458477022525068e-11
2.4042448684862666e-11
1.1555665617091777e-12
1.412026529513007e-12
1.0762032350059742e-11
1.466667191233588e-9
1.2155090074216442e-14
5.83999057243463e-14
9.872629379682463e-10
3.7171331145338256e-11
3.6035451257503595e-13
3.5816877261822386e-11
2.3414511376292677e-12
5.842244313226792e-11
2.107016450888446e-10
6.093617890679184e-11
2.8379747955571335e-13
3.276480504226159e-11
3.6800655438565957e-9
4.443300052052354e-14
4.350745986983005e-12
4.897889194563361e-10
4.084996402291908e-12
1.7032298459288747e-10
1.7297209372505578e-13
2.453536622185563e-10
2.4710613434493618e-12
8.577422098315724e-12
8.528014735429857e-13
3.3299426278022586e-11
5.136974697204419e-13
5.472164970930795e-13
1.1137768841939192e-11
1.385703467755192e-9
2.4829436532821987e-10
2.1799355607677079e-13
5.4414579231323654e-14
1.6690830474806853e-9
1.1261507465418388e-12
7.29470303808196e-11
3.158908367973827e-12
1.1022630824887286e-14
3.6780778163688143e-10
2.5166490397572814e-12
1.5496960177867294e-10
8.828136331388366e-14
6.05201582345077e-10
1.104822787814616e-11
1.8131580175669555e-14
1.4467256778055024e-11
1.3068620250528884e-10
3.675820250864522e-11
2.307921220608794e-12
3.847639909969099e-12
2.1276028375513775e-13
2.429090115404667e-12
4.576959213325723e-11
6.25033169784795e-13
1.2402001655996768e-12
9.45809752352722e-13
2.8565029307947918e-11
1.088294724116512e-11
8.905027718158478e-12
2.2662576601634813e-12
5.006764418069542e-16
3.6613934264938596e-11
2.0467222999888342e-13
4.323363073068386e-11
4.31707656905713e-14
1.264741848728098e-11
1.6198847022043462e-10
6.340631599985234e-14
6.91219521386016e-13
5.848173324234952e-15
1.788441458547331e-13
8.553998095854251e-12
1.9719224532102326e-14
1.6626073309325566e-11
5.95553441398151e-12
4.1972994210907496e-11
3.584856892690443e-15
1.01933144452375e-14
2.8388519603310237e-13
2.1544121906935273e-10
5.093873905179891e-10
3.01228497361943e-11
1.0816573546364087e-13
2.0546831400896275e-12
3.9687003376485176e-14
2.0123845898829856e-10
4.217327284396178e-12
1.1257806647194237e-13
2.1883077938235987e-11
3.3716517817027604e-11
1.998382650795136e-12
1.3025954497881783e-13
1.9906977699029994e-11
1.4457664268378132e-14
6.206424777061076e-12
2.7258142372211758e-14
8.205569411369257e-15
1.5706792978102999e-9
1.2760133289649602e-12
6.876940201154447e-12
1.5974683945996202e-11
3.644088518249276e-12
1.6616572374666735e-10
1.0773528480544193e-14
1.159840218177812e-10
9.624329212861271e-13
1.3397774296633625e-13
2.319386147323659e-12
1.614000511058723e-10
3.5067794499577813e-13
1.5487987597763538e-10
1.3218656315547385e-12
1.069328604678066e-12
3.116662729636488e-11
4.628099844840028e-12
8.668714359266438e-14
3.219646157490319e-13
1.6185427157119253e-13
4.724669495564785e-13
2.96361269047982e-14
5.694077494711412e-12
1.1726400888949374e-13
9.144685010744431e-11
4.669548784824695e-13
5.529031754719552e-14
5.2032155806228e-10
3.47775291872369e-11
1.204427521881972e-11
4.697328509711374e-13
5.278863012797868e-11
4.59840173918486e-10
1.7776729569174205e-11
4.3863753700789603e-13
9.55343715419329e-12
6.836016177448409e-13
5.944886698721189e-15
2.3242032143315734e-9
6.974915332671491e-13
2.1389550604447456e-14
4.744629361569239e-11
7.763998595256481e-14
1.9018042141980936e-15
1.4694607119467063e-12
3.034484212119925e-12
2.1498322599990172e-13
2.444796017378965e-11
3.222406664785012e-10
9.991906165107937e-15
1.3541843872053594e-10
6.1903227150024736e-12
3.216912645363302e-12
2.8155451486464614e-10
1.7446759210322167e-10
2.2968696877401242e-12
6.43303974417045e-11
1.791506685656139e-11
3.913598841773195e-11
8.65568957234602e-13
5.788885351017112e-10
2.1948045856962932e-14
5.249374482663921e-13
1.4600259479361727e-10
1.4772117847670236e-13
1.555406756573101e-13
9.6846872991489e-11
1.5570086981446083e-14
2.3321934509217342e-14
2.67339998708901e-10
1.7751903819041494e-14
1.948922504082129e-9
1.3558204214107686e-10
1.4120033596118967e-10
3.734547551905869e-11
8.802920299687546e-10
2.827843064995443e-15
6.730280549031987e-14
2.1771569185508728e-10
4.672338289878879e-12
8.900225626734171e-11
4.323802945387058e-13
2.2561232322010957e-12
1.2089230763863864e-12
6.468711770185665e-14
5.039209232942941e-15
1.3772715501700268e-14
2.5309065698691786e-12
9.040899556049401e-11
2.958761074338079e-12
4.0867891590044633e-16
7.69450074314573e-13
4.746439560663955e-14
1.1533153883216292e-15
6.015183227956963e-13
2.170756811533181e-14
1.8363035177725524e-12
3.650090260187472e-12
8.781369738721048e-12
1.835201127512293e-14
2.4641110120540566e-12
8.387198252436771e-13
8.355122753367897e-10
3.4685878718265007e-13
1.7960432525498827e-11
1.7190407737218289e-9
1.5736076171003432e-12
6.443660112747282e-11
1.0366264809386861e-10
1.7987941203659138e-11
2.113274701073301e-9
3.569034754353397e-12
2.792007613453291e-12
1.8275468014293422e-12
4.082261066856674e-14
9.911996622605183e-14
4.09115787791542e-12
3.2063346876644446e-14
1.4499908236291993e-13
2.311248233569941e-12
1.756281106226489e-13
2.7289202175833627e-12
2.5467371435984044e-10
2.5283795127638976e-11
1.5687087959694574e-10
2.0008806651856822e-11
4.722103066758838e-16
4.4783773489596794e-10
2.024730934593465e-10
3.7383516849642227e-14
2.033135026113877e-13
8.058317486831022e-13
1.7438227198925564e-10
2.377705821755683e-13
1.8421607933834836e-12
1.3787443794728954e-10
1.6813397259560412e-13
1.0109781406908579e-10
3.588117585753413e-15
2.270743065379268e-10
9.378193768370719e-12
7.166359971660691e-12
7.61622421454473e-16
8.899457914038794e-13
1.681270260310814e-11
1.0426125157854257e-13
1.0907750387608276e-13
2.387671372130311e-10
3.8737470965586065e-14
1.3871857743407024e-11
1.6823727373317234e-11
3.2151878889867253e-13
1.7328282469721443e-12
2.123635127395255e-14
4.16274407575397e-12
4.092557629764186e-14
1.259842789107327e-9
2.441016816262337e-11
6.091172131862673e-13
1.991879652679398e-11
1.611527973249002e-14
2.343075262313405e-11
6.804325641582234e-17
8.264521794616998e-14
4.277231405482827e-14
2.3274855212658363e-14
7.856414455382638e-10
1.0323121495944185e-11
6.55687839058961e-15
5.395688632551782e-12
6.3455856601178115e-9
4.5284184035965685e-13
5.421669083863295e-14
1.159202983211819e-13
2.7030792584739317e-13
8.170146899905779e-11
2.113988858603715e-11
7.433329494411577e-14
1.0746508421945364e-10
1.8137853122327575e-11
3.8456529244340295e-11
9.831940531416488e-14
1.6906416597947033e-12
1.0096087159222036e-10
1.012207748298109e-11
1.933035898499072e-9
3.1545137262138557e-13
1.7944129066113637e-12
4.3822993312179535e-12
6.817956159114552e-14
5.5343634234602546e-11
5.860702261534073e-12
3.560296252571207e-13
4.4615625209607615e-14
7.238327064134809e-12
9.488627761725069e-14
1.0615959096469727e-11
3.433345933546655e-13
1.8205320247429582e-13
1.3620342296967084e-11
8.627520631963156e-11
5.187011511520646e-13
3.075127321855609e-15
6.755230705113623e-14
1.3069579075065238e-14
1.0191727538323893e-12
1.3420896759280061e-10
2.7652002043087814e-13
9.544179614506574e-16
7.309689391275147e-14
1.5575124572070972e-14
6.142627875120917e-14
1.4550993806199685e-10
7.161810767609208e-12
7.965969150949778e-13
1.3354710848427287e-10
1.9587497177286152e-15
1.9739624539947094e-13
1.4357460539631878e-13
2.0001362441842127e-14
3.210014663473577e-12
2.4032028463993072e-14
3.3776175158005226e-13
9.84034882993517e-13
1.535205084654715e-10
3.705930558835373e-13
1.825139468680321e-13
4.919976392720684e-11
8.72696465496526e-16
4.0254128365537943e-13
9.911004382683897e-15
4.5754466554627005e-9
1.1775863062066135e-12
5.103905846361666e-15
4.0029310730715325e-11
1.101290552440088e-14
7.444563012684485e-12
2.2057009453968065e-14
2.0835159866564202e-10
4.777559432117037e-10
1.22430341028819e-11
6.684082997205205e-15
2.8480112564215604e-14
2.3913900593266234e-11
6.920670667236888e-15
2.390459592301897e-9
6.28693295278528e-11
6.680853333583784e-13
6.553770893832491e-11
1.8464937385095882e-14
3.856150713858688e-14
8.627141304765486e-11
1.0710685869561754e-10
2.743478603843163e-13
7.090237442475137e-14
7.042192409097544e-12
1.1213800649855425e-11
4.333492571326607e-13
2.5271139767474886e-11
3.957247814577587e-11
7.785497734825457e-14
9.26446581778209e-11
1.9354653584927578e-11
1.9772288419589154e-10
1.0347828931988835e-12
3.415126852087614e-14
2.9166446958162226e-13
3.231116596728024e-12
8.631142334122887e-16
2.192620231019461e-11
1.0959665406304295e-11
1.0797421165809893e-11
1.6987633867903938e-16
7.206560399597599e-14
1.744263429476132e-8
3.292090093285813e-11
4.946385920895126e-11
3.28720155458605e-11
7.420403844687126e-10
1.3665593137589286e-9
6.519818249958483e-14
6.185552684638383e-15
7.737138721881775e-14
7.542306262101478e-11
5.165322410117099e-14
3.277725126553933e-14
6.551894750008486e-11
1.0656870130552932e-11
1.332036755865043e-13
1.8315811320515963e-13
6.192677118032235e-14
3.5239441157126515e-10
2.5463666170558395e-11
4.020979093375596e-11
3.2127543442926565e-14
6.0939875023843664e-12
3.042499707292214e-10
9.617528835216955e-17
5.75106236572119e-12
1.825134230067643e-11
1.4844003932439109e-13
8.497434597058195e-12
4.2347235390853796e-10
9.903463151650846e-15
6.479221306132381e-9
8.23802152157342e-11
1.3336930615202824e-9
3.479562289859426e-13
3.3806223901853563e-15
2.636016402900572e-13
6.506627292631955e-14
4.588142527824766e-13
1.0922546267047317e-13
1.9685502559342182e-10
1.3321894225246147e-11
1.3470348100255902e-16
1.865931488761245e-10
8.446775056095298e-13
4.092592722882256e-11
5.0827176762832695e-15
1.9312824116745862e-13
2.356106783441087e-13
2.144696063623869e-14
2.4804775326810636e-12
1.2556708191838299e-11
4.3369045033641495e-14
1.5191747975366863e-10
7.539989313138023e-10
1.6851684297010578e-16
4.136238447811519e-15
4.0424834682872964e-11
1.1787930956511949e-11
1.9247246523752166e-12
1.9644375246682007e-11
2.75323775210069e-14
2.699496048368453e-14
1.0859798357594964e-12
4.4787313012230246e-15
1.71673967121636e-11
1.1169320571478228e-13
1.1496889909467385e-14
1.1208681825638037e-11
2.1680584317038076e-12
5.2874021470213406e-11
1.5125740643722173e-16
3.8172965478861086e-14
1.8371118579476962e-14
1.8745625528006328e-13
3.9090352257716534e-10
3.515653530874961e-15
7.393634033033862e-14
6.426063326857431e-13
8.655494405456677e-10
3.8253742511635845e-12
3.932095544572377e-13
1.6185413153336214e-11
1.1735280597375495e-13
1.5633089194961075e-12
2.360038792057815e-13
1.8138821497883817e-14
9.771480696829461e-9
2.2480198511360803e-10
1.9214724408411726e-15
1.8912696916054166e-12
5.2556817659551216e-11
7.988421022995447e-16
1.1290528376924819e-16
1.0215064895434377e-11
2.436146896623367e-10
1.1249710450010206e-13
5.434033682048043e-10
6.200045214771552e-11
4.0106266428864126e-10
6.017965225150445e-13
1.0031578484876754e-10
1.3918627235228105e-13
2.939298300214552e-11
3.4210270385653873e-13
1.7508517205870627e-10
7.201919558442727e-10
1.0505029268768402e-13
1.4641510177673904e-12
1.0035906743908798e-10
1.5107097446087074e-11
7.069569401119426e-11
1.5624947574883365e-11
1.1360850720214706e-14
8.804802508767713e-13
1.7658990090923078e-9
1.174229665855775e-13
2.6471528982957962e-14
1.1651343369466625e-14
9.962587769276478e-15
5.682238607012488e-12
6.4396451948215484e-12
1.568845367425606e-14
5.7035417617052e-16
4.8290184239853606e-14
1.0694541210078584e-9
2.4860108759248637e-11
1.2993829513547132e-9
2.186423329157933e-15
1.509138170876582e-10
1.7090557300008438e-11
6.736897928735158e-12
2.6229715999365837e-15
4.820093297494433e-10
4.432763323485721e-12
5.569173701378287e-14
2.3865248130291407e-14
1.3658093598494668e-13
2.0789554343465716e-13
2.2555263142853546e-11
1.9148232225140864e-13
1.477793278053571e-12
1.0992756182467795e-13
1.9275094649339125e-15
1.3150111856199523e-11
2.358525434278622e-12
6.289001475373186e-16
3.4907427585446444e-13
9.308491916510364e-9
2.4949097845841265e-11
3.802540526842565e-14
7.241269061021456e-14
3.325237629397277e-11
9.523084159108967e-14
1.2903798973550104e-16
4.7991824285440197e-11
1.3531038320070788e-12
6.893629664781093e-14
1.808584870968326e-14
6.397113681724487e-10
2.513503437502142e-13
3.283226493497738e-16
8.543613062968233e-13
1.1420546705132218e-10
5.171509812519321e-14
1.1804330497222855e-10
2.0902682388121736e-11
1.5630976978557993e-13
1.2651145752196845e-13
1.0175772533482209e-10
1.510370334041913e-13
1.2586282300636502e-12
2.4073530231281537e-12
1.1960829177253297e-13
2.6616761045489853e-11
2.7893818718198826e-12
1.3020160069826883e-14
6.589282310283964e-10
2.777723874474327e-14
1.2421007973688602e-11
8.03539609307001e-14
1.938671541740659e-14
2.2331420726995273e-11
2.7154597058258585e-11
2.051912736273294e-12
1.6578710986084297e-11
3.970655707237984e-12
2.9219311734772984e-14
1.487224310533786e-14
5.44071937324019e-13
6.335250342044171e-11
2.7057314011364493e-9
3.122437441893449e-14
5.747381790301372e-12
8.76832996957644e-11
1.2422281323130132e-9
1.1010643611882943e-13
8.551542215289447e-11
3.2789771689503257e-13
5.406683796962735e-15
4.230295670387527e-12
3.356130040608168e-14
2.4719222865855426e-14
4.4745040796969876e-13
9.642494946802837e-13
4.4178548953985137e-13
3.368605366070019e-14
4.01610965297394e-12
1.8875668320787782e-13
3.215329851328479e-13
1.2148429403293205e-13
5.619762323703817e-16
5.01572738290439e-13
8.596725801660071e-16
1.3900744071163968e-10
1.4166061026766311e-11
1.0793333665805826e-11
7.888790605135246e-15
5.7526251019911905e-15
7.138950591833247e-14
3.0325503195286675e-11
4.000067342117906e-11
4.807338055748471e-16
2.8188072065652677e-12
4.3691321308107846e-15
6.481156668812164e-12
9.299405047236908e-15
5.405277955383577e-10
1.6990258847390717e-9
8.907774693831395e-11
1.0494721705997268e-13
9.800308707406529e-10
9.91653847529382e-14
1.8194775407167605e-11
3.2279561774865283e-13
8.705767921130142e-15
1.4501775434218153e-10
1.8015844847441652e-9
1.7771321750880357e-13
4.134187397972843e-13
2.8003315927297295e-10
1.0085361437340341e-13
7.086855724215458e-11
3.0803068283488683e-13
2.9533903764710838e-12
1.3317987489785709e-14
2.2814831803078842e-10
6.195368918944355e-11
1.2459638986361636e-10
1.723190334646453e-15
3.5273263486729304e-13
3.1465438131194225e-13
4.525861115115966e-12
3.791096405838925e-16
7.202382615508734e-13
6.630623808299844e-15
8.025196241513884e-12
5.571534823778084e-13
2.937494267319147e-14
3.8352447563785134e-14
3.027961026666694e-10
1.8913304066022423e-14
2.886451723936028e-15
1.2425760914331506e-14
1.5507812270069646e-9
4.100338953360094e-12
1.1603004443439872e-13
9.484932344850317e-14
1.9642146250929723e-10
8.089474841694043e-15
1.5948746359129672e-15
1.820136985945594e-14
7.543917883063142e-14
6.74395378989025e-11
1.6750477638680265e-9
1.407624939838006e-13
2.2701324750667222e-14
2.1174915959576215e-12
1.0476619687613936e-10
5.781385435517303e-13
1.2703467028470472e-13
7.488044703811993e-13
8.112118120129284e-13
7.40928415120477e-15
6.3294823341294676e-15
2.0935553223412975e-11
6.595112009039111e-11
4.807384296971219e-11
1.263972460478075e-10
2.2141193495944066e-14
3.734753922657233e-14
9.70470930264673e-14
3.713705823100612e-14
3.395641017443983e-12
2.4745766564391974e-14
9.739936016100038e-15
5.71931711190499e-14
2.3017049311392313e-12
9.080203935653876e-12
1.1350665364093903e-11
1.3296575253498847e-12
2.074403547268601e-10
8.781916020355092e-11
6.7388766159284445e-15
8.522491655484967e-12
5.974379212336018e-11
1.553513914212596e-13
4.024444964559774e-15
7.68525504922393e-11
2.5820513785015593e-13
1.029427865466649e-12
3.119950295857432e-12
1.2690276975440302e-16
6.434619067679492e-12
5.118539600712455e-13
1.328471801725147e-11
8.772205178335168e-14
2.9379732650210914e-13
5.502208856641195e-10
1.8037066629045537e-13
3.2276547163676993e-15
2.4358250863832935e-14
3.508199214789705e-14
1.2044417310864797e-10
1.838776616515947e-11
1.7454882339728504e-12
7.239529307838565e-13
5.3070652857441e-14
1.790887951993543e-10
3.429274559766596e-11
3.804505130083202e-13
5.022047500001913e-10
4.14713161162355e-14
8.187050695896407e-13
9.426105284784965e-13
3.0005377679591393e-10
2.5666756969255503e-14
1.4607905671029493e-15
1.0907049402434278e-13
3.568885245324643e-10
8.049593127888105e-12
2.1841255449690683e-12
2.3216971009435518e-11
1.3204805513441005e-11
8.925196664551255e-16
9.205207917556483e-11
1.9671348410527014e-12
9.70094161695773e-14
9.607625362601074e-15
3.7358110063217345e-12
1.958856383879356e-11
1.3386558928604407e-12
5.84741445206295e-14
4.379673350612336e-12
3.873963894214793e-12
5.6084770907185805e-14
2.1339166211008667e-10
1.339506460079839e-13
1.9851179854572804e-15
2.2992728672334894e-14
4.080446472030038e-15
6.479360612777093e-14
3.335727559015122e-13
2.9755292496326656e-14
4.021767891723943e-12
2.995690323487266e-14
2.267502403499592e-13
2.0397402042684873e-14
1.5584810071481322e-12
4.1766347369383065e-12
2.7750528836163816e-16
8.17823657841368e-15
3.185148365832348e-10
3.3002046748734616e-13
8.242920360478594e-14
3.7170420801282236e-15
6.183622518402135e-10
1.2231709025878114e-14
5.111008983667909e-13
6.093619306042476e-14
6.844196350834112e-10
7.523831486677224e-12
7.554940106446365e-10
7.267738901425945e-14
6.902617751987717e-12
3.1993180707031355e-16
4.142968949376859e-11
4.528129849114395e-13
5.1450086415787923e-11
2.1223115850363437e-14
7.268091585756519e-14
3.065643482048231e-10
1.60878318815485e-10
2.086258056012882e-10
4.3851037705236235e-14
1.552634692682829e-14
3.433142915740936e-14
7.235850023931454e-11
1.6158277405714958e-12
4.483958243944051e-14
2.251869825699907e-10
1.8931008135437684e-12
2.419760968969495e-11
5.984445359120707e-14
1.2644284350100563e-13
5.407054934053477e-14
1.2667942781192016e-11
4.9543479822881315e-12
5.449562471086379e-13
2.31807760515032e-10
5.779494850343137e-14
1.6068416136833184e-10
3.9415394183228824e-11
2.083074166282985e-13
1.0554567523654062e-14
3.9930766033080594e-15
4.4908005550065867e-10
2.4870646066614804e-13
2.2480845436145397e-12
1.131696539711157e-12
1.5125433256143247e-13
7.42147676979294e-11
1.9022511328118276e-12
2.7275640993959066e-15
1.4307783357338138e-15
6.688738971893296e-16
3.152154989368516e-10
3.121623346889682e-13
3.152526266300598e-14
1.9520826964151192e-14
6.8075852304138616e-15
4.3020999595308756e-12
5.1150884072877545e-12
1.1394924475698587e-12
5.82662823752011e-12
1.805292376334676e-13
1.7072452446140664e-12
1.5476087042330019e-9
4.791549377973222e-16
2.853356230670793e-13
3.763769527556354e-10
1.730581308112141e-14
6.535858935694929e-14
3.063993660163905e-10
4.539710298488143e-12
1.8709937342023295e-10
1.9509922069721868e-13
5.0226097570379265e-15
3.346196500417709e-14
2.9306792028828653e-13
6.003360533540024e-17
6.062487724092389e-13
2.343505377998671e-13
1.3417355171648255e-14
1.59044942648424e-16
2.7731435277836874e-12
3.579960515536879e-15
8.676232476790521e-16
4.286924148070354e-12
2.491223956259243e-12
2.6763578855357564e-15
1.50031871432294e-13
4.386456799736654e-13
3.092779707112569e-11
6.514070846893987e-11
7.308826565073087e-14
8.217612621843724e-13
1.423006972471423e-9
1.84064140366612e-10
5.621927434970379e-10
6.323233706859679e-13
8.835053113992901e-13
1.5355117959029226e-11
6.226467119058327e-10
3.3836774741526986e-11
9.259294746400976e-13
2.898314069900784e-16
3.6267966319797736e-10
5.565442824169439e-13
1.2672498120989299e-12
8.406846129368678e-14
6.733093646583497e-12
4.935037856549918e-11
5.573387595303826e-16
2.318259496953491e-11
1.5203272799450816e-8
3.3272067250715e-10
3.1478696127584475e-15
2.9728688574640704e-16
9.593811906034117e-14
1.1108317953128359e-10
2.3539880520251258e-14
1.6101376821632302e-13
8.218443410774701e-12
1.4846585224144554e-12
1.1040956863475311e-10
9.46282067470863e-9
8.029024008124364e-13
1.9106231786048387e-13
1.45777078618725e-10
7.61032286361096e-15
7.172430486788825e-10
2.5948716814310413e-11
1.5975160516112455e-11
1.3260881916196705e-10
4.525587862680335e-14
1.0945569246029604e-11
6.123695777164044e-14
3.718637443333113e-12
1.473636420762075e-12
2.238565319126875e-15
9.515949386868885e-11
1.4907184703106589e-16
4.937621718301161e-14
3.4135883069128453e-13
8.413303153810398e-10
1.3110165295266605e-14
5.500207742654195e-14
9.361119387313953e-12
5.647403620935145e-12
1.1366638307091924e-9
1.554429085427722e-14
7.185465871353388e-13
4.34074182813611e-14
3.4515363984114917e-12
5.615360455606353e-12
1.17057328213803e-11
1.5690811088422818e-11
1.2931189774382549e-15
1.0876327314124037e-12
1.469904395450351e-14
7.332341251232421e-12
8.891232605120562e-13
2.612129319341955e-15
2.2576185442479492e-9
3.86222715659262e-12
7.801669136348733e-13
1.495904529509384e-15
1.0061790048850866e-10
2.670035976609182e-9
1.3879820188608503e-12
7.96287888300867e-13
7.113986392189495e-16
7.105046435171683e-14
7.851233840375707e-11
8.115979004799444e-14
1.6481481957375674e-13
1.1359986456541486e-13
2.183702734004918e-10
5.335854114668102e-12
3.602132062804901e-10
6.899445128828824e-13
1.7192151268731786e-11
9.787546244597022e-12
2.200647583464899e-12
3.947149537865109e-11
3.0001768024642905e-11
3.185914726164625e-13
1.2812469323197115e-9
8.633952987736363e-11
2.247436045657043e-14
1.969750358517713e-12
2.048499690472671e-15
6.963708413439762e-14
7.378826716261682e-17
2.986793383971462e-13
1.0661805287521414e-14
2.9730020333033207e-15
1.3403498207196329e-12
8.383800134040519e-14
6.145301622123404e-12
6.689895100683442e-10
8.561559495721608e-11
5.941789807117462e-14
1.0698368545127454e-12
6.601619765387875e-14
6.7225664452975676e-15
1.5494575105553056e-12
1.1890109714119153e-11
1.0237931081567202e-15
2.8500143649348704e-11
5.5846771067396256e-11
5.185954040294745e-9
7.79180656099708e-13
8.696526600186687e-12
1.8844328133570935e-11
1.279394983709493e-15
2.2911220615504423e-11
2.960429588036516e-14
3.9839293153215414e-15
2.325155229237286e-15
1.4595228672231755e-14
3.979109050041252e-12
1.6047467401740765e-9
1.0592791958235278e-11
1.142543727596335e-12
5.826817849263266e-15
5.250543960977895e-12
1.6777354700066265e-9
7.555008183823741e-13
2.536526504463488e-10
7.20049737238369e-10
4.516229460500885e-11
5.294739411466587e-10
3.92312356677342e-12
6.945222012702823e-14
2.5118103899442955e-10
3.040994078270276e-11
5.2958234588505956e-11
1.0007025427607524e-11
2.3507439217798062e-9
6.017879270116715e-13
3.688132937023131e-10
4.3719602187966857e-11
5.307171372316982e-16
2.1210008062974102e-16
1.1398174061078205e-11
1.7678769229216727e-14
5.090854881633176e-14
2.6088450569621498e-15
7.320009259252026e-14
1.1599424941848773e-10
9.901675906817846e-15
4.298661186460151e-14
1.3381592108806708e-10
2.0579197651029602e-10
1.7588400943394694e-13
1.4384207477129946e-13
9.537708914418593e-14
3.325594794552054e-10
8.198117002359825e-11
4.293720898818392e-12
2.3235510159068615e-14
1.5692982961065629e-13
9.628472046431427e-12
1.3362251646377956e-11
1.5140865249354317e-14
3.107532789371279e-16
2.1202273575398205e-13
1.8141549211695584e-13
8.716584108607588e-14
7.515387750338612e-14
8.160382709301034e-14
4.391601692509812e-13
6.484913637108308e-11
4.25454230083605e-12
2.965247378033863e-14
1.4123346724550983e-13
1.7501137625359873e-14
3.5300280320482405e-16
5.539456516669265e-10
2.771532999386541e-8
2.1995290034455194e-11
8.038426869831229e-11
6.223376298644419e-12
1.1039955429941558e-11
1.9426501140850468e-10
1.2693486728098799e-11
1.6290689532948846e-11
1.7791089675423575e-11
1.2747865624939638e-11
1.3416857531168881e-10
1.2628384032738389e-11
1.6091695261546153e-10
4.519866486354739e-15
1.663482767115954e-10
1.6650163172653058e-13
2.1374930481927004e-14
8.024943238458216e-16
2.870774124239633e-13
3.753218113828262e-11
1.0667868575162121e-11
1.253655317938358e-11
4.71161875115147e-15
8.787396413077286e-14
1.732787956306823e-14
9.147118129490232e-12
1.5853955802865043e-10
4.427586711578094e-15
1.987354205869276e-12
4.757814763051838e-12
1.3451072295196529e-9
6.91405998172912e-14
1.413112951005103e-12
6.742458372364271e-11
7.148943642844127e-14
6.862739683206784e-13
1.0201211416388337e-14
1.6171094560951093e-10
6.240304710469689e-11
8.331793715297745e-13
2.365334629687209e-11
1.243078059758105e-14
2.2931739344853292e-14
9.67974303794233e-13
6.206968120409489e-11
7.989416060929914e-11
1.173403909330743e-14
8.145708266784499e-11
4.444661456437367e-11
7.767857861460003e-11
1.6267779842210552e-11
1.979939853450268e-15
6.256338978048953e-16
7.678733892312095e-11
1.5791001889228257e-10
1.1283561267196485e-11
8.00344547198054e-14
1.5557606143233636e-14
1.297338263665211e-11
3.1074470272611515e-17
1.647094377014382e-15
3.5517184117283675e-13
5.579658909492593e-15
1.4018625719551288e-14
2.2200347417892202e-10
2.483617091333559e-12
7.025922444275295e-15
1.1759640285577503e-12
7.485834275307668e-11
3.0974084976249096e-13
1.7175365990345236e-14
1.1407321827961679e-15
4.1085045333582725e-16
3.1956636273030734e-13
9.395448215427357e-12
5.364619261735568e-11
1.4042834946296263e-13
7.71785576060707e-14
1.464566827055266e-10
4.743811466123096e-11
7.4773006535383e-11
1.8910259238763218e-10
8.55016807381903e-16
6.017478476301278e-11
8.324924875236605e-13
8.225076813097355e-12
3.41857039992873e-10
2.5375803525363223e-10
4.229237082103368e-15
9.166424550931843e-11
3.934331700141412e-13
4.636270467090319e-14
8.2551980296482e-12
1.810270310654368e-11
3.621886789211677e-17
6.769255666493752e-13
3.18151905288105e-13
7.607855719902662e-13
1.8819535252124415e-13
7.134479461349577e-16
1.7918775591990926e-9
4.090579781577202e-10
1.2018871866596486e-9
4.5090972989814827e-13
5.114797084057082e-14
4.3710720185303974e-17
1.1324898171267915e-13
5.482103052684082e-14
7.156019564068773e-11
1.9104118055916706e-12
6.486871628903155e-15
8.154857976467506e-11
7.553709139164055e-12
6.956708335153929e-16
5.352676707594792e-15
5.128140279491246e-14
5.46258809146107e-12
8.158305546228473e-13
2.804305656633477e-13
3.3185568064650456e-14
6.8186887306738945e-15
1.00073937871475e-11
1.4151582037365163e-10
1.8155262458274822e-10
6.606961019354259e-10
2.2596519378281e-9
3.527690935718858e-12
4.393710195652977e-14
1.996483615800392e-11
1.4405630056866502e-14
1.216239640198555e-13
6.554746050976389e-11
5.875813271794958e-15
1.4419183506311308e-12
2.53419147228777e-15
1.6404756762815271e-9
5.395322345068363e-10
3.4886918900171744e-14
1.5243071766978243e-15
1.7862380171350575e-15
6.844025425069171e-10
2.6671536018682545e-12
2.2936905342745816e-14
8.280118972640281e-13
1.0922265178697624e-14
1.526745862282888e-10
5.0866632788075263e-11
4.297480043526635e-13
1.0933076894063485e-15
9.228495605686625e-12
5.549464586854848e-10
1.205749255033693e-12
6.1036627974479005e-12
1.1221075601660521e-10
1.639886575760239e-12
2.7643920830730167e-12
1.3508281163401926e-12
1.4839762701323068e-10
1.766438890078244e-13
9.31157175390582e-10
2.4172369694037328e-12
2.0901604716372102e-12
2.609583208243648e-10
3.2864925686883184e-11
3.0493153326393874e-14
4.485021175298385e-15
2.0788664626694432e-11
1.0872651382408592e-14
1.9114406528517918e-12
1.14000649115733e-12
1.9956495908944462e-10
5.667781097891261e-10
4.412320384869095e-12
1.0540139717967683e-10
1.4837516253791903e-14
6.230322504844329e-11
2.7682548675752534e-13
3.628873960541447e-10
8.803709011097244e-12
3.3814895757634345e-13
2.257333845374105e-14
5.381031752425157e-12
6.682015117530861e-13
3.502012320603401e-8
9.687671068656967e-13
1.1954546337193913e-13
1.1809620584354643e-13
1.5219089924740583e-11
1.3343086842864535e-16
2.6832702028179784e-12
1.0628855072889427e-10
4.412777254067697e-13
1.0148395655499324e-13
2.3454403118770915e-13
4.5764602556441606e-11
3.315399659048935e-10
6.520052296230446e-11
1.788240293596747e-10
5.48942319765962e-10
5.577549084877375e-15
1.0716231294529862e-15
1.291970084870053e-8
1.6696807271620745e-10
8.484996190325081e-14
1.3478926631533182e-14
8.628717962085828e-14
1.669668265101504e-14
1.6137325219118814e-14
1.0442828915021247e-12
6.8061353821363e-16
1.5010610453462772e-11
5.798150756930171e-10
4.1176106816075535e-13
1.472451112335946e-13
3.2257925118099256e-11
3.5401189451984305e-12
1.749098469088712e-12
2.4949567489869063e-12
1.9395515189663575e-14
5.809659620405317e-14
1.1018625583015256e-12
5.98270494266678e-14
5.286320940181915e-10
2.4048008405569836e-14
7.417836567087847e-14
1.1632916288053135e-13
1.2003319004606203e-11
1.7109146499099917e-13
1.929885399061422e-12
1.4703530397141402e-15
2.974274017897115e-14
8.524146287076142e-12
6.684615142396542e-10
1.1249388908668466e-12
2.0115733716544694e-9
4.974471892002142e-13
5.186599185459984e-13
3.271202028113899e-11
1.1717441253707756e-14
2.8478567094136594e-13
5.30047646861456e-12
1.5334409249294092e-12
6.120060772326709e-13
4.757956126012176e-13
3.723544955770565e-11
1.031236914469959e-14
5.481273830384581e-14
6.9011932157708e-16
9.76296896269488e-11
4.686154106806388e-14
1.626752665100996e-11
8.754360941550879e-12
1.3248634376572364e-12
2.4435791460901564e-15
2.9085566571565356e-12
1.4018452007025356e-10
1.2044013907759672e-16
1.0865808472751026e-10
1.1329656656852087e-12
4.62276906697417e-12
1.1306228488188624e-14
2.5211124284169116e-12
8.861410924918196e-14
3.849253476236428e-15
4.3768805685920213e-13
1.795746994669626e-12
6.689087199584009e-14
1.7716334078526105e-11
5.305785635904532e-12
5.006670153875534e-13
8.882291986561668e-12
2.624340707988711e-12
2.5804496686527097e-11
1.7041291769676776e-11
4.867338235859634e-13
7.351010238417432e-12
9.058732797824803e-11
6.387883566839411e-11
8.420883275622441e-13
1.4477341210739804e-12
3.9838467757656215e-12
1.0903450720639473e-12
1.4111219900402958e-13
1.8688560877975814e-13
1.184097093171292e-12
1.9561304756589905e-13
7.431257531294483e-14
6.790541826201197e-14
6.666832748480051e-13
3.89931639393559e-12
2.4502512325573102e-14
2.1940028533013746e-15
3.923862256224092e-9
6.564291977933307e-10
8.876068711595018e-13
1.3364820373095515e-12
3.7427662681374154e-13
3.66072981952782e-12
3.7706948528010407e-16
1.661253778092643e-10
2.5686271420954692e-11
6.913799497834651e-10
8.263760134955557e-12
3.416960025080362e-13
7.758748842183629e-11
1.96607433376837e-14
1.7951987573022124e-10
5.566847624881718e-17
4.7297610559308895e-12
1.3086342406876571e-14
6.013722697041662e-10
2.034170427575619e-8
2.2560139592819558e-15
4.489647665248777e-16
1.2947446284032905e-15
2.6380957498169037e-13
9.256798020401067e-15
5.6850351466715796e-15
8.02452779433785e-14
6.146939481532151e-14
1.2694179522654794e-12
3.7540530845060545e-15
2.2851408637244403e-12
6.568049853227817e-15
2.067909141100385e-12
1.3823479155406618e-10
6.504872203045977e-10
1.1765663005472476e-14
1.3129053600280437e-11
7.154929319245783e-14
5.732770983528721e-12
8.95237309244389e-12
4.659780902645131e-13
6.594365421184835e-14
7.157425473419826e-14
2.776820385557455e-10
3.1262557616236785e-15
3.755092098367317e-10
2.5955009533996544e-14
4.976361914279605e-16
3.341100343270373e-14
9.49698414993955e-12
2.3571377822758474e-10
2.580612147888353e-14
7.247809986220364e-16
6.049492710650439e-13
1.3236434672283273e-12
4.5125263523728144e-13
7.908485056276662e-14
3.2408156692299634e-11
3.081051623646218e-10
5.186003099611215e-11
1.1373486398776514e-11
2.115430040614029e-11
3.840821064789887e-16
4.758790545531828e-12
6.10656458844806e-13
1.4118031770386124e-14
1.1960811453180729e-14
3.5503487757674917e-11
2.4507737960065983e-16
9.648988335940065e-10
8.93102613662052e-12
3.145313900812843e-13
7.59775083688172e-15
1.9762661650088543e-14
1.1414543927160813e-13
1.8235490469376156e-11
6.899955428770413e-11
2.7142846909555835e-13
4.522362456549983e-10
5.549450514301185e-13
1.0816585844679152e-12
3.3240813319219496e-12
4.002219438739251e-11
1.492621473463098e-11
1.6018314222341837e-13
1.8723029049962488e-13
1.2533620359949253e-12
1.5115873495573672e-12
1.0724697679231862e-9
1.8889305048471192e-13
2.702531858837599e-13
7.665465020360012e-12
1.3077474303245975e-14
9.668140186719448e-13
1.829908128758437e-10
2.2176203216840804e-13
8.416789749700911e-13
1.8615234325335347e-10
8.658727123497608e-13
1.6410068715818764e-9
1.1462718087569936e-11
4.50838813447168e-11
8.226599325476747e-13
1.995581673373668e-14
1.3838509036352925e-14
3.9402492589881735e-12
7.80816947373344e-15
1.3491769754372382e-12
2.0638945945761207e-14
9.657621473355269e-12
3.499559835320428e-13
1.367360677518746e-12
4.1834170352614955e-11
9.569412956521486e-11
5.894244058914032e-13
9.202484372207533e-15
1.57019441264282e-14
6.910896506192813e-14
9.063947214517029e-11
1.6447069857761021e-9
1.5208481016672345e-12
4.590414145439569e-12
3.74122826853521e-12
5.85508312536086e-15
6.463877909510382e-15
8.720739593437992e-17
1.0712683308463824e-13
4.931927353595966e-9
7.87591267385424e-12
1.259118877384601e-12
6.365754437431125e-14
6.544258671973749e-11
7.371871047230908e-17
2.1347999778755547e-13
4.265598004277743e-10
9.75619438518381e-13
2.044087538739665e-15
3.9141648083935846e-16
3.5174303819381193e-11
5.977859266012148e-14
4.761195513894576e-15
3.838515051066894e-10
2.7821574764401928e-14
3.671683947056555e-12
7.599441884418609e-16
1.3513672257266176e-15
9.224708266508164e-15
4.492717602450928e-12
1.2190066630770115e-9
4.558661792093883e-16
8.391455845403395e-14
6.864550412782494e-16
5.073869431080392e-11
1.351765140672009e-11
1.515257126107e-13
1.517150742934718e-11
2.4815795543089168e-14
3.4827532249954545e-14
5.066285002290237e-13
3.11337250772367e-11
5.282017082977128e-10
3.0146675043865132e-12
1.9250789008261174e-10
9.02573400995587e-15
8.520349558895962e-11
1.528769579394846e-11
4.101950432495859e-14
2.0135604081123012e-10
9.274787909848273e-17
1.0219391721465116e-10
4.942909223883234e-14
7.67257512711253e-14
6.020327270788147e-13
2.736301833280159e-13
2.6261795072893873e-14
5.170163059168306e-10
4.906575293906604e-10
2.5840789642988144e-15
1.6123130631827424e-13
1.2893953276116625e-11
8.811118974099748e-11
5.122831539242772e-12
9.39175979800106e-13
1.457662218395649e-10
1.0680103246978329e-13
9.376527215396382e-16
4.2843286088584575e-13
1.1582102482855896e-13
1.3679061406116872e-13
3.1085436028432848e-12
3.07288351928671e-13
3.885063824888601e-11
9.091740141197671e-10
3.688446049803401e-13
2.0860463594617283e-11
1.8114422946653866e-13
1.6624266889766718e-10
2.5019223374796437e-15
4.689395149575149e-10
4.481788705856726e-15
1.2632691819980157e-9
1.0686452064791278e-9
2.3304780169642916e-14
3.359246562392826e-10
6.246480310376225e-12
1.724874011532019e-12
1.2060990808325812e-10
2.201455105251159e-15
1.7003000897855408e-11
1.8439284151764116e-13
9.911687322702198e-11
2.658982772966468e-11
2.0792621573559687e-11
2.3592794272800215e-15
2.4766765470668508e-14
7.727127310632804e-10
6.377695767677918e-16
1.713329539412928e-10
3.9538175400408426e-13
4.2942312705971345e-10
3.954009138634148e-10
7.506675089205513e-12
3.6742320020615783e-16
8.233354786552921e-15
6.981579572004381e-11
1.1091641964215818e-16
4.1798875217988635e-16
1.9961602877898817e-13
3.4334905811474036e-11
5.367821764559073e-11
5.834709400135864e-10
4.37017717366016e-13
1.1021757728839065e-11
4.4740573811672053e-14
7.657443569761253e-10
2.2902254574196515e-15
5.637916402679632e-15
1.585748281587224e-14
1.2648774899041335e-13
6.0103636473764185e-12
2.6660219192770464e-10
5.526813118851857e-10
2.618544925836519e-13
6.006484516436127e-11
5.5106658854616615e-14
1.7664158062597331e-15
1.7038023591839143e-13
5.334097330805062e-16
2.778395292640708e-13
9.84432572350636e-12
1.1119720609678467e-14
1.3443814257690438e-13
4.3169312166595146e-11
3.161514302574831e-12
2.5133466636479265e-16
1.342235084694902e-13
3.7486973151862946e-14
1.6315443630749207e-13
5.464225082330111e-14
1.32393443873206e-11
1.6411692793459627e-12
1.471864607581866e-11
1.7822579988780023e-10
3.003785922226959e-15
2.6344205544302524e-12
5.075761390562298e-14
4.33800702563938e-14
4.126073212077103e-11
2.7461827040575805e-15
1.1747150698988992e-12
2.742195493666431e-13
1.5017853432847821e-12
1.6988341550105597e-13
8.510827234940369e-16
1.0055282239984829e-11
2.691615447981704e-14
1.5711834242425735e-10
2.6392015315196334e-11
8.53287164998138e-13
6.032180296546334e-14
9.072639867655334e-14
2.8907080532813032e-11
4.1129483219877555e-14
2.062560711597351e-12
1.8544069722910224e-10
5.7913731187058984e-15
1.2839259584076933e-11
2.691772788527005e-13
4.1601771060221046e-14
5.875184656324339e-10
7.964829823574512e-11
2.2548138052489984e-13
3.476482774138328e-12
5.0831416790026365e-15
2.983794905234191e-10
1.715530033463829e-11
2.3770940728238145e-13
5.282181210412318e-14
7.615998373719974e-14
3.3591004985306413e-10
1.2122998056498421e-14
2.2312664603791336e-14
1.3939717155977505e-10
6.706548099390545e-13
6.171719985874024e-14
1.4402873522272488e-14
6.679327211530717e-11
3.6373784706881415e-13
4.594679590132567e-13
1.1172424242101692e-13
3.5294491743005917e-13
3.88213692231138e-13
2.2305681400167228e-9
5.496297202852458e-16
5.060593875046785e-16
2.7253678692860232e-14
1.5521409744192984e-16
1.0412199110982898e-15
1.0480580533069567e-13
4.284516970759976e-14
2.409051907018655e-11
3.7816681295505286e-16
1.4711353915239985e-14
1.4238491934233775e-14
1.6029536784993738e-11
6.669181239001848e-16
1.1738886510579264e-14
3.0437405555682455e-12
1.0996876686608513e-13
2.238064218459387e-15
1.3047644479388712e-13
1.5219899657961628e-9
1.24087960024416e-13
4.758913229568185e-13
5.199953277249059e-12
2.1591936046192528e-14
8.207708166667452e-11
2.815318053491627e-13
1.0176035805887973e-10
2.069942800214054e-13
2.996484658488554e-14
7.378639992862359e-14
2.527559811430287e-14
2.1588581885714787e-11
8.915456671168491e-11
3.4671062817111955e-14
9.482775698267225e-11
3.897505112894112e-12
6.344707222342985e-13
4.10225240475431e-12
8.727095924074512e-12
6.334603217000915e-12
1.3299372330132487e-10
3.674648864853817e-14
7.772071553939549e-16
1.7412224930573266e-13
2.508225327950191e-15
8.122900644994397e-14
6.167862634826003e-15
2.2543346346163454e-14
1.0985319890891629e-16
1.8601773656955876e-8
1.117070617288848e-12
1.122163766227669e-10
4.732951476451388e-15
4.332992307219143e-11
1.2866599677302257e-12
2.1298014107390512e-14
9.90896130163997e-15
1.9945463115378392e-10
2.443163817995541e-15
1.1909631863325938e-11
1.0419205940959659e-15
4.724807745471208e-13
7.486753899056581e-13
1.9156493358384869e-13
2.710629648157339e-12
6.338942293747147e-10
2.953082009930049e-10
6.47952827184667e-12
3.9697991924022376e-13
1.7984784028526245e-13
1.651002749499278e-11
7.149538806640042e-12
7.004186576844309e-12
8.902400746343472e-13
1.5424690795738763e-14
1.239631505708527e-12
6.7247498737206e-10
4.3482386443754155e-15
1.7645858617482212e-11
6.16253060743585e-11
7.312595117929987e-14
1.4921815158778662e-12
1.6960296272801483e-11
8.369646331270733e-12
4.541820164500785e-11
4.965063797041299e-13
2.730358571047107e-10
1.9604915990292835e-9
4.19665533502009e-11
1.1165625040161929e-11
1.8835587931411378e-11
1.865601767546602e-13
2.5106469991004833e-16
1.0686791879136936e-13
2.28506613946192e-14
1.8192925332026793e-10
6.725923839995759e-11
3.917173527519986e-11
2.1576015403033373e-13
1.8752949902690124e-12
3.0290182125511848e-12
2.3478024999245937e-12
1.962667569719541e-11
9.09836981691124e-13
1.1390625648102037e-14
1.086179905611196e-10
2.373228571652998e-12
1.1782012645042114e-10
6.4716680898478114e-15
3.2919093697289356e-14
7.747971317980289e-14
1.417199885981987e-12
1.8180562350430297e-13
5.444085889985442e-12
3.1386478736818057e-16
1.911086334410886e-11
1.4308682385133285e-13
6.361479823913175e-16
8.593368944859055e-11
7.394145004743738e-14
8.643697492384802e-15
3.2971182816990405e-15
2.0690139624233272e-14
4.300516991084484e-12
2.3989946427225032e-11
2.6926414119863044e-13
7.784345705884848e-11
6.996128823317242e-15
3.3115170685230793e-13
1.0245208026400429e-11
5.959415534725092e-10
4.508078028521434e-13
4.4840721924590287e-11
2.1814720111489167e-13
9.627998159741275e-11
1.1777172441469835e-12
1.5336575718638373e-10
8.71485859603923e-17
1.0978305585482563e-15
3.3642361246712216e-14
1.1109200354846569e-14
7.338567592173947e-10
4.3884178536599377e-13
6.7120523484448706e-12
2.2414402174098694e-13
2.8505746092246295e-15
7.0198792375762e-12
1.754462732077965e-10
3.028038650976594e-16
6.363521333536892e-11
6.304984275041544e-14
1.8002841798251056e-14
1.6625582740853322e-9
1.6136105413649557e-15
1.3935036943382875e-13
2.4969305740026086e-17
8.47639489207407e-11
2.777917171788872e-12
4.7047766194095096e-14
6.44457975195301e-11
3.226870827904373e-12
6.233370347547653e-10
1.0509068005134658e-14
3.6172346793072625e-13
1.883854750617478e-10
3.385203942046766e-13
2.822013551119233e-13
2.903992059908126e-13
6.98159032317787e-13
5.7973761384711325e-12
3.2216168000411526e-12
1.459026792373305e-9
5.306839145634231e-12
2.4082428101273148e-15
2.0200718181837125e-10
1.5798396437278678e-13
9.139670054596905e-14
8.939838578443931e-12
1.2528950279476692e-12
4.618986873691814e-16
1.0500416529247151e-16
2.8655278195539917e-15
9.43971748725113e-10
6.742921142346824e-15
5.6513718533922395e-14
1.0792912624299423e-14
5.076921593875017e-10
6.99015023274494e-13
1.5957818605854749e-12
4.0513441943957845e-16
4.625860664668465e-12
1.8438120488951825e-15
8.299669732857219e-11
9.305409655801342e-12
4.057242970221716e-14
4.3293565466531465e-11
4.5526485841197067e-10
6.178988154634305e-15
1.910026917474273e-12
5.846598836000985e-13
3.3093803524089447e-10
2.0886502859648536e-11
1.5624910245714695e-14
8.093056339448637e-12
3.07477503052758e-10
4.02410948486614e-12
5.655439469556519e-15
2.059486345739098e-11
8.352490896054789e-16
5.15977455998183e-14
1.1293005958418698e-14
3.394535622090716e-8
3.453647223994718e-13
1.70565779501505e-14
7.363684134452039e-13
7.95025248953984e-12
1.317484356986494e-9
2.897137826750455e-10
2.682664538487781e-13
1.989210330923258e-12
2.473500674300549e-13
4.60063236047078e-13
6.37349080043128e-14
2.2321153944626427e-13
5.550930852598394e-15
2.707164930742377e-12
2.453274091134539e-15
1.0708252735954924e-11
5.985184034957444e-15
1.566402906619696e-16
7.783368957569164e-12
2.6012439898154424e-13
3.1124250572145335e-12
3.591373941441854e-15
1.0686987340393108e-11
4.026893674230196e-16
1.7152053077541156e-14
5.557806388773624e-12
9.788132324690584e-9
5.347407891332661e-13
2.98666050953953e-12
1.176663599596328e-13
9.759305509885986e-15
1.9753942705374415e-12
2.6693695438312492e-14
1.7437603051907273e-15
3.407278120229315e-9
6.569740020150744e-16
1.1685186185015233e-12
1.615519259088275e-12
3.135427485250358e-11
1.23015746475944e-12
9.734380130026962e-17
2.5942624547697295e-11
5.0144518749871046e-12
7.922156359901973e-14
5.891982071761833e-16
3.01678933893124e-12
6.937879667024922e-16
2.62579680703137e-13
3.596370504305338e-14
3.2103745895258025e-9
7.387779962549319e-11
1.0634032099416933e-14
6.347454073790342e-12
2.7856147155125514e-13
1.2077730021293066e-12
5.643540195733439e-13
3.0315850832410747e-11
4.813311688745542e-16
7.573838168261626e-13
1.0582767498720907e-14
4.496945125456642e-11
2.5202137981567327e-13
1.1468522365776094e-11
1.4305503107072443e-15
6.558363523504106e-12
1.4669380533833303e-11
1.7615884583273566e-10
1.8157398838233755e-13
6.284101855910714e-11
1.3771881682111696e-11
3.372304815226721e-16
4.1252953198961964e-15
4.775817737243404e-15
2.800963644476559e-14
2.610562482405868e-11
1.3754057920347888e-10
4.626162496281254e-17
2.2588846257132298e-11
6.249604494383216e-13
4.184655447360437e-10
1.6320799935550993e-13
1.8341417602385952e-13
6.25291004604192e-16
1.433618528424588e-14
4.7601693953025635e-14
3.1239258185192396e-13
3.4140043850487912e-9
2.3484331032974654e-13
4.864357332653328e-14
4.766042254741599e-13
1.4322645054584884e-16
2.3626900619490245e-12
1.6431846628234005e-14
4.09524810699998e-11
1.0162736441873438e-14
1.2357613784316912e-9
9.705133121308971e-10
8.590222400417817e-13
2.8574414744507997e-10
1.4821599582587586e-15
1.669795890261628e-14
5.0780521873149084e-12
1.8689080490974975e-12
2.6867717483423223e-13
1.5698538436350813e-13
2.2151821609551174e-11
9.324048600024506e-17
7.452686867546524e-12
1.2194923362990456e-14
2.8265114855754493e-10
3.804373129851474e-13
1.984965067043106e-12
9.688453311231567e-15
1.4677086967255774e-10
1.8188025744637574e-15
1.5259075748486122e-13
3.031997621146709e-11
2.1951215306497064e-15
1.2614776714520824e-13
2.6163993985795694e-10
7.305184952188706e-15
4.503136785123786e-12
7.873054607322942e-13
2.0852308591079222e-14
7.718155408860956e-13
2.2332653420949268e-14
1.2312169829836146e-10
7.97234790714334e-14
8.009619487191796e-14
7.734093226512787e-13
1.9617224301250352e-10
1.7417744089734877e-13
7.479138449044921e-16
3.684356033421061e-14
2.2487704004092215e-11
7.320371999418738e-14
7.624553056256783e-12
1.8293666464297497e-13
4.9913450120297316e-11
1.1905235253354354e-9
1.2514323628746809e-14
1.7413439903092257e-16
1.9925862131573355e-13
2.3157933050326485e-14
1.5393554754747878e-12
1.4869844801656142e-10
8.249461496370656e-14
4.144099454353328e-16
6.811865441633841e-16
4.3973470111351433e-16
1.0219182387811489e-13
1.480274414407709e-12
1.8548342266369706e-13
2.361928618666627e-11
5.947208058382028e-11
1.6424604885720195e-9
1.160120797507629e-11
5.606455382786016e-9
5.139477996673112e-12
1.1079307062165603e-12
9.920354226262463e-12
6.279144021304597e-14
2.051330612513797e-11
1.7288889728684818e-14
1.2221812795565394e-10
6.789245308513717e-12
8.986584795095526e-12
7.651633618381017e-12
2.450090001039204e-10
3.401582317648701e-13
3.721122618402892e-12
1.5029835009942916e-9
3.3305876769960213e-12
5.624939876000158e-13
6.273338688326064e-13
1.21686711269379e-13
1.7615720858253227e-12
1.480535792237332e-11
2.2378778049883004e-11
7.667371232680852e-14
1.297745358130775e-9
4.645746096966962e-11
2.4225418299583964e-15
4.0630308271210096e-13
1.107723510429898e-13
3.28176988538006e-11
8.158064122412043e-15
2.7955403294858508e-12
2.1251927682905327e-10
9.300232703443169e-15
2.0939140790269444e-16
1.1068396144328123e-13
7.189493497069127e-12
1.1542432099888515e-12
4.587953921151996e-12
4.2116601510022495e-14
2.8921370412714665e-15
7.104675433131406e-15
7.115803977181324e-10
2.0151583678810771e-13
4.999956951775676e-16
2.67469270484608e-11
2.3627028268032413e-16
3.859219328354803e-15
1.0656358811030025e-11
7.783603731421711e-12
