1.375277159116982e-10
1.9604988216003262e-10
6.069824115531086e-11
5.681959650288712e-12
1.4806542376089236e-11
2.0197610298382365e-10
1.4758806195907789e-10
2.1744349401925248e-11
5.338132638208994e-11
4.99227519288765e-11
1.165413558338969e-10
7.884919612577925e-11
4.7873054319166015e-11
9.027736775821451e-10
5.389054297962551e-10
4.3852240751205136e-11
1.6117624205138794e-10
1.1199341613590397e-11
1.2517044372846722e-9
4.861373253990009e-12
2.090252901233995e-10
4.261900928443937e-10
3.440918777644218e-10
1.817241612005576e-10
1.7218252833746477e-11
1.6949800398141526e-9
2.6054952072258924e-10
2.1988023517601e-10
8.56764237950493e-12
7.276790010794123e-10
1.3610828372213103e-10
1.6062850749238943e-10
3.802986048607055e-12
8.412289036379084e-11
7.931040435249653e-11
2.8996985923620456e-10
6.212733610985758e-10
3.098285700345497e-10
2.5350713552481373e-10
4.6018691056736647e-10
1.5940904518774892e-9
3.997906355589054e-10
1.7858868981760806e-9
2.3341233192109436e-10
6.998726057951493e-12
1.8523190309623053e-10
1.7777053493308923e-10
4.639263299397881e-10
5.444886200933929e-10
1.5315313976249363e-12
2.3184262265736408e-11
1.0528445011209261e-10
2.2793987360067992e-11
1.0993354400275811e-11
7.295389609701055e-9
8.288153057931596e-12
2.540849021541197e-11
1.3055429394451052e-10
1.1549279279787533e-10
9.245937119308506e-11
8.628063305121098e-11
7.626739049286615e-11
4.425912796269056e-11
8.381619489962323e-11
2.0851960233232618e-10
3.7744893273665045e-10
2.7275857603073674e-10
4.399362986371649e-11
2.6291204225142134e-10
6.067879710423402e-10
2.5121307034267914e-10
4.222661262574009e-11
2.9034936428768313e-10
3.125865750485648e-11
1.1971112563321675e-9
5.579450865937035e-11
8.28323837277099e-10
2.2408091551341137e-10
6.40486671427861e-12
1.67545354448043e-10
2.4538908975827766e-10
3.006430073246001e-11
2.1873275281645623e-10
1.8138121085283108e-10
2.7969035454829318e-11
9.967937198183675e-10
3.32681355083569e-10
1.0898761357528925e-10
9.965832723209809e-10
9.108847367853894e-10
2.746329280831699e-10
1.0234333737587088e-11
6.59679350982249e-11
2.2412039256044838e-11
3.356191287314498e-11
2.8746317837151744e-10
2.17098708998714e-10
1.4193736807366973e-9
4.2392321963613984e-10
2.651363556784596e-13
3.0669950338909635e-11
4.85492020476192e-10
5.702210852853015e-10
2.585977961413501e-10
4.991698349692668e-9
3.440823662053954e-11
2.197520242091749e-11
2.3420331330358637e-10
6.603224393311251e-10
1.7281475230457795e-9
7.337304072408776e-10
3.4315200116536487e-11
8.346378439675307e-11
3.6773774193887587e-10
5.834031039762904e-9
1.5275063974634992e-10
1.0696120045037912e-10
7.28318650632255e-11
2.1132019243873837e-9
1.0353686333198141e-11
3.373801668043682e-10
2.257066378245451e-12
7.791339241976052e-11
7.992209733466589e-11
4.049798892151706e-11
1.7393145337858127e-9
9.444466486137109e-11
1.683594869773796e-10
9.25567863051848e-11
3.238879862256702e-11
5.025293154590135e-10
4.359618812930347e-13
2.651343465039223e-12
8.701762324879014e-10
1.1982705633511457e-10
2.054399309748301e-10
1.0740745545278614e-10
9.740716117213331e-11
2.6291560709195763e-10
5.215607551170719e-12
3.6930381461068785e-10
1.3557068741929427e-11
2.137070032747193e-10
2.0607869534651922e-10
4.9574401833725134e-11
1.1411273729853987e-10
2.71847516329266e-11
2.224330963331367e-10
1.8873848909001332e-10
1.4857040282926728e-10
4.133947302177361e-11
1.1619131585470416e-10
4.294116973999637e-11
2.535310378925769e-10
2.715954265597719e-10
7.354189151217129e-10
4.5488023940715476e-10
4.4865616149532535e-10
2.6104285443344624e-11
3.2530118769922094e-10
1.1970434005713529e-11
4.375472259102276e-11
1.3894459437439264e-10
1.477808654527118e-12
3.4933968000209445e-10
4.75072988106652e-10
1.0633719389350673e-10
2.4023605856198192e-9
6.516660152901458e-14
1.5479904387610873e-10
2.4207492276785936e-10
2.1822286151289243e-11
8.128230341576603e-12
3.5446924500991507e-10
1.5099176703481335e-10
4.0526220308306446e-10
2.0397424563942244e-10
2.8734766190197155e-10
3.3684214582726075e-11
9.39437555230095e-10
3.511115142815636e-10
3.1558935736284617e-12
1.207207009765697e-10
4.270694150868325e-11
7.624179829530367e-12
3.3107662596864577e-12
1.0532236097592075e-10
1.673461973928357e-11
8.373949061346329e-11
1.1151864773847862e-10
1.8973466869848538e-12
1.6115955380275323e-10
2.847361493017931e-12
1.3525235318705182e-11
6.451894030658332e-11
2.1637342871277798e-11
1.844862605259791e-12
1.1282083641882544e-9
1.8421826795536476e-10
2.5191781609900024e-11
1.9860431944496566e-10
1.7886831424669e-10
2.0820637439589025e-10
2.029864996644059e-11
8.111069484180282e-10
6.339744779237617e-10
6.792041736451478e-12
1.057392842620586e-13
1.7318182543377951e-10
2.37001103465263e-11
1.2721838335755673e-10
1.5587137751445104e-10
3.3420521406402033e-10
5.095542909513797e-10
1.063956249791328e-11
1.2805088218874578e-10
1.6188513722799318e-10
7.881775711659724e-11
1.2972000736417808e-10
9.589478267084452e-10
6.803728251497233e-12
1.3518471004722282e-10
1.0816078486649709e-10
2.2684725061126075e-11
1.1289864208305963e-11
6.863448041800532e-12
1.073291987093855e-11
1.186725291366949e-12
1.3208443753443542e-10
2.448201387608129e-10
1.1155809165472043e-11
2.676768918873226e-12
1.7746022477620956e-10
1.1262701646379315e-10
1.3780065843865055e-10
2.4915598290156686e-10
5.292965009863731e-10
5.4012862923044015e-11
1.0728379277977466e-11
2.0710323909069572e-11
5.198442639486337e-11
1.411169924662776e-11
1.9421743540192267e-12
6.623970063723903e-13
1.1399031926964951e-10
8.325243127157551e-10
7.217781533383846e-11
2.9799053400333336e-10
7.981681788966292e-12
1.2825482077272438e-10
1.6154295936966156e-10
1.330838337499277e-10
4.777537229544633e-10
4.4472552948910447e-10
7.169221022015197e-11
3.9872569788695335e-12
1.5024540586655139e-10
1.3321783013898512e-10
1.3656306229911062e-10
3.6237103548877463e-11
1.7229828999087932e-10
3.476030536586328e-13
1.2797816632749685e-10
3.66921064174642e-11
1.5682143863829516e-11
1.190621408888084e-10
4.7898002754424316e-12
2.6211606799800274e-11
7.444983961963825e-10
1.9699689660712616e-11
1.2221256227624214e-10
2.9142471519978846e-11
8.670545126780457e-13
7.615886287346774e-12
1.39898864114263e-10
4.759322969377591e-10
1.0039082043234365e-11
7.406602097110159e-12
1.5772285437756357e-11
3.054445908074392e-10
3.036099871629022e-11
4.4465711284353955e-11
1.4291099468503388e-9
9.48703458645014e-10
3.0885720670300595e-11
3.196020711138967e-11
1.227149655562122e-10
1.2624273490598198e-10
1.1066642838674942e-12
6.956492958446544e-11
1.5267958811359879e-10
1.0519247588069271e-10
2.2131754332644017e-11
7.459095224130644e-11
3.51087547183314e-11
7.670590467352318e-11
9.8508585272827e-12
4.2076392706758707e-10
4.2473654572614085e-11
1.2173441956334334e-10
1.6575397350778398e-10
5.674282317862222e-11
5.544527233173556e-11
7.955416792110706e-11
3.869303478997184e-12
1.3342121768285402e-10
1.6136048463632003e-10
9.036760153247092e-11
4.1792183681929773e-10
1.1415492141158358e-10
1.3941736053896684e-11
1.9921427210303373e-10
4.720429435053239e-11
1.1795058641558744e-11
1.752477252136239e-10
9.121781134442091e-11
8.109290773922563e-13
2.1908394456502884e-10
1.1280930974940473e-10
1.2728573864362116e-10
4.303514025792117e-12
1.212501429641251e-10
1.9709542659337822e-10
5.290695466700922e-10
3.522315409962042e-11
5.397426404625002e-11
5.507069666320504e-11
9.448378654310638e-10
4.718004265767946e-10
9.205051511794395e-11
5.6263632026376913e-11
4.858708307398209e-11
5.512040643893725e-13
1.9293609576228883e-11
5.116286408678578e-12
1.5282520799550223e-11
2.0450802828770373e-10
2.7567643508859523e-9
1.642683986364329e-11
1.2534860012795566e-12
5.578606913141453e-10
1.040438820387208e-10
7.58571444639663e-11
2.279373313719348e-10
4.851188841535266e-10
1.7842283966174527e-10
5.399668171838995e-11
3.271463504012148e-11
1.1673565830084503e-11
1.0057887556355304e-10
1.2591173328625297e-11
1.0681013083906023e-10
2.7065390486648866e-12
3.98556147489403e-10
1.4912256434934022e-10
9.913987123363618e-12
1.6890555458766888e-11
2.615533604203336e-11
1.4622316782803044e-12
4.170561084481518e-12
3.9770922148978465e-10
4.21962146940018e-11
9.427003064260303e-11
4.93786761506689e-13
5.373543473498084e-11
1.3772944153090556e-10
9.829681291130586e-11
7.533849739103698e-11
2.7245983022741773e-12
6.626588887860997e-11
6.3094907842353096e-9
2.8440218283763318e-11
2.5738909710944356e-10
5.5384331117569156e-12
7.373002091095316e-10
4.113686701675044e-11
3.5392451096814813e-12
1.4568964712778317e-10
1.4961193101667216e-9
4.789965712948053e-12
3.187424326631669e-11
8.565347239093346e-10
4.777457701920726e-10
8.456167666383944e-11
6.443842436949134e-10
1.8822550824374957e-10
3.373107786527036e-10
2.0910921694868903e-11
3.394452362743204e-9
4.493831753876719e-10
1.734379994107804e-10
1.1280253149899234e-10
1.3887376274532935e-10
3.5086186483999035e-11
1.8008185680643024e-10
1.905813232148468e-10
2.45095638484555e-10
1.5769777423213413e-10
9.758073707651561e-11
1.6160275142689458e-10
1.4316924168984614e-10
1.3045354641283203e-10
9.764341605781906e-11
3.810852818773114e-9
1.0421225229974905e-10
1.6888828649563889e-9
1.1220865779199673e-11
1.3903963144222067e-10
2.8732281355949275e-12
3.885575105270467e-12
9.329008523990908e-12
3.245417390071242e-11
1.648687129240536e-12
3.827394262893832e-10
7.815044969983394e-12
4.4154692171461046e-11
1.0146889793930712e-10
1.0360983369831906e-11
2.2722098025570734e-10
1.6493511881070493e-12
9.691071585618028e-12
2.8362773578350226e-12
1.9921703796396576e-10
4.2850666549609205e-13
4.174278349488395e-11
4.4730011463605903e-10
3.830894010874258e-12
5.6849240839603515e-12
7.853881882893453e-11
2.0768803242355854e-10
1.6028929809216573e-9
1.0121706777724454e-10
3.1979234000061224e-11
7.444427186126327e-12
9.262620997623575e-11
3.829831770937944e-9
3.662804929843736e-10
2.948322036669187e-10
4.5958951122511844e-11
5.858687970154152e-13
3.59527390424577e-11
1.6564072841392547e-14
2.4838050432986345e-10
9.34748847708823e-12
1.895130703079824e-10
3.3658696931995654e-11
3.032788241160793e-10
1.8561762478179902e-13
9.747492650584313e-10
5.102869189447905e-10
3.017101235719578e-10
1.781487980511312e-10
1.9725931074331936e-11
4.268392696695215e-11
9.234360100950317e-11
5.796310224819817e-11
1.8264056315700366e-10
1.4647957845361305e-10
4.175608768301295e-10
1.3206542155643985e-10
1.4880228831269019e-12
9.784824561957094e-10
3.4357782788203643e-12
8.490247925724605e-13
3.9620068164661816e-10
6.446801564317666e-13
1.8302273573904885e-12
8.17014278670319e-11
4.9493264667976713e-11
3.982462109002617e-10
1.7546909075960078e-10
2.5567260390041773e-10
1.0546283484414553e-10
6.820049563042821e-11
5.6280591329736394e-11
4.015602227233374e-12
1.0083741346371426e-9
4.0412671197997754e-11
1.4910117000024747e-11
1.2062606782094115e-10
6.005559474137386e-12
5.888186497180088e-11
9.322665888230036e-11
1.621646588981587e-10
9.393930641674112e-11
4.936963488294607e-11
1.1749812432213251e-13
4.4557273351250563e-13
5.211198175085926e-10
4.234246116060777e-10
7.080515399495199e-12
6.113662357013485e-11
2.4552233119939486e-10
7.576657875354506e-11
3.985491014504415e-10
1.0360911311589335e-11
5.064192865452603e-12
3.255642429713173e-10
7.125498965289004e-10
8.41200640915136e-12
2.128821498703595e-11
3.71646096979006e-11
3.1198412533483993e-12
3.082036180820214e-11
5.845586066138277e-11
7.81465048913623e-12
3.763117723140521e-10
6.124600505267588e-11
1.1090110516257127e-10
7.767826474074365e-12
1.0454486916227843e-12
1.1817765958712956e-11
3.2608140163255126e-13
3.665513951093187e-11
1.1768050546635254e-10
5.120263841265166e-10
4.428151616814368e-11
5.540971668428052e-11
2.1184996648237102e-11
7.154916002115292e-12
5.26743123227954e-10
1.8503466366398804e-11
6.598082365039677e-10
6.276447267055121e-12
1.679647057488886e-10
1.9376441269403154e-11
4.3162928446824685e-11
2.5095864052097703e-10
1.7489509607837394e-10
9.256946105127803e-10
2.1164985150367877e-12
6.116000806976011e-11
2.8842902146445067e-10
3.5548889329774726e-11
4.84099345710624e-11
1.7318000456285948e-11
4.1827177458332347e-10
8.149466430476922e-11
1.5887757189538724e-10
2.5743059979140515e-10
6.678184045978758e-10
4.1369331351726896e-10
3.0940534019726835e-10
4.433312448773118e-12
2.65717032032725e-11
9.629672309456982e-13
5.812415878287384e-10
1.2403933335414099e-12
7.483867348182014e-11
9.308487238959249e-11
1.4817161107096746e-12
3.693679919275708e-10
2.0291681157862537e-12
1.7161994677171955e-10
4.677662241200313e-10
6.920057655218484e-10
9.759850337480487e-11
9.092308935921604e-10
9.81154751236483e-11
3.3290722389054063e-10
9.035917491063643e-13
6.539065353447369e-10
4.5602297413015854e-10
3.173811985276067e-11
8.630319774061936e-11
4.947369907866091e-9
2.429636439226991e-11
1.0374159640926097e-10
9.3677748531292e-10
8.099811840402208e-12
3.63371710663569e-10
3.6535397030770947e-10
1.7006892273434585e-9
4.4842866676263575e-13
2.1861857347568036e-10
3.463176871532994e-10
1.3861857419947923e-10
7.255846238350846e-10
4.1479948489704107e-10
1.2798010971914408e-12
2.364036065378044e-10
5.908588072063419e-10
6.18690774880337e-11
3.729424918841349e-12
4.542517360730507e-11
8.810138386467336e-11
6.312517364886346e-10
2.3415327749777714e-10
5.186968918061834e-11
3.7989866691879405e-12
6.642087119745548e-10
5.851636706328646e-11
5.107286442400762e-10
2.3962289647406166e-12
2.1278097904732392e-10
9.97446001576782e-11
1.1757428341323147e-9
6.0581544790726e-13
6.22633399490457e-11
8.850418491970251e-11
5.3645586394629144e-11
4.1875507353639225e-10
2.0721364717530132e-11
1.190841207238562e-13
3.718154298305922e-11
5.165134019193335e-10
3.556729715374845e-10
1.1154930390958415e-12
7.664186761040295e-12
1.0924365866875532e-10
4.2323836942357956e-10
9.187364749730098e-10
4.666054822391187e-10
3.3848952928387326e-10
1.9829627592810102e-10
1.165623110314286e-9
6.3970457984572315e-12
3.658648669982805e-10
1.6162502144595533e-10
8.395488577708157e-10
7.862600460910286e-11
4.388854385970222e-12
2.8489813350878926e-9
8.769938409792735e-11
3.675628528584445e-11
1.2874645947766714e-11
8.492431665213719e-13
1.9589837767318355e-9
1.4252289131136044e-10
4.5531122872896925e-11
2.03902132613486e-10
1.786276568820696e-11
5.1453386656720905e-8
6.516775246832155e-10
5.845237566813475e-11
1.7726927896357358e-10
8.250552080166219e-10
3.0253564492976545e-10
1.650726818543354e-10
1.1383423777714022e-10
3.644549501026539e-11
2.1852794151386237e-10
1.5784764142669492e-10
6.459021838153494e-10
8.740691517427596e-10
1.7437906723802918e-13
1.5521952081136943e-9
1.434832802960251e-10
2.599333302059922e-11
3.205599333705204e-10
2.441079115395248e-9
5.96153254175485e-12
5.551835476227825e-10
1.949163089205447e-10
3.870391113443666e-9
6.808268777670659e-11
1.3722876864171877e-10
6.309785062115481e-11
2.5353017704456425e-10
6.152308665068538e-10
2.788439542123528e-12
3.4389658295091326e-11
6.299923096745758e-13
2.8052056403670398e-11
1.1471089931209179e-10
1.4985126854772872e-10
1.5106897503615383e-10
6.319184430856822e-10
3.679268528349568e-10
1.906200907369525e-10
3.511471328155569e-10
7.470305964494536e-11
7.007425342799008e-10
1.1585715484975513e-10
2.3586405512269375e-11
6.907923973301715e-10
3.0476905944189505e-12
3.450024215655429e-12
7.085623023870091e-10
3.007082422756756e-9
2.8311495191074774e-11
2.0409454160230626e-10
2.8596182305499395e-10
4.201382769072052e-11
1.8859912973968903e-9
1.594532382990244e-10
5.56253466903327e-10
6.230872199356989e-10
2.20116613919598e-11
6.082345783872428e-11
3.4831257959709043e-10
4.080077524743843e-11
8.105010196964512e-11
2.6896056360877544e-9
1.06135883549038e-9
6.7924914776218e-11
4.095814120900984e-11
1.0225511566504868e-10
4.9892747956701e-10
3.695026460251402e-10
6.231648079326643e-13
2.997298644152155e-10
1.0043400261275051e-10
1.2548186246615993e-10
2.703185217224777e-9
1.0696218360819328e-10
8.599008115488008e-10
6.627656023585535e-11
9.380919855445719e-11
1.3809872550802952e-10
1.0992225698081537e-10
2.43376732450418e-10
1.886915176745101e-11
2.810753613540556e-10
1.7801497649227e-10
8.820444661171967e-12
4.5880091482322115e-11
6.889602925281513e-12
8.973894344984975e-10
3.444000016173602e-11
1.2325006079858702e-10
5.6724081541169606e-11
6.948156823043528e-11
6.0529874709156214e-12
3.101076911897364e-11
5.782342970867816e-11
6.304410573813388e-10
5.695728241481003e-10
7.579199042784537e-10
9.215743626554142e-10
3.855545259007515e-10
7.829039133437206e-12
2.378816682141561e-10
1.498782572145049e-12
3.0659710161880493e-10
9.370253004996824e-14
5.949379777732443e-10
2.6675482160348753e-11
5.458488006969922e-10
3.62467157671286e-10
5.887261310259661e-12
6.409330206995342e-10
4.761258112038973e-12
7.529418271027673e-10
3.8837478230690194e-11
1.3340914546916852e-10
3.87950393537563e-11
2.1027245335524295e-10
3.913279623003659e-10
2.312659021745326e-10
1.0601060425788831e-10
6.499318564443025e-11
4.4581049915704494e-11
1.1795640450596159e-9
8.502442049669902e-11
3.7896072562644066e-10
2.068158208271591e-12
3.146783926013168e-12
4.6523188532949595e-10
6.749381513468719e-10
8.150743337552751e-11
2.992398057380959e-11
2.2136533338432612e-10
2.1489744069499898e-13
7.961083041153945e-10
1.1131490718832439e-12
3.941235761411901e-10
2.2491872161717406e-11
6.14217583585997e-11
2.223662538920531e-10
1.1762285344409713e-10
1.527493622223253e-11
9.223224435935575e-13
7.488338991747695e-12
1.8905272385694768e-11
3.192616119624701e-10
6.791942187064617e-9
2.6146318948643844e-10
8.306867513389747e-11
1.559287543195138e-8
2.0102271536471964e-10
3.952753736606406e-12
1.2529302825410865e-10
1.0542487472504586e-10
4.2299668573681764e-11
9.285704161603964e-12
6.054935718661286e-11
1.6637072853242038e-10
2.1940052054147277e-10
2.4234271023777486e-10
9.222590516584544e-10
6.91198493670747e-11
7.793842570988483e-12
1.5676902964160862e-11
7.29497298113993e-11
6.851391118788931e-12
3.2706405959349677e-10
2.2902563145728848e-11
2.760481881931517e-10
1.0949612763943678e-11
1.8018720672971617e-10
2.4531300000960327e-11
3.2690295520848897e-12
5.129548368011058e-10
5.574875438892503e-11
3.9235273599514345e-11
7.721970823573493e-13
2.019852434305309e-10
3.280707377423911e-11
3.635277428654558e-10
3.2471788690998323e-13
1.9436008191279898e-10
1.7347796294773017e-10
1.6006348674623103e-8
2.1249139922619353e-11
1.3022696384449726e-9
4.97624161881971e-10
6.169760217881292e-11
3.6473721774879534e-10
3.3817948436105914e-11
3.5402171959867706e-11
8.098586926960566e-12
8.268357646337093e-13
8.791659096083241e-10
7.493775378164361e-11
1.2965377751738745e-9
4.5767051578464984e-11
3.4755831795448905e-10
1.6252413732062387e-10
9.486491896520496e-12
7.48234288688797e-11
1.2948627813718174e-11
6.644221043833893e-11
2.2156157052056494e-10
1.94379483886786e-10
1.9345622344696838e-10
4.169309109082163e-10
1.290210801256943e-10
2.7170320635991286e-10
3.7629449131079134e-10
5.916350161275817e-11
2.63423257939599e-10
8.384933594031402e-11
2.526341645428374e-11
5.461311501820441e-10
4.141939740961682e-11
1.1000249597220782e-10
1.9326288932199222e-10
4.27914562254143e-10
1.1389579768202295e-11
1.0113891723223645e-11
5.381641049359713e-13
9.469694157129464e-10
1.0408098423487383e-10
9.147583211610265e-11
2.525775194358481e-10
1.0994639942509843e-10
1.3639307439800032e-13
1.1163455662407945e-11
2.8669831520563583e-11
3.934282905832666e-10
9.703827532833996e-11
2.6580040733355684e-11
1.2692687344744587e-10
3.6088389157247314e-10
2.0904864287877517e-11
8.627174932883861e-11
1.5763817278015973e-9
2.6574747163886108e-11
4.067445473247101e-10
1.7429616275406235e-10
4.2386609740839036e-10
1.1959912003581386e-10
3.3970950293334693e-12
2.498726339474942e-10
1.6884883574090722e-10
3.8906702071240164e-10
2.0908689506356923e-11
5.220890574522472e-10
1.5239408204007613e-9
7.939781139633169e-10
1.6251507635931635e-10
4.32371262768337e-11
5.18317695448183e-12
1.422036442611529e-10
1.938718443859867e-10
5.933742157818633e-12
2.73403270511812e-10
1.7145852892966694e-10
8.215618860724522e-11
1.490491383673822e-12
5.165551691348556e-10
2.2913503036978504e-13
3.6743580347353977e-10
1.1787009474399165e-9
3.812632106705527e-9
1.947357744844732e-11
1.7071826141186479e-10
1.4349803987325277e-11
3.406840827755776e-12
4.836477640580458e-10
3.551368151167406e-10
1.014293455003824e-9
3.6467199116551554e-11
6.552518878261946e-11
1.6259154828899343e-10
1.2110786790131388e-10
2.584216785033952e-10
3.759347681152245e-11
3.389033748305341e-10
1.32703249281808e-11
2.0538799306607216e-10
1.439033993999683e-10
5.826225853185884e-12
1.4943454100218208e-9
3.4006846380501594e-10
6.008679450267991e-10
2.9408403104912765e-11
9.318453784675174e-11
4.2283045261029956e-11
4.557285791239359e-11
1.2486102593133284e-11
7.299314192184605e-10
7.119534196390494e-11
9.705602948681103e-11
3.273543850763001e-13
3.1876462976966856e-11
7.261907164573448e-11
8.776118713241503e-10
3.1526242593733114e-10
7.522009541554047e-10
6.820612410253966e-11
4.0514016560737264e-10
2.4429482209994924e-12
3.152388965777265e-11
1.8363807952183892e-10
1.1843723399675394e-10
3.4295369343682865e-11
5.0129662702587695e-14
3.70769532009895e-11
3.7147512691924104e-10
1.3063492250646175e-10
3.9481504669450034e-12
1.1098604700103154e-10
2.112218504656007e-11
1.9339562935806387e-10
7.56296989482589e-10
1.0542484901351636e-12
2.6941154916953304e-9
7.203584148382962e-12
1.727578786888786e-11
2.2034737986885696e-10
3.536979018774821e-9
2.3003340061662464e-10
3.026912812614653e-10
4.23554778211479e-11
1.335794007229784e-12
3.953481395422319e-13
1.5477172753676073e-10
1.466409727159485e-12
1.2157280692216137e-10
4.0983092429050414e-11
3.4323373199744476e-10
2.7945305973433087e-10
6.892558965356904e-12
1.0749850007685882e-10
4.115908793897652e-9
7.745361200110711e-12
1.0958048506216538e-10
8.476504488396657e-10
4.402865116294281e-11
1.831792764944314e-12
4.817528352478407e-10
4.036028261206071e-10
6.959595386895084e-11
3.328426934587681e-10
8.753825214351761e-10
1.255090391271034e-10
1.5616575547025688e-10
2.5888276933856645e-10
7.938129236633578e-10
6.393363788724408e-13
1.697141827554422e-10
3.7825598512381585e-10
1.803114915842621e-10
6.027513860400495e-10
7.038278825449404e-13
4.0856962854377084e-10
1.8638683984409012e-11
1.2532498792103124e-10
3.6093581249463434e-10
7.241763834428168e-12
4.4761140115970555e-11
4.78375874632955e-10
1.4211198803008181e-9
1.3606673251680875e-10
4.1850701401661525e-10
2.7945100262356176e-12
8.415878822085204e-11
1.6233035019643513e-10
1.7942326315695924e-10
7.0800193767630074e-12
2.1477901427800613e-11
4.361799305310194e-10
1.402750489516103e-10
1.4313425204774908e-10
1.4310647937592208e-10
1.5011091416275555e-12
1.2608004199063844e-10
1.811903811212646e-10
3.689711129271544e-10
3.2097876443939026e-11
8.96977313373133e-11
6.468958748742768e-10
1.1584131843396797e-9
8.159830672999993e-11
7.304716638823303e-11
1.1184936006441139e-10
1.3225123371720544e-10
5.194286315079785e-11
3.153312883724631e-10
8.716489704226998e-11
1.7973724686673796e-10
3.2265586715337777e-10
2.0366899970804696e-11
6.52738948251878e-11
1.4088825027281017e-10
2.9460342700399744e-10
2.826624831692503e-10
2.3200289199920566e-10
9.887200347392099e-12
2.2544571423588418e-9
1.493799488716306e-11
6.167074059589432e-10
1.3824137405073631e-9
7.335751601785248e-11
8.633765156032941e-10
1.278669405341913e-10
1.0115926169792026e-10
2.051935149340723e-12
1.6913795957738372e-13
1.5698967630273657e-11
1.5707958700151372e-9
5.403513346945019e-12
3.520787910536643e-13
9.055757591945097e-12
1.5355102073049957e-11
4.988714127971201e-12
4.549449946752702e-12
2.3989166382416305e-12
2.6400876578373575e-11
2.578266816089498e-10
2.8522884553754356e-10
2.5541688180625786e-13
3.584073591406595e-11
1.7731102605249519e-12
2.768205220213462e-10
3.742313465693777e-10
5.878437590712346e-11
2.653732422584368e-10
2.855655829228775e-10
3.7694224110075894e-11
1.1670128387553298e-10
7.780917233012825e-10
1.3250327264571346e-12
5.6530375830911663e-11
4.458155219097682e-13
4.7911777640625285e-12
4.4328225247607773e-10
3.906566756190139e-11
5.320448178285729e-11
3.251763056482046e-10
5.354796403927223e-10
1.2604092951722016e-10
2.7333992555527223e-9
1.216234982196557e-10
1.6747335475775796e-11
3.053818363393137e-10
8.142182671767435e-11
4.4932515489650985e-10
7.402127332970885e-10
7.265504302382827e-10
3.8070726616128107e-10
1.6692411486715141e-13
3.9691125114140493e-10
2.629937692284205e-10
8.224425467229918e-11
2.437783589884097e-11
1.8579774779377094e-10
1.6670500325971448e-10
2.6547113016839353e-10
4.883010109155177e-10
2.626662435035459e-10
4.869248853774853e-14
1.2599211131910131e-11
1.2963548610800344e-10
1.9077796537031787e-10
1.3908956508366676e-11
5.018207215459308e-11
1.7190660315052287e-10
4.5373699231134856e-10
1.3971662730881876e-12
3.097380403063038e-10
3.2842369977527925e-10
5.4131237962610256e-11
6.393295630216823e-10
6.74644750002302e-10
8.555023497872215e-11
1.5674106913025072e-11
3.240844288237579e-13
5.915012003965864e-10
7.4272928654437e-11
3.085851115965964e-10
3.485024988425129e-11
2.190855023265014e-10
1.949396424659427e-10
7.338039391906722e-11
7.901709202714377e-9
8.0622609312973e-11
4.563225526421065e-12
7.581124588689015e-10
9.69613081105689e-11
1.8720299957940488e-10
4.816500687448972e-10
9.839639401164281e-10
5.460476581262376e-10
5.405315127183658e-13
6.97407746910521e-13
1.4326183495692515e-10
3.8093586977388505e-11
4.1039803204097015e-10
3.327849756570726e-10
8.49182397957177e-13
1.788046075332644e-12
7.679051766031417e-10
2.6305322733726234e-10
1.2367882063774022e-12
5.729987472059002e-11
4.2365152253774016e-10
7.202904077584949e-11
1.5793829711544083e-11
1.9474181829781742e-11
8.743423715133296e-13
2.4790632204366726e-9
7.124720878174066e-11
6.606292881119881e-11
1.5754602466371028e-10
1.249697934484454e-10
3.9052601138019263e-10
8.291582619918882e-11
1.3676526593761347e-10
1.21980936322083e-13
5.4640345765152384e-11
3.4694615573191754e-10
1.84603286454886e-10
4.911882499748178e-10
3.6008822944115907e-10
5.4268008319331535e-11
1.2722441540866746e-11
3.6951858940864056e-11
3.820488151462637e-11
1.3468697518236204e-10
4.794646724533767e-10
5.438952610839194e-10
3.258519525378636e-10
4.8519472167622706e-11
1.3905252856094906e-10
3.89901645750638e-11
3.5882732908122145e-11
1.7103919390212512e-12
5.859746678038217e-12
8.191184958717491e-13
1.3698238496694898e-11
2.440753801148776e-10
1.9276056513746687e-11
1.1086011113378616e-11
2.0346361730037587e-11
3.4791447731798343e-12
9.392878964107861e-10
3.7818356392160535e-10
4.6844353655081985e-12
9.848638773628903e-10
3.0917802436346574e-11
4.019401531541312e-12
1.1316563839340959e-10
7.428263854912044e-10
8.65955209890152e-11
2.94411641635509e-10
8.242362316595186e-11
2.609293625036175e-10
9.542189878087545e-12
1.170056904074329e-9
2.037655831955158e-10
9.086675222052927e-10
1.0419135228985967e-11
4.509496843410919e-10
1.1771963367811188e-10
4.711396763190631e-12
7.405299799519427e-12
1.489205602757538e-12
7.368827583552655e-10
1.6218331174691536e-11
6.764408588768434e-11
3.984583623297704e-9
2.7538511252160606e-13
4.321231424819896e-11
3.2057084312063716e-11
4.1771532235546e-11
1.2135466255828497e-11
8.841446807323861e-11
4.136629018971164e-10
4.4206766072825247e-10
5.528106740052824e-13
2.0305573542177182e-10
1.3524310254963351e-12
1.7249078745868322e-11
8.977644454863916e-9
6.464148138782373e-11
2.3223766942196288e-10
1.7977045147183178e-10
3.128756317340599e-12
1.4041093426761308e-10
1.2138269839050265e-10
1.1222228887084009e-10
2.519157317095878e-10
2.4541835273118966e-10
5.169597160315828e-13
8.372856498548874e-11
2.3985796806765536e-10
4.757575445836619e-10
4.4909005234438915e-10
1.3693132236847827e-8
1.6701824459257746e-10
6.896271444613895e-11
3.784798323402192e-10
1.1975098357527248e-10
1.0071387539870921e-10
5.094343141499684e-10
5.489101237450309e-9
4.060457019517672e-12
1.9751268684068277e-10
6.302204177742657e-10
1.4152456828413865e-11
5.297527742599724e-11
3.408067273066937e-10
2.328851626381886e-10
7.296672590712631e-12
1.095079577396055e-11
1.6271283403986856e-11
8.56269506062189e-11
8.114316286895635e-11
5.629423521552285e-12
9.881528015968417e-11
1.2514744909508952e-9
3.677341555796551e-10
1.186187937739182e-10
2.8473676496914203e-10
5.245648263782226e-10
1.395675560338109e-10
3.082808947071755e-11
3.6902659074592053e-10
4.0431836943781455e-11
1.4986177371189347e-10
2.6094488899633475e-11
1.0282424098660988e-9
1.5729054088726288e-12
1.2266249838714314e-9
7.552634561108919e-12
2.7275427846913683e-9
3.5044659704873516e-11
4.511589992006417e-10
4.648040701159924e-11
1.5862176779100473e-9
7.155302115715869e-12
2.0886417175022632e-10
5.687044308718078e-11
1.424521959753707e-9
2.6667911481389945e-10
2.676485182567049e-11
2.8225041834290995e-11
3.2683971612727e-11
2.103554416900145e-10
1.5897246454872016e-10
4.6549380330204575e-11
9.369212767299876e-13
3.817599491387893e-10
8.358061334529485e-12
1.814940025564462e-11
6.516433082347291e-11
1.3130356644018572e-10
2.608698793968256e-10
7.853605040133739e-11
7.527547239216199e-11
1.1880550155392404e-10
1.158437607787105e-10
5.445674003732707e-11
4.180075566063853e-11
2.644245320933388e-12
3.7369093347757357e-10
5.442105310611132e-11
2.238394080277252e-10
2.8671836337507184e-13
5.524476283100929e-11
2.725313020826547e-12
3.6585778682496964e-11
7.317283514745844e-9
2.0158925818992938e-10
1.8232820767581763e-10
1.2618769800785568e-13
8.619414336525973e-11
3.6769247181915106e-13
1.5598701951335888e-13
3.0928780098837066e-12
8.858759127041184e-11
1.1075113388781632e-12
2.8724871611191875e-10
5.232431773423491e-11
1.1804931873627102e-13
5.199825119009344e-10
2.7393105639774373e-9
2.067593071484659e-9
1.927488812692447e-10
2.8294035117814127e-12
2.2489708996921852e-9
2.035018700764343e-10
4.8305800899029906e-11
5.07239489257919e-10
7.285015815611285e-10
3.628554514392536e-10
9.088150308755679e-12
4.3478509962355573e-11
2.8790405791382356e-10
3.943662662043341e-10
1.1713609528917567e-9
1.3936440767144512e-9
1.6803448632733262e-11
3.3673367548103884e-8
3.41872409742877e-10
7.53595986134086e-10
1.0141179340323527e-10
4.359109894607485e-10
2.0741605027951322e-10
8.697424655094524e-11
5.755034774336783e-10
2.2770769570653449e-10
1.1406280825618906e-11
3.953176681189675e-11
1.1473291988477167e-9
1.8233920936234659e-10
4.6734124452219246e-11
6.157926616775087e-12
1.6870809306864485e-11
7.04439709963107e-10
4.0167184398247166e-12
8.247343935238055e-10
1.854953661298753e-11
3.232410902428794e-12
1.582127182493792e-11
4.494575568874693e-11
4.324476682270836e-9
8.005175353111319e-13
9.936757203826918e-10
1.5591722657143863e-10
7.110277174682507e-12
1.164102563823687e-11
4.64396417905637e-11
2.0842037606201521e-13
6.74433069199211e-10
1.1415207295439791e-10
1.5191046469338144e-10
4.626316906698128e-10
2.045753618427215e-11
1.7875368942262531e-9
4.5529690583976357e-10
9.352663540192044e-11
3.764104352373468e-11
3.2962781822465946e-10
1.9214062185606406e-10
1.1393333594322855e-10
2.784535595869203e-10
1.3277946352544409e-9
5.229628297895881e-10
1.0556894906525856e-9
2.538804146223763e-12
5.802496318563055e-10
2.970553163248658e-10
3.900143945166882e-12
1.1753767434293126e-9
3.01614020861453e-10
2.9104670842787048e-12
4.2831922098557234e-12
3.382887559757701e-10
4.798042892423745e-12
1.5640938263964022e-9
5.026280634039559e-12
4.5536720349324724e-11
1.9165549949905955e-11
1.569489325198366e-10
5.996380022353968e-13
1.3581937623165145e-11
6.494623848126807e-10
1.0606597336024274e-10
1.0522572746189666e-10
2.5747387505055256e-10
3.901374366286547e-10
1.2898862000111382e-12
6.759673416222125e-10
1.16276823164643e-10
7.770940114507793e-10
5.559947884147164e-10
1.1667264668867587e-10
1.1450705113377016e-11
4.155926611444231e-11
1.955101939409824e-12
2.2703009693589504e-10
3.418656440609055e-11
3.2091172021995947e-10
5.593699615682253e-12
7.943935259743525e-10
2.2737083240274475e-10
5.45381720253143e-12
2.693963281829037e-10
1.9692668181981894e-10
2.874905315048938e-10
2.7786896175056e-9
1.910860797964552e-10
2.833620545339557e-11
3.8406014056190824e-11
2.3419189330890235e-10
9.657837972727511e-10
1.3927612026278913e-11
2.4170424428531766e-12
2.0476872626674846e-10
2.9824225355873726e-10
1.8863885615162913e-11
1.1123658572981903e-11
3.366220733392272e-10
2.9098415611407173e-10
1.3592479921653184e-10
2.8511469004276267e-10
4.715338532219924e-10
1.3417105171061388e-9
8.001593017527928e-11
4.2783776837323195e-10
5.850806160508854e-11
7.477354989266686e-10
2.2236665450997804e-11
2.5749058500660977e-10
2.4035769635154835e-9
4.33086928415507e-12
8.441379976178723e-10
3.227264390914584e-10
1.1077518677145283e-10
5.573917064682989e-9
1.0539909149416757e-7
1.1999933973325042e-9
4.099261377438917e-10
4.0780291443633746e-11
1.5511398607777055e-11
5.529307277102118e-10
2.3143189370989922e-10
8.897778561876605e-11
1.929174101905197e-12
1.2838072683519177e-9
1.0312877168285581e-10
6.275968123317428e-12
4.354005011973973e-10
4.903920735023605e-12
3.774262756076218e-10
1.1680073223451352e-10
1.4084368341738956e-10
5.760418406415407e-11
1.0594047903174741e-11
6.580196076805648e-10
4.858476377616343e-13
1.5319373238071711e-10
1.8471829760008213e-11
1.8302129544965231e-9
2.476889423821633e-11
5.757714050185226e-11
1.6512196050429267e-10
6.60301748463943e-13
9.529234986621858e-11
2.4062715441005253e-10
9.142647426768696e-11
1.6110022811912264e-10
1.665833311144719e-11
1.171854613603655e-10
3.790738727581967e-10
2.0757498613415756e-10
1.6765540534585566e-10
1.5189950033768453e-10
1.7131781390163718e-11
4.5317999741623663e-13
1.9553280637931718e-11
5.1639904661494295e-12
3.466277423738077e-11
1.0005983752628602e-10
8.501884916303705e-11
1.0277824511926695e-10
3.062681346793003e-10
8.137801295425253e-11
9.174606933778547e-10
9.553929190565957e-11
1.8129933439758506e-10
6.348858212289749e-12
4.834553443018177e-9
3.1080734362391513e-13
7.663656786532636e-10
1.2194465570683566e-10
6.806009830838713e-10
6.79705422827279e-10
3.2237282563814943e-12
7.308764308205853e-10
1.7403137472962499e-9
2.7455842019313093e-10
3.7982440599420013e-10
9.873667023300749e-9
4.2936659715525876e-10
4.555221791134931e-11
2.380742427969586e-11
1.84727297203358e-10
3.8745691732931815e-10
9.63959899737516e-11
5.870261332735621e-12
3.09573306747982e-12
3.134617191905941e-10
1.1614658415658082e-9
1.4230269927275529e-11
5.076356175721783e-10
1.5037514889581434e-10
2.9398433025584635e-10
3.3460430969902365e-11
1.994916246136222e-10
4.991762727618214e-10
2.2720539768188167e-10
1.9869142889154406e-12
2.6675352121178966e-10
2.258547499150402e-9
1.4128930800981235e-10
3.3149397035118674e-12
5.137255801693418e-12
2.935646374512785e-10
9.700969124877496e-11
4.661031579582565e-10
7.262334819241317e-11
3.9869632782257915e-10
2.138130260357322e-10
5.049059387220481e-11
2.2508733556708734e-11
5.90062271513924e-11
8.908760008037878e-10
4.966620055867238e-10
2.9050090243190066e-11
4.517177418461477e-11
1.328218786930066e-13
6.692440557972607e-10
2.640992478734486e-10
3.6083991992381343e-10
1.094784580962551e-10
3.951232366137551e-10
5.785644250155778e-11
6.321928936050745e-10
1.0389696546648553e-10
9.996087817151013e-11
4.0516932761502925e-10
5.802081905630462e-11
1.1413947295738936e-11
3.2026296965276825e-11
2.5794878611848575e-10
5.596066042133048e-10
1.9294508282975724e-10
7.005434381959229e-10
7.137151558862791e-11
3.6722502308325274e-10
1.4383054975763678e-11
1.7681971528355613e-10
8.11025415588757e-11
1.753944056705383e-12
1.9758238056524563e-10
5.177867361216293e-10
1.176029924217201e-10
8.320944314036984e-10
6.649040331470644e-11
5.915905874007075e-12
1.948497348956481e-11
2.4606763727411763e-10
1.0863660235008224e-9
2.574130470909965e-9
6.086653649530691e-10
3.3368898907671854e-10
1.4025042560598346e-10
1.5589498272604776e-10
2.54220906229539e-10
3.1443411514058036e-11
2.343194556556776e-10
3.811419490591307e-11
1.8874941709987716e-10
2.5373197816933163e-10
2.1368938764136093e-10
3.5466260490613735e-10
5.569947884300193e-11
2.0660598137936534e-10
6.753002076918243e-10
4.1704505939214523e-10
7.81550252695444e-10
1.3664050945737177e-11
2.7932481434598526e-12
9.860638481454613e-10
1.270247909195204e-10
3.647941217556588e-12
7.75462122305721e-12
3.5993626811299133e-12
2.5178762615820137e-10
3.2860720303434948e-9
2.3063161959674505e-12
2.01968775795189e-11
8.791274215458993e-11
3.948267417078327e-10
7.643486556283818e-11
2.3300271532599585e-9
3.3329938438655054e-11
1.8358396270951704e-10
1.091611539042019e-10
1.4075070515276907e-11
3.4041269970680314e-11
1.9735991666603136e-11
1.8210981576707747e-10
1.9672222021202594e-10
7.94829918355116e-11
4.1142610844803014e-13
6.275601815117643e-13
9.353666407481356e-11
8.351975253627454e-13
2.200142748507513e-12
1.2582784659673608e-11
7.631037329931837e-10
3.879126672268415e-13
1.204836565163089e-10
8.357987367866102e-12
1.878912138390371e-11
1.1371954259203067e-12
1.706827005274505e-11
4.1224280650065e-13
3.423320061350014e-12
2.1843963925008108e-10
2.3471557460937376e-10
2.4092332315548733e-10
7.592407335502104e-10
5.324505738551193e-9
1.6022009958379994e-9
2.8954259208891756e-11
2.814085801937115e-10
4.529858011741784e-11
3.2327580513852894e-12
7.176245735736934e-11
4.8800985152637204e-11
3.850840242994296e-10
2.761523654980239e-10
8.442605179575762e-11
6.002378207564891e-10
6.997384751754771e-12
7.742542857084293e-13
2.9666717101297516e-9
8.945490611512581e-10
1.5879792839499332e-11
2.8812827481484417e-11
3.4732832266036626e-11
1.5363491802056208e-10
1.7988127190257508e-9
6.939025354030394e-11
2.7790902297112136e-13
3.857490843179094e-10
1.261168906266945e-10
2.999055696191688e-10
3.9497939663982907e-10
6.577834705527264e-11
2.268878439605302e-10
7.652066175444634e-12
2.169410399463912e-11
3.99962919167846e-10
1.4386395259733234e-10
2.486083236743094e-10
3.320981312587161e-10
2.414997454665688e-12
3.9621673948606957e-11
3.97690832602714e-11
1.874478111626417e-12
4.850005085262489e-10
1.2988322914954242e-13
9.665970020759338e-11
1.5505467026218272e-10
4.944066838002136e-10
4.5912605218479573e-10
2.867073451608642e-11
7.573413830103538e-13
3.368702401608872e-11
1.1122258872118716e-12
3.005809677168069e-11
1.1366094927714306e-13
9.554597973155713e-12
1.3467023557497996e-10
1.8967655243045075e-13
1.957713840572721e-11
2.3033138899586106e-10
1.2695037073207457e-11
1.1913697148126472e-9
1.1626571422201266e-9
3.354667066773137e-10
2.1712607350434174e-10
4.049981375969209e-10
3.3821741709454834e-10
1.0434588826765336e-12
1.366663388973699e-11
6.023420586292634e-10
4.810035615910085e-11
1.6922736500191761e-12
3.284917699520257e-10
4.382742526284226e-11
1.2460041853177638e-12
5.560216899368257e-11
9.802570418301881e-11
1.3307355077463177e-10
1.8652044145790605e-10
5.478135070221905e-10
3.274761271692398e-10
9.849217391964801e-10
2.3786463524125944e-10
1.6971381274700902e-9
6.46780423750323e-12
4.143077197423032e-11
4.3331887889593766e-12
1.656655532320909e-11
7.540530925566876e-11
5.115307198220351e-10
2.1770475024555334e-10
5.664887136933703e-12
2.909608162537013e-10
2.0774642716668268e-10
1.0190975855498551e-11
5.788392646131782e-11
8.397573547829617e-12
2.9859127914945434e-12
6.561028486154508e-12
7.605135870682766e-13
4.001581609135824e-12
1.3441085497625223e-10
1.7274529680716511e-10
6.294486895033418e-10
2.1644040283790658e-11
7.945204519106719e-10
9.559067998647358e-10
9.54209322612869e-12
2.6070732649759866e-10
3.885950403662023e-10
3.6225225606518305e-10
2.1088339076571988e-10
3.000363579872951e-11
6.68199504353717e-10
3.9937004846754664e-10
2.289186753645845e-12
9.444181974645296e-13
1.2835582353628985e-13
2.080914541470488e-10
1.575548072022876e-11
8.360889379350319e-11
3.7858055399853547e-10
3.618957696833331e-10
7.50742368804889e-14
1.7651204230500915e-10
1.0294463911371232e-9
2.6427634783543684e-12
1.898501533188923e-9
1.9294585258166416e-11
1.3491635432673477e-9
3.394321516949969e-11
1.8008490890695544e-10
4.3846752642147504e-11
5.937945850434588e-10
1.6084169529323313e-9
1.1312977954773308e-9
6.230811505865146e-12
4.3729656940582205e-10
9.974052574522306e-12
3.562561258901205e-12
1.0365568429781331e-10
1.616513384179216e-11
4.280785195694388e-10
5.115399304426425e-10
4.787894766008569e-10
3.329138634694586e-9
5.615999095945375e-10
1.4511016819744695e-10
1.1408010032970439e-12
5.194394191133484e-10
1.4984106580963884e-10
1.0297931094713761e-10
3.038446452477451e-10
2.2091516248600971e-13
1.4863539169447846e-10
4.6519009923079297e-10
1.39932997299164e-11
1.467160880969608e-10
9.338613483795159e-10
3.721073532147225e-10
1.0956468714181406e-11
3.5565277246202633e-9
3.839533737698032e-12
1.2383504295564151e-9
2.8612427441860206e-11
2.6525902509244247e-12
2.1822429926208396e-10
5.766313264299913e-10
3.82080075833981e-10
2.1894865426609688e-10
2.8000068748864584e-10
1.6521633975752705e-10
4.918293088080208e-10
1.5959243735071226e-11
3.7539415704132824e-10
1.3766212192932798e-13
8.062397715339929e-11
2.408212062963807e-10
1.8421167461806871e-9
2.2444702352052656e-11
9.897560905918243e-12
7.441287424754415e-11
1.6704345135462133e-10
1.6220266455291785e-10
2.788102137067522e-10
1.3798566311530779e-9
2.0053994849026613e-10
3.2616117446599975e-12
3.868429314622721e-14
2.6975011566954053e-10
9.193745295373336e-12
3.126808376017841e-10
8.398501125858613e-11
5.112249752296175e-10
2.0600623932929017e-11
5.232579761346207e-12
6.564091459781433e-12
2.78713096512146e-11
1.422048619073941e-10
6.408811013117972e-11
2.115481684566991e-12
1.3904849058492332e-11
2.1548374436269813e-10
3.2094609337937595e-10
3.7137201922612775e-10
2.6270008506651323e-10
6.502178216125654e-10
4.0588194392320536e-11
5.956099475576921e-10
1.2454669174933523e-11
1.1711122985016608e-10
6.80288635292341e-10
2.9333937641331995e-12
1.6451699268611777e-12
3.154709925030801e-13
3.8029579433289995e-13
1.8148780739928798e-10
5.687206917985435e-11
5.339224136255482e-11
7.885114489729975e-11
9.841797581069101e-12
7.77536296257784e-11
5.957650818224055e-10
2.94223681242188e-11
1.6834023096685768e-13
1.2945326147483025e-10
4.8642046681433784e-11
8.517625058473932e-13
3.174962235782768e-11
1.6596034018222814e-9
9.119524142682285e-11
3.057242585687953e-14
2.915940766745576e-10
2.4135316607271003e-11
5.304893946945858e-11
6.952197107454356e-11
9.570146003570071e-11
1.0283809142152716e-11
1.0146313569267767e-11
4.677667674262527e-9
1.7792491451303568e-11
2.4517935819167115e-12
9.302133623338226e-11
2.5441924187478367e-11
6.038690977026196e-11
5.6211305417424246e-12
5.069897401650457e-10
3.64974066794272e-11
1.0530101697684039e-10
1.0631521360597128e-10
2.0963154242836264e-10
8.921020602676242e-11
6.174049117510326e-10
1.0036764179964797e-10
1.0506225928077407e-11
1.0853057352296826e-9
1.7776821129140627e-10
3.246754584434284e-11
1.6527940514383012e-10
1.427174107909101e-11
6.704743170703591e-10
7.587112137985299e-12
1.6446099566016667e-11
1.0754007132094445e-9
2.0678918052163194e-10
1.2818695399951334e-10
3.6907665701077714e-10
1.3015776473788243e-10
1.827418173864683e-11
3.1163590963302214e-11
6.608923539718746e-13
9.065482716175251e-11
3.284181421050194e-11
6.230710628403548e-10
1.7655242882760545e-8
2.8892001728270563e-11
5.75044409232546e-10
6.519729776652051e-10
4.289537250899458e-10
8.470718788270569e-11
1.1055144955502834e-10
1.845782133006109e-10
1.094837563589777e-11
2.0492142467799558e-9
5.887631493196105e-11
3.635723800620348e-10
3.659674365651245e-12
2.4033687011646983e-11
7.247097116728083e-13
1.2425456532120206e-12
1.0518545947535251e-11
3.0610639761652557e-12
9.241433069261072e-12
6.157743084866148e-11
2.4736407490312166e-10
1.1345882079898772e-10
3.5515867802263213e-13
8.022083159056622e-11
7.283002634652458e-11
1.650297845545677e-11
2.629799966831867e-13
9.394231762626294e-10
3.7682402214077033e-10
2.307933819437999e-10
1.1099134118535588e-11
3.2554635179668706e-10
3.517633599166405e-10
2.8792176690810687e-11
5.953994725905574e-11
1.6008924869804644e-10
1.195362996970775e-10
5.052811625669617e-13
2.8965050541973226e-12
2.638608058507312e-12
1.3837417340327196e-10
9.087268460808329e-12
3.8350501791795713e-10
2.2051262932360074e-11
8.894453877879121e-11
2.607650364487506e-11
1.856794541452853e-10
1.3164101030688513e-12
4.116318652101425e-12
6.076431677003676e-12
6.43578652078178e-10
3.7186999742433984e-11
1.5522265354836986e-11
6.806275979818815e-10
6.056637715715498e-13
3.8171061454795677e-10
3.3454262965269875e-10
9.56142874419028e-13
1.5978684667308324e-7
5.8979435604247325e-12
2.791084334063724e-10
4.21255961225656e-10
3.953664079178621e-10
8.032984985731089e-11
3.2209294943499457e-10
1.9332585286573708e-10
1.2219129105775023e-10
1.438828560878148e-11
5.6716204658172676e-12
2.144103603541866e-13
2.4224761452350704e-9
2.3735334463192194e-12
1.3726607111440267e-9
3.9510730884201167e-11
5.6190093513113276e-11
5.7990083713285856e-11
1.3823347642192453e-9
5.883056402571268e-11
7.306232385206214e-10
5.890078560012072e-11
2.9466776238584565e-9
1.0183977602850622e-9
1.4044572664740998e-10
6.809951678004527e-10
5.453648750021665e-9
3.1628447956649357e-12
2.254308149087508e-12
1.6495034418359075e-10
1.2204643131619102e-9
1.2453096034238843e-10
4.930958320029382e-10
1.1808279540676626e-12
2.188477330002591e-10
1.3734555371450657e-10
2.1165820761685127e-11
1.4650436876674116e-10
6.938593184227926e-13
4.746520741975547e-11
6.533720851396611e-13
4.077840895420665e-10
2.1672309951993278e-11
6.90613133179691e-12
4.190157273795877e-10
3.1975669596686443e-10
9.27171369363761e-11
2.543513446251789e-12
8.981996041026862e-11
9.901435885847815e-11
5.77167298866353e-10
3.9115087126076094e-11
2.3563956640274043e-10
9.571315759629702e-11
5.1996106772869e-11
6.828332816394902e-10
2.5174323528972286e-12
4.1232881462860155e-11
3.611784755713574e-11
1.1058326660409902e-10
1.7514580258350455e-12
8.641721982438631e-11
4.058594027256104e-12
9.68665126800255e-12
7.452854004925261e-13
1.852541286499077e-10
5.085300418308624e-12
8.88774681684778e-13
2.0924488054781436e-10
6.262372239882538e-10
2.1229044696379264e-12
1.6689386195201818e-9
6.571791296420879e-12
1.0379007333154036e-9
2.769187252532572e-11
1.1576589733696072e-10
4.026149443981817e-9
2.8434709365698903e-10
4.66292876902029e-10
4.606346324569766e-9
2.2954285301819754e-10
1.950046693508824e-10
3.333677584315804e-8
4.7911146141237845e-9
4.10967704990046e-10
1.7215988505476504e-14
5.760725772238527e-10
1.370967689759342e-10
3.5217157112818184e-11
1.0010949579802358e-10
2.1836843128527758e-10
6.307705616815993e-11
3.1505546386781883e-12
7.525608735621433e-12
3.894823480756275e-12
5.591784986759331e-10
5.454590760920602e-10
3.0669764293772907e-10
2.1521552341097798e-10
2.8974057821474653e-11
3.1917641371438528e-12
9.142257615214632e-10
6.633685951145214e-12
5.107560530042987e-12
5.599292964014517e-10
8.757127537419806e-9
1.7449771128856738e-10
1.184902942794026e-10
3.858956458556061e-10
1.6274373520525843e-9
5.222035524703351e-11
4.268524434121686e-11
9.270665853405318e-11
2.881830699918231e-11
1.3475969447058142e-10
2.682671592690224e-9
5.993805621352028e-10
7.1515187647161694e-12
2.672103855409822e-11
5.0697929519351025e-11
2.3145460166463923e-10
3.223084473773947e-11
1.3276588690486882e-9
1.7975208222805703e-10
1.758247971023973e-10
1.1772039488018835e-10
3.515384468371627e-11
1.3181974246365832e-10
5.93640746122242e-10
5.295557362606944e-12
4.3454917927134997e-10
3.414586634745097e-10
1.1097493513699537e-10
8.636293484159069e-11
1.6164251618208838e-10
5.122816864857681e-10
6.376935863392294e-11
4.401839166420884e-11
1.6018782460434033e-10
1.0471732982929465e-11
1.2346707454578056e-10
1.0068962716254675e-11
1.2431835960989366e-10
2.758788967894668e-10
4.412101529287277e-10
1.7998667659474605e-10
2.6446528561746846e-10
1.618233724051891e-10
6.877200617637137e-10
6.755045748263023e-12
4.79335566435103e-10
2.4048393281265094e-12
3.91653401755303e-11
1.0744355260988667e-9
5.218922482136229e-10
3.850766996641982e-11
4.0282279809305713e-10
1.3293124080802995e-9
2.837062187744136e-10
4.3428401156120663e-10
3.28527945007382e-13
2.1263966272601624e-12
8.08933280025056e-10
2.8776064917216245e-10
7.789394994100026e-10
3.538259197190218e-10
5.0953121833607484e-11
1.7324541792367786e-10
2.5426653511594777e-9
3.4247928800285066e-10
6.220412855358743e-10
1.9816234051737107e-12
4.134140072665863e-10
1.2471084202154444e-11
1.3663009239313472e-10
9.659300369809005e-11
8.929054713281913e-11
5.225396401616526e-11
5.735574540824052e-10
9.094207375240474e-10
4.78541356284755e-10
1.532478390787299e-9
2.0888187946481818e-11
5.868065150724476e-9
8.842093286209858e-11
1.2110826993886888e-10
8.249280885727636e-11
9.689109044469621e-11
7.671906243258223e-10
6.516989953101021e-10
8.371049630805862e-10
7.44613362526496e-10
2.4447765871899014e-10
1.3721953089722965e-10
1.3052760451040647e-11
8.19822558368809e-10
2.270495427382332e-10
1.58605519927131e-10
3.1916819580187433e-10
4.653809508173028e-11
2.5427228835060275e-10
1.6844122548078647e-10
2.9899351633077495e-10
7.253927168054388e-11
5.4084842420559186e-11
2.593861561172197e-8
1.4055722645067172e-9
1.5380611688626025e-11
4.595141642589233e-12
1.2134992459053683e-12
1.049983654863138e-12
5.842008110905781e-10
1.269986365369091e-10
4.388266089151373e-10
1.2435793291657324e-10
8.450420711021998e-10
9.271370794420336e-10
1.8033889876757916e-9
2.528205000722909e-10
1.0670124458579528e-12
7.071059602613054e-10
1.7107208217728286e-10
2.3610903898244214e-9
5.187322998340936e-10
4.304056589951329e-10
4.921433168133819e-11
2.9392898230460237e-10
3.8906508522322e-10
1.4562205534414866e-10
3.935384300284479e-9
5.574914336492092e-10
3.388923923515702e-11
8.176220307527596e-12
9.723061670457576e-10
2.4205275041306055e-11
1.817159703214839e-10
1.4323219666869203e-11
4.856050779260686e-10
1.2121402948336532e-10
2.6182599981878725e-10
4.6503853019513574e-11
2.466767497530552e-10
3.768554737580953e-11
8.36247513256847e-11
4.65091811593296e-10
3.354575101904553e-10
5.204000388781487e-12
1.6761359735267046e-9
1.2919061484861067e-12
1.991718618243287e-10
7.19303407262979e-12
2.1980683813642336e-11
2.4657766098126653e-10
1.0962199642501378e-10
4.724805159219901e-11
3.946643729649813e-10
8.010720950292318e-11
1.8456301832833273e-9
8.541205793259678e-10
1.2808160364428393e-9
5.8765242025024694e-12
3.7705201250146786e-10
1.7175086960681355e-10
4.526968544863477e-11
1.638716095589286e-11
9.582198374324997e-9
6.499575589703291e-10
8.74622070304883e-12
5.772508665918966e-12
2.8796025276704985e-11
5.614910556823236e-11
2.335831809686192e-10
5.276831125924825e-12
9.777247445530365e-9
2.6286090032371615e-11
5.075125669809872e-11
9.467018036420961e-11
2.016510942333976e-9
1.655887156289228e-10
8.165997005242456e-10
5.3879978428283915e-11
1.267827839206458e-9
1.2718734695314403e-9
2.7810176598634635e-10
3.982450981462244e-10
2.283468467859839e-10
3.5675744695985067e-10
5.873958095663972e-12
4.336579164781514e-10
1.2427174996444747e-9
3.0707547320524766e-10
1.5672928382546405e-10
1.011998193233053e-10
1.1323814864739661e-10
5.7717254682045e-10
6.2108002838489e-14
3.7325095335077194e-10
4.8671173542584415e-11
4.1691226097208125e-10
1.7279900044977587e-10
2.3636616788177794e-10
2.090776414316542e-9
1.356441779075323e-10
1.2419895559048755e-10
6.933480317962619e-10
7.341076886520827e-12
1.308638909367663e-11
2.368797300890229e-10
5.6541875811701985e-11
3.591088496850429e-11
1.0368940555588268e-9
1.4348064388715234e-12
5.794440234227121e-12
2.5401621346074842e-11
8.421962429178508e-11
2.7509875154978525e-10
9.682557481166652e-11
2.7892190372533847e-9
5.572554686635142e-13
9.519358865557561e-11
5.501477833541072e-13
2.994035500005306e-10
1.1410714913681224e-10
5.589730003380347e-10
1.2926599747391599e-10
1.1849056937595502e-10
3.369670110753895e-10
5.633344885459143e-11
6.168003770680467e-10
1.310453832119785e-9
1.7083952066111717e-9
3.366447858401184e-12
1.2341988971920243e-10
3.316506442257711e-11
6.77527508708522e-11
1.8904198348950772e-11
1.144443715286181e-11
2.2360184475467918e-10
3.6385363054498953e-10
2.891124955232246e-10
6.975861415718663e-10
5.731215541941124e-13
1.315221208085852e-10
5.17684269359881e-10
6.671877922545212e-11
6.087391304910542e-11
2.948983441772507e-10
2.370773845020746e-10
2.1838459506498953e-10
3.2102351498490035e-12
2.496525927260143e-11
9.145998421125464e-11
3.601121439715523e-10
4.092944563611488e-11
7.317142088377074e-11
4.5001572585774616e-11
3.3722501600740926e-10
1.0140156854668377e-9
2.5569834659086182e-9
2.711536776322209e-10
5.79726157289105e-10
3.0995154174378135e-10
5.691359040998205e-10
1.1560983556326869e-10
8.726246891336391e-11
1.258957952662009e-11
1.4892595469042302e-11
3.7423503992799886e-10
7.729535448831881e-12
6.140184392631476e-12
3.711625260534002e-12
4.54900586139118e-10
2.439446966674688e-12
1.1027013962591828e-8
2.5898927108231766e-10
2.2613080459487955e-11
1.2517252078509429e-11
3.300819207882332e-11
4.044307137626172e-9
3.5958038220935035e-10
4.918119200329291e-10
2.6773751747230196e-10
2.349424872117433e-11
1.6081713228268082e-10
8.91560879570446e-11
4.866494568798481e-10
2.7867746618521404e-12
2.925196416357413e-9
2.140404834982628e-10
5.071794677699304e-10
2.5536049084137495e-12
6.211068652748862e-11
4.769078776225313e-10
1.4951977640141686e-10
3.6571991514466493e-10
5.9112991804170935e-12
3.163934756829308e-11
6.886751552186192e-10
1.4444006723863965e-11
1.6467345100857855e-11
4.6505102256975935e-11
9.811367736022472e-11
5.349641487155167e-10
4.1070308734476507e-10
8.836599503812625e-14
3.49098488501468e-10
4.071468287439253e-11
2.435234989449455e-10
4.349903410540485e-10
5.014671311714184e-10
6.256841160466678e-10
3.488832154226072e-13
8.2284015788231e-10
5.695282850869062e-13
1.4743696992056621e-10
3.4444096273035077e-10
4.694262072420268e-12
2.0789676365728164e-10
4.194255958515743e-12
1.3398104579172627e-12
6.54138245690514e-12
2.815284717380853e-9
7.118466760928738e-11
2.310155952312532e-9
5.527337994027271e-12
3.6735870655179774e-10
3.894386187426297e-10
9.087895072958702e-12
3.3917832483900263e-10
1.784807047060229e-11
6.295222011169785e-10
1.0738776881237229e-10
1.2413617638405047e-11
1.0376808738504544e-9
3.236195675276994e-11
3.03764170929729e-10
9.050286629721633e-10
2.030041599416623e-9
1.6089806611240016e-10
4.6487059894454037e-11
3.954056331161957e-11
1.657965296756052e-9
5.283618652570574e-11
5.328149739888001e-11
5.836501319581617e-9
9.595664408685794e-11
1.2231332953791567e-10
8.900256792977908e-12
4.032104296620941e-10
4.174442396350492e-9
1.0814036282706625e-12
3.154564726619358e-10
1.8642704217744434e-10
2.47649383381909e-10
1.9335404580083893e-10
9.179095276008373e-12
5.708041565118472e-10
2.8777011283156763e-12
3.513131889690591e-10
1.4636043899780456e-11
1.8077139436673407e-13
7.152539787254007e-11
9.509571474933494e-10
5.571760400045195e-10
2.755382013809194e-11
1.4034915472825616e-11
1.8721215281035535e-9
1.7718149374619764e-10
2.523664135982133e-10
7.59256360064031e-10
1.3328315034391374e-12
4.856162229554734e-12
1.574906239879035e-11
3.125462145685511e-12
1.7515008132847838e-11
1.1552973398862443e-10
9.463134765816095e-11
5.41736836020122e-10
1.5501926473634676e-10
2.0177899127878367e-10
5.2165788790162544e-12
3.3720339072745845e-10
7.804894539575172e-10
1.0371582850089696e-9
5.381481567195158e-10
1.6079236632844892e-10
4.674251786155841e-11
1.36143035236869e-11
