7.471463748710747e-14
1.4402034732422997e-15
1.6171936047933155e-14
6.797351485842041e-14
2.5325598212830424e-22
6.019268551931973e-22
1.184807510078297e-19
1.6002654274668172e-22
1.7627813865331673e-23
2.0294842880817727e-21
1.3765265625325014e-18
5.051992868831467e-28
5.586190242880182e-15
1.577714781292256e-25
1.411659410683679e-23
1.5948832058640822e-24
1.1682278076170665e-24
2.47918936555818e-20
9.836875136475925e-23
2.820236835558949e-22
3.818782100917217e-24
1.4627036094407064e-28
1.6286625743593917e-24
7.942434882452829e-29
4.9055828514885204e-26
1.762162257506124e-25
8.134150777487539e-28
9.087069648383534e-27
1.0341026681779343e-23
2.0630817775960974e-25
8.874040398805505e-22
8.295997386236201e-22
5.129299151447478e-27
6.042610055473018e-26
1.2099700805146434e-26
1.894842586658744e-21
1.0223587191686574e-25
1.558035485803686e-27
9.201032769837843e-28
2.3149398879771554e-26
1.8932501061395073e-21
5.415420873127697e-24
1.9072811280533913e-26
2.690290730311153e-21
1.5760862792171957e-27
2.1590531333710137e-28
4.562707772206509e-21
2.9252806514255673e-26
2.7485346161420785e-22
8.398232200649328e-20
3.343308429269882e-24
1.8177909978431512e-25
1.5069351448585542e-23
2.2967853561374654e-26
9.513244689877692e-28
5.41842126256159e-27
2.7819622499574835e-29
2.634004299976812e-27
5.379968137572992e-25
6.111550311732805e-26
1.8742738670286202e-26
2.5806829674708877e-23
6.23515170003898e-29
8.940608116892283e-23
2.4153179119875734e-27
2.426536558802304e-27
1.0688593580395583e-29
5.188376953326295e-26
1.326992203499819e-12
2.2860720883299734e-28
5.720176291318814e-25
1.3739795245992971e-21
2.475063467514831e-25
7.088081056478817e-28
1.7789365759137407e-26
6.070593318003489e-19
5.182749752112888e-28
1.7011736807734094e-24
2.244127372899435e-27
1.6798049474783267e-25
5.278158501899425e-24
4.375465133298067e-25
4.2264876822938796e-26
1.0720325172981936e-20
2.2123519006911e-27
3.8709060403866297e-25
1.4164328991113776e-27
5.031419916681338e-26
5.284919433312382e-21
6.209738174726275e-25
2.117191964578303e-16
1.1476359932565255e-27
1.9377288855864913e-27
2.18730819223033e-25
2.6441495772989657e-23
2.3399855170108449e-23
3.7779176516356356e-27
3.5086562082444425e-26
1.7470230582156684e-27
2.600935120668242e-23
4.52531294216695e-24
6.377536322947538e-24
2.023239033689365e-27
2.8227880555971556e-22
6.1006018457822545e-25
2.0533259289939107e-24
1.3603215318635856e-19
2.4297420872130064e-25
3.1474452352951193e-25
5.350605372244816e-26
3.1608129888124733e-27
2.2925238674339104e-30
1.819616966619498e-21
2.247177949447003e-25
6.23552612651511e-25
9.929952942722014e-29
6.078666670522225e-28
3.0765508522171526e-22
1.1908486351591767e-27
2.0612069394287766e-20
3.500939876628133e-24
2.168225350212464e-28
2.85485788769135e-26
4.1732690331547607e-22
1.8120774686393667e-26
4.9658513358374216e-26
1.140355502999213e-28
1.778977080795639e-23
1.6212140353683578e-28
5.6043398313606255e-27
9.569346046691017e-27
2.5420669778756655e-26
2.856437209996433e-24
8.5115237673545575e-19
1.9075131138217108e-24
2.314394519005612e-27
8.86383767750825e-30
3.803580288451733e-30
3.71904593166481e-22
5.1046016834931375e-24
2.3259794530327423e-24
1.3994491263115567e-27
5.727503085500794e-25
4.1079788246733746e-21
1.0897291730254388e-25
3.547259567293331e-26
7.274470419830646e-24
1.4424333762810475e-23
9.222712067230514e-28
2.0177065537062057e-26
1.2442787455929537e-26
2.215745180818423e-25
7.743030847458897e-21
1.391320710631831e-24
4.357327309836622e-28
3.4551050588490666e-25
2.4695372227959448e-26
6.131189609416719e-24
1.448542444699904e-24
4.2274190510590726e-26
4.082135866076636e-25
2.2239182573557342e-27
7.878008249620796e-29
3.2946410964933336e-27
2.940125302098823e-28
1.240165984090384e-25
1.4492532033463515e-26
3.3448080088372898e-25
1.1460644609396878e-25
1.0128925150137635e-26
6.172469445608416e-21
3.3456416887874377e-26
1.1248913203743779e-29
2.2511394677343085e-26
1.5359096048329616e-30
1.1287411476854752e-21
5.415603795389942e-31
1.6353433057085968e-29
4.880006630317473e-29
8.654829533190531e-29
1.8182254605416253e-26
9.822572899742418e-21
5.086447863102105e-26
1.333272114658906e-30
2.400495217024109e-26
9.882963706245955e-22
4.183479414459183e-28
8.980759362744462e-25
5.024427947865465e-23
5.834167354505318e-29
2.1162274913720556e-30
3.1752531877206513e-28
7.60735618518773e-25
4.139486881157702e-27
2.0793530581888583e-28
4.049674752749018e-20
1.5278534760896905e-22
1.2122977207474107e-25
6.296474341303802e-29
2.3065792872426432e-29
9.766567586613878e-27
1.3669762649157142e-25
8.897093413772347e-29
1.3839406908340134e-25
1.6525621484590283e-26
1.5600683462353927e-29
6.621315778646914e-30
1.2705461090759062e-26
1.0847050269138432e-25
4.1187012584288333e-25
1.0110621590190177e-20
8.638422906832223e-32
8.59867656346116e-25
8.311703556336778e-29
1.3276892061606906e-24
7.146648998601666e-30
2.3862828141460214e-28
5.244842489502223e-25
8.551945131558258e-25
2.0245297586307718e-22
1.081619188403926e-24
4.0786738852275627e-25
9.809764772058016e-24
6.420990992981288e-27
4.768384125397268e-27
1.241591686549857e-25
7.218137832899052e-27
2.1829949280204844e-31
8.989536791762794e-24
3.951698307840672e-23
1.7309207161130584e-28
1.5608762116444288e-25
1.3147639506184844e-26
9.547102092017526e-25
1.0947845049149736e-25
1.0606692222798433e-21
4.362618633618363e-27
2.328500858439719e-25
1.6787661339277976e-19
2.0078767469026188e-26
2.5373003487396857e-31
1.5109848336270893e-27
1.9237350257787883e-26
5.550312412579485e-28
1.1312715082950331e-31
5.444331066441452e-13
3.997843583190742e-24
1.1335004473817685e-25
1.45771585779647e-23
2.2205013506475458e-20
3.1339221531743075e-28
1.4426010621397993e-21
1.9665351326295214e-21
2.1671795580527183e-25
2.728576579331673e-23
2.2442293656759748e-28
2.8425658616825386e-26
4.7047532032137843e-26
1.9836139680382097e-30
1.2506291157608546e-27
2.6603078659554274e-22
1.2218844538574058e-28
5.917276488534413e-13
8.211712174638135e-24
1.5565171558642362e-27
1.263112264881048e-29
1.6108894395702617e-25
7.665446656823847e-24
6.89163007758475e-27
1.6876631337530947e-27
6.279480341979751e-26
1.3696633918824414e-31
3.4044737590077135e-27
1.9090954412035616e-24
1.8091252254159726e-30
9.919456236277985e-29
1.8356394740072352e-28
2.0070392225215855e-19
1.5628683180741496e-24
2.288829245599398e-24
4.125141341388305e-32
1.1012350348974e-22
5.441475704199396e-26
5.79654625943183e-28
2.0935673424776634e-29
3.5929757905474027e-28
1.414401205092377e-29
1.0063549091054101e-23
1.1889266610846077e-22
5.079022414926168e-22
7.141960769055356e-25
2.1489124177742596e-23
1.8650961295489534e-27
2.260764791803632e-27
2.854243277613577e-28
9.512825222690768e-28
5.388539087776676e-28
4.069555644485962e-20
7.712028430126158e-21
1.4893521662982266e-28
1.8847636263677225e-27
2.748625236689931e-26
5.792289901310707e-28
3.443699615398396e-22
3.861032568766218e-19
6.577319197700403e-27
8.883436488860368e-24
8.388835088375808e-29
7.127051683043216e-29
6.606720779356142e-23
2.741589558861521e-23
5.256953623607706e-26
4.060153093565482e-31
6.020940707972032e-25
4.120116157083272e-25
3.17133867846207e-30
3.27113354286191e-26
1.4708082037875269e-28
1.2256914915629714e-24
9.979201141339655e-27
1.009094427032273e-31
1.2338982097147864e-31
2.6282959732281797e-29
5.643648903653248e-32
8.523252041221214e-25
1.6999565384463644e-26
1.4288535888848966e-22
3.017628767526785e-20
2.588755514153229e-21
4.449043328389051e-24
7.42670883497227e-28
1.1813794293164675e-25
6.813774895819198e-31
7.859979903928547e-29
1.2048102638775332e-27
7.423824495879906e-28
2.584930447029305e-27
5.04193604555762e-26
1.0943933111592684e-28
8.378490181140042e-23
7.929022792839039e-32
1.4610248290385039e-24
2.891851773983254e-32
1.278839362578911e-29
5.717264219622031e-28
1.4892523398213076e-26
1.3262956179884371e-27
4.0340366804591595e-30
3.1577353037315795e-22
7.078406562880526e-27
1.1131614264075228e-20
1.1145295013508738e-24
2.207478707920789e-25
1.0523335949494439e-28
1.8113191561200847e-26
2.4547215586027957e-27
9.80019343591191e-25
1.253937813985713e-25
1.1222940366386749e-28
1.7513780220782835e-25
3.2016011599986483e-28
2.8097998781383206e-23
4.7608063866545015e-28
2.9124042817268545e-24
1.5787523786333078e-27
4.082862566394513e-26
1.894185927827967e-21
5.336912125340028e-27
1.7036809496062053e-24
3.856846127899141e-27
1.6336764495828869e-24
1.9694574736431216e-28
1.0271469633762254e-30
1.0570684070278084e-27
4.46536603174713e-22
1.1513349003492663e-30
9.306470297479642e-22
1.1609059182144766e-24
2.0669290888641067e-26
1.0391736038073392e-26
3.3533372888611766e-25
4.366627097492047e-23
4.499918271596931e-29
4.3695566202410215e-22
3.1752875143247923e-28
1.330881691091297e-26
3.5864542121441234e-26
5.738495246975787e-29
1.324498225855861e-27
3.7285327906579235e-25
3.804936994787844e-24
2.5935435753312672e-24
3.8264402444e-28
3.769722452310533e-28
4.953674304823563e-30
1.0445282232186276e-22
1.2991226692049972e-26
1.9131363746612883e-30
9.473522549463732e-30
1.334566417690854e-29
2.9294837117615286e-23
1.0709064520615739e-27
1.190120878388838e-27
1.3406032090897012e-29
2.3448777426040366e-27
1.190483556790473e-23
2.470241347512481e-27
1.6574510564070417e-18
9.312329957280227e-26
2.9323586233308474e-29
9.157100612596404e-24
2.0005043875089045e-27
2.416819532283163e-24
1.5341071588166934e-22
2.1712579547848904e-24
8.964143925077608e-31
2.864555114532267e-28
1.1388455469916142e-25
7.424540007850551e-30
2.0190468015223775e-22
3.4397574320651808e-18
1.7002355157431985e-24
3.58505295794364e-27
3.4664678843248576e-26
1.0870033266197405e-30
4.5118590989498925e-21
1.2116091055003776e-20
7.404016556100336e-27
1.3370706448992622e-22
1.319723845034233e-22
6.273615920646461e-19
4.294503572755379e-28
2.1506835446966482e-18
1.801867395692923e-21
1.127500811540899e-27
1.3030782411164505e-30
2.6562839799600973e-26
3.079670134945082e-25
3.1593350295645685e-26
3.9522238688408964e-21
6.427743015637633e-30
6.457210108892734e-21
3.718262492569834e-31
6.0198889350062456e-24
1.734213631463661e-27
3.419132138401048e-21
5.885601633396275e-29
1.7370999693247215e-29
3.763335502928632e-30
1.4979808200817072e-26
5.786652522400792e-28
2.138998830862857e-28
1.4199798199336756e-24
5.400676084687893e-25
1.7946321786740297e-24
1.8072596917479698e-27
1.0775440599709968e-24
4.6997985103639295e-26
6.648193550376218e-28
9.28475910111551e-17
1.300233276867617e-31
4.23707744812365e-27
5.117127275607661e-29
3.0701191199061645e-24
3.5591228031117416e-27
2.177964116917271e-25
1.819087732813186e-30
1.0484306091429527e-25
2.962974236897236e-29
6.761012353952842e-24
2.316106746400084e-29
2.916397009652185e-25
2.502497410060892e-23
2.3279364658139768e-30
1.3872011687451104e-21
6.715030679553343e-27
1.1581505336386999e-24
1.265488192354689e-29
2.5754111279008283e-30
7.640308976084799e-22
1.0368680620296853e-29
2.541046511399503e-30
1.5162088743261406e-21
3.8867012137587134e-23
1.498801342665988e-28
5.419098859119148e-22
9.290161409813283e-27
2.7450678235395304e-28
3.4809277041536675e-29
6.084001289827889e-26
4.881880511479118e-32
1.9731275636158523e-25
1.0939326290761747e-24
8.18051703774678e-19
3.2915538223140665e-29
1.3910139287554414e-27
5.84318850663006e-29
2.0315678996428538e-19
2.965510240976144e-22
8.969379574442671e-28
3.1329325574767636e-25
1.3363204429611887e-28
3.051769457438118e-26
9.511925219145982e-33
4.062780660346917e-29
2.01184997945064e-29
4.793677766004482e-22
4.860356347480176e-22
7.971265961587165e-22
1.4346329889199718e-22
5.9120325165045105e-27
9.83693258237334e-27
2.0778860597157815e-30
4.531055925486775e-28
8.283648715761859e-32
1.828377354549061e-26
9.048752729510924e-28
2.1199609340977812e-28
5.130729322838174e-23
1.2926267685374455e-30
1.8813024571087641e-25
6.142398312596726e-20
4.035449016787704e-29
7.454503572100055e-29
3.877782216660187e-23
6.707155236440402e-23
8.422421236659741e-28
7.632277294897826e-25
2.63333311446045e-28
1.106154255500566e-30
2.0846625734898202e-27
2.5824545755837135e-29
1.8093106389910765e-25
5.056098042096748e-25
1.5446554388881964e-25
2.6028392159148023e-28
1.1911012034521557e-30
4.2527982277796904e-29
2.595020263410041e-26
6.855431206023243e-24
1.8712969470541632e-27
1.1227077482384502e-30
4.683762495312745e-26
1.5936169600899428e-28
1.8149063137735207e-28
6.722024306373712e-24
3.992178159999683e-31
2.986978736653463e-27
3.0235369957924064e-29
7.35690652285436e-30
1.8795823086240476e-20
4.620333372136468e-20
3.179805081819139e-26
9.863681034708859e-30
1.449207512673496e-29
1.5292167891489728e-31
6.227763678215189e-21
1.7548299147688823e-30
4.065861000755538e-21
2.437651253547298e-27
1.6732083284993517e-20
5.92162060717759e-26
5.507157942890961e-29
2.637188124881562e-28
2.111890987091945e-20
8.370091268103613e-30
2.3515452471318513e-28
1.3522170778862415e-21
9.63127538676521e-24
1.4748857693634216e-25
5.7545867214567054e-30
7.837229247039954e-27
1.7569707299393368e-32
1.1387114796681358e-25
9.007686842583566e-19
2.5407945026611903e-24
7.024904369878826e-29
1.5694254295425592e-25
1.837918029055868e-24
2.9922623506479225e-29
1.2759773840138081e-27
1.5913081036004395e-32
2.933930209802289e-22
1.5490097436809215e-20
4.594494842182079e-29
1.1631862658298362e-29
2.885593752457243e-24
1.8350438356898121e-22
1.4060637968701074e-26
2.2252863067730877e-25
4.95234532674741e-27
1.6698530651130766e-29
2.4581046611871783e-16
2.191349107581222e-26
6.147352678316744e-29
4.79538437888578e-20
6.195915246653476e-30
1.4407834622848634e-26
9.58333879986173e-31
1.863015735485784e-26
4.6126510527304194e-29
4.552548882910053e-30
8.977645883222013e-27
1.4968486350764689e-30
4.711832951632434e-26
1.3535060697592739e-24
2.141549484501183e-32
3.9721322757811833e-28
3.405787634724673e-25
7.439984956417209e-19
3.139639730058079e-30
9.191205284955818e-29
1.245401396764192e-26
9.120978827674851e-31
2.0695156318425442e-32
1.2372458965283598e-28
3.4004677188988965e-25
4.3205585509791806e-29
8.80108219691252e-31
2.2199576821334604e-26
7.483402287849208e-30
1.6988177734089397e-24
8.133310490260545e-25
1.4107963770686563e-28
3.825737142192182e-24
3.957522123164733e-31
7.009026635684032e-24
2.6452401349944754e-20
1.6463154622241275e-31
1.0374729010233129e-30
7.498669156507104e-29
2.351844252016588e-25
6.558502359953302e-25
9.143624869921498e-29
8.097618504938748e-31
1.2137818628203654e-27
4.838409165874952e-24
2.1643105227579324e-24
4.745372321955275e-31
2.149466696157286e-19
8.240763838774207e-28
7.291717721894823e-23
2.0586650696116318e-20
3.283472089453405e-30
1.308401262396243e-31
2.5201974422246102e-14
2.450292794197471e-27
5.845482959102475e-29
4.95194862497813e-23
1.0640916668920912e-30
4.255440064455059e-29
5.647416696818888e-25
2.317254180852195e-28
1.363797679449493e-27
3.3221068259380257e-25
1.1733376645488031e-29
2.003290625721289e-27
8.505735519312485e-24
7.785345893281086e-33
5.998776218452327e-29
2.4734724922104904e-32
9.941322514644962e-23
2.583450770620551e-29
1.861234023518367e-18
4.30497419280153e-21
7.171623217238058e-27
2.8629613197551817e-27
6.111268992851901e-27
2.261492711993686e-31
1.6159485093535017e-30
6.862774283293774e-26
3.793044011919501e-28
4.545486036814437e-28
7.898279475612884e-33
2.955652593357609e-26
6.3889974230035055e-21
1.8511178586996821e-29
6.630259701869719e-28
3.063143116571002e-19
7.500273888550951e-29
1.204191917673423e-30
4.6786412455932715e-31
2.8517605759011414e-32
1.3490976458664054e-30
5.239317906112544e-25
1.7633088448633723e-23
5.987917459858248e-28
1.3505020213524643e-26
1.1588182350380094e-21
2.5530774976018647e-29
7.766199630868348e-32
5.628205721820877e-30
7.321367679423675e-31
2.567235106959738e-31
7.061254570157796e-28
1.1887350475331462e-29
1.1770139997169136e-30
1.3598899116198177e-23
1.6647851845193328e-25
1.3308265811697179e-25
2.603674255525341e-19
5.064389935558804e-19
1.1294783574503351e-29
5.482434427717217e-19
3.0612939528207047e-22
3.452602193587599e-27
3.8936778952342334e-33
4.288082169026367e-23
9.116117847681649e-30
4.5354291886140274e-32
1.6094751743932187e-20
6.092432308782382e-26
5.486429875475218e-24
7.061646008382697e-25
4.232989616395754e-22
1.6856526260125142e-29
4.211056057871942e-29
8.836351358938971e-26
3.420781095778781e-26
5.762813931802163e-29
1.1765184020819982e-30
1.9241436679705683e-25
3.7159676709099975e-29
9.2959582907792e-31
6.931596336089924e-34
2.3416557843551215e-27
1.0774384519771634e-28
2.1945337282582157e-26
3.6479138420747456e-30
5.739053113576459e-27
4.1468900553719345e-33
1.478465860282453e-30
6.819634457073411e-12
6.492611132071471e-26
2.3377907680668355e-29
1.415781090376198e-20
2.2068283237626263e-22
9.782209011039521e-24
2.2205200503507645e-28
8.648651179896265e-30
1.6066535610296357e-25
2.1652456855115595e-26
4.070308079192915e-17
1.0617401783122451e-21
4.294699539934192e-31
8.823424080936176e-30
4.322331048507808e-25
5.19094266631543e-22
4.031594353915543e-24
2.6154942476807498e-30
3.57981787640285e-20
1.0245040457399184e-27
2.5141204358145074e-29
1.1929865269154968e-17
2.4552618675968995e-26
8.363577015182805e-26
9.40260137640786e-31
3.1793583484665513e-26
4.238681744259268e-28
1.0061213158265249e-28
1.6329806276956888e-23
4.170569693532958e-29
9.870186115979781e-28
9.634435661298132e-24
2.051821149538867e-31
1.8191615943821585e-30
4.718177555153165e-22
1.1055464450749928e-21
1.2697900499106636e-23
5.057412882483984e-23
3.050077127976254e-28
4.724343455113716e-33
2.215036023677456e-30
8.73509995217767e-32
2.162597216372892e-25
1.5505970460215807e-32
5.252548287533469e-24
6.960131828699411e-29
4.757720512112873e-26
3.7300507966786497e-25
5.237483122587265e-28
2.063081444225858e-27
3.676146807046425e-25
1.7695906850612226e-27
1.312515384269578e-26
2.286235011075321e-29
3.750733261946908e-23
3.8031993343584124e-23
8.63078515011046e-28
1.4387727805529952e-24
4.998721782424248e-27
5.286664466905669e-29
2.4215289316088583e-32
3.1663444759477293e-26
9.523950306237212e-26
1.5890445145129212e-27
3.9443622658005914e-32
3.892624268553605e-22
1.8122588563589575e-33
9.304382864844345e-33
1.315725099452149e-32
2.6636769782149583e-28
2.9614535852592847e-22
6.066570363344237e-29
1.2106221260777332e-20
9.39723382931704e-22
4.160967903749642e-26
1.0941850867783935e-32
5.800265212249104e-26
2.205566895616432e-25
3.218754505525021e-32
1.5414841923856343e-25
3.580749856336292e-26
1.472631441415234e-29
1.895146126754684e-25
1.8585401116640427e-32
2.1925204026619218e-27
3.2385707830451494e-21
2.569408295157013e-29
7.652352440577056e-23
4.27813488951914e-29
2.258234165228788e-30
4.3192570328096745e-22
1.71527006755721e-21
3.2899689434740886e-31
9.90714493168167e-32
2.3559104031362625e-26
1.623275081991076e-27
2.184087121857752e-25
3.5746698968786024e-28
1.5066155304833104e-25
1.0208794860907816e-26
5.73692078871914e-18
4.482850627620274e-25
6.119949679584082e-27
2.070569815137028e-17
5.223740436665717e-24
1.300081293967821e-17
5.646634642860692e-27
4.424304881638297e-30
6.394145644654526e-22
1.020762410581345e-26
2.4756119473229814e-30
2.7833260311603966e-26
4.52226964430537e-29
3.4498171850508864e-30
4.174621072145853e-27
1.3204848594105221e-30
7.604358696774312e-32
3.34408849868651e-27
1.3072441075762156e-24
7.092171758655686e-28
4.910636319254813e-23
9.279406120078714e-26
2.4366859904686952e-23
2.0876679107734686e-27
1.2854781390308346e-28
9.74710294031692e-31
1.6093270416787866e-32
5.903601598401188e-25
8.60342338706457e-31
1.5524247258133737e-21
4.828544318674415e-28
5.58963777217773e-28
1.0527993681895256e-31
1.6082130202336465e-19
3.1358497741125165e-25
4.4983878813507967e-23
9.927414003905656e-26
7.420771900573781e-32
2.124899924904321e-27
9.080491595292183e-33
1.0201136179782526e-31
8.222660322735026e-30
5.667644862844152e-30
1.8739747011986346e-19
3.470682551740699e-18
1.8415231219435877e-30
4.2157527468577914e-26
4.716259734428958e-28
3.2554396758093854e-27
7.86901563816163e-29
1.4098754900844392e-25
3.242478061526135e-28
1.2968926580260937e-30
2.0477403975653527e-33
7.178139104541223e-25
6.660757787782132e-31
6.482182524803931e-33
3.985173751916448e-28
1.502978909062221e-28
9.451121656062102e-25
2.190993237679967e-28
5.236204242384535e-25
1.2490155103505987e-26
9.31250377026269e-29
6.995352632195602e-30
1.1086839060606208e-25
4.315771083209911e-27
1.2544747324651439e-26
1.2255390742765601e-32
3.780402419273132e-27
3.409891984980514e-24
2.3972095197941e-32
2.3433627210458557e-24
1.1716570454803198e-26
1.914694004950123e-27
2.1086864157882418e-30
1.4900268393630308e-31
3.61151509270163e-22
3.0924316341284736e-31
1.9699639249761722e-29
1.3774304991121651e-27
7.734971376449637e-31
3.7602916446251703e-29
2.988429600409606e-30
1.271653985831987e-29
1.1413759833582317e-31
7.37955740322873e-19
9.920816968022167e-26
7.885294428626611e-19
2.732112325180277e-30
8.806632101879233e-29
4.0365816206013504e-32
4.847071653570116e-32
7.340981307466538e-26
2.754397578322851e-31
1.2004076005330364e-32
4.3798697738906585e-18
4.850496005698533e-22
6.746041391804587e-27
6.46132747058684e-32
3.7548569905919725e-26
5.284233109937388e-28
3.071320322740702e-29
2.785709255166598e-18
6.401081444093699e-34
3.818078996945179e-31
6.39706263884587e-25
1.5525141112827792e-29
1.182165603399349e-22
3.841503116092509e-29
1.2520589310198946e-25
9.196471508512726e-26
7.072160829727642e-28
1.006734972945294e-30
2.8493474861078416e-28
5.711223581218133e-28
6.139057685985911e-23
2.9036721187890674e-17
3.464160453276729e-33
1.1231317377466392e-25
4.572990624075912e-31
5.361088035856824e-32
1.7872984891190947e-27
4.2644907515303193e-32
9.268694536393736e-27
2.0151588252080303e-26
8.87173163446601e-29
6.306124773293908e-32
4.1140726532857824e-33
5.836860742855277e-29
8.770916174942212e-22
3.9398928299278753e-25
3.845626666014384e-24
3.0301418597804775e-25
2.617937987347455e-25
1.0492027939808077e-23
1.2085777507642938e-27
5.599712769436952e-30
3.434696974322016e-28
1.4608617134171235e-25
3.3283591892095784e-23
6.737510543406e-30
1.0453538396890016e-20
2.8082859333313666e-25
4.4884667818501585e-31
5.022457587374151e-20
5.820575764960491e-24
1.206607224272978e-31
1.9168303125332084e-21
1.1012420575670693e-25
6.70734068766677e-30
8.484760990849607e-31
4.0789918714882445e-26
2.6732836433620728e-30
5.605211487556563e-23
6.733752827412377e-32
1.8235416378586826e-20
2.2374008148658764e-24
1.4727882993115484e-27
1.039641617302958e-21
1.7417894055785665e-29
3.7038071431597103e-31
2.706802183215753e-19
1.1987008726727341e-20
1.0284787003637574e-30
5.496514474759095e-27
4.096863068281049e-26
2.59307972267059e-26
6.830128746819485e-23
8.063665445873041e-28
1.2174399950381696e-22
2.0665504570515914e-26
2.5517369879860326e-24
1.1989558962446123e-29
3.943626385440545e-31
1.0036272252474048e-28
3.079373955159346e-24
3.863328888395034e-22
1.6224444090236079e-24
1.4804727459329154e-28
5.389358715487416e-32
6.943298393054885e-26
9.904400050690503e-31
8.154846637540693e-28
3.158824634285736e-16
4.685977949599138e-25
2.4109317473524724e-32
2.1194764887781603e-24
9.647959014510579e-26
1.119212810846624e-25
9.501330768138242e-22
4.640764183699538e-25
7.104121863804193e-31
3.080803694206366e-27
7.58360812448584e-30
1.4583051236521818e-27
1.5092645914724483e-28
9.560974291030418e-33
4.725389878701611e-16
5.1493630090538206e-26
1.485280737181298e-24
2.1790366078302523e-32
1.0240093371078944e-33
2.2060756922088956e-22
1.168825857271755e-29
1.0894474909994736e-28
1.2483704380986674e-34
2.235407210917736e-30
3.379869275939806e-31
6.535503429905975e-26
1.4790053262689735e-20
2.576422565407626e-21
9.636770382362089e-30
8.27541118949646e-28
2.5845520962931923e-31
1.1603315799506442e-22
3.8005406659024447e-28
7.870179940704405e-23
5.970834890886933e-25
2.3209130625196127e-20
3.68063899022141e-34
2.1441440085520606e-29
1.327959574305402e-31
4.518031114288495e-26
2.7627001602747243e-24
7.604482775766826e-25
4.064941279336448e-27
8.229963696779734e-34
3.49970218851863e-33
2.116682873419727e-23
5.213098438433289e-32
1.5955484235709626e-29
3.998559466212294e-26
2.5140295559345205e-17
8.19294645774091e-32
2.3846758276440762e-30
1.2615349538024502e-33
1.490528971103068e-19
6.605920094026185e-29
3.4776994284357785e-25
1.4516503577489061e-27
2.0987453220848057e-30
1.0401030328988364e-26
1.5220727781984824e-30
3.2690051131074895e-27
3.730885686471775e-28
3.5143014451353304e-29
1.0079973964314175e-25
1.5025957316292355e-26
6.234328671908191e-22
8.091095105452386e-32
8.872479254557592e-31
4.591410318598482e-30
1.674331879276072e-30
8.563276430514283e-26
1.714430966904787e-29
1.0416771815334155e-27
2.18108149220265e-28
1.6451450078253427e-28
6.92008076976842e-27
7.025560462370569e-32
4.066030645183561e-27
1.0189512706037143e-24
1.4276316732216706e-28
6.607894051089977e-32
5.553669615235876e-28
1.0621963469966215e-29
6.39139850821204e-24
1.2146330804331698e-18
8.398374489269683e-23
1.5182516121912466e-32
6.019553967149535e-32
1.3831496195733164e-29
5.187599376355019e-30
9.044477592681811e-33
8.541079897618383e-26
5.779605673034105e-25
3.528395257837998e-30
3.015271661666415e-33
1.8589069866330865e-32
3.695582096670689e-25
7.400949610883571e-31
2.004075436940589e-30
3.754430352862342e-29
1.0678569879052707e-33
6.306348602730791e-31
4.449549044932519e-22
2.449940336863715e-26
3.7808039304831036e-30
1.1866823399526444e-15
6.362372028118432e-33
2.9644393778953377e-28
1.1055469585142667e-23
1.236736221009283e-34
2.9208988641823857e-19
2.7912536315016402e-27
4.355377464161818e-20
6.316643825703796e-32
3.232029465434178e-24
1.2684518783404084e-19
1.678107361252297e-27
2.533443281176211e-29
4.319348421714092e-24
3.958835136270692e-28
1.5456257245653173e-26
9.244358367323066e-21
4.621089132487215e-30
4.013483779551424e-22
7.14893603069265e-25
6.942734489816071e-26
3.073137003159637e-24
1.1348418142551706e-29
7.693486678712906e-22
1.5239076925196403e-30
4.023649673826822e-31
1.423670874048305e-28
2.455784691185917e-31
9.760199829693236e-19
7.5916672171476815e-31
8.493877395037383e-28
9.096012166999814e-18
1.7479146019913873e-32
2.850355524442596e-21
2.3235862024277092e-34
8.184427621963521e-30
4.666686088792477e-30
6.188563864197894e-34
8.463368689581732e-18
3.6557618090921863e-31
5.137337865450219e-26
1.2922101418616433e-21
6.4174840584412414e-31
7.985850706659923e-23
4.087991561782059e-23
5.803532083878306e-24
3.919870476046984e-24
6.143155938408453e-22
1.5808294006579663e-31
4.991030626081269e-33
2.0374960981621356e-30
2.1695047798724886e-29
1.0890807902016867e-33
5.224820581682913e-22
1.7600312637945492e-30
1.3151304039722793e-31
5.998272451622441e-21
1.2546581169253672e-22
1.929390530382528e-18
7.863306541469186e-21
1.3381098854673792e-29
9.873860935267698e-26
1.8300157128046097e-25
3.1060476753857975e-22
7.298955466898378e-30
1.2313651698784712e-23
2.4076106352090483e-23
4.817176775013548e-22
4.2890178424154906e-32
7.655873819188957e-18
1.293306949016388e-27
2.712900675813939e-31
6.893986225773256e-27
7.035076692730398e-32
1.0287073125069421e-26
8.640108178724715e-24
8.670251704534057e-33
9.810003987484239e-21
2.2698531072216737e-30
2.5021614672890113e-30
2.969182488576542e-29
2.311493729130159e-23
1.1416591747151583e-28
2.9143323497915394e-26
1.6296412667573913e-27
5.0196536899242856e-29
9.157932102533296e-29
1.1758544736564678e-27
1.2406983901956722e-32
1.3581109019619713e-29
2.8254695469702614e-31
6.429226435982492e-31
1.2479595323833807e-31
2.2666435391842813e-22
2.215319159103449e-34
3.348329289869548e-20
1.8532531938256923e-26
5.329929478049151e-30
1.276999951859831e-32
6.367492867427396e-29
4.596093662310445e-33
1.4084520874543942e-28
1.3607496684012255e-27
9.901784668922977e-26
1.9713834313808916e-30
1.7338738121754285e-31
5.3981658743296584e-27
4.466283556635053e-24
3.868772447869124e-30
7.26500063273552e-18
9.853978777102506e-26
5.003109838732345e-25
1.673459185916345e-19
7.331544882672275e-32
1.0754522261877937e-20
9.785705668354016e-24
2.3451532105025168e-32
6.347925154753193e-31
3.484072286891825e-21
2.221229881441172e-29
2.5123694912741146e-20
1.9334076195424473e-20
2.96278071538743e-33
2.358323620493463e-30
5.689697809399644e-33
7.76122907377355e-18
2.16132114480607e-28
1.03943925684253e-31
9.231014618451026e-30
1.498230646112711e-31
7.418737465233032e-27
6.6878013064623715e-28
3.660542263707398e-29
3.436565931392492e-20
6.59355393199649e-30
4.627750467382675e-32
6.867753109598614e-26
5.50668645373763e-26
1.404883692237484e-23
4.428763824936035e-28
7.65301789654936e-25
8.622136351419762e-27
5.1639870758745975e-27
5.810159556178443e-28
8.323545356006138e-31
6.885441032220072e-25
1.3576760188548739e-29
4.013745095622289e-28
1.21709288597529e-29
1.3783612295633848e-29
2.711082069698385e-29
3.974718071585863e-32
5.895955736393665e-23
4.577488487105849e-26
3.416665714517833e-25
3.003197051200226e-22
3.0495207297098976e-30
1.2033649582332094e-26
1.738659083710449e-20
7.312444303321301e-32
2.6261960260049055e-29
9.225631323098649e-17
3.8326128366277153e-23
8.892554350572101e-33
3.902920621296347e-30
8.025856558576037e-32
1.0286019619103186e-24
2.119703966374819e-23
6.018201340529935e-29
7.07456752157873e-29
2.0288004180627903e-32
3.7770645137467017e-32
8.382939282394224e-33
1.2823360547618284e-22
3.697902788849047e-28
6.902932365210913e-24
2.4567354477915155e-29
2.407198061240614e-27
1.0153864354477298e-32
2.2727820813059005e-22
3.8717797373619853e-28
7.831255157748898e-30
1.881926670625596e-27
2.1951527777068297e-32
2.8643943179026835e-23
1.7079783593072796e-32
7.233573766451725e-29
8.877498559054304e-28
1.623508647850772e-29
4.920341965940021e-23
2.2468540173816455e-19
8.146874806631627e-17
1.6486442610593963e-21
4.6348322076694684e-30
1.6040899534599567e-19
5.751945073079276e-25
2.047945832483458e-34
1.2166696834687347e-34
1.8290609486157756e-25
9.215547277038034e-31
6.957491214742878e-29
1.3154302247662097e-28
9.233662262451207e-30
1.2478567035107999e-18
7.824068248371082e-23
1.4639863494581985e-28
6.412085827739742e-25
1.3622805148985572e-31
7.255335520153839e-33
4.380474555137195e-28
4.14531031461623e-27
3.6722457424530555e-29
1.9804409513516787e-24
7.990594698711715e-28
6.504411563425768e-29
5.715739998095428e-23
9.662621508134644e-31
4.4444055883915286e-33
5.416283094305906e-26
2.674640887085943e-32
3.2626841532468665e-33
6.06150290862307e-16
2.417722848581087e-26
2.8886967353669926e-30
4.435347386766042e-30
4.026954176609722e-30
6.230147429861092e-34
3.231030500491917e-31
2.3040385554704242e-27
1.7249543788205437e-25
1.5176570477879454e-24
3.1262475654491483e-31
2.0319094115212221e-25
4.0239317050875344e-19
2.830935075578682e-26
5.952052478963877e-21
4.095612041136029e-30
1.5254245859700307e-25
5.0786013638810765e-23
4.863660511900774e-27
1.139619480618078e-30
1.4338866255020099e-22
3.1910303957136736e-33
5.999856159703449e-32
4.431306926750953e-30
1.3029226856758248e-29
9.978296655189584e-31
1.432952044067793e-20
1.0306513565790904e-27
5.763324082834696e-29
1.083243169414653e-22
3.7423901562710524e-28
6.276114363028175e-28
5.824181167252977e-22
2.2529942836198476e-20
1.0749865664677494e-25
2.6787964197440426e-25
2.805544064542953e-29
1.1520792007052215e-23
1.3180889995994393e-24
1.9098794932280263e-30
3.7515291218525596e-20
1.740042137473189e-30
7.565539454429075e-24
1.0150611034350427e-28
5.0872146718773445e-21
1.2156030385387579e-23
4.7521707157803316e-27
1.813397104042396e-23
1.367825604717971e-28
1.5717830189367033e-31
5.070536869168213e-26
8.761199161655161e-25
2.4849463610385587e-33
7.956298730225722e-30
8.428127405832693e-23
2.984876142725177e-27
7.529584651433818e-34
5.699372116944365e-30
1.1018314959774599e-30
6.2877601953445775e-31
1.901750677990547e-27
4.5434601231665234e-29
9.558880116920914e-31
1.2007473747663848e-19
1.6635461336296752e-31
5.302356448983529e-32
7.387946554817976e-30
2.4402826198415515e-32
2.6908513468639996e-32
3.244403266694409e-30
5.939044089343357e-26
4.0574227749242e-27
3.0165870748894548e-22
4.011195311784409e-28
2.130210067046696e-34
1.4385524646598581e-21
1.3183306784323512e-27
1.3686605871676819e-28
2.2270574015634235e-30
1.7050840248466682e-21
1.3540384535968589e-24
5.565973054698002e-30
8.122234924126999e-27
1.2203773986716386e-30
7.095672343024795e-31
5.197085953119986e-23
6.093868365202083e-30
6.384596897846542e-30
4.36427180212592e-23
4.978855004834742e-28
3.93649136252889e-30
3.894660689992037e-21
1.6696151996208055e-31
7.053794121655895e-35
1.8813934436880688e-32
3.291200047614471e-27
3.361295016687608e-31
2.3344119151778995e-26
1.436912192910336e-32
1.4156073139510758e-34
1.4657276977269647e-26
5.976230740994578e-26
5.970961951681038e-30
1.9433799434383443e-20
4.0196858553047084e-30
8.694042416878985e-17
3.43049695593641e-29
5.6316199862946776e-30
8.047058629125906e-36
1.465290556875489e-25
1.3973846786852857e-23
4.874140909537886e-30
7.38878098904184e-20
2.2936222952666572e-35
1.2662631815524043e-32
1.4651451969229537e-27
4.977296895500282e-25
4.143088398757332e-28
1.275246982747355e-29
1.5067627662258166e-27
4.110679955238802e-29
3.634600134893767e-27
6.032595861868086e-30
2.2315106391354096e-32
8.608072083636182e-32
1.1385471734279478e-27
8.574504565748398e-31
7.606708381014958e-20
5.141303064803428e-23
1.119410723417347e-28
3.6735596569762082e-31
3.206044020346986e-25
7.200321445482887e-26
2.1165073747603117e-29
3.798051607965185e-32
1.2377553264370562e-28
2.2983098996789185e-27
4.38923870090456e-25
3.1719730152947977e-29
1.7912608363507385e-32
2.1268714578401545e-24
4.048321380645694e-25
2.355930986541632e-30
5.39006329501768e-29
3.1076624520920735e-19
3.0569982048156274e-29
3.760284554734328e-31
8.06904126419884e-28
6.864545620567042e-25
8.224304298027809e-22
4.140507071518345e-35
2.7302127871135804e-29
6.369705782631715e-27
1.0960366039990999e-23
3.349123347129956e-30
8.836598524107156e-23
1.45015499076261e-28
2.715683317940459e-25
5.164126917350522e-27
2.7718408287565166e-20
6.235528792175592e-30
3.8144720299975635e-20
6.32404593176944e-30
1.2763243554181136e-28
7.193160527159346e-25
9.940598647741466e-25
2.087159456895298e-29
3.1934356604297066e-30
6.774930885157187e-30
6.084374598347067e-32
3.834994628238835e-27
9.591649827962035e-30
4.603642465357284e-20
6.559908254636113e-30
6.452638149469927e-33
9.49799399850686e-26
2.5525015407304965e-36
1.2914273281399354e-28
1.2449111173841617e-22
7.025665423735227e-29
6.006251126901642e-30
9.62371716798803e-31
1.170336054895951e-29
3.673612589610871e-13
4.520910794463936e-27
1.2143381908173478e-30
5.792450019589665e-26
9.784270560633091e-31
1.0723643723113281e-30
2.4547934630859105e-23
1.306787935685801e-28
4.5201459606224385e-29
7.695488660937698e-30
1.0468433115890822e-31
1.770492813436601e-32
2.9862966716305856e-29
2.8975667849694093e-32
1.564308028369619e-31
1.3874737671139369e-30
1.3292507078868567e-22
2.6023721587588054e-30
2.4698500561765636e-35
4.677473653517106e-24
4.911041062216659e-29
3.202366798034483e-32
4.3755303992182856e-29
2.2489190502293378e-30
8.535450450252055e-28
6.547285048417823e-32
9.297970921211634e-32
7.802475734704334e-30
4.3601804810504584e-30
7.862871755563705e-32
5.4201920433529696e-30
5.4638503081032286e-30
4.0784772009044375e-31
2.942786137583287e-28
1.970657309003516e-28
3.668173077829455e-27
1.5986661255260964e-31
2.274482330217652e-32
1.2328788291788946e-31
2.4723176675151318e-26
1.182677668628274e-30
1.565105889985577e-24
2.8061253999748083e-35
1.7195489456958944e-26
3.578663177281799e-28
2.036240546124127e-20
3.8955133054280646e-26
8.092656313474569e-28
7.184615242858576e-30
2.068715042801814e-35
4.235683884390211e-27
2.7571420128189497e-29
1.0592878120412044e-17
6.772591521614013e-25
4.461239526066407e-32
1.0986931288762857e-26
7.704390419265878e-22
1.1760592310636717e-20
4.462346190910764e-27
7.251165686329485e-28
1.939849026206774e-33
3.301869858170336e-29
1.8570368034413814e-29
1.8255526023528033e-29
6.490972397547982e-28
1.3765381908601686e-34
2.208552027502853e-27
4.518398226165628e-27
3.855897782200535e-24
8.336377348630522e-30
2.1016713149678365e-32
1.669676333110418e-26
2.79162268376181e-33
2.800363451566935e-30
2.306264398923413e-26
2.062557606829797e-31
1.5396046315484815e-25
7.061367127207723e-27
1.0675782981014136e-22
1.1223744274949099e-30
1.5174509596933171e-27
1.1290164398807025e-30
1.232149029411776e-17
1.4430296224672025e-25
3.627575036996019e-25
1.1740177321773006e-27
2.9838184868677806e-27
8.239084505712083e-33
6.280947195629221e-25
1.2539224135883452e-25
5.747536617532457e-22
7.057368718177516e-25
1.1422296905783177e-34
2.5511114665533114e-29
6.948442520301986e-32
2.850515675534294e-30
6.750538354101219e-33
2.066901777266514e-28
4.215914890552819e-31
3.381669696551602e-32
2.028636558928371e-32
1.4687158576396745e-25
7.967915845322766e-33
1.855409077209368e-29
6.469073531357972e-33
9.175888612814598e-15
3.4072155609324467e-32
8.93487297744868e-34
1.0757817275103357e-21
9.72684380292949e-33
3.492432256249053e-25
2.4355018036567335e-26
2.8616543084659876e-18
8.151038304028734e-32
3.6535838984059766e-31
5.588886064920434e-31
1.6884005739175736e-26
3.2982231656548954e-28
2.8645091505858718e-30
3.909086867614747e-34
2.363050949977407e-26
1.799802700916905e-31
7.434378541179636e-29
3.992372261516597e-27
2.8765904770361132e-18
8.459338359339375e-26
7.080082381554965e-26
1.0380053749969774e-34
1.7345891208181215e-22
2.1066903704292655e-31
1.8988788692262355e-23
4.19276933875064e-23
1.2779652546911706e-29
2.1930576833742778e-35
2.713404016610386e-34
7.731890179992982e-29
2.5143673733378324e-26
1.2828999152425968e-26
3.006729266410398e-20
9.525150546151082e-25
4.792634562362431e-28
1.5018601330517852e-33
8.610130860702634e-33
1.5712965010118645e-31
1.2044419010697724e-33
4.5754597423146575e-28
5.223733971935159e-34
1.153400033954227e-24
1.619567174444026e-23
3.7872506537396676e-25
9.153955105431975e-31
1.4313007563713468e-26
6.117062253729912e-21
4.246446059293251e-25
5.728728741188047e-29
2.277655381377453e-32
5.526121002233511e-31
6.21009820551363e-33
9.540608256716885e-24
2.692621202202504e-22
1.0630297994975909e-24
3.320535567896201e-26
5.8592489195348685e-28
1.0054548017704575e-26
1.4869113112439118e-30
2.876361817304339e-23
4.1608967388980253e-32
9.664265191242657e-30
3.221130885030205e-32
2.675340077912273e-31
6.4063601703924e-30
5.574746327507344e-31
3.3194525455211515e-29
3.549956298177813e-33
7.856729883546611e-31
1.314243953493421e-32
1.2733963373032642e-29
6.425247100673817e-33
8.960321306396585e-30
8.11019015680545e-31
1.2866492871695027e-22
8.599491316121446e-30
6.653996344221551e-27
1.345751829928895e-34
4.1452809332909984e-24
1.8194015734306965e-28
1.1606007408957746e-31
3.3508468809218346e-32
2.1896834100425548e-26
8.53907669798849e-34
2.1362026496542206e-25
4.0728437310316865e-27
7.026214506106109e-22
9.175165484153282e-35
1.3935571106400015e-31
3.396348270171113e-31
3.68795778235942e-29
8.79928130007879e-34
3.6595372599827554e-31
6.501960713844681e-26
7.846526467403701e-30
3.053357653848556e-20
2.8682952393720038e-31
6.747288447399664e-25
4.794357668225229e-22
9.30958240782665e-29
2.4280885766368976e-28
3.2282469548888784e-26
9.71857930170518e-27
5.513379811521235e-24
3.820284833304853e-15
2.544120778973841e-32
1.347443299765001e-26
5.743476142092249e-29
1.3342337224924847e-22
8.408233953522933e-29
3.800389537909127e-27
1.6337395917067856e-24
7.147810183839628e-25
1.0289492024933415e-32
1.5239665987843126e-33
9.016124745781317e-27
1.7086328777596676e-23
1.1727885456966128e-18
5.681061318530215e-26
1.6090207233550212e-27
8.593761366783888e-25
4.124746167771011e-24
4.2130711734921236e-21
4.712014025928736e-28
2.612910335326382e-29
1.0986836736643037e-30
1.8778652207045458e-25
2.6561318833981742e-15
9.135245060613786e-30
8.336160563858157e-31
9.279386069602858e-22
2.0494843546650343e-18
3.968047188834341e-32
1.75334009579862e-28
2.2978478915751215e-32
1.5604463147672763e-26
5.243665317654795e-29
6.4347154729532225e-34
3.7877775957367545e-23
4.109151931335328e-24
5.754454273259983e-17
1.9993579848547833e-30
9.963064015937904e-31
2.1312497166710474e-31
5.8820196795730864e-30
3.150206773487225e-24
2.5538826366893563e-28
4.095749012698888e-30
1.4955715955313168e-26
3.829602267738431e-27
1.7928409907659568e-30
6.3395006045969225e-34
1.1742165822305608e-25
2.778653817235983e-22
2.742577670525756e-24
1.2462621287757948e-22
5.438478375345509e-35
4.881135542383467e-31
8.656819880005562e-33
1.4975458797742432e-33
2.088720434013669e-31
2.2628783522961363e-24
7.973698438749059e-29
6.507810591752613e-26
2.879104146098102e-31
9.756069789854623e-24
2.993640254815056e-23
1.9782075325728072e-22
7.634715265634085e-22
1.563556329300185e-34
3.945898084218006e-33
2.2839295117800746e-27
2.125442552220779e-20
2.787701123960016e-32
2.0748365443586194e-17
7.324482271740395e-30
8.842451908785766e-29
2.1164961911541843e-32
2.215230504739082e-29
1.230746848988947e-29
5.8390735070401966e-30
1.7457187692343458e-29
6.894392364797135e-30
1.728183881072657e-32
9.522948699788734e-28
6.183180887664033e-24
1.7073909252171655e-29
1.3243284469831759e-14
1.8612798953173832e-17
4.5447789229895154e-23
4.060808980654051e-30
1.405215153733258e-20
5.1621849067227226e-23
5.628331465432682e-29
4.788599422440977e-29
2.6268558847232243e-21
3.2368208746392226e-27
5.245083973482919e-31
1.3997148029735648e-29
9.2956262093639e-31
5.245143553497311e-30
2.4437567965223633e-24
2.956812323191122e-30
8.681678227737695e-34
1.167289516218665e-23
2.8265178403607474e-31
1.1261808644634017e-27
2.6338486955563287e-23
1.8634076249004854e-30
7.728885025212936e-34
2.4933827852190485e-27
2.4551929853589755e-25
7.074581960779167e-29
2.1322178225067453e-28
7.998099272796465e-29
3.018743179198094e-25
3.272455722565764e-26
1.782662622117919e-33
3.652365920824276e-35
1.2474047176431878e-22
6.666168895033984e-25
5.1746446415151596e-33
3.5970783097875976e-27
2.0871846919536493e-29
1.5439721999725632e-21
1.285826135825587e-33
5.684621593107668e-24
1.0288289633154323e-21
7.498192278064809e-28
5.392208406718669e-24
1.6226294597255948e-24
1.1912448667389863e-27
3.4461006440549267e-25
1.628898966023303e-30
1.692064274629556e-34
4.709312762184233e-25
5.611136000326766e-32
2.975443422902153e-27
2.0807729244830643e-29
1.0031075589785547e-21
1.5834424526788784e-33
5.4369510611560786e-33
5.2713495017629895e-30
1.3098861983895738e-25
1.9337889439108007e-26
2.824401349314477e-24
4.3177238531250464e-24
2.085735609498024e-17
1.0580583124236324e-28
1.1878619675154438e-24
3.328712742446185e-28
7.26055875332868e-27
5.84764944920267e-29
9.398997286161905e-34
3.16939977598416e-32
1.4521915864638941e-31
5.380895684583233e-29
7.968974314588132e-30
3.2980908336189196e-23
5.56194796374861e-34
1.149078671743488e-24
7.309578290249695e-22
8.307555547402747e-30
1.3035833763624935e-31
1.1953107834090424e-31
2.9227531483303805e-24
1.5507140891685038e-27
4.1659083045644463e-29
1.6315669959915522e-24
2.983534296956095e-30
2.4628663476530077e-33
3.8973942695415534e-23
2.3275651682466555e-17
1.30466684482074e-17
3.6458777855815174e-30
5.438307372655774e-24
3.621001109676062e-29
4.9565405091286614e-29
5.448189051902256e-21
4.2192378167715407e-26
1.7616514775061663e-32
2.8531927100786234e-30
4.792267914588854e-16
3.4738627226837646e-26
5.545049770252567e-26
4.608227762302308e-32
1.4129933965003196e-28
3.205908938508325e-24
1.4667600994446344e-30
8.868399494365536e-31
6.809436139252662e-29
1.278992869998211e-31
2.6771402544018827e-30
1.989685338051643e-30
2.1845448079494165e-27
6.150615095907231e-33
1.5554582855756154e-24
1.1765382547808423e-23
6.947679605513931e-31
6.429592738775404e-27
1.4671391937236273e-27
1.9824647893870364e-26
8.147715342125021e-29
2.1353654531006864e-28
1.2900729157222504e-25
2.200269213553472e-28
1.3629625985089473e-17
1.0081212114577008e-25
1.8307263369267412e-28
7.621363194175729e-33
4.316367400760593e-29
2.858632073778175e-30
4.5126418920527966e-29
1.3379219102645027e-30
2.6265659340048036e-30
4.837026435348996e-26
1.6660185653552528e-26
5.5415531006444135e-30
1.2975971898273359e-23
1.0986573014248761e-30
5.846534654883769e-31
5.69775578908509e-28
1.8484247110429234e-32
4.79684652952563e-28
1.1881139649832381e-30
1.2748545220150593e-30
1.5896211718121457e-27
1.6734176212987142e-29
4.0200761400350274e-34
8.639134833689928e-28
1.0939782668256775e-29
2.4504575299655187e-27
5.856718755356278e-28
1.480393370538235e-32
9.876287735904716e-24
7.738234606274901e-30
2.94047708179805e-22
2.485568086988209e-29
2.9810951533994087e-31
2.1808589844547757e-30
1.4506193120068016e-27
6.06742712140077e-32
2.0919685137403933e-23
1.7476200069055125e-32
1.7253196148340304e-22
3.7267844686276134e-30
9.669691151160622e-13
1.442812669036052e-34
2.564361118339523e-27
1.8278331758072802e-28
1.4864588139367959e-28
3.1436758630843207e-31
7.007320274750971e-34
2.948635233022976e-32
8.540985767327002e-29
4.546500525575361e-30
2.4533041299647107e-20
1.4288650915396808e-26
9.868223960550219e-29
1.0006565173780687e-26
2.3085201113903244e-29
1.8923128224517173e-31
1.0728478543223353e-27
1.688187355401819e-33
3.1571991437851e-21
2.6643822698507556e-28
8.277972272345767e-33
1.4064905321037426e-27
5.397776412231046e-27
5.918394760253793e-27
1.3582639962123143e-28
5.726475466967139e-26
2.502169388349992e-20
6.4924342457841776e-31
9.673658987184776e-24
1.1248009771637326e-33
1.612974039247654e-32
1.1041236273975669e-19
1.7903854123297495e-20
3.1408362597263413e-31
1.9260871380527416e-30
1.6950774385978155e-30
6.123535386703651e-32
1.43672882758309e-30
2.4566756513024465e-30
1.4406134165488452e-29
1.147982551544059e-29
8.036259447375164e-28
2.057212082173484e-25
4.416916697765365e-29
6.674711373969146e-31
8.897977237976181e-29
2.1914828472427874e-25
1.9074930772543647e-33
7.810679566570283e-35
5.803552813032992e-31
1.5334619197814997e-33
5.894168579761019e-33
4.387697901552314e-30
1.209992569762602e-27
2.670644589651819e-30
4.9028569393838825e-27
7.175527993136971e-27
5.010431170621511e-34
4.1261384574220627e-25
5.106883879388776e-26
6.879283107496314e-20
3.0112613630633324e-31
3.577920903861769e-28
1.4717805722966199e-33
1.057670820257023e-26
1.1953889087206979e-29
9.449325310316055e-31
1.3304781588002758e-35
1.2024422202584587e-28
4.676167598674971e-28
3.322047063137488e-29
2.5790808494948167e-34
2.083297248460606e-31
1.4577782864071e-22
1.2041940117022819e-32
1.2118300607845953e-27
1.1280987191063778e-20
4.6146993879694167e-29
1.6757622075364053e-31
3.2488126569939756e-23
7.271757561979253e-32
6.363629301167819e-27
1.5540083243521561e-30
4.52005161646687e-27
9.76671121637809e-20
8.992397158837623e-25
1.207588441477671e-26
8.069968195998246e-29
4.650598048494308e-17
2.1104306078646246e-31
2.13945062274521e-25
1.3862921772170495e-27
1.6430710544266283e-27
9.833608033680398e-33
7.040603534689256e-19
3.668773608767958e-23
2.629808241653926e-30
6.577828795983444e-30
4.209820765627356e-34
9.225262863086467e-30
1.548448934459239e-28
2.1078497759110716e-23
1.5435175985930002e-35
5.707054151192309e-29
6.074004870858865e-28
1.519900715795504e-22
5.665630581426847e-30
2.238062573166858e-25
7.909455590166858e-30
1.827580825501545e-29
1.6284213391116154e-30
8.351448109269786e-29
7.1907318368770105e-28
3.6473141671579784e-33
1.2291559526072647e-19
9.94881986901714e-32
6.721680786805926e-25
1.1803316787363088e-23
9.942094432501858e-30
4.07467442605835e-27
1.755963257316204e-30
4.500084241704464e-27
2.20097235824843e-33
1.1834801463258566e-28
5.930154770630969e-27
4.80312022654397e-31
1.8551922130999897e-34
6.524952201288861e-20
8.121463827917391e-27
1.5981206962530194e-31
7.011229135084675e-35
3.8439450630614346e-30
5.299871186644138e-28
5.913469439218563e-29
3.5794321199630426e-27
2.560002397714002e-31
1.1464515949039865e-31
3.826856127276846e-30
8.672923192347907e-31
5.141702461451639e-33
1.0476528741685799e-28
1.7813783313219271e-31
1.072794159878366e-32
1.3470374579141613e-13
1.2280223543909953e-29
8.862574202720244e-32
1.5984107497949316e-32
1.080158881055691e-30
3.3647724487707996e-25
1.1610305279053705e-34
3.409178550576542e-30
2.0593849202898094e-36
1.8666742170828485e-29
1.9555298568338745e-34
2.4505387734854395e-33
5.147237836027838e-33
5.313030563361536e-28
2.7161963233562594e-31
2.7018118552939367e-33
3.0688394741657324e-29
5.330456966725424e-27
2.4110342636098875e-22
1.063414697320299e-24
7.37885563465904e-32
4.3395960986929073e-26
2.6039224361794777e-28
7.256154519006172e-33
9.039002219277446e-33
1.9375452572422225e-32
9.182533811224521e-30
9.019679105540666e-32
5.3618504095808445e-31
2.658038480146357e-30
9.044555424904669e-23
4.88044807789717e-35
8.252721916269765e-31
1.1152907063524845e-32
1.0908165666322952e-30
6.550322562954282e-24
5.376603833162878e-24
1.5440849195446364e-23
1.0530171480634042e-30
2.5360649779499084e-28
2.3264467775092487e-20
1.505160556355365e-28
2.4853353234532372e-25
3.526945299433442e-27
1.0528281937270522e-29
1.8744096646762637e-31
2.3600748685791558e-29
1.453736143098095e-31
1.2207742648048204e-33
6.26884407177104e-33
1.2191259032549278e-27
3.5470372240834377e-29
1.8151016060480689e-31
4.287754075640407e-27
4.595519488396884e-26
8.453730326586314e-33
5.754419780205622e-24
1.5583074076052286e-23
8.488419454102231e-20
2.0535940527609257e-30
2.3292674006349803e-26
2.4699409098714538e-29
3.3572646221125225e-29
2.6594943531243558e-33
1.0676850160513918e-31
1.2942558855284517e-27
3.643047763225593e-30
1.1874543805040772e-32
6.0593257870951915e-28
1.7436639202611733e-22
1.738360687906661e-30
1.2718382197938826e-31
9.871325153213128e-31
2.549143129230482e-35
5.840869231326083e-28
1.023551654784741e-28
1.8114100680113618e-30
1.9849225694819865e-23
1.8037971585174434e-29
1.7497967522074583e-19
1.4580848310169788e-28
8.383186069730114e-35
5.44404381791267e-30
4.500323884151952e-33
1.1811637348017014e-25
2.165473746494017e-25
2.7922143927595837e-31
1.3111345288744865e-24
3.5583756513030017e-34
2.6143143537220698e-34
1.3747076825816421e-27
1.6099766325165694e-32
2.75314874174334e-27
5.0886541811644146e-24
4.815481952177937e-31
6.177807907666962e-26
3.6846792632925424e-26
5.929864989614973e-28
3.803231908996545e-23
3.777897202249222e-15
5.071776181457373e-26
2.3446742934866028e-30
7.102083457437067e-32
5.098132193507363e-25
5.134268335612429e-31
7.05665711430694e-27
2.5305606292145706e-25
2.167197663566374e-20
8.179218802502124e-28
8.032461664285897e-21
2.7146336335606806e-25
1.7958826182409348e-25
6.667422815396674e-25
6.656177367917761e-28
4.365403713329962e-26
4.39390083826068e-31
2.2897801101882094e-29
3.823815927214817e-30
1.7368885731459035e-20
7.956528079697904e-26
8.730251964049021e-30
5.6982751594594185e-33
8.77575055855672e-28
1.644722662665475e-32
9.774429904634012e-25
8.017101246446699e-30
1.6332077218520804e-34
1.3341404040577296e-31
1.0510860109952202e-29
1.0325379137908636e-22
4.563958952030539e-29
1.820313780780438e-31
5.923732431229997e-32
6.502999625399239e-23
7.667840642824777e-24
1.7840841635012025e-31
1.7223796991426625e-29
2.6670482628543155e-32
4.58731035360651e-28
2.0867438552827108e-29
5.473786359128317e-32
4.93168772898059e-34
5.873158746337417e-23
3.8236057370008244e-21
6.1192966925884866e-30
1.044037844686398e-30
9.394740421885986e-32
3.5883116015331176e-19
1.3129827768160143e-32
2.0898302517022595e-29
4.364736370600004e-28
4.8469664709508565e-33
1.0823542587146668e-32
4.0725123003147627e-23
7.101565614780837e-33
1.7020449735232233e-22
2.9343941264290257e-23
2.917398766957921e-34
1.537787669918635e-28
3.535973415114493e-32
1.4827294174997804e-27
1.3842298843903266e-33
7.935303146006444e-27
2.8244701799610126e-33
1.752989666876348e-33
4.365963093315491e-28
6.651797963566929e-33
4.332280040438773e-27
7.862291958460425e-30
5.361111187022011e-20
3.739197524280631e-23
1.7756311869033763e-33
9.541485780186318e-30
1.45026028815083e-31
7.396612482464643e-24
9.757704009589866e-25
1.2416830362146682e-32
1.0979706928743703e-31
2.6426754266941225e-34
1.627338181123057e-23
3.682081021326475e-26
1.0986599850747881e-29
6.2895636599909544e-30
2.1543080590696925e-27
7.889239904654546e-31
8.29360849919047e-31
7.64477339989224e-30
2.3505823751441224e-34
1.6573407931250326e-29
6.307287558752539e-29
3.566057232003139e-30
1.2147766942791804e-18
2.617327278437068e-20
2.491943866089169e-31
1.1762985628426525e-35
4.308358236177243e-31
1.4656826269770944e-30
3.472931839971122e-29
3.3379288364213178e-21
1.804890248615461e-27
2.290846181005167e-18
3.406813327623003e-21
3.902189404551428e-27
8.468785948702896e-27
7.332793978448715e-30
2.814904204686224e-30
9.461476099370509e-30
8.464275331086564e-32
9.415758371699007e-34
2.1697001747348205e-30
7.956203124738342e-34
1.0825329792180987e-33
4.294116428671026e-25
3.2299297760338784e-26
2.2616781220155297e-23
1.5909925910721599e-27
3.575938018798853e-28
4.706242130109087e-23
6.740104467516574e-30
1.3113691632348562e-34
8.20102632273793e-29
2.0443451317129886e-32
6.819468968768135e-22
1.0534560126132792e-30
1.1658298446114033e-28
6.965545019695794e-32
2.4584122562161784e-31
7.215797947765085e-20
1.7440710792464073e-23
3.037953201593512e-30
1.810280938968139e-28
1.2663663760872687e-33
5.7354191596360355e-28
3.552051626324948e-30
3.324083692737462e-32
3.5809639348192146e-31
8.073489053771672e-30
1.5418829050795728e-32
1.4263142521163612e-30
5.423045381273903e-29
1.1734683437816324e-32
3.363960839521755e-33
4.722030338711298e-29
6.110342086495912e-28
3.819015616842604e-24
4.6714712407500125e-26
1.5400702650669428e-27
2.416491478674458e-30
1.1154009196432534e-19
5.828785608883013e-28
4.252535464104862e-31
2.979733761417532e-32
1.4353893935308662e-26
6.439832922418706e-32
9.106604500690596e-20
1.3309015698618965e-29
3.3645790852370975e-32
4.535131212844253e-34
1.429341573017149e-32
9.469239716096466e-33
6.306298298012247e-32
3.079754642079405e-28
3.223540499284336e-30
5.8225358840158e-32
2.3322103345760098e-27
1.331869094824621e-30
5.1806512724149596e-24
2.5164506489487567e-19
2.232506154984072e-31
8.890270762790542e-32
2.6927930153418827e-30
3.6660107759891904e-31
1.250091527894329e-31
2.0018452649336504e-26
5.6295482450752675e-27
1.6351761181037839e-32
1.1873989974207492e-27
6.901270456996658e-30
1.673518393232748e-32
2.8996772773890553e-29
5.236126067855505e-28
3.8379213259988116e-30
1.0463615676434062e-35
5.434674591827098e-25
1.2725887936755866e-30
3.179637573811566e-25
1.2541869111821496e-23
1.1707480367278233e-28
5.932648136926307e-22
7.943697672344468e-36
1.1441787270339067e-20
3.9350981755990837e-31
2.3844981751755437e-28
1.8124691882723955e-20
1.4384759167766958e-33
8.97504557430096e-27
1.6035590509055035e-31
3.454321506322375e-31
7.468323997390302e-32
5.200264033545003e-21
7.620558077954311e-27
5.254576359870147e-31
3.620207988617072e-30
8.789880688828547e-25
1.3368758823640583e-32
2.0604703522717603e-21
1.1882201263216028e-25
4.917177735465921e-33
8.18297033951404e-31
6.451393668679233e-27
1.0202516882348857e-30
7.285646678326394e-27
1.970696664586874e-33
8.613337571932333e-31
5.4833114102342386e-33
2.6450077297870994e-26
8.272908929981851e-29
5.753458097789355e-33
1.4888616997211985e-27
8.44842803447252e-34
9.961621048332024e-30
1.922947193564389e-30
4.120513219756209e-30
1.1733549705253966e-33
4.46912824651284e-22
2.3834059375195174e-26
1.3991430507389002e-33
4.084902698107845e-27
4.896693934610688e-29
1.5239648238054398e-24
7.8120713382329455e-28
8.775535386671301e-32
7.426734429133535e-26
3.350192554741706e-32
3.263830571167349e-30
1.866093302255387e-31
1.9060481536036702e-27
5.174347612688622e-26
5.105742540940244e-32
6.935702246297456e-24
2.639854544754286e-30
4.765897518317815e-28
3.3025417993018403e-19
2.6872370640943507e-28
2.625465974908195e-30
2.2548345556210258e-20
5.998698069597347e-32
1.4964189664922187e-23
1.8075505767729786e-25
2.0144433621386035e-33
2.8936380157922937e-23
6.305882609284769e-22
5.38806753435128e-30
1.2727583031495288e-33
4.580962746829678e-25
5.282510394443984e-31
3.4202903324578407e-34
2.81884303356562e-27
2.5913595263371708e-34
3.2948104875125116e-25
5.341021224185713e-26
1.7820456393714966e-31
5.996075470273328e-23
3.384244981383983e-26
1.0840973561838963e-22
1.705768644523334e-33
8.854235557604446e-27
2.1594816303828114e-29
3.1036215544555714e-27
7.073985314769505e-26
3.4509761142904295e-31
3.4017109063475044e-29
9.448419543503911e-32
1.4442181905300098e-28
3.661214265930007e-32
2.7087662589221197e-31
1.2535069807932252e-26
8.240511195357948e-21
2.430249632020412e-26
2.1431248064198204e-28
4.720673855372778e-31
5.107627515536772e-28
1.4955384187996565e-32
3.0326881320875304e-31
4.62002652819183e-23
2.315958516379663e-29
5.728230148405123e-33
4.4167022342076005e-23
6.554800361653105e-27
5.397275995009262e-36
6.389185231238229e-29
4.5545191261443454e-29
6.442128851179257e-35
4.363384008381533e-29
4.23498360812783e-31
3.5363793715951653e-29
1.1931703228363996e-19
3.0869446475674297e-32
2.193599580605233e-28
6.935283181481314e-30
3.2476750388562444e-33
7.186164705221212e-29
5.2500864980851123e-33
1.6544430621427348e-19
3.2713943247176552e-28
2.9905142982748624e-25
1.4067306637326885e-22
4.2057849868295184e-29
6.32973550225663e-30
3.213615909964702e-31
4.050690268430576e-32
4.654855406892951e-34
5.2762356465696995e-27
1.4082479271271848e-23
2.3801390018246874e-19
2.0167385841901643e-31
3.874913521889172e-24
1.5848547962222555e-31
6.037005283961796e-33
1.6809161474270056e-26
4.197493159949801e-31
3.9196057276180687e-16
5.1608300104919575e-21
2.1206168715568484e-26
1.9975835791743258e-29
2.808138333608163e-34
2.2529942658617117e-24
7.258309315357544e-29
2.402471210338855e-31
7.190408736819126e-23
5.136541119885793e-25
6.367356792485558e-25
1.0178111988484745e-27
3.17865451478199e-32
9.114696856024772e-27
5.856237458778458e-20
7.48422189899883e-26
1.5944259951617116e-29
4.225582013074229e-33
5.796282328815663e-26
2.1748796353992075e-31
1.1334661249914808e-33
4.4574427357570175e-20
1.0878796207980188e-32
3.634216167335456e-29
1.8115482400281598e-21
6.426278357820237e-33
3.9946008097187654e-30
5.264231710423744e-35
4.676216942837953e-31
1.4442583091640224e-31
4.6231435707287367e-32
4.279181285601256e-20
6.130458722851989e-29
5.314954249429768e-29
3.141804526272957e-22
1.44634014829674e-31
1.3344925406585335e-24
6.678838076105038e-19
9.275728053128057e-30
1.885704542161902e-29
7.052396770828655e-32
1.0801261290133786e-27
9.065411754870613e-34
1.3646340378672004e-30
1.1682252090651995e-32
3.6608159672458077e-26
8.257802587046269e-32
7.886468002747091e-21
2.749310535170533e-19
6.304899162769275e-33
2.3166949689553853e-28
9.195485031342402e-33
4.345902032464764e-23
8.166617791679358e-31
2.3599030252718873e-20
3.1627338815338123e-22
1.5454423469993567e-32
2.610428390418658e-27
3.4664183549622763e-25
7.140528934896717e-33
4.3455702626870625e-27
2.0527175278486454e-28
1.5281089689688043e-26
6.265550462296492e-21
4.698205164453219e-28
8.926699709557322e-22
5.725180600113468e-31
4.261072189498477e-17
5.932341871615594e-24
1.9425639556113517e-31
3.4961775625095887e-33
9.617686966424894e-33
3.8561371991976284e-29
8.797557655781283e-31
4.752259034515092e-31
1.810310258417646e-30
1.0707446039340864e-32
1.2051682213863356e-32
5.067219970450954e-33
1.0475726760691278e-32
5.120045582806886e-32
7.646652186172824e-27
4.2098693224748485e-34
2.6685952801293385e-30
1.1313270666352952e-33
6.348920663324153e-29
1.72688811189269e-26
3.2148609287587557e-28
6.951268216619724e-31
1.2581209246196155e-10
3.533063587633339e-35
6.750253208859995e-33
9.001829128928986e-33
1.7787911310490604e-33
1.51652355080023e-25
3.520259734341298e-28
2.436120774951457e-34
1.809003518335075e-27
3.556058503297588e-20
7.587482038642698e-28
1.1433380349860795e-30
7.470972440007992e-30
1.6644178894157044e-22
3.175180009342585e-33
8.871531360924707e-25
9.154689750164236e-19
9.86878096203598e-35
2.1835032576708976e-29
3.0107036528279626e-32
2.8679376496552766e-26
2.205990356015624e-24
2.3890801247163843e-20
8.697939928819449e-29
9.20760871719977e-28
4.41084738202898e-30
7.005106157345939e-22
2.760109403518508e-27
2.6564474147464706e-28
2.1755051332067876e-30
6.805736960691393e-28
8.109165495277952e-27
7.058336934021953e-29
5.168887675526601e-25
1.1215571923549356e-19
8.811246061951011e-29
2.4719507109276366e-32
2.762552023707203e-29
1.071483965415971e-27
2.761236186880661e-27
6.424263555295612e-29
3.2012391866590086e-29
4.3148295813604253e-32
8.32302878646371e-30
9.415511537706808e-23
2.3948488598178946e-28
2.8349092461664384e-31
5.8650729906591e-25
7.721891083559459e-20
2.279517560712748e-27
1.7159539505337586e-31
3.8367784698302254e-26
1.7643435947434415e-30
6.178928919086734e-31
5.238236236907562e-25
3.7835647836973e-31
4.420459060654473e-29
4.298141711292045e-27
6.736107559731344e-30
6.393605088049221e-29
2.933350020228957e-31
4.5631007005441573e-32
2.981523405825336e-20
1.6460175328171534e-29
1.2874802906186303e-31
1.7894933086218802e-22
8.303852734279525e-23
5.875953280639965e-26
4.0777903013851906e-22
9.066851421617966e-29
1.6058874133014235e-22
3.387117840436825e-32
4.782133016210861e-31
4.786343490311572e-29
2.9324804635170447e-28
1.2018756889769573e-27
5.316577204245446e-23
3.336682918817945e-23
9.200836516039728e-34
2.9286741119146493e-31
1.4667620777396299e-30
9.647643299980779e-27
7.140971834051747e-30
1.3741441497225593e-34
2.0586765082700152e-29
8.180344983700877e-30
1.0471636002233488e-30
2.6269760031148215e-19
2.317892453299725e-32
6.68126691227107e-31
1.5772140907857354e-26
1.6496117011525176e-18
1.2488502464690292e-29
7.010686166618718e-28
1.4448992262083104e-25
4.5784731693755906e-24
2.2610285612515924e-32
6.4736924681958376e-24
1.6352696525236974e-26
1.099457407364861e-27
4.4551108629605995e-32
1.3761753500524486e-30
1.3870014136325856e-28
1.0214394106945459e-31
1.1484024260508288e-28
4.883352531850593e-30
7.44877598967573e-27
2.1668354800588216e-30
1.3905386319442893e-26
8.33506272500944e-29
1.5661435838267707e-31
8.613649389821394e-30
4.051305262858356e-28
3.0998276066172015e-28
6.629823358675969e-30
3.0800552086627402e-27
5.85339313311657e-33
1.335960113747797e-28
8.210446571869984e-34
2.2375394306941845e-22
1.779801081081641e-30
1.0194849960924556e-27
2.7753842754237137e-32
5.153710565039046e-31
1.0860639380927909e-29
8.54177764424185e-31
2.6646127438383625e-17
8.870710663600783e-29
1.2125235786181678e-24
6.842464977370685e-29
1.1346080790848373e-30
6.965078221148918e-33
7.476106195496007e-16
1.1032437662205287e-32
5.896129127441507e-33
4.257811431952471e-31
3.834002761993174e-32
3.0260341638426923e-28
1.3417733069694508e-21
5.03525681344725e-31
9.14658377305503e-33
1.6510024191198657e-15
1.7439670167070715e-27
6.720572239630557e-28
5.2454019513321e-27
3.1803240586745576e-14
2.4587951779521633e-33
2.185779783121974e-29
3.5935565632718937e-33
4.689368425611356e-31
1.1375293791492948e-32
6.84984462667325e-31
6.334559509257007e-26
1.5300203794808116e-34
2.8039337489408936e-31
8.095647626782354e-31
2.0764838398167888e-31
5.304747016254421e-32
1.0110829405832006e-26
1.6925930542849966e-24
9.533413588053521e-26
3.2036699896738595e-34
5.498228177958792e-29
4.9013316331412424e-23
1.3150521140073352e-29
6.660515338961776e-33
5.020893987992053e-30
4.142834702912224e-29
2.2783890074824463e-26
1.329383330106877e-32
6.241963967040287e-24
2.4256965392172757e-26
2.2302064998967744e-23
6.163230609285129e-33
6.552895013757075e-30
5.297863937211709e-23
1.4015323113513833e-29
4.265442707253841e-29
4.661883594955008e-29
6.468596131558501e-34
5.676966820200932e-30
1.13004327896185e-29
1.5006884374051122e-26
5.699179162385523e-30
2.584662530302395e-22
1.2861838615134734e-30
2.884538471239417e-33
1.5891111635529538e-31
1.2762722042459236e-30
3.185050036796196e-22
9.28210179435924e-34
8.355323131803476e-27
2.927665512666106e-29
1.062797639441719e-28
1.0435642649044222e-32
4.1338208401670204e-31
7.445340020407893e-33
3.560399259286257e-34
2.3619274790024724e-29
9.82478269099112e-24
1.2833265982509451e-30
6.735723184638573e-25
7.212052369182768e-31
2.902054923941482e-30
1.4628683767871648e-31
2.030345298538688e-28
4.6699211669543894e-30
1.960109824421912e-36
2.615262666252076e-30
2.5547367198659522e-31
3.210378948448206e-32
1.7210059181880687e-23
6.924846233225332e-17
2.6827663814635585e-34
3.1400812161086336e-28
5.9955387986788366e-30
6.385960126472899e-33
3.2458730787869e-30
3.3713799878001123e-31
7.609857152112441e-29
1.4607460891253843e-17
1.864662251444646e-33
4.472170539758292e-29
6.0390210319524165e-21
9.062662268393384e-31
1.9358187839629764e-27
3.9572984518341877e-28
9.165511257647372e-30
1.3377612694740572e-29
4.0886577458230016e-27
3.6899180496960845e-29
8.782809310196952e-35
2.413860030223978e-31
2.1820689540287394e-23
6.749925948577419e-31
3.826306108032368e-30
5.540299129574201e-26
1.1679830748467716e-31
4.519201526774879e-30
4.32416940439068e-32
9.832699521799726e-34
1.232537604172094e-34
2.647511414530686e-32
2.9693568015296255e-26
8.86199113528061e-33
7.863133976487603e-29
2.9173219432738808e-30
1.5405494178831529e-27
1.0292422944122937e-25
4.0134705236488345e-25
1.8428230712744335e-31
4.5188547753642326e-29
5.464490076775921e-33
2.0287237798582798e-29
7.737901278387212e-22
5.3475757255214214e-27
6.438710155549561e-29
2.711625335626478e-29
1.654632684559369e-29
7.452198296895952e-26
2.5425489730180502e-30
2.6871800273808706e-21
3.100451636568908e-23
8.506837769604742e-30
7.365821160044188e-33
3.812958521937794e-33
2.0224515919497954e-21
1.4374979980476452e-23
2.5594237830246958e-33
4.303091712048184e-28
6.659471397489688e-29
6.809334224406441e-30
1.488623133344049e-26
3.3750691592008954e-31
2.207145845632114e-32
1.4024488625128196e-27
4.014959633897292e-21
8.25458973046671e-24
2.3281964435303738e-29
3.7146774462760385e-34
1.5699024779349785e-27
1.02478582968877e-27
7.148138399202226e-32
8.002126339676933e-21
4.2294684267126865e-29
2.7721255178145347e-20
5.154642555110084e-31
8.669748293441073e-22
4.050706879567986e-18
1.729890805790101e-32
1.9585915391824904e-30
1.984195255320691e-31
2.1214691224772353e-28
7.010407155771262e-30
3.302391577119705e-30
2.223879085775471e-19
5.437512971315426e-30
2.1456864087027496e-33
1.3307359218168053e-35
1.9975628584067617e-32
5.55665636194347e-15
2.6475651973106064e-29
2.21778970258297e-25
7.159911430873962e-30
5.7887017475507e-30
2.2220949376482596e-28
6.618735149040026e-27
1.987729097775874e-29
1.0086921297402546e-26
2.7932995627022488e-31
1.6253999992156535e-34
1.5644378086983902e-30
5.7237177319760915e-31
1.4899862902635705e-26
1.6083060301214128e-23
1.2892746642772926e-28
1.2637285939873123e-33
3.2664459773775067e-34
5.046016961506733e-31
1.2540924497410755e-30
2.365371221954004e-22
6.94230867139895e-25
3.2322604062675586e-18
4.508772120653098e-28
3.466101106632868e-27
5.447248968491391e-32
3.572815965716031e-24
3.281673890734285e-33
3.388394731590048e-18
1.7708028288841437e-23
2.8004626170560897e-31
1.3776307999488406e-26
1.285305938723164e-26
2.603606809852635e-32
3.9737968301272087e-28
5.605498471090678e-30
8.669969497115415e-24
1.5169169337962197e-32
3.664533468163839e-33
9.136137991568234e-35
1.0536263382150958e-27
1.5220883835483766e-25
1.7774853415492233e-31
3.781147924248169e-33
8.886051279266267e-24
4.682863842664094e-26
1.1206946348408115e-22
6.744249058838795e-30
7.343138681502822e-29
3.781227280723009e-30
7.513255435586123e-28
5.736668601218236e-31
6.4767692215875355e-24
1.3075626124675667e-28
1.5428904485057675e-30
6.630269175713807e-23
7.586470022803083e-33
7.755256223948884e-27
1.0963536965452593e-34
3.933482701177003e-31
9.436930580956051e-27
7.49125853492938e-24
1.8591361005769837e-31
1.9155588909534157e-30
1.3235269121086994e-27
2.4401397394678042e-29
6.013651434807625e-34
5.136175584956275e-30
2.966130357286251e-35
6.012667981508708e-28
3.269130137434461e-33
1.9350686027736066e-29
5.839870096751328e-30
1.1934863996003284e-22
3.622629761945519e-26
3.466704172408916e-27
4.756579296823408e-28
2.1718914235712177e-27
8.912130241241897e-32
3.54880989029786e-29
1.7803470239417237e-28
1.6149747179112192e-29
1.4770439795013183e-27
2.8730657589567077e-25
2.847434128976037e-29
2.006153497710389e-30
3.0914220557195844e-32
8.821196778405876e-33
2.2221429565868142e-27
4.6401702256516336e-23
1.861956698724401e-27
1.1453451670695606e-31
2.370349141088101e-27
6.515045478738656e-32
5.994608526681925e-20
1.4903704714405676e-28
1.863943251832387e-25
2.083507201814568e-29
1.0984465109108933e-25
1.3327163277692462e-34
6.948795407173983e-23
1.0938174887896794e-33
4.956578970626228e-27
1.0950391575638214e-19
8.55711170533034e-31
2.6910497350021744e-35
4.842378050322795e-31
1.5144584292595418e-30
1.6043204103883222e-28
1.5924244127802808e-21
3.847908155235418e-33
5.368300601832974e-34
2.1255901485004592e-30
1.258968241005401e-22
4.874253103249804e-32
4.090426096306115e-29
3.6358984996395445e-22
3.510801530026989e-29
1.471891870239432e-21
1.6741678735907556e-31
1.0936282139952615e-30
1.5774727206040123e-33
8.479727774699557e-32
6.188802969101389e-31
2.2929797664873362e-29
9.605588433504055e-32
4.7047213098974394e-33
2.2036917606128944e-28
1.4094564331555826e-24
6.440760775545132e-29
8.88305134557767e-32
3.7981391277970686e-30
3.8358817411076544e-25
7.625916278350248e-27
2.0994391599789658e-30
4.083387040670071e-34
1.2474106455565076e-22
1.4315875998090046e-29
2.4661278884814102e-26
2.2768402716549178e-26
5.65202577542365e-32
7.962336695524354e-24
1.395194891434302e-28
1.0731073281533592e-29
3.7880024231628595e-31
1.0719907633062034e-23
2.0079199193772282e-30
2.1137640522587955e-25
8.508691617245495e-28
2.1473690293846447e-25
4.341527060060047e-26
4.5421728427616734e-30
1.1608106783293162e-33
5.311368695313688e-32
1.4961824270657436e-27
9.416615439796904e-32
2.2954283566600505e-35
2.2063256232547867e-21
3.389747113840504e-18
8.659003702668005e-29
2.8774478328072716e-30
1.8743249236463507e-27
3.679411519497099e-28
5.234933612504711e-29
2.233868224582504e-33
9.2400178454028e-28
2.1748280137399626e-21
8.226091470870716e-31
7.444485485111777e-31
8.387121099182241e-20
4.3090022158292643e-26
8.38617640328138e-30
8.343174010178582e-29
7.332502861244844e-32
6.121301287645479e-28
5.936483146769449e-31
9.434740541076485e-27
5.791398321484155e-20
6.715128878790398e-31
2.602680454581403e-24
2.6188058468019325e-33
2.0781495226563848e-27
1.069796642127327e-22
1.62825819610502e-29
3.782018469377771e-32
1.363600793553821e-30
1.293880340021223e-33
6.195697402713397e-28
3.1601389839460067e-28
2.658711584124362e-30
1.5095156336425796e-33
4.564459756872127e-27
3.091263266150667e-33
1.0125172484027396e-32
9.530695864462682e-32
4.051099899845788e-31
3.6563303574630058e-31
3.0952247326174853e-31
5.648733465782666e-29
1.7565662310998227e-28
3.0629629673096812e-33
5.179709442381806e-33
6.516271345238436e-24
1.1696740688023506e-30
4.9483413634599e-23
4.7033262389635795e-33
1.2721043271742978e-28
9.049195573411421e-29
3.530692648084658e-33
2.163545920141932e-30
1.288857161590809e-31
1.9410738920093225e-20
8.163242660976862e-21
8.091029136498653e-30
2.554778688526788e-32
7.946672867794041e-30
1.0292587995908797e-30
2.456214236617307e-31
1.7290772859911816e-28
9.434576861959416e-22
3.5491156048755896e-29
1.3244550143240669e-26
1.9453692870862134e-28
1.7588148793394647e-31
9.417083625994301e-29
3.7761776606057255e-32
6.0630757406703645e-21
4.380818346367538e-28
2.3257389614618165e-30
8.525241233400679e-31
1.5357932107281894e-23
7.32566784092399e-34
9.820313065912184e-30
5.483599304433954e-31
3.7122406648972393e-29
7.458511432157861e-34
2.4139355494157203e-32
4.5111542279114903e-29
7.663609626079073e-20
4.1577329625018236e-30
2.0740967472801222e-22
5.661012138550396e-25
6.03537869796453e-28
2.385656054812859e-28
5.1393653104141675e-33
5.113999403422776e-22
2.9191984686544303e-32
1.1890737790035818e-20
2.99429506191766e-23
1.3915479190977574e-32
2.2298744937506855e-20
7.808588896476778e-24
3.6122138392384965e-31
1.9213317455062897e-30
1.4912064099058503e-34
3.7921762445784093e-20
1.633108843757671e-33
3.7480737072784897e-26
4.00104458832205e-28
1.582954948737162e-30
2.2412750264439785e-28
1.864807154010043e-28
3.4959755695004806e-31
7.575441837768507e-28
1.0640044679834779e-32
1.2236805273548822e-31
1.890821262731931e-13
2.1623872180876998e-29
1.0517863360058175e-31
1.1423637939602419e-25
1.4641330414125443e-33
2.0461844836076494e-29
6.328365466222836e-29
5.383782001145019e-31
2.2077420418358397e-30
2.0628645226023122e-16
6.222600513378944e-31
2.6795623085052072e-31
1.273362743941216e-32
1.7809882685772533e-23
5.636395446417542e-26
1.699604987547716e-30
1.2921333167406855e-25
1.2861852812350434e-33
8.970607887573834e-28
3.6718227345297453e-29
1.071479207133866e-27
8.718101827316698e-30
1.837723011879741e-31
2.816230958413594e-26
1.0651445099547793e-32
1.8946154156254314e-25
8.267346570958937e-29
1.1861571981656776e-34
3.92699511750045e-31
3.6214278426995085e-34
1.7139743292394316e-30
6.382008899811502e-28
2.2495510462545796e-29
1.5479953035876503e-30
1.4298657398451685e-26
8.798720513146151e-22
1.0360306106621981e-33
4.912081900237565e-32
5.173517525517488e-31
5.543988604877687e-23
1.0850618260631182e-24
1.227471326539324e-16
1.048276201587867e-29
2.5814355032564602e-31
8.379036185337668e-33
4.003871897342326e-26
2.41373816822719e-30
2.2591480245450536e-30
9.593087881361415e-26
1.4478305559115187e-27
1.2099035174955365e-30
3.266544854511579e-18
5.21715502747463e-32
4.3289587194249185e-32
2.0009662165808152e-26
3.7643776707742597e-32
1.1826034984224512e-28
2.8766169707459114e-28
2.8639357345458532e-28
4.51387161598763e-28
1.0312002662542222e-25
2.0386745899323066e-30
6.325453208497399e-26
7.124706969372487e-29
3.2146414323434445e-34
1.5824317138856956e-33
9.605854625702403e-29
1.2408670428143394e-29
1.0594806550512505e-29
6.764610753155929e-33
9.826865160188777e-31
9.114793097960923e-30
5.322869519543498e-32
7.827838842098751e-29
8.057158629938021e-26
1.5707361818575912e-28
1.375530509771819e-32
9.111592626837306e-32
2.4185195670788768e-23
9.624749699455534e-29
1.5501080848319947e-32
1.7625599985587008e-23
1.905513774171546e-32
1.1297803054054365e-32
3.883073570448787e-23
1.3295431136204855e-27
1.6838765291933798e-34
3.069444029081715e-33
5.530695423392707e-33
2.4174868352789823e-33
1.2430198812062128e-30
3.428896111048394e-30
3.519201597106631e-21
3.368863345789321e-24
3.3196460958647966e-27
4.638783358714555e-30
7.350657584323386e-27
7.100929128168225e-26
6.078657935987701e-31
1.188533125106572e-31
8.0868417874381e-31
2.748768184684674e-30
1.7486715280033608e-30
2.1715292939948556e-28
1.870711872751759e-26
1.2115729456695407e-33
1.3474129807032248e-21
9.2037083495125e-34
8.699689137284237e-30
7.257272803284586e-28
5.338806663181403e-30
6.422409944859897e-33
1.0340842587580037e-24
6.496545225115449e-31
2.3255827417530193e-31
2.909761765892082e-30
5.196248310626496e-28
6.305418552026821e-31
8.433389644724509e-20
1.6425244345422454e-34
7.79182533372873e-30
2.531328583674981e-25
1.477657199496659e-28
3.72821119429786e-29
2.1218022242629312e-28
1.8164844120432675e-28
1.7505157684105436e-29
1.2724613804832773e-25
5.184627819908464e-30
1.9793232560549836e-31
8.707125345306042e-29
2.1819269912018987e-29
6.28837861877825e-29
3.673234085185064e-29
9.469395890919766e-27
5.107608487838894e-35
4.603389444716851e-23
1.272748481640071e-31
8.519970100446257e-26
5.498041878686338e-29
1.7964913531753868e-30
4.026040029264644e-26
1.5848935161239314e-34
6.005753623888386e-28
8.309446049573413e-31
3.110928836415958e-31
3.583874410901381e-26
3.411621896514168e-30
9.884440554230466e-35
2.4831414040263607e-26
1.0739625268054276e-28
2.986218643449354e-30
2.2691145367792145e-29
2.8396281217808054e-34
2.2979050650517856e-29
1.0283505425400562e-28
3.3793543773834933e-21
1.688692886071917e-30
6.402934874636071e-32
9.37943932911769e-25
2.782902563589212e-26
3.2050814365191746e-32
1.3189242960251722e-17
1.6782133068376414e-29
7.165054673962434e-28
1.4524257379726631e-30
3.680424055614648e-21
2.670859116938602e-29
1.900343088605698e-34
2.2107457422350585e-30
8.136617885785361e-34
6.179955221888143e-23
5.583198450245793e-28
3.220291339585823e-22
4.605514461567071e-30
2.9968733803904775e-30
1.4656818699130468e-27
1.005467784701679e-27
1.426240592156012e-31
6.503669288771411e-30
1.790218802137813e-29
4.7668844584545146e-30
1.5696881736112136e-21
8.635201065691402e-27
9.350245013302163e-32
1.0953929392630991e-26
1.9194934665623524e-34
4.757330523328376e-32
5.52626530957217e-30
1.9493671390545264e-25
3.60504305019522e-33
1.0672989259454734e-29
1.0181149502810112e-30
1.0313601201165777e-33
2.2749549710827126e-27
5.5680421948708914e-27
1.2608805417809437e-27
1.0942878422703683e-25
1.3992042802414115e-33
9.040588626173199e-32
1.0558609144692532e-30
3.3259785262530665e-30
1.3374300993685094e-28
5.895008813504023e-36
9.838572348810701e-34
1.7012634802045903e-22
1.6956899660545782e-32
7.182736743370138e-33
2.3779089368851453e-23
1.9334173629957488e-32
8.607769586982264e-31
4.1642391238061443e-26
4.689999009744858e-30
2.778903179190545e-29
4.444636409104697e-29
8.903268991000417e-27
2.233876252497284e-19
9.094746002188643e-21
2.0789572994221088e-31
6.6294219473827455e-25
7.484794817148481e-27
2.777306830926329e-32
6.968329106065963e-24
5.443025843718193e-26
3.7712719515021325e-31
4.335600269344308e-31
1.2125286454402815e-20
7.616634610610053e-22
3.4491902982787325e-31
7.6817234174353e-25
1.0808454357943474e-25
2.437188738876515e-31
1.3656311531568631e-33
2.6644329678540155e-34
1.007190686679789e-30
2.116353228572905e-26
5.429165470233946e-31
6.074316895139267e-22
1.0339671330009374e-16
3.471914124013329e-36
6.329315219839143e-30
5.4613175495053885e-25
3.709025749885775e-30
6.606289782445724e-33
5.424735372420834e-32
2.4965711108425785e-27
2.1342313595004306e-18
4.166263176910805e-26
1.1377965380682132e-27
2.0954139700909787e-33
2.9647886852562905e-33
3.1012679912344006e-32
1.9590681218387703e-18
7.256196119797473e-28
5.212292857696149e-32
4.1567723355918464e-16
1.8185010639431958e-32
1.595084314931641e-33
7.90576550415688e-25
9.066228292997395e-35
1.6664193487453153e-32
2.7650176430743133e-30
3.988335168407661e-33
1.3192048078662557e-30
2.2196485744818693e-27
3.77690167570157e-33
8.934140589475313e-31
3.973338033684441e-26
3.628480663636198e-27
5.1382949688491715e-30
9.152291344675577e-35
1.1474867099015205e-28
1.0044301526790729e-25
5.201489069779671e-33
9.016037720935989e-34
1.311362840480997e-18
1.127818106816315e-33
1.0938408885361496e-30
4.46557389370985e-25
7.087813743186703e-22
3.4430392814022896e-32
5.5568389544189096e-33
7.892643067087076e-31
1.6880527215028142e-24
8.39308769370265e-24
9.125852612261922e-31
2.2222016368428064e-32
4.355137716206304e-29
2.3677484054175666e-24
2.4793784225790286e-24
1.603909290556018e-29
1.6779652941051342e-27
2.189352053142109e-31
1.1890106485546287e-29
9.295595777126533e-32
3.918307197935723e-23
2.81941347770234e-32
3.446784313765605e-27
2.345883311029987e-18
1.5763077827087252e-29
4.703515440636325e-26
5.438030678203376e-35
2.4745479286383612e-36
5.558234607903938e-29
1.10088562987338e-29
3.6788382522440687e-17
4.0457644590994977e-23
2.8368084349472193e-22
6.772704261766752e-25
1.2070744200977685e-31
3.022206014618557e-31
4.117595377073364e-30
8.194637716771876e-23
1.5700224750479778e-24
7.387592988374878e-32
5.243008409670091e-23
1.9186564679953486e-28
2.1943443473134525e-30
4.794594716048843e-31
1.0948127277682295e-25
1.784362700276515e-32
1.035666951726758e-27
4.4666735447913835e-30
1.9559414892500306e-27
1.807676582684617e-21
7.25744735491844e-21
2.979848659747532e-25
5.798653972648055e-31
2.5596200399434187e-33
3.7629628182936816e-24
1.3111923721988405e-20
2.0743403577239265e-29
1.0666236606942551e-29
3.236837068466461e-29
9.292312636546019e-26
7.542050051780948e-33
3.377069280986684e-30
3.2268620658219406e-25
1.5590833627316585e-24
2.581641632865525e-28
2.2807284350669363e-30
9.050769824117494e-31
7.183846597529368e-32
1.843192563513082e-32
8.200236439957655e-30
1.9302828926871722e-30
4.658072498211684e-27
6.221398067369879e-35
3.574098461348794e-28
2.0794414032733058e-32
2.732606197653423e-28
1.718229534581833e-32
1.1041440817356156e-29
1.4022185495390526e-33
2.6507216053001543e-24
1.1637765215660788e-30
2.1250972699453436e-30
9.525697852427333e-32
1.2562862019513718e-33
1.775994752248001e-33
2.56010882014657e-32
1.7041218776268385e-33
1.7998372197843037e-33
8.940309780830057e-33
2.3498721039047415e-31
6.889431835108479e-20
2.2453766314353428e-26
1.016692320747252e-29
2.184081562526672e-33
1.0759909217297715e-30
5.525723847567878e-31
4.567803022264458e-30
4.495195540239771e-27
1.6988073284391824e-29
2.1703225073147396e-33
1.659247645819245e-24
2.677689794130375e-32
2.2965503012175876e-30
8.0320508033441e-34
6.4964560361721176e-24
7.069703505532869e-31
2.5509066917751325e-26
1.5496150667599614e-32
1.697947248444316e-29
5.9350554082344334e-27
7.454888440605184e-30
2.0967959876038758e-22
5.016107217264065e-19
7.406284672429695e-30
9.685684929494805e-29
1.3593917520873645e-30
6.869370429314045e-28
8.150549037019208e-22
6.041870964089546e-33
3.2974682509756954e-34
2.6187947018122673e-32
1.3465788147819147e-34
4.400548721979589e-30
4.556273352750084e-26
1.0697815470387632e-34
1.564542051276436e-33
1.0572126521467009e-28
5.453240077843003e-20
9.278901600978087e-31
1.7865231612789603e-29
2.4454826237998197e-28
9.252342103811745e-21
2.2134554288020457e-32
7.758809342711686e-26
3.289326074822675e-30
6.059685180599125e-31
2.181788241240876e-31
6.727749876734749e-29
3.0640730524556304e-36
1.4425314152478207e-24
4.041831169471199e-32
6.99733246252012e-24
3.5408183357497705e-16
2.8751369615417677e-30
2.059303762409633e-20
8.339184619145195e-30
1.91103196235427e-26
3.3854225495433093e-32
2.9800546542135846e-24
2.930580977014915e-31
2.3760470619019417e-28
4.309760230449401e-21
5.836771312041052e-20
1.4009547234240207e-30
1.7141988849939068e-23
4.312117206397446e-34
7.418190874661008e-27
4.952931848554202e-32
1.1862373245361482e-29
8.413251347624654e-26
1.8986361495809748e-31
7.428354772610393e-32
2.3652862764260608e-30
3.9125858841880777e-31
3.911853293361563e-20
2.5831744114913196e-24
5.769838507556519e-30
1.844407946124427e-34
6.521699438050161e-33
2.174599166494471e-32
4.13894653833975e-27
3.579961515208974e-34
4.138870044685634e-31
3.619761457443758e-30
3.388520325107252e-31
4.995150500257001e-31
7.491822398555541e-32
2.5292844835186986e-29
5.367845566407158e-34
5.817417146840046e-27
6.58732427025569e-27
1.1132602566351798e-28
5.2536595497469325e-28
2.490688659242976e-30
2.1442699938606747e-28
3.9309828372183326e-34
2.4534396451856715e-32
2.4913275646163265e-32
4.767173445479461e-28
2.3172737966431717e-32
4.1224900801684116e-30
3.578283440620615e-36
2.017695964203869e-25
1.8167965832819226e-21
1.0883554836644555e-24
1.0998181646160791e-31
3.6012016250661776e-34
5.483316753673653e-33
1.8081218273804574e-27
2.879555014211023e-30
2.950478985926791e-31
7.980545142225583e-31
4.855551777120523e-20
8.308980700058641e-36
3.4578110546701524e-33
6.069620470975288e-25
7.019990443817629e-29
1.6532229148549338e-32
6.4645507296195975e-31
1.120341062977498e-23
7.681095774958329e-31
4.396450158744452e-24
7.347410938335008e-20
1.0857349586759941e-32
1.3478589506043174e-29
3.438013280042705e-31
2.793301937006277e-25
3.8694522883282525e-25
1.808996058279417e-26
6.671114031449287e-36
3.0984955581419865e-31
1.6745129446691518e-30
3.500837787493339e-32
2.7211305324151064e-32
6.522035813857166e-35
9.552844493383389e-21
4.286495135228709e-33
