5.538736024123769e-12
2.0096554437317942e-11
2.3780686099287697e-11
8.499909253967694e-14
7.054057721707997e-11
4.89585873612914e-12
6.7934331668803195e-12
6.032996805184799e-14
1.1886088866252556e-9
5.847445312719967e-12
7.748277802015421e-12
4.7254474028900284e-11
8.173942830543802e-11
1.3010733675068995e-13
5.669290606198985e-10
6.690392013759693e-11
5.061317605411401e-12
3.5377590424731157e-13
1.1113700366921081e-11
2.78941908654579e-12
6.656673877599772e-10
4.890268471126225e-10
1.959679381881721e-14
1.617673091409107e-10
5.396773593619763e-12
4.604279309028378e-11
2.6587340694009827e-12
6.638533082650356e-12
1.5416846560017974e-9
1.814205469424687e-11
2.8405335780887367e-10
4.90630389654162e-13
5.525124296842422e-12
2.640877473265814e-14
8.011297229904865e-10
9.763229853145988e-12
1.4410942742596996e-10
1.0022834331588326e-12
1.5023445641988456e-11
1.1751654264040386e-12
2.365500395265798e-10
1.0342580332913934e-13
1.3424421897058634e-10
5.358213734801101e-10
2.685780533739349e-10
1.8752032486778626e-12
1.1355914801990133e-13
5.31561104314969e-12
6.941096606074459e-12
4.333120728096703e-13
5.477413857669266e-12
2.0548464572810351e-10
5.318665294542811e-13
2.948102678857589e-11
1.1232309248521744e-12
3.6548935235573736e-12
1.587250451612164e-11
1.012056035997109e-12
9.300390514711892e-13
6.374714305339055e-11
1.680760953060386e-9
1.882800080393839e-10
5.1157317210912013e-14
9.748492648935188e-11
1.4197906479044626e-12
2.7025053004344957e-11
6.904242382260433e-10
5.692035329159895e-10
3.7984998649190106e-10
7.910540003862647e-11
2.7611866930403e-10
8.959699518014892e-10
1.3336472023696158e-10
7.434534507515693e-12
1.2085193258378316e-13
1.4230802094903034e-11
4.32390115868942e-12
4.1422474149826156e-12
1.020154128498781e-11
3.504112992624317e-14
5.147700860733678e-12
1.0209464739074276e-11
1.0472357123855934e-12
4.204098578822527e-10
4.60434936370545e-13
3.3535476173049434e-14
1.011792552507344e-10
7.575344109343522e-13
2.8575685262489224e-11
1.412517036729667e-10
1.2653119138741317e-9
1.6347050962589873e-10
6.85796857355496e-10
2.2731998527804638e-10
1.1426840222189966e-13
1.8525399081711734e-10
4.508332534828764e-12
2.522770482564196e-10
8.054692862817855e-11
6.525692217794181e-11
7.0612216039081014e-12
8.998324815036692e-13
4.658373418403786e-12
3.242696949499525e-11
1.965431592340743e-13
3.9246047762812693e-10
1.878025450987091e-12
2.5871860191920434e-11
3.2678855354506684e-10
1.2573789055978194e-11
6.159213012005076e-12
2.2232911528550173e-10
4.7955664935035524e-12
3.936888220605328e-10
3.963722194012448e-11
2.7909888398325586e-12
4.321243078325496e-10
7.09439065481089e-12
1.579139481566853e-11
2.5564474309530566e-11
1.8484587117995872e-11
1.5438756836757976e-12
2.7853191162069223e-12
2.489899535282165e-10
1.4367773908904231e-11
6.139549422295148e-11
1.0101123922540591e-13
2.549543352625734e-13
4.307092247522482e-12
1.3510270103687085e-9
1.88097454498271e-10
2.7769388113455007e-9
6.373388651630378e-10
5.1813583916512264e-14
5.05961504462336e-12
9.449024257057354e-12
3.966719526248772e-13
1.0080852247694651e-10
1.759734772208858e-10
7.5317879506198e-12
1.3222689083566153e-10
2.518302008189575e-12
6.169865044552193e-10
2.4899581893940254e-14
5.5165937482152454e-14
3.5994758394950596e-13
2.5696772409654432e-11
1.7878678138050598e-10
2.705428158377575e-13
2.4112922579093034e-10
3.7749332446237116e-11
3.071590251091661e-11
2.1133154234845417e-11
8.945688416883509e-11
3.472622356376161e-11
2.524095482157612e-12
5.700434784635781e-13
1.1017810435010233e-10
1.3065921065361624e-13
1.3166459289031376e-11
9.527132798882814e-11
2.5499428036028234e-13
4.242286162720361e-14
3.098347516343154e-14
2.5031857086718593e-12
5.962499171413417e-11
2.836611607911644e-10
1.2270513030112683e-9
1.3472948808131604e-12
5.6964821091967104e-11
5.576931435314309e-10
1.481480526209089e-13
2.822309945987655e-12
1.7987264280304787e-13
4.725752946216013e-13
3.559225594155354e-10
1.6854033878053894e-11
3.4410729693771833e-12
9.401322496327022e-11
6.05466445267511e-14
4.1924935974096955e-10
6.088111822899089e-14
9.226437265134882e-12
1.2220173579154852e-10
3.5615295501122896e-10
5.154688047407695e-10
4.8037704615687476e-11
1.5597897259759632e-8
2.004055645980536e-11
3.298254140495868e-14
5.3166805173589086e-11
1.588348619045333e-10
2.1472285323908246e-11
1.3689511107124115e-10
2.360225120151338e-10
9.250515582553108e-14
6.077225928277542e-9
1.2284536394295535e-11
1.8064577814336645e-10
6.3240538445532246e-12
4.654752054593391e-14
1.2280417492374942e-13
3.190927165883121e-14
6.055661547713098e-14
8.503542384000674e-12
1.3023458989649677e-12
6.271868405494746e-11
1.3858180034686106e-13
7.137935779330113e-10
1.6401117966680898e-10
2.8799800214594804e-12
7.904598370791702e-10
1.1340309729305013e-11
9.366704997489261e-12
9.24931699840813e-13
2.416279636140784e-13
3.4538423266882657e-11
8.33966964236833e-10
5.037122718816773e-12
2.098259217535127e-10
2.1974720535304116e-12
5.411187150598445e-11
7.249564419511575e-11
2.4361506268717987e-15
2.6336553897276596e-11
6.178137872648264e-13
3.7469476341930456e-11
2.916797638829038e-9
3.571329791710593e-11
1.1887763700575919e-9
1.5018758608129225e-10
3.7327985290886317e-11
4.535411163182708e-11
6.77529406407509e-11
7.550909359003695e-14
7.936945439108435e-11
1.9371843477094453e-12
3.623062546741122e-14
4.806049753227308e-11
1.3499093877676409e-11
8.132583253770263e-10
4.218307389934933e-15
1.1699498238602566e-9
2.8503097151419825e-13
5.954780007933143e-10
4.3675738320538627e-11
3.779238729070649e-11
1.0306257912784538e-11
2.457535898352301e-10
2.2496255100201046e-10
1.5987844255659617e-10
4.6970359712911796e-11
3.2628758218555705e-11
6.112545387659091e-14
1.373820771639983e-11
1.5551293597893547e-14
1.2303912498338212e-12
1.4448101484630485e-11
7.501446123412e-14
1.0097311505940684e-11
6.2642639193171295e-15
1.1151317680142065e-10
2.823920598706894e-11
1.0108785707769521e-10
3.984420997705484e-9
2.5487865822109474e-11
7.339828510696672e-11
5.4073099425102934e-11
4.526748874425876e-10
5.1104865975322534e-11
9.749028296030165e-12
2.3401820076290745e-14
1.19526527393323e-10
7.181082147736961e-12
2.2614422201184856e-11
6.517995321181851e-10
6.546654870595905e-13
1.3965779040293598e-10
1.0373506340595676e-13
8.987623643169192e-12
6.124874006163567e-13
3.536484818543135e-11
8.888720597637046e-12
6.783303568272148e-11
1.007914627880891e-10
2.092112449486149e-12
1.6086784324416147e-11
3.737592661215535e-13
1.8604151846767975e-10
1.4430141376835901e-10
3.8815889557408555e-11
7.461915227251227e-10
1.2150571899904103e-10
1.4871025795624616e-11
1.160695368375097e-13
1.5226317975313915e-11
2.091347869005013e-11
1.1411410680516634e-12
1.3850485620445393e-9
1.2944198657143427e-9
3.447120935079044e-11
1.6064538241795756e-11
4.1661126927278783e-10
5.906582475866032e-10
9.898327414867256e-13
5.079004029339106e-11
6.884437823054627e-11
3.1605429615119937e-10
4.606186521207002e-11
6.66060968806722e-13
7.422445651138583e-12
2.942963017191631e-12
1.0038564187479288e-10
1.6333062489870778e-12
8.369870993678785e-10
2.9530027807713063e-10
1.726012713299038e-11
4.0170034972984077e-10
3.22212687577523e-12
4.564315933344432e-11
2.4447716015084846e-10
2.643831742621738e-12
4.827181133167055e-12
1.91886690680477e-12
1.803503068922202e-10
1.6908699471904134e-11
4.168556612528204e-13
5.2267217204720694e-12
2.1911369651029348e-11
7.00670298738739e-12
6.817476899957378e-12
4.71238398919519e-12
1.2856419410103724e-10
9.658875231006932e-13
1.2209749804674651e-11
3.2777681863867513e-12
1.1116310392771909e-10
5.290360268175507e-12
6.822543183992105e-12
1.876412215169586e-13
9.54239264175385e-16
1.9380403458352728e-9
4.212407746102769e-12
4.868277765598466e-11
8.851998255581395e-11
3.980498275033945e-14
2.0727510155663937e-10
5.424398665112486e-12
4.927341988911506e-10
2.829431182513077e-10
2.958492692277013e-10
1.488429535050165e-11
7.974214297678743e-14
5.13046071868657e-13
2.0985242792853247e-11
2.887304669064665e-10
6.511768034591722e-11
2.1217596677988162e-10
2.5986102934418635e-10
4.4884782996119427e-14
5.42051653717965e-12
5.5546863745301295e-12
9.322631118292233e-11
2.3768717446193997e-12
1.203996937763199e-11
1.1451747960055245e-10
3.082269877649096e-11
3.492914307682144e-13
7.956948785981275e-12
2.001720447282374e-10
1.0502928633930648e-8
5.897973300509472e-10
5.660452109798683e-12
2.8003151662616297e-13
2.9088214481101708e-11
3.4119322350265514e-13
5.399916602646988e-12
4.197970393900733e-11
3.90495706583777e-10
1.1607946805814673e-9
1.080410758139196e-9
1.828793145154567e-12
3.3385835225870185e-15
6.878102330278627e-11
4.4654954341331394e-11
1.635442737331833e-11
7.133611268302171e-15
1.7791889557563523e-10
2.1670411641953632e-10
5.500161239402109e-13
6.17376528455138e-12
1.5138048878583099e-10
3.226718250387226e-12
1.2348863017150547e-9
5.204608339139973e-11
3.177885327098529e-12
1.0435628191902858e-10
1.0894020242290716e-9
3.2569616694505355e-11
7.838056382111425e-13
9.27377087045011e-12
2.6233814999886216e-12
1.2401205627500937e-10
6.419016271902895e-11
3.67942394614873e-10
1.891309462242424e-11
3.443253125317295e-10
2.9479438154373096e-13
2.991353190203966e-11
1.65130024016774e-10
1.6014998976724054e-10
1.0231026945395425e-9
2.5148111223786575e-9
4.357529639423304e-10
4.5340786679729384e-10
1.431945388367321e-14
1.9888189953215484e-10
1.7245121024269947e-10
7.359808766405923e-12
8.272809087297896e-15
1.4934282849038242e-12
4.539813569816287e-11
5.643653969498959e-14
1.7270736811935086e-11
1.639310470531812e-10
3.8162987505570397e-13
3.3009486573158956e-10
4.0669792137007346e-10
1.2018995649549155e-10
2.0538236043024288e-10
7.2160634136976685e-12
1.1775535571646296e-10
5.989408072817029e-15
3.805898162011691e-13
5.52006206869628e-11
7.79949381555468e-12
5.244864989670284e-10
2.802688352621101e-12
1.2943294970512186e-9
6.954873824285509e-11
2.9528496653464335e-10
4.443389425203245e-11
2.7956983670285586e-10
4.8505193686408825e-11
7.134327468430923e-11
4.3852156102889525e-10
2.4487513606714224e-12
6.213574381559638e-10
4.2864727668871887e-10
1.148388044602384e-9
1.5321873935563944e-12
1.463199215254818e-11
8.586958360756564e-9
3.827597152600431e-15
3.8657921015325e-10
1.36550662800915e-10
1.3210399029288667e-10
2.3076559072771676e-14
2.5837322298329477e-12
8.147599219704122e-11
1.2109918962920936e-12
7.674512892900837e-11
2.9114806158863045e-12
2.4765724753342935e-11
1.382390085568486e-9
1.1651358723081319e-11
1.2788214236469813e-9
9.44594900280812e-11
4.897173774164691e-10
1.8582079911350116e-10
1.0471822510955858e-11
1.8535891700123028e-10
1.0700960141405453e-12
2.026731638961607e-10
1.0761034868916826e-13
2.2184586878084214e-10
4.9775015255398935e-11
1.4275148123589065e-12
3.403741664894303e-10
1.4490839136302902e-10
4.9072341737895474e-14
1.5457254378990075e-14
4.043824684806603e-11
1.448006444002308e-9
8.809194524753476e-11
1.2980112364293633e-12
3.5678175915556763e-11
6.7714993159817e-10
3.760771480191543e-12
6.00489229831443e-12
1.106734133966852e-11
9.608884573388367e-11
5.2767700700176294e-12
9.386444348029783e-13
1.2588904521025694e-9
2.1400948129598324e-10
1.2086458497024074e-11
1.4157164521308927e-12
1.4048680909177947e-10
6.19546892866009e-12
1.3510271272807955e-12
2.7581804885993303e-10
2.77645598297262e-12
1.3435073642005806e-11
1.199561932569898e-11
1.0863631207549594e-10
5.879299534035035e-12
2.6992748822975534e-12
2.388557428721381e-9
1.002373494439622e-12
2.213230798851751e-12
2.6624814535802637e-12
2.3847195454514256e-10
1.7706357430718888e-12
6.264369451529403e-11
2.061535794531137e-12
7.972287982468063e-10
7.295191637166146e-11
3.765978934369297e-10
2.500473203568524e-10
2.7657279841812556e-11
4.6850037287175816e-12
7.693777793456878e-12
2.0159764666077066e-11
8.937479062751053e-15
7.828898889588612e-11
1.692573896628104e-12
6.06108448556547e-12
3.9285723905257316e-10
9.697988967402676e-11
7.640021286222737e-11
6.474715826869078e-10
1.3332738087776406e-10
9.345351298029741e-11
7.967257354703864e-12
1.4761469911047302e-11
2.248050247187796e-13
1.6280040000793198e-10
6.785201998441488e-11
6.637555154423335e-13
2.0764339434131212e-10
8.361927349200595e-12
8.088888441625784e-12
3.893757093844557e-12
1.901736598567491e-12
7.560888959878684e-12
6.439253620091421e-10
3.183543527319364e-10
1.2534835008956187e-11
1.020294323366385e-9
2.6016819576928393e-12
1.583809905328406e-8
2.9059043643655815e-11
1.2260119326390569e-14
1.7546227600752332e-13
1.0735226468730194e-13
5.917354337484564e-11
9.420242951662848e-11
2.977678507604953e-13
6.821266319488194e-11
1.2578713174982259e-11
1.479197816067129e-10
6.638102600358477e-12
5.3800014180583234e-11
9.83397595703658e-12
3.073208146956913e-13
3.5459739722419517e-10
6.36590519814704e-11
1.816703497490269e-11
4.5683094634722555e-11
2.8400717914159976e-11
9.907666092507811e-12
1.0675332596757064e-10
8.940244709878734e-14
2.380905925529262e-11
1.978818662889579e-10
9.897772646841934e-11
1.1635415018679223e-15
7.044671234700592e-10
8.694989621725376e-12
8.571675338283781e-11
1.286720544589798e-11
3.3085089323658055e-11
1.9638628707413864e-11
1.0663286084586461e-10
3.5670424919910486e-12
1.190365516092877e-10
1.0246797102108544e-10
3.201448940359206e-13
6.490007948006702e-10
1.2018629162015378e-10
5.557035346722515e-10
1.4287077033338997e-11
1.1059577925125478e-10
3.3829273356880336e-11
1.9229277717567994e-10
2.023971460808775e-12
8.411666651606497e-12
3.636247076440286e-11
3.481215384719683e-11
1.0927670699542763e-12
7.784082166573826e-12
7.321079414504307e-11
5.148367474245493e-11
6.306101117709727e-12
7.746614031611223e-14
9.150039863352188e-11
1.504697418104501e-11
6.719424475198347e-12
1.4095796009922654e-13
5.000699775151338e-11
5.287109396843984e-13
1.6593871059177079e-12
8.710960128915796e-11
5.142294651016681e-9
4.428442303565957e-11
5.468730077287997e-10
4.345524198408098e-10
2.413605861823607e-10
1.95404451984689e-12
4.2932211512808885e-10
1.0055599589886056e-11
2.6083918536582994e-12
2.304837969407298e-13
6.406130516377293e-11
7.24849405048607e-13
4.926631775059248e-12
5.25895233572842e-11
2.847625610874574e-9
7.466642308163132e-12
3.5673295483289883e-13
7.910980510378009e-12
2.5080812347251004e-10
1.238623850214319e-9
7.57300288001978e-11
3.489409985213189e-15
2.4064027016139086e-11
1.5932729431536054e-12
8.162298071152975e-12
2.5884012789533824e-11
9.545354328259971e-15
2.061664931627083e-11
7.54966635700202e-11
2.6922562034439637e-11
5.876508959220368e-10
2.0422818417067404e-12
9.18780888050674e-11
7.677590760585304e-12
3.6417066542436567e-13
1.373361942174366e-12
1.2843535325238966e-10
4.884833660716263e-11
2.1493756383165087e-9
5.946397510287753e-10
3.018847164760304e-9
1.634593959423482e-10
5.127169506300665e-10
1.2992017360080952e-11
4.2294668834790906e-14
9.091572993135626e-11
2.030318408774731e-10
8.758238674253915e-14
1.864272651505075e-11
2.9908811174044263e-13
1.9262480943960844e-11
2.0544493363584757e-10
1.773709757605244e-7
9.444639599538349e-11
1.958782596062443e-10
1.28686759440473e-10
8.884175168055145e-10
2.7532251250944592e-11
7.141390452378812e-12
2.6182007814164537e-12
1.3406428217383687e-11
6.834383174287402e-10
1.8148779765294916e-10
1.0533659425088928e-10
2.294923243718719e-10
3.995540872666533e-12
7.1919970567374596e-12
5.839169138924301e-11
1.1029952278764984e-10
8.137268210435847e-11
1.365262813613773e-10
1.4263813304761968e-9
2.3604671341180534e-12
3.029466165577236e-12
5.604365558247902e-10
9.295088296269397e-14
1.499670135626438e-10
2.6167319766433994e-13
3.3196689601705357e-11
3.817359412345808e-11
3.6271260595759774e-11
3.4379018840074106e-11
6.213455883436906e-13
1.039523296226982e-13
2.3681062662749807e-11
2.327289604862151e-10
5.264455858964286e-13
8.737682854649918e-13
1.8962939576538748e-12
5.3445694116365084e-12
5.318997907873457e-10
2.3511571590079614e-11
1.6211889100612193e-10
8.110530615974437e-10
2.569553626596463e-10
1.250097752701112e-10
1.249444125558184e-9
2.827212962721735e-10
9.436324765644711e-11
7.300419650468485e-11
2.5033305194125904e-10
7.77985341463977e-13
1.9714462189019804e-11
7.673735190045477e-13
4.515280954114882e-11
3.243146889382166e-11
5.546820654116405e-12
7.32218361660681e-11
4.734203401655683e-10
1.1721433959208988e-12
2.2365482910538045e-13
2.145946803543585e-10
6.748544472761855e-11
6.011623933335835e-12
5.927584992433757e-11
2.0754887684709702e-11
7.0932837157769705e-12
3.1159612744447344e-9
3.2371511238761387e-11
1.2155057845558775e-11
6.783582883002564e-11
1.0777415112075256e-9
1.0566275154910894e-11
1.81525047349802e-11
7.819256506742198e-13
6.622678649573494e-11
1.1151870047174391e-10
5.472046540354177e-10
2.797236349632525e-10
1.7079443146177018e-10
2.6914802230876327e-13
5.683833621332733e-12
2.7811276668341434e-10
9.571343049965186e-10
4.831437827075753e-13
1.6681928241788813e-13
4.663329018844204e-11
1.4826217340997326e-11
1.9238542950225358e-10
5.774057481140326e-12
5.734701666748469e-12
3.501330133339587e-12
1.0360587507370819e-10
2.1367708661838674e-11
4.598933390443291e-10
4.366451937757333e-13
2.7163033055327357e-13
1.6713063235132607e-11
1.570711948346192e-11
5.953644645378083e-11
9.747749566986424e-11
1.3620811324483065e-10
5.626202473489778e-11
5.555630327524686e-11
1.9232213928596477e-11
5.525935005399759e-10
9.063633118360882e-10
8.934059901241182e-13
4.220655593629487e-10
1.3974408428052885e-10
5.6087453682424335e-11
2.0132279702032847e-10
1.1489355713302772e-11
2.015934754335006e-12
2.1752389369797405e-13
2.1615744298585719e-10
1.553613755224753e-9
3.395180930999444e-14
2.726237693208123e-10
1.934649217234547e-10
7.574570621751686e-11
6.74497834223002e-12
2.1897468756656686e-13
5.783566988844797e-11
3.1700952516874363e-10
5.5458835604987515e-9
3.768464042870894e-11
2.6056290054665537e-14
2.450929911457221e-10
1.1962104693145922e-12
9.175297288498925e-10
3.2537614824677294e-10
1.979318495325788e-13
1.4360645072447765e-10
1.475454887609426e-10
3.292334798339097e-14
1.0848424351384621e-11
7.901803332395923e-13
2.662570376967047e-12
2.436785665880035e-10
3.345939525444213e-10
4.484631884155292e-15
1.9946796943474524e-12
7.61683747312767e-11
3.257218406318323e-12
4.181786643112961e-12
6.137077410599239e-10
2.707437430032991e-10
1.4103800856577235e-12
5.2436667028078546e-11
6.059554941372577e-12
6.11510569654595e-10
1.9649034764614496e-11
2.5226958677112596e-11
1.6969653068925325e-10
9.717097221311045e-11
4.3470772518926274e-10
3.972884828049477e-11
7.544543131116556e-15
5.563347941865332e-11
1.982215145957474e-11
3.5715029361804754e-13
1.9850442713954332e-10
4.523200332752959e-12
6.606580119213699e-10
7.572115398634447e-10
4.240751039882225e-10
1.6207424834322515e-12
3.255903498509703e-11
2.8720778199420985e-10
1.4564994066238032e-11
2.522155021916111e-13
9.264246174964383e-13
1.8345095192742907e-10
5.952662885947715e-11
8.172684792564797e-15
5.446298203883914e-11
8.703797502955251e-10
4.199625927683774e-9
2.2363468231116276e-10
3.8269989345350795e-11
9.090100070123343e-11
5.368334999780244e-10
4.588600267728658e-10
1.8984299669839752e-10
4.368964860805072e-13
8.647800940574361e-11
1.7994803700725516e-11
2.1850903872901717e-12
8.879060292989714e-10
1.1730902113337742e-10
9.763276697908682e-12
7.202066668873994e-11
3.678907634216783e-12
7.297761206777976e-12
4.161648625065655e-12
4.001233845512755e-10
4.0325788109401754e-15
9.91162576328973e-13
1.1563821544371882e-10
1.336581446213304e-12
4.4181020842193186e-13
1.7046785586404315e-12
1.832390124937584e-12
7.790362861725884e-11
2.2381776763270744e-10
2.0916984286059588e-10
1.1366373559845838e-11
1.2492358774594683e-10
1.1154600520473167e-11
1.950568675581529e-10
1.6156399489899024e-11
9.076281973726595e-12
7.76814991528367e-13
9.680028075027708e-10
6.712635325303535e-14
1.7271338474490143e-10
2.824127922146591e-13
3.811947431497156e-12
8.694430701996445e-11
5.173427967017023e-12
2.911754154208234e-10
1.2439070157498038e-9
3.22207470645079e-14
3.878181429462811e-11
6.63429108066703e-10
1.653135366253246e-10
1.621369995034882e-11
1.286818367130624e-12
8.674487890974788e-12
2.881765717741799e-12
5.292056157602517e-12
8.197752084668026e-11
4.236681924800913e-12
8.018982214737839e-12
2.0660130969724606e-10
2.3792337301405207e-12
1.1120464702570565e-11
1.9753427343424792e-10
8.178157715474162e-14
5.896707631769581e-12
4.494178723665959e-11
2.0381328007948484e-11
2.3413347506763976e-13
1.755015892374138e-10
5.105980737170221e-11
8.657683519549817e-11
1.3484204497837973e-10
1.445297781132871e-14
2.485845284070365e-12
6.207340751582954e-10
7.343530468945417e-10
1.8613969830269425e-12
2.7917971439720685e-10
2.773204954973302e-10
3.5542611373338013e-11
3.6669849897976e-12
8.07301257640232e-12
5.379422166829736e-12
8.043508209036721e-10
3.176692999747621e-10
8.793750805533979e-10
8.729225069666113e-12
2.927679697203748e-11
1.697463063125726e-11
6.565632949586021e-10
5.236556698475829e-12
2.5018073690836593e-10
2.7916460659509817e-10
5.6257836996379023e-11
6.398772317605124e-10
2.1667792733629606e-10
2.1041826308899943e-11
1.6467195149034315e-11
1.121680985298422e-11
4.261547006160852e-12
1.3844015405358592e-12
1.111482948731484e-11
1.468944487105545e-11
1.273448877884381e-12
2.9707315075924096e-12
4.2684269703600096e-10
4.368795674711646e-12
2.007594358302229e-11
5.133388378891388e-10
1.1406863278104537e-11
8.499796936542271e-13
3.867754883418492e-11
6.269641068011847e-11
4.597424162520631e-13
9.734095642316872e-10
4.45780853320533e-10
7.980801232229418e-11
1.3181907819070434e-14
4.5450394251240954e-11
1.4815961623873993e-10
8.168674742508203e-14
1.2166867490342074e-10
1.644739152366467e-10
9.132169572936336e-11
6.066276421596267e-13
1.9689263314166824e-10
4.827419730347396e-12
2.675226959542227e-10
3.14245616414368e-11
3.5543404627064404e-13
6.319951108180181e-13
1.3717262295080363e-9
1.4382201933531003e-10
4.644269270561519e-14
2.243949362218805e-9
2.4641007069922218e-11
1.901039179206436e-9
5.246927430772057e-11
2.659904804272788e-10
2.079701906439925e-11
3.8902858808176e-12
2.173726879856125e-11
1.5524530322909348e-12
1.3382528284180984e-10
8.034406172037998e-11
6.26744026766433e-14
4.894733128600718e-9
1.5749849458467798e-10
2.47288093519391e-12
1.6927958871101632e-11
5.300564966195935e-15
6.597468044400129e-12
8.333230225788512e-10
4.889042211814831e-11
3.2657364530960356e-10
2.2974068300234877e-10
2.468040499261406e-10
2.456385201267478e-10
5.900545644106857e-12
9.182882813007503e-11
4.9042030160494844e-11
9.993971280563209e-11
1.9395695699248872e-10
2.610131158036073e-12
3.0656093229068835e-10
7.291994010018677e-13
3.704657813383301e-10
1.879513820074449e-10
4.018445189174385e-13
8.121046317594227e-10
3.279445059141969e-10
7.301138950121015e-12
9.634675392612799e-13
1.046635084060239e-10
1.0950809819440406e-10
1.1806933415485196e-10
1.240836349706116e-11
1.5466615186311011e-9
2.4665567499649034e-15
6.357720993077384e-11
2.2303072193342578e-10
4.3512858085667907e-10
1.4897760759422472e-11
3.187224843525549e-11
3.177466491226543e-13
4.1757843070087215e-11
2.878398793832362e-12
4.894688099209192e-10
1.984843695553695e-10
2.634956423922876e-12
2.3567884854288933e-12
1.2776068166731463e-10
2.0461970428977668e-11
5.263828760014286e-11
3.911065978229959e-10
2.7979420719860485e-9
8.193882369893675e-14
6.735763864747385e-11
1.9143529473516333e-14
5.6754501159904656e-12
5.99118990003025e-11
6.317427090118746e-10
9.62607979751529e-12
3.663129455534771e-11
2.1670074517604825e-12
5.815663446078806e-13
9.4236642291633e-13
1.3019857458882828e-10
2.0070439515088966e-10
4.297906836888455e-8
3.308563641823958e-11
1.0252136681443161e-8
4.5418425079041966e-13
8.591261781433829e-12
6.818812925606051e-16
1.3454332737952398e-9
6.47231944220374e-11
2.6633344120458035e-11
1.7080505051371548e-10
8.484060332223239e-11
8.743064241351164e-11
2.572459629591759e-11
2.7141313031458085e-13
2.287137802113692e-12
1.5861951450860842e-10
8.470160532471379e-11
1.1890446207419398e-9
5.2871606589723876e-15
9.389279137490778e-10
1.4574288231308544e-14
4.4589645523154223e-11
2.342261470032581e-10
2.1563798677189044e-10
2.111043890695294e-14
7.225869214433061e-11
7.110468807901212e-11
6.610296060458512e-11
2.9112034214221075e-9
9.584410251675413e-11
8.117281524688239e-10
3.174803602561115e-11
3.741722284788089e-10
1.5647365243064749e-13
2.452613555100682e-11
5.099957526972602e-10
9.770489585900181e-11
6.975188772418113e-11
4.843177191855436e-10
3.7206143379932386e-10
7.552431721937346e-14
6.429810749694526e-12
1.7710110310383148e-12
5.0440588220029474e-14
3.66054573243264e-13
3.107153956547135e-13
3.88883034199728e-13
1.0644236347896956e-9
3.8681564200632986e-10
8.499009323725939e-11
1.1645103516751684e-13
5.954992886259907e-11
1.5709663218845186e-12
6.498618284124406e-12
9.594618348097416e-13
1.8145818694439055e-11
3.8371286182639564e-14
2.080290929530496e-10
5.032389762303279e-10
1.9431896122185566e-11
9.762128795724402e-11
4.1380298094561734e-14
2.251090637821716e-11
1.0380104466393744e-10
1.4668361421510073e-10
1.3051842316915558e-11
6.813119115803391e-14
2.710511583531922e-13
8.066063927321883e-14
7.652411428338879e-14
8.160610106956457e-12
2.995751836638901e-12
7.976375534117621e-12
5.670905758226542e-12
3.5982916124294063e-10
4.766033440179685e-10
4.997404191954856e-10
6.297079868939201e-12
1.361990651813778e-9
4.297643585183173e-13
2.7302238445697277e-13
2.0587414090562e-13
1.5829236280293213e-10
1.6997561842652121e-10
1.6676275512313157e-12
2.2430406160034153e-12
2.889401315011319e-12
1.5749166585609876e-10
3.5754037015383226e-10
1.2604642499953729e-12
5.768012625257218e-15
1.6330277486600165e-10
1.6873491964894822e-11
2.1358536404449297e-11
1.0441681703343303e-10
8.960082164142135e-15
2.6924286706266594e-10
3.396713568343466e-12
2.117689040854715e-10
3.0083814783201687e-12
3.2560578836718735e-11
1.993107837854213e-10
2.4377396933594794e-15
1.0618379209586551e-10
1.0677616662833319e-11
4.969779197591942e-13
1.1202931779463617e-10
1.4961837931916978e-11
2.602855918995743e-12
7.997198822175415e-12
8.491334954584565e-10
3.186687508648145e-11
1.1890889514083097e-9
4.328102440881782e-12
2.116491469600341e-9
6.197334416417297e-10
1.3458431510230902e-12
2.0737240473064018e-10
1.0084737108455745e-12
1.6286684726969857e-10
6.610064827859732e-10
5.8349298996721675e-12
2.1616896399494726e-11
1.9313681368500983e-11
1.0514057353311902e-10
2.7409315184122007e-11
1.2640291598864622e-10
1.134796414619753e-9
1.27359798398967e-12
2.2508767646187383e-12
2.5401067853774004e-13
1.0222013702908303e-13
2.9139559931529886e-12
6.166327965738011e-13
1.2022136803165435e-13
3.6633693077912004e-12
4.2588484542279314e-11
1.8426466567252233e-11
3.8657492374229803e-13
1.900798851659589e-10
1.5121643308240221e-12
8.080115742812674e-11
9.292723031478002e-14
5.711128171548051e-13
4.184831890559003e-10
3.5816615688384006e-11
1.2848058658231373e-9
5.31830017516311e-11
2.113926700073441e-11
1.8600229666161688e-10
8.1718217254618e-11
8.438040005297394e-12
6.612239637812517e-12
2.652637431460702e-12
6.78503922154299e-12
2.456035042134049e-12
2.462329256521894e-11
4.426974712227918e-10
1.1023922651320218e-10
3.923000939790292e-11
1.7715515496377956e-10
4.1524252663357316e-13
2.6177898501689926e-11
9.137858744800654e-10
1.7719844042701493e-10
5.2712149597630436e-9
3.900068863604994e-11
1.5384196889920658e-11
2.8279702257805557e-10
2.9911829978921243e-10
3.0558827723578556e-12
2.7893175935137384e-10
4.761804308343903e-11
8.814594078718052e-11
6.65029133922838e-13
5.478160714613502e-13
5.620058313302712e-10
6.606116461369738e-11
1.1809256612980281e-11
1.058838311036562e-11
1.9393030322412502e-11
1.4034473671590879e-11
2.158597971261159e-10
3.3747376633460145e-11
6.354818659256362e-10
4.097980689322799e-10
2.9491555621866995e-10
1.6833845085114168e-9
1.8047802160456155e-11
1.1073941137287804e-9
2.291022753365887e-12
1.4339787960046636e-13
1.2465108300566584e-10
1.2253834026531536e-10
1.3687504634658565e-11
3.907375734698424e-12
9.33417381687648e-12
8.089452198966601e-11
1.012488494515739e-11
1.6766813188922145e-11
5.546988652799829e-12
5.534853533529871e-10
2.803830912219752e-10
1.4996274184165512e-11
3.175090167345445e-11
7.962990140133122e-10
1.8918517726113973e-12
3.3162327743751613e-10
2.2048612150226348e-10
2.6003134336048544e-12
6.036985367094834e-11
5.20813079197792e-10
1.1518029392712528e-15
2.145794525176182e-11
1.2291976891713423e-11
2.984729193403618e-11
5.15114176552598e-13
6.933686954802756e-13
2.905328391201977e-10
6.306902039667906e-12
1.3731064223687426e-11
2.687591352182246e-11
3.260630644147696e-13
1.6712402590034404e-10
1.1831524585153396e-11
3.926265035553024e-11
5.2568352513284716e-12
8.50939092083269e-10
1.2225732322165915e-11
1.9347842488491878e-10
3.411406206227415e-11
2.6937637024174084e-12
5.799741087110057e-13
3.752111767685197e-10
6.019071023923732e-9
2.877235353698526e-11
1.0440978231723541e-14
4.374383865929375e-14
9.588883456939025e-12
8.75379558872353e-11
1.9449280503550747e-11
8.372774092925982e-10
9.272354112998458e-12
8.414493658437279e-14
5.204493543896337e-10
1.468977589328907e-10
1.1833930068104038e-11
1.5471136200509342e-8
2.880106956385767e-10
4.147613293823161e-14
5.601183208314485e-10
2.2149462695969678e-10
1.4263896542985702e-14
1.2522040348175335e-13
1.0562980517337407e-11
2.783079561314185e-10
2.686062719752933e-14
5.545046180013857e-12
2.275851151300671e-10
2.270421401779878e-10
9.246091628558548e-13
1.5436069191448875e-11
2.0055395060267552e-12
2.0798918505304468e-11
2.5326877771140363e-12
5.377194963268588e-12
1.1695937521953028e-10
1.3632112878453589e-11
1.1850955600886618e-10
7.168440979729177e-14
3.172241111330284e-11
1.444283746893988e-13
4.858342318773367e-11
5.748382700143502e-12
8.568791723290005e-13
4.740793266293619e-10
5.4873958029183065e-11
3.722055622720245e-10
3.1889549433573043e-10
6.501901901753138e-11
1.0717696257394581e-9
5.0259577088332276e-14
5.831944656037987e-11
1.109380874896679e-12
1.2919073570772466e-10
1.787711516917396e-11
1.495963506158583e-11
1.2163377606899168e-10
6.501561072795403e-11
6.674152871607618e-11
1.6097883989763376e-10
1.5345015761967325e-12
1.7577387105512562e-12
8.688397396606383e-13
1.2600625905120393e-11
4.3012593271833004e-11
5.849326032685497e-11
4.1336502165148583e-13
3.749359796601937e-12
1.9670129907610988e-11
8.772897628251423e-12
3.061380698552488e-10
3.5710439208750563e-13
1.4650370615382899e-10
6.165209541050897e-9
1.8793849425195073e-10
2.617192343717603e-12
1.978712855905831e-13
3.469884707141618e-12
5.811984578293824e-11
4.376122230852484e-11
2.494597755983537e-13
6.426793301991062e-11
5.041441648030028e-10
1.9240318497641943e-10
2.6529542372124674e-12
9.927548371994846e-13
1.2547598543922249e-8
1.6220013580585765e-10
3.5721530652589596e-14
6.818976047052626e-10
7.729286636414223e-13
1.7261994972487056e-10
3.88533971508185e-11
3.2465586969077857e-14
1.896389058790915e-11
1.1291962865474206e-10
2.2118842172803676e-10
8.554032224463043e-11
2.29739919246303e-11
5.632940128341934e-10
1.833860541804904e-11
2.6840026024766085e-11
2.039936089998261e-9
1.378268429033474e-12
4.505924889779414e-10
1.3502804901850375e-10
8.807143678982236e-12
1.362843163497569e-11
1.0561188054217866e-10
2.3177857037850217e-10
5.902894331532791e-16
2.5344108411133773e-11
7.537774175863661e-14
3.2773734297789916e-15
1.0807426944996671e-10
9.916595075457951e-13
4.597291995827388e-14
6.822510357639435e-12
4.500524004822971e-11
4.346175287574571e-12
9.444250687276383e-11
1.515479254272128e-9
6.6099415441279665e-12
7.896411016326688e-10
9.365338428780924e-10
9.876926412533924e-12
6.972552162662472e-11
1.7428522068893757e-9
3.329719329430193e-11
3.922694254589324e-12
9.14611514615068e-14
1.1107163246650197e-10
1.402170564053493e-12
2.699562210707563e-10
4.886224314554181e-10
1.547837792661519e-11
1.8713823028813873e-11
1.3433345194042197e-10
5.741588531448475e-11
6.681873275017644e-12
8.056669117085099e-13
8.490693190054163e-11
3.6104628056130408e-12
5.466240419644888e-10
3.9689897593658986e-13
3.458265969684549e-10
6.9910445875885296e-15
1.2281921445533567e-11
4.886989343722561e-10
1.2090603871794808e-10
1.5718991984564775e-12
1.896646421152471e-10
2.0474208567366156e-15
6.883200501679123e-11
1.1400607024648341e-11
4.0765593882348104e-12
3.932280828776535e-10
3.302507692579532e-12
5.1423575316342705e-11
3.964412199736513e-10
4.036506739656835e-9
3.2678001827216147e-12
1.5629064257518138e-11
1.203340447396712e-11
1.7973181910504184e-10
5.862827770441164e-14
8.363947577849003e-12
3.1685914857056156e-10
1.239464734032905e-10
3.144943508989196e-10
5.015842340040251e-15
5.257460654424797e-12
4.3785970260376435e-11
1.167073547429164e-9
3.2693043429071827e-10
7.459932320109369e-12
3.4589687314996295e-10
7.143900706872429e-12
7.49558881035504e-12
4.0350857686390387e-11
3.040394496895792e-12
4.3050894233309214e-12
3.64601538130861e-12
7.006850592054203e-11
2.535363867464899e-10
3.054432498308308e-12
2.373852113232794e-12
1.228002371775925e-12
2.617723320096785e-11
1.9525024085474812e-12
3.699314279782432e-12
2.96343878539852e-11
1.5091689791359203e-10
1.3972312313910177e-12
1.1718839964554607e-10
5.737455057584389e-12
3.366695595703854e-10
5.719523229564712e-15
1.3231480759264021e-10
1.136884899272481e-10
3.0766521373190198e-12
3.191499633941596e-11
3.0843631970814615e-11
9.208949132759715e-14
5.890023757956603e-11
8.26731297993516e-11
3.8051712211584044e-11
1.3772532185204386e-11
7.05645199840572e-9
1.1032090624745639e-9
1.9527089803295674e-12
7.597056466310462e-12
2.0144536701044582e-10
6.757042531428949e-12
1.3700429796049551e-10
1.925767893818299e-12
1.2926531275767039e-12
1.5175864687671817e-10
2.2986721124709485e-11
1.2648164812847062e-13
2.2655142623411127e-11
4.58422195512929e-12
3.2941658158592534e-9
3.8199819286098663e-13
6.982727177413703e-14
1.922204962620533e-10
3.497398723401594e-10
4.544188797128509e-9
9.237107943753505e-10
2.0406394228885442e-10
1.4289776042803697e-11
1.917298199996809e-9
3.7625674082218626e-12
3.0977179459752983e-10
1.1101814196727803e-13
4.3423748992870986e-11
7.217494511285776e-11
9.091093011309496e-14
6.173724146212052e-10
1.6406649367717453e-10
2.2781685290418685e-10
3.3431368567034803e-10
1.716316259666389e-11
1.828831426900637e-12
2.521622021043686e-12
5.269795265716338e-10
1.1387984388247066e-12
3.3063258288955205e-13
4.941461202964657e-10
3.323291807664916e-14
6.006946117112841e-14
3.5203909162158294e-10
4.714613464038447e-13
7.862367938903312e-10
3.7297764185498303e-13
2.476173867073767e-10
3.383069867435056e-10
2.7940280449830294e-14
2.8758377516322385e-10
8.63945044219939e-10
2.961117053367659e-10
1.34665642471937e-12
2.043152249464827e-10
5.631069182320685e-15
1.8123852344599517e-12
5.5905834830590995e-14
1.1090417457415974e-13
1.26752350323332e-13
2.9172262791037487e-8
7.814898654743055e-14
2.395069804149136e-9
6.940965491888198e-10
1.7807415319513012e-10
5.956836571283877e-10
1.922487695329191e-11
1.2321612719994157e-11
1.4938182660783047e-11
2.7631580375732508e-11
2.8835819455906185e-11
1.3362158159692026e-9
9.01890309341637e-13
1.309146919189712e-13
1.7691910164328014e-12
5.705694385368041e-13
6.463608527178834e-13
1.3889380776649922e-12
9.070229603933364e-11
1.7649234751710497e-11
5.431865233883976e-10
1.4578546303067329e-9
3.8661061822762645e-11
6.311542347808227e-12
5.452700963841712e-11
1.0586723105805736e-9
1.4195517594777474e-9
8.446846991661704e-10
1.142247113370354e-13
5.070316702481693e-10
1.6669954488034788e-10
4.963456188582427e-12
9.097542034210287e-14
4.6056041983675904e-11
2.2744233671168757e-12
1.419897430040342e-10
2.694796801686964e-10
1.0149245578083732e-10
2.236265008068101e-10
7.83961787127428e-11
2.5009646012386476e-13
6.98494514246883e-11
4.755981615075831e-9
4.8159734575061494e-11
3.4576214808591655e-15
9.467442901016973e-11
2.3907458346272494e-10
2.2500745853299248e-13
5.587896037999623e-12
3.678120066304998e-12
2.4866529681814373e-14
7.816854380488966e-11
2.355589633625538e-11
1.225117142655898e-12
9.074255232087506e-13
2.2139433433190128e-11
3.8057958646081573e-13
3.665288038140411e-11
1.9598619023931775e-10
7.4185138493086e-10
6.694200748027105e-11
1.4949989982636243e-10
2.137416292259842e-9
5.7766130557714805e-11
8.241602719182486e-13
6.163635472141723e-10
3.728667461459962e-10
3.99817198092005e-10
3.059908892453647e-13
7.268633345292085e-13
3.1646332267835474e-13
2.562295573741409e-11
3.1654202367056267e-13
2.2813148972262555e-11
2.8470690191759757e-11
6.846941480257366e-13
9.646277621689192e-14
5.153533193152343e-13
1.6970534827910673e-12
2.333525895002908e-10
1.7761627105965088e-11
2.600116529813788e-11
1.668345039903826e-11
3.832139954584961e-14
2.8520543741254807e-10
6.468284592817657e-10
8.912429051130326e-12
1.3587831165564014e-10
2.360634773119671e-12
4.978042102307701e-10
1.20638233229824e-10
1.9035267690515455e-10
2.821864735224429e-13
5.873201404512924e-11
8.189826549209893e-13
3.260169474921734e-12
1.3885515432331324e-10
7.189331126233069e-9
1.876045365562879e-10
1.3320224318690196e-13
1.2582865083057133e-10
4.288460521005029e-10
1.5303544211808713e-11
5.4431424551188086e-11
4.6809085159976016e-9
2.680150550585977e-11
7.572731747333985e-12
7.072326476296205e-10
1.0347974764242554e-13
1.417908121654013e-10
8.281292010194521e-10
5.30946917612226e-13
8.152734912789582e-12
3.1826560370522824e-11
1.8514789004497783e-11
1.1313292025936087e-10
2.4768159315631697e-10
2.276235255385125e-11
4.721682025857323e-11
6.077334172077385e-11
7.646685640888344e-12
5.771256627259605e-12
2.2631573929375287e-13
9.190759564242038e-10
7.960766445282336e-10
5.152230528699518e-14
1.7547273234205574e-13
2.6810988191894267e-11
5.437639692426152e-10
2.1044631648642693e-11
6.860438783876947e-12
9.65165362605011e-11
1.79187524214881e-11
2.2263929143572486e-10
5.486822068372424e-10
2.078305036294666e-10
9.938331915491297e-13
5.840702912384369e-10
2.1350134543264274e-10
3.0981942373767757e-12
6.639082078069465e-11
1.1358624995757858e-12
1.1003793996928169e-13
3.435534192693439e-12
1.5358331852291816e-12
4.629993488868417e-10
3.448065646433524e-12
5.2408421764515616e-12
9.104788968775261e-12
5.37525068469536e-11
2.0182088588295282e-10
4.4566561947315206e-11
4.046038033409615e-10
2.68901312359828e-10
9.686642812501337e-12
1.1272130006595473e-9
2.0984770856409285e-10
1.907775187598041e-11
1.7915066753190447e-9
6.281111734811775e-10
3.04054063800467e-11
7.95914466488784e-13
1.1340646793889174e-13
4.423980212503322e-14
3.129708751377718e-11
3.6626995701283844e-11
4.294518025488947e-13
8.277181808472442e-12
8.557248259576424e-9
1.2679144178455666e-9
1.3787686074015264e-11
5.440794898184039e-10
1.8511844464589984e-9
7.768396531470306e-12
1.0869069165450493e-10
2.4274707412977514e-12
2.337290038238648e-10
5.7586990788403793e-11
3.284268644663319e-10
7.580417700221243e-12
3.590010815378388e-11
4.942433511172412e-10
3.961531207185059e-10
4.3646574943747074e-10
3.471377097466898e-12
2.7735406343034146e-11
3.29483369611206e-12
3.71205383021106e-13
5.492229344738131e-12
1.6182782124586773e-10
1.564189239530641e-10
7.536673469133539e-10
8.810853249185145e-11
6.540246488064925e-11
2.4062447866965146e-11
2.7449359303183483e-12
1.2962773922197763e-11
1.0714729732498701e-11
4.190153261261594e-9
6.201858187493264e-12
1.0923207475258834e-9
1.9841605545966493e-12
4.6199649188764106e-11
1.730663922819962e-11
1.659921532513525e-13
1.7919704511325628e-10
5.38117806352331e-11
6.104037371903874e-12
4.3049680083853294e-13
2.1870136985074974e-10
9.834515599405197e-13
6.838056222362146e-11
4.045137102879359e-11
6.113300279201638e-10
1.340802816247818e-11
9.330362263341304e-11
3.177374578577054e-12
1.3200476276651442e-10
2.2268440652831165e-11
3.982585051434155e-12
3.512595052159275e-10
5.85223153469076e-10
1.1522574465262428e-11
1.4260454395873053e-9
3.3980968973477865e-10
2.71866241455212e-11
6.176397949567474e-13
2.5712971300641636e-13
1.8224715905036412e-10
3.2162399125421613e-10
3.497903154364063e-10
2.792624559535419e-11
2.3704768869252068e-11
4.670883030655156e-13
7.29797028742479e-12
9.67936223332212e-11
6.810703808440453e-13
3.625950380554162e-10
2.062085907274178e-9
2.198273724881067e-9
2.0171273037878072e-10
1.0563276387984345e-12
5.6361889174418284e-12
3.503117155831757e-9
1.6571843637818886e-10
9.71070430698459e-10
1.9276072283938522e-11
4.69995229922177e-10
2.4029200837138142e-11
6.915354050276601e-15
1.641789890594719e-12
3.9241084878553353e-11
5.902881564282812e-12
5.060393608080479e-11
5.952516963567258e-12
3.945285468072359e-11
7.050429604223597e-13
6.352892271651594e-12
2.9926606005160236e-11
4.37563186392606e-10
1.8113864434833815e-13
8.801888431134935e-10
7.254972702956774e-11
1.2854402293284978e-11
5.807815227055759e-10
3.6852080724006016e-10
3.337565754300512e-11
2.1270717424339974e-12
4.2598205158045365e-11
3.6144366115110435e-10
1.3822016346495412e-10
1.7770820305431098e-10
1.5360731650254314e-10
1.792584390232479e-10
9.97962288928783e-12
5.008907173868112e-11
2.237971632127706e-10
2.876358363990956e-10
6.656607687858034e-12
2.438179963871102e-11
5.060561885049155e-12
2.7382435263265005e-13
6.654935884648018e-13
1.109048924276202e-13
3.931335662830648e-10
1.2993344446877386e-10
6.571226522510668e-13
8.40744784044376e-12
9.930661670602395e-14
8.049718401627945e-11
3.1471761538869653e-13
3.4189257394012975e-11
9.05233020068302e-13
3.798569123932311e-12
6.654578310541871e-14
3.0242248708576047e-11
3.046086482100359e-10
1.2375652015477004e-10
1.2448250520267138e-10
1.0551841613559694e-10
6.0226205197085785e-12
1.3126886998777761e-9
7.767213168192784e-11
1.241395023605235e-9
1.989095689574483e-11
2.310896456105161e-11
1.5131961857278284e-12
2.7758719364675084e-11
8.145968389011739e-12
5.084822378163401e-10
7.667228453326949e-11
1.971636240717934e-11
9.266702470442355e-13
1.3083021957576206e-13
1.0805815353699194e-9
3.382329524641573e-11
2.7128281853906907e-15
4.7122855080456e-11
2.1403354193078416e-10
4.081319945107399e-12
2.29750803526562e-12
3.9252324067771063e-13
9.194093016609068e-11
1.8982006217255288e-11
4.377931258607911e-12
6.096600695029839e-14
1.252222777509912e-13
3.3560580196326424e-9
1.643751451434688e-13
2.1000307400468704e-10
1.6015690053909108e-9
1.363010593403488e-10
8.947329865734829e-12
6.791584710979772e-11
1.43726630392882e-13
3.0084551959101693e-10
1.3180183482895942e-10
5.19967626522671e-11
6.120088330764587e-10
5.966690910906973e-11
1.091206074681103e-9
1.1178395103601998e-9
8.272751053133314e-12
9.596780007641247e-13
2.1852612410758005e-13
3.916314375826132e-11
7.141849333462281e-11
1.3433048258373133e-12
9.515866298396898e-11
4.557467941054025e-13
4.923555711392518e-11
3.3801153470769237e-13
9.409611147853952e-14
2.389038286677381e-10
3.088427477052552e-11
9.840697397930486e-11
9.143974674492973e-14
1.0005544463406618e-10
1.2312572829247287e-10
4.037412199042564e-11
1.6252898575115794e-12
1.0191603470275022e-9
1.5196854470317386e-10
4.083514689926144e-15
3.8751401001724373e-10
1.4443421932011635e-11
2.817553600769382e-11
3.3677827658793335e-11
2.340690006956024e-10
9.085094667349321e-11
4.747055858215009e-11
8.106181154773414e-11
1.3117860778310903e-10
4.078196181085817e-11
1.2454115871642552e-10
7.847117811281418e-12
1.347954007722821e-9
1.1187944006960241e-10
1.2929417853007558e-14
1.565669336397775e-10
2.2517326800453523e-12
4.5297907148427445e-10
4.308407350306006e-11
3.514395378987982e-10
5.842312782915208e-10
8.877212883160879e-11
3.973740366003358e-11
8.098344947204066e-9
5.406903703578061e-12
1.6459713119775602e-10
4.679716996975296e-11
4.534511042107825e-10
3.920634781257799e-10
2.3409552130945117e-11
3.2702169666517845e-11
3.439656987487549e-10
5.0691744079726194e-11
5.158866560812997e-11
2.1224504936959982e-14
2.4363270143385518e-12
1.4695945160083218e-10
4.543241826634742e-15
3.03433542992092e-11
6.189824507273325e-12
6.94967012173512e-12
8.477664731388569e-10
3.397200491749658e-13
5.250489294920386e-10
1.436122679105136e-11
2.300663421522085e-10
3.6103752452363715e-14
4.724955403229232e-12
4.429856412499277e-10
4.097610454175942e-12
2.4701440065399424e-10
4.775510465166914e-11
3.2826814298111917e-12
3.4740144607859315e-11
1.1593211843654543e-9
6.566757357231344e-11
4.298445464114593e-11
9.624996632001906e-14
4.165367780342755e-14
1.933900090850321e-11
1.1932538083118878e-12
1.021985080104037e-12
3.3445301530780105e-10
9.858559353245662e-12
3.9756176292326596e-10
1.5019880607548274e-10
9.112592916764476e-10
1.5746568836032599e-12
2.8262360352541247e-12
8.987091405870258e-10
7.927578013826626e-12
5.3630269915005164e-11
8.312656177136335e-12
1.8721267834394635e-11
4.018447901557462e-11
3.1838163572200418e-9
6.559960521555922e-10
1.0051181706361493e-11
5.791441074372244e-15
2.886874388109823e-11
3.905481674040379e-13
3.4968196566510437e-12
1.6556500100289855e-10
1.7981097580600226e-14
1.0700652003087088e-10
1.1896293617067684e-13
3.5751163117841345e-10
3.7417197748027565e-10
1.2279432299491358e-9
2.0655694159778148e-11
9.994729764258046e-10
2.823117219959691e-11
1.0144052938595427e-10
6.3296214189813445e-12
2.059372495851954e-11
5.4861209493203466e-11
4.476643727204738e-12
2.087203557307731e-12
5.432455925710526e-10
1.8268408647242963e-10
1.687894350762068e-10
7.172636507805015e-11
2.3011052270784588e-11
5.433015989124134e-11
5.619283069317526e-13
1.2819000968433538e-10
3.15330146001697e-11
4.003503105167415e-11
8.660601440736846e-11
3.144172660904735e-11
3.692406874049197e-11
4.357287095148691e-10
2.1910395803272555e-9
1.2498554867547691e-11
1.2064339878254893e-12
1.1412024691283051e-10
2.119878461356789e-11
9.345952205193754e-12
5.094430260745604e-14
2.211205016785682e-11
2.7625639746124798e-12
2.1770385037276916e-11
1.1710406676197815e-11
7.800449606920287e-11
9.92987338004611e-12
1.8029383493062354e-13
7.606384294850841e-15
1.045355553832977e-9
2.4881378454958314e-12
5.136332693164604e-10
3.9459279745487557e-10
4.666161586392682e-13
2.113582983451632e-12
1.6948894203218034e-13
8.122271432075738e-15
1.2391544824510812e-10
9.594886993493903e-14
2.399775320649823e-9
3.27336584739986e-11
2.098324404228104e-12
3.226118030658351e-12
1.5108112278718564e-12
4.6877364852189087e-14
1.6738075726797934e-12
2.5600797427434503e-13
5.206572326076686e-12
2.4461751082989444e-10
9.47724775360769e-12
8.208330462461336e-11
1.989863984116356e-11
3.634391952278089e-10
5.156473894720182e-15
6.208143266835661e-10
2.4979587415003985e-11
3.607960047202522e-10
2.0085206332407867e-11
3.2516319276270134e-10
2.6054181942877797e-10
1.5830139723470465e-10
1.1886790610339997e-10
3.5056671526726997e-10
1.660306347337838e-11
4.811375559494876e-14
3.3897336747282244e-10
1.673354355182246e-11
8.870642248186671e-9
1.3994422346130074e-10
5.507568512000498e-11
1.8337956844542834e-11
5.6561897638659766e-11
1.9042237617519774e-15
5.155530577998412e-13
2.1415273738867063e-12
3.8445940407916496e-11
5.048205777163856e-10
3.0534553044917745e-10
1.271732363756454e-12
2.210016523549481e-12
5.115741931162857e-10
1.1362739906282778e-10
2.4006062742148844e-11
2.7160848366231977e-12
2.8031997855236174e-12
4.952122544759578e-14
9.897330494158329e-12
6.339330947248297e-10
1.609747125692171e-12
4.538688301393897e-13
2.448315935229354e-10
4.139962697315553e-11
1.4291400641304528e-11
6.104432153470785e-11
2.3895633236365192e-12
1.0707267841823098e-12
2.540922733062125e-12
5.688842018157486e-13
1.8075509778095955e-10
1.185091061795763e-11
1.1245507539799647e-9
2.0858604413626817e-15
3.2551009311417584e-14
1.2946480544300966e-14
8.542267316888361e-12
4.779185153249254e-11
3.055820702971415e-13
9.20570244714357e-10
2.486049284496492e-9
1.6909730899717917e-12
3.1611930307922226e-11
2.595567734063809e-11
1.2977650243951017e-14
5.632720826913507e-11
4.610342510751389e-9
9.073508596443726e-11
7.062111203418265e-11
3.3419143127417835e-13
5.498778546298814e-13
1.1038271304100978e-12
5.150092030880283e-12
2.4498175558272293e-12
2.952861739477776e-11
3.0507871191075577e-10
1.5352862815803436e-11
3.0297299933775304e-9
3.255905243308442e-10
1.4594867387750735e-11
7.313044879617667e-12
9.482002969707403e-13
6.428229707916576e-10
6.807225553681399e-11
6.210036483784253e-10
1.0148546757022835e-10
6.321240999073076e-10
2.940067089194816e-10
1.942894481115267e-11
1.7865193177171744e-10
1.076298856114809e-10
8.063955675015667e-10
5.44916188748629e-11
7.376401855367928e-11
8.311381838752627e-10
1.998354450137321e-12
3.282957567624946e-12
1.669914756965855e-11
5.986866897385305e-12
8.001654419285132e-11
1.3006918437698947e-10
1.1122254600171667e-12
3.397572428520285e-11
1.648745357971118e-12
6.008627189242876e-10
6.366313309833426e-10
4.404646923541622e-13
3.4637047798669866e-14
1.4727558307327294e-9
9.959494800131543e-11
5.5896949722981884e-11
1.7761501786915363e-11
1.7464754599813834e-11
4.0692813147497256e-11
1.0007548628414552e-9
2.9391943623320373e-12
3.122241518559116e-12
1.3043424997764198e-11
1.274425371340893e-10
3.3648827010790067e-12
1.0916663539073176e-11
7.134327127704515e-12
4.312485357289763e-13
6.297289100470213e-12
4.5380000819137535e-10
4.362281399136064e-10
2.280609496100287e-13
5.797016658242421e-12
5.77001429362417e-14
8.929400932079709e-11
4.962955940516374e-13
5.468707393125117e-14
1.038954734883069e-11
4.337511500344782e-11
4.42321951328555e-12
4.747109859529204e-10
7.997932262762408e-14
5.577401869053311e-14
4.630388896006794e-12
3.8816731150522545e-10
9.406832372074465e-12
3.581679571004269e-14
1.5929802618396678e-9
3.334330622814876e-13
7.984574862558774e-11
2.1657980075585345e-12
6.622748236726905e-14
4.224044159188092e-12
1.309323448435789e-11
8.550056193270754e-12
3.21533476435248e-13
1.4082997770511623e-11
7.25022538471542e-10
1.3284397171009459e-11
8.80451396272077e-16
4.343454204195284e-10
5.676621042559764e-12
1.0764008299722898e-11
6.66805418576721e-10
9.115142902741688e-12
3.2552882491620167e-13
5.592404038304224e-10
1.310598761242302e-10
2.876363751623186e-13
2.3768458959540957e-13
1.9282404423469284e-11
1.4694046806507682e-11
8.249348993124848e-12
5.951182207382609e-11
1.8886304770449387e-10
2.832788287931136e-12
7.720913212699013e-13
1.218649076263393e-10
2.9426678687455135e-11
6.448336745846157e-14
1.1938463296726822e-10
2.5502543736708396e-12
2.332800358287483e-9
6.413243545311296e-10
3.0317038297699613e-10
1.0877508268993288e-11
3.822164834956462e-10
1.0365091107039713e-13
4.765974200501088e-12
7.441665187528561e-13
3.2037350896331996e-11
2.0126794561740747e-13
1.0067079473364848e-10
1.3862164051223017e-10
1.0374559478453905e-11
1.3769815260805992e-10
2.3083265218965404e-11
2.6282000870733132e-11
6.104090223359697e-13
5.866615664132655e-10
3.4414217110839825e-10
5.328434122622112e-10
3.917582486285614e-12
3.331370388492882e-11
7.78118759338667e-11
9.381909017103365e-13
5.852398446179043e-12
1.900243500638816e-12
2.39552772652228e-10
1.0607492684267886e-9
1.2063167327777589e-11
2.8202470589066585e-9
3.722275840216333e-10
2.4147247735664626e-10
5.5243326572072175e-11
3.367360901449868e-13
6.845628061824829e-13
5.836174488227479e-9
5.976685981353534e-12
5.5621180219228665e-12
1.1565257222440466e-11
6.651434751798458e-10
2.0753291394544947e-9
1.6608223362265265e-12
9.632660388689106e-14
4.731993167174241e-12
3.0406576161892874e-10
1.7661161569289678e-12
4.9768549519257145e-11
1.6415307494081277e-10
2.135966670611315e-11
1.6153983079805444e-9
1.1380456942333553e-12
4.642314830510704e-13
2.356061479264835e-11
1.1542421842708359e-10
1.624648546562254e-13
2.009579909815202e-11
3.156054799585441e-12
9.71263972655234e-12
1.2082542418376074e-10
1.895744340106767e-10
8.935481865683078e-12
2.2842546057190813e-9
1.5890159444165827e-11
1.5900555704784238e-12
3.93007828452224e-10
2.0352143679020256e-11
4.228984684731965e-10
2.254055397914928e-11
5.1478466989220066e-11
7.529899214307065e-11
1.2808158873309977e-12
1.8995308048108048e-10
2.956012900280218e-12
2.336432827027354e-12
4.3345010318591567e-10
4.415777548552984e-12
1.1195401253309564e-10
7.308039334844751e-12
1.1253211973796939e-11
7.801504436763453e-10
2.0077311600522696e-11
2.334889052523163e-13
4.620636305369408e-10
2.220240026276377e-12
1.4475275524599398e-11
6.043922671347699e-11
1.3185008689879907e-10
2.706371367289723e-11
5.1425126751163005e-12
2.9591705523799e-14
1.78656057889814e-13
1.4624050821779535e-10
6.180514331479792e-13
1.308984083295379e-10
1.6541977346369774e-9
6.346567905612469e-15
9.902100386337311e-10
3.787490215993108e-11
5.291297620189937e-13
2.872649175361802e-10
1.6031036642652323e-12
3.487903462943452e-10
1.0834814016449318e-8
9.417416071090017e-11
4.11730510169182e-11
3.965791575147875e-11
5.979914177377338e-9
3.086774039751428e-12
2.051557652416428e-12
9.54123624379286e-10
1.230380262247719e-10
1.3943143148783049e-14
1.4444699289764617e-12
6.797168572873977e-11
1.1921521397056394e-9
1.0189633385134112e-10
1.1653134166046468e-11
1.827835670679228e-11
2.3820133886162434e-14
1.938378821924404e-9
6.257712535806027e-10
2.430278942057871e-10
5.450129225287486e-12
9.61458976307196e-12
3.244350878628262e-10
1.537260582512611e-10
3.4302814445814036e-10
3.285068849354218e-10
7.604656542564003e-10
6.377479466877857e-13
5.263943318062105e-10
2.1110880853684102e-11
6.834904856388345e-11
5.8151933058455366e-11
5.698889646528523e-11
6.394205026935451e-11
3.142325386096481e-12
2.2146847258571184e-10
5.054121640192174e-10
3.7846279273625294e-12
1.6932900538090502e-9
2.86318807679581e-10
9.169769965732361e-11
5.783567257248188e-14
2.190725797198836e-10
1.822379199948401e-15
4.797487243391805e-11
2.70273885592932e-15
6.279951941879184e-11
2.3006263684636916e-10
3.0886409982239886e-10
2.463611914011087e-11
9.102787710734137e-11
4.673196613796372e-10
1.904228201672305e-11
5.823586875678804e-10
4.708953393623519e-11
2.7810511572961314e-11
3.457643140125444e-10
7.454911371149257e-13
5.26835504618829e-13
7.058401434207455e-11
2.913266521885189e-10
6.407064200433653e-9
4.3455509561725666e-10
1.0258966018350985e-12
8.616228237561293e-13
2.9765340106032304e-11
2.6593367022787646e-12
3.5429798568584687e-13
1.2395373954125988e-9
3.938530960451951e-11
4.6087833195420403e-10
9.969308466477838e-10
3.3041796226659875e-11
3.5555834761561535e-11
6.583937487598355e-13
1.099881649429436e-14
2.2962378478532992e-10
3.806595784837671e-13
2.7474201134449053e-11
1.6047808721986433e-10
1.751612811229087e-11
4.098598534245098e-12
2.6761847895903296e-10
7.258896151848371e-10
6.365877865681649e-10
2.1438561255611025e-11
1.876890893641972e-10
4.218440767953704e-10
1.946039549449388e-9
3.786850926856329e-11
4.258378008088501e-10
2.8298192493469863e-12
2.3060871163494553e-11
2.6524308421463957e-10
4.2867495369369185e-10
1.4673676381052195e-9
7.203823880509474e-10
7.421224403688748e-12
8.603779195757096e-14
6.870512826376277e-10
5.011813002476975e-13
1.0791519876260824e-11
2.3118962697309016e-9
1.6331592286608272e-12
1.7050338070174645e-10
4.764347477239931e-11
4.397155689790953e-11
3.991399429678968e-11
5.811313703022056e-10
1.434314626545246e-10
6.105561574984717e-13
6.3545434176079764e-12
1.9128349600536414e-11
9.678695799737774e-11
7.160635837324154e-9
1.871738197509721e-9
5.5356031866390425e-14
6.249563974173778e-11
2.7075831858096674e-11
1.2576300795568847e-11
7.466461284098278e-11
4.771796161245784e-11
8.377893485492378e-12
1.3329120666234483e-9
8.263807669364138e-12
3.5376791827787867e-10
2.4268071587578793e-11
1.5284676815468936e-10
4.231094375220692e-10
1.035493350216878e-12
7.990803203680505e-11
5.85456294051171e-11
2.6994511209356137e-12
2.762683945063761e-12
1.7696395786169642e-9
2.6503795748366814e-9
1.4994028570259882e-10
1.3353509728744671e-11
3.6860143517982365e-13
1.5854030476225112e-10
1.868960129131163e-9
1.3034675341026052e-10
3.030444734289647e-10
3.692581407237649e-11
2.0464895018274629e-10
1.371019639308667e-10
6.809608216420747e-12
2.341837093935227e-11
1.860656035394438e-9
3.559204155230344e-14
1.6567645034429508e-15
5.916203371925379e-10
2.5876687355601196e-10
7.222670580425525e-12
1.2399133044810285e-14
1.8822405393500304e-12
1.1113139863205852e-10
2.8281238298382922e-9
3.6994967426639094e-9
2.9286667615122975e-12
5.107962348578873e-12
4.162968209989455e-10
8.53327077899828e-12
2.187859191997346e-9
1.0453060294506115e-9
3.0570530930488515e-10
9.355929826476706e-12
1.1419137768754546e-10
2.993136137438885e-12
4.3530148322151526e-12
2.218028642445553e-11
7.197085989074502e-11
3.3648930598226123e-13
3.39336970251055e-11
1.1964756173667052e-11
1.6279498955759827e-11
3.7350153748324687e-11
5.004532162606321e-12
1.3376900088001379e-11
5.3154330751578916e-12
4.127523824001187e-10
1.2078563787956908e-9
5.069154292416186e-12
1.0017472301263416e-11
4.457695125695315e-12
2.369843443626511e-10
3.4434898183248114e-10
2.4519073309640165e-12
8.022727791899818e-8
1.382669384956037e-12
7.424671582392756e-11
2.9580003708679207e-13
1.051882316234319e-11
6.187677745229175e-11
8.241462079468022e-10
1.0785408224116027e-12
5.842142197382486e-11
5.918534808883431e-11
6.364660733371842e-10
4.403249950492187e-11
4.728448310660237e-10
7.079374924655015e-10
6.564321031914997e-11
1.745055408648894e-9
6.562428504933217e-14
5.1168597603767686e-14
3.187523483493526e-10
1.29646227537341e-10
9.29197884810686e-11
5.962376035138988e-10
1.502581376901514e-11
1.970458131920583e-13
2.410030457383791e-11
1.252717002650284e-9
4.138012468688626e-10
8.298150516767228e-11
1.8608012575890704e-14
3.4335050187856704e-10
2.805662948850418e-10
1.4368072352213858e-10
1.1736826049281948e-10
2.294824979908288e-10
6.4755644625129e-10
4.308766071823741e-10
5.230509461848717e-10
2.7802558602979892e-12
2.7380799786664926e-12
1.1454579290884665e-10
1.3124950899259264e-13
6.046524375054615e-10
8.625628848901261e-13
1.8414370139744915e-9
3.544420625514225e-11
6.320403285712758e-10
1.3258428887789216e-8
2.0723016237820382e-13
3.4346897656163163e-10
5.432480511761924e-15
7.010172559586998e-12
4.046771725966602e-11
1.751815654804505e-10
2.657658859622661e-10
1.2502548085871232e-9
1.034801168402601e-10
3.1000875268343177e-10
1.6306523184049282e-11
4.863499829237891e-13
4.760533421709929e-10
1.0979731008779107e-11
4.977063057510939e-13
1.7546384994235862e-13
4.551584942974417e-13
2.947179283609593e-14
3.026039992173181e-14
1.8420097402400217e-10
5.914833729637596e-14
3.782703397732019e-11
1.8568105166266384e-12
7.582883084348167e-11
7.290751628148734e-12
1.8987881844461335e-10
1.6804216725555742e-11
1.7152077254815855e-12
1.1812728635567817e-11
4.3251092468375014e-12
6.225729440821736e-13
3.491093406254604e-14
2.606548328868816e-11
9.699449987149248e-14
9.809511142828216e-11
1.2866736942861098e-10
2.0415663668982372e-10
2.074255202340227e-10
1.7755710048945278e-9
7.443652779656402e-12
3.805906784253846e-14
5.154320593614856e-12
1.2185954211572757e-10
1.013040983384276e-10
1.600153825850356e-12
2.8632903262042454e-11
1.5556782297443836e-14
1.5153611604774296e-10
3.233472416602539e-13
2.7393016927457753e-10
1.81491392045975e-10
4.266512079170352e-11
7.687017261507501e-10
7.788021023590153e-12
2.2731993403987698e-10
4.000879051099034e-11
1.2456634856779334e-10
2.4713059756419266e-10
4.9458945122463626e-11
3.7443800311239163e-11
3.3144070908687092e-9
6.524684329240315e-14
8.355535697882829e-10
1.777948861161584e-11
7.16646621142626e-12
2.1452404668002996e-11
1.029384265505634e-10
3.325278464610668e-11
1.0228500674418895e-9
3.264977684111112e-10
4.767969130464192e-11
2.222044328182223e-10
2.3812725217531624e-11
2.7697474135966105e-11
2.7047960620803756e-12
6.073491224849484e-9
1.7574993249152794e-10
1.1006016833494794e-10
4.8796719181843e-13
4.76317723635738e-12
2.8631231566908276e-10
2.0338376228894685e-13
7.893808910213565e-11
1.1117866677692135e-10
1.658747030379342e-10
1.8304967712579675e-11
1.1442474026975576e-10
1.1943777264505808e-9
1.9859511813417403e-9
7.1668322640755765e-12
3.1667474628302904e-10
6.115410494070266e-14
3.48245963358458e-10
3.238756099130943e-11
3.984994590086824e-10
1.4950549488101864e-11
2.8598135247237424e-10
1.5066740426139394e-11
3.1415087459510346e-12
5.763392081666282e-10
8.236337379469854e-10
6.589812369192506e-10
3.3808167076255077e-12
1.480070414834789e-11
8.415407606902057e-14
1.6568118623983328e-10
1.9706262950852322e-10
1.725967187491061e-11
2.476698434596145e-10
1.4773369997392198e-11
4.537189050381297e-9
2.3883859544048e-10
3.2773583672579545e-12
9.522217133360446e-11
3.3451017445715834e-11
1.6584403913367299e-10
1.2431226780379361e-11
8.674458804159434e-10
1.287358579532893e-10
1.9180620449995172e-11
4.7495214088166026e-14
8.784489036329214e-15
1.077921345389993e-11
9.658303387822339e-13
7.402257243960197e-11
1.7134832386336286e-11
4.045790361884515e-13
4.838743914592197e-13
7.163323859928497e-13
2.0252749816599766e-11
2.645297705820786e-12
3.348527498816676e-11
5.094950499907806e-12
3.735590108064303e-11
7.646559807924336e-12
7.304224985507304e-11
4.4510490848324244e-10
1.0338314771251891e-10
1.8826646005924633e-11
9.754117677783273e-13
6.555057924719249e-13
1.7057888819265796e-11
1.1316721956961377e-13
1.363394683163474e-10
7.826524282077724e-12
6.732819336993867e-11
4.477177632758137e-12
6.203427220668179e-13
6.90888864452379e-10
6.040402573843508e-11
8.517313207538582e-9
9.940495252107172e-11
3.10079619116166e-12
6.22027170795598e-12
1.6623129492222433e-10
5.715992497600603e-10
7.036809556756523e-13
4.2713331727688475e-12
9.089262920513079e-14
1.8337598794840572e-10
7.0273131885801615e-12
3.9899866395298173e-10
4.3355687796392457e-11
1.9757997852087928e-10
3.2619245969234934e-11
8.650485550295257e-11
4.507651343913097e-11
1.275716763441124e-10
1.6165110435568074e-14
2.4055155182592773e-11
3.611190925109826e-10
4.485348742834462e-14
1.468643438445739e-10
5.640717611177859e-13
5.550073855425541e-10
2.917446490237171e-10
5.811041176132324e-13
6.198187932310972e-12
2.966708882997525e-10
1.0119429133368744e-10
8.372452918397636e-10
1.0881536558784191e-9
2.201073074807018e-8
3.3900187722945526e-12
1.2409765292480272e-10
5.095905581181049e-11
6.050788728474195e-12
1.1637985847299556e-12
6.782717286133059e-11
1.0311357336901452e-9
9.246830456996952e-11
1.576348317608148e-11
6.769828035540935e-11
1.54833419014165e-11
1.333726430034715e-12
1.4489423693175732e-12
1.945235737290927e-9
2.1956670325558083e-10
2.805774742818681e-11
1.56090674933374e-8
8.703056111452466e-11
3.486343158874083e-12
1.1443586256059784e-9
5.8754821343909495e-12
4.875585267664604e-11
1.616976843238797e-10
1.1533899957029664e-9
7.2023227374072874e-12
2.272652545445026e-10
7.727717168025112e-11
2.664688808377055e-9
1.713172211825626e-10
7.161078525297982e-11
1.4164338337194874e-12
2.6248315423316904e-10
1.951715143121242e-10
4.185495101348069e-13
8.492545640297884e-11
7.615181312680656e-10
1.054510377651759e-11
3.253104738654038e-10
8.252180289044673e-13
2.2399383137779024e-13
6.785990603034791e-11
8.243840639029515e-11
9.482995819864222e-12
5.453554577744545e-13
1.2020190944127006e-12
4.848718330417584e-12
1.2889647234031267e-10
1.5113695503864354e-9
1.5751350643529113e-10
1.862660445306285e-11
4.300131695938398e-11
1.0891307966339e-10
1.3200885847118554e-10
3.229052046954386e-11
1.2050607608479324e-10
1.7008605272241448e-11
1.1704764092487558e-9
4.9481151124272225e-9
1.567465193258555e-12
8.384883052835626e-11
2.596457204739664e-10
2.8989628907758626e-10
5.963631230530713e-11
4.3905016836414997e-10
4.887419618538361e-12
1.1028049707698286e-10
7.660283084102936e-10
1.9049539850987683e-9
7.096120915977001e-10
2.4737713249800644e-13
8.974627936982194e-12
4.370057068504345e-10
9.857129842487277e-10
3.052621671285918e-11
4.509811585596199e-11
2.5979528625310184e-12
2.140536221360672e-9
2.339222724492619e-10
4.021411340946083e-11
7.097822612953078e-13
1.9786690929517977e-10
1.2122224629610039e-14
7.174645612615729e-12
1.1218171703386418e-11
4.981746819657613e-10
3.9153526026564086e-11
2.4519219341364635e-9
9.946331315905622e-10
1.915765126746862e-10
3.866657261969707e-12
5.905060325612703e-11
1.266025599976162e-11
6.902376984954544e-13
1.9943872362490084e-12
1.0581052884099617e-11
1.6209358496965e-13
2.1595121448887204e-11
2.9481166924932825e-12
1.3039963734581049e-12
1.3146526056786233e-13
5.648958986599491e-11
4.641521425517274e-14
2.2255838334673425e-11
2.3969072162249654e-11
3.4041317838720426e-10
3.3489097605264153e-12
1.5964920195858405e-10
1.143744575444114e-10
6.221720062838472e-12
1.7546729881400019e-12
5.1827889334183675e-11
2.1111465599444727e-9
5.026463744281261e-13
1.3512015989418639e-9
6.929600496296539e-11
7.073581426989397e-10
1.6366381606600936e-12
8.315311529823052e-11
5.531186589217957e-10
3.159522982446855e-10
9.644183354478008e-11
5.772571288903697e-12
2.6505112033353935e-11
6.76585449090632e-10
6.633838015028571e-11
3.648262523042215e-13
1.5047978245329384e-9
7.025558133615624e-14
5.245757596268403e-10
1.1845949074906255e-9
2.9473124161660432e-8
5.693865694813956e-11
1.3930394479773503e-12
3.267408064591873e-12
1.9598463270245882e-12
1.8976062897760354e-12
1.3269494389914268e-9
7.46140156042516e-13
5.884777393194703e-15
4.093443804285714e-10
4.0513578954849764e-11
2.3365030559214273e-11
5.468732867558835e-13
1.0970542986401219e-10
1.6140669396615413e-11
9.397305803419287e-12
1.0293162585802103e-10
1.9506972524508944e-11
1.5743574301552732e-11
6.02408885510924e-10
2.0155209011682238e-10
9.019179900136168e-10
3.104808674173712e-12
1.2916491268502915e-12
3.0555447645716217e-10
2.7710956325529476e-11
1.4889669778532695e-9
1.8206705289368098e-13
4.905759741463885e-11
1.2426107342064214e-10
1.1361143290213651e-10
1.305124465744622e-10
3.6587686198020365e-11
8.066208858792337e-12
9.026739769292604e-13
6.7890005126497336e-12
5.609217350178728e-12
2.225724731939203e-9
3.40280450614356e-10
1.1884759807717942e-12
3.729343101506016e-11
1.31252777530281e-11
1.3939861377446719e-11
9.254974164109335e-12
2.8710816552759565e-10
6.83567906169091e-11
4.732903142905879e-12
4.921305310585176e-11
6.98913144683785e-11
1.0970270199998629e-10
1.6325507938701855e-12
4.2701936592052145e-13
2.8625773248350853e-10
1.3458645343196248e-11
2.278321457920603e-12
1.4947998688220472e-11
1.3296835506571404e-9
1.7100655663833426e-9
3.823960594708662e-11
4.870325817293685e-11
1.811871179312818e-11
1.576037111427008e-13
1.230317251823013e-12
1.5352986050048614e-11
4.7023766047516745e-12
1.1156304332952823e-9
2.0816902203223027e-10
2.985789422365195e-10
2.3488458943270257e-11
9.30974820455841e-11
5.107737554336543e-13
5.435078003392066e-14
2.7862942690621603e-10
4.261192625044984e-11
7.556736524902155e-13
1.3718221623241906e-9
4.925530528872432e-12
4.173270811883406e-11
1.6159833978398346e-11
5.000265172769698e-12
9.908979187472652e-13
4.836155280606505e-13
8.175418375991352e-10
6.832130883800808e-11
8.763734049107867e-13
4.588595273730145e-13
4.370329121095221e-12
1.6900027216149146e-12
9.745556576810183e-11
7.671869158834627e-12
3.4687492011363213e-12
5.377375474479622e-11
3.85750675752156e-9
5.643795667718174e-11
2.9748177589497363e-12
7.579346259925114e-11
7.610673164013293e-11
1.543527021930875e-12
7.908093484491875e-10
1.4767560806964809e-8
1.9544722753865574e-10
6.49061135334171e-11
4.2744159172036313e-13
2.9397069785359916e-11
2.766010338166138e-10
2.5879017199105256e-10
6.090918532550895e-10
9.204317199690739e-11
7.400900244741773e-13
6.144633130503353e-10
2.7065357854330805e-9
4.2543625837398906e-10
3.742153101797315e-8
4.3402353464675515e-11
1.3918671393316186e-12
4.083499863282125e-11
1.0147450949506055e-9
3.7219810223391274e-10
1.411079653150995e-12
2.9837399800466764e-10
1.7684601921203516e-12
1.6335140170992905e-12
8.814709395964514e-13
5.5467112495247885e-14
2.4336917673631677e-9
2.5000189437767465e-12
5.075688425695192e-13
2.8516158961349578e-12
1.5842336261121463e-11
3.0359205766830566e-10
3.769424102317617e-9
2.6181537401376673e-10
3.626422864767703e-11
1.1227029477571134e-9
4.9166798714389686e-11
6.29086953142876e-11
2.106749780705969e-10
1.2629633532332715e-10
3.8280884049911804e-10
5.330705360712172e-13
1.3906232388692002e-10
1.3013206899101883e-10
1.2091696450997843e-9
6.821241000183178e-11
1.2968236959645688e-10
1.7617788342947074e-11
7.35128659413667e-12
2.625526632554463e-13
1.0085110544569461e-11
2.2810547065715427e-11
9.736638940871639e-12
1.9284749614640278e-11
1.9217905973436536e-12
5.263606152950821e-11
5.4830408610544723e-14
2.6002137241506614e-10
7.208093209255884e-10
3.71310754461516e-10
6.210169427550687e-12
5.319305704819918e-10
4.913877050335157e-13
3.0740701527588415e-11
2.466833776259192e-12
2.852325848898684e-10
1.160649240051291e-10
4.924001496852346e-13
1.8552741390903397e-8
5.960309618613202e-12
6.958330888706407e-11
4.950872297864995e-13
1.436145262755012e-12
2.7382440590884424e-12
1.5039472601145597e-10
5.157685456159175e-12
3.2525735823401063e-13
1.186508379212621e-10
9.211087428016672e-10
1.453263534515956e-11
4.996437794178163e-9
1.062325593440574e-10
1.2108680285242952e-10
3.647758235774672e-11
2.5135322547183236e-11
7.477648603497369e-10
3.0717772866568177e-10
2.8936286574801572e-12
2.1210531524970854e-11
2.5193615753206027e-12
1.2652322712429049e-8
1.3495504393638294e-10
5.317627802380627e-14
1.690226260947036e-12
6.688336264068476e-12
5.840103550645477e-11
2.871679765497102e-10
1.4431530363611374e-14
4.551502432167362e-14
6.4524819009789706e-12
4.825916882839436e-10
3.009914674221782e-11
1.7374314014148446e-11
8.671080264428683e-11
6.899960350984438e-10
1.4962620277806205e-13
4.107398505785516e-12
4.844454623756752e-12
1.47366011389424e-13
2.0439110267963494e-13
3.7943674299758807e-10
1.1184845826598199e-10
2.697237235610723e-12
1.7871307023361568e-13
9.323444787845812e-12
1.2795922590722178e-11
4.955207654883238e-13
1.2776679203635668e-9
3.3589174189838867e-10
2.618383290130686e-11
5.295543006720375e-12
2.0570269223100835e-13
3.43163214291547e-11
3.5804642245443616e-10
1.8000717555512257e-10
3.36551225484342e-11
1.3481622614755769e-11
3.997249440793039e-12
5.218064040580649e-12
1.390644408925968e-11
3.404863324415332e-10
1.3147992024613387e-12
9.721615530248095e-12
1.839471127580763e-11
7.514773422725354e-12
2.649863163851109e-12
1.4712382764458313e-10
1.8953235632759845e-9
9.798781204915112e-13
4.243278840646075e-11
4.432466062238653e-13
4.842650622068257e-13
1.4774924474849478e-9
3.457594487739173e-10
2.301487480329875e-12
7.227367191881885e-10
3.932742772989512e-13
8.701306129087394e-15
1.5591660211237544e-10
6.88772302824756e-10
1.0512747398361762e-10
1.355309589653133e-10
3.257282739722355e-10
7.600503306130559e-10
3.517575018375913e-11
5.117300988462367e-13
6.40690364730751e-10
2.4983872003181073e-12
2.447329855766896e-9
3.477666812588003e-10
9.518094064820648e-13
1.459988175682049e-14
6.179628012136031e-11
1.6320255332833015e-11
4.6136788448861884e-11
5.613726991126337e-12
1.503357845844391e-9
1.8451586406763784e-11
5.358018727296824e-11
2.385582888257798e-10
1.1078124069935716e-9
1.2336273098542208e-9
8.833944504403503e-9
1.1092005975449991e-9
1.0442541689090652e-12
4.594139302243827e-10
2.0397686278757824e-10
5.931884669861384e-11
1.5315264088747005e-13
1.2439057193972623e-9
1.5873309691300477e-10
1.118475361596894e-10
7.195931489035636e-12
4.716899686636683e-10
5.704959252049921e-8
4.944643649519983e-10
2.0208480855722993e-10
1.3130083687690385e-10
1.4273667372621933e-13
7.934582994859994e-11
4.260714002154985e-11
1.0907822546300545e-10
2.7310793782551445e-12
1.6927864917441626e-9
1.5176434846120915e-12
7.98322411076787e-13
9.169770127608461e-11
4.591423171940326e-10
1.7808209710464977e-9
1.1558944896393651e-12
2.354922595691081e-13
2.333450574298884e-12
5.309611208764884e-13
8.492802246207141e-12
7.177953275550366e-14
5.229498031806276e-11
1.6863976719665274e-11
5.978297393177118e-10
3.292307066617806e-12
6.191345582060022e-12
2.7658952831320464e-12
8.276808216135052e-11
6.253804524026566e-14
2.9737332887988226e-12
1.1565302118163747e-9
3.2971682355275494e-12
2.4952854901707236e-13
1.4784049804048414e-12
1.7831885875652004e-11
1.8454447457515641e-10
1.0615770562131826e-10
6.126561210609762e-11
1.2294480764686e-9
1.2974025501271723e-9
3.403209016190906e-8
1.0334326227852714e-10
1.0537210123127684e-10
2.7336381449225035e-11
1.884783234416807e-11
4.543421611781574e-10
7.121667629881102e-10
7.085159991643938e-10
1.7867668125891494e-10
1.3970424947443015e-10
7.258270978346607e-13
2.0260991451107525e-10
3.729280101912425e-11
5.8642699648898124e-12
6.273293727850114e-13
1.5675723035201708e-12
1.4070773857055334e-11
1.0985559870504578e-13
6.268604083416389e-11
4.1260678928959415e-12
3.4324099538204555e-13
3.976900118588567e-11
1.823545157345676e-13
4.694035259080914e-13
4.723593880732457e-12
1.3521165300396202e-9
1.6756571910210416e-12
4.949730347590154e-12
2.03808474942523e-13
3.699856285625259e-12
9.639538601848602e-12
2.1694114503844763e-11
6.936655277606743e-11
5.890856442382348e-11
1.2646028265916349e-11
4.548324517759458e-9
4.895145261587963e-10
1.2294961070266883e-10
2.462793763410454e-10
2.3639525775057386e-12
1.3358014828949504e-10
4.63893371562991e-13
1.9551085168305952e-10
3.0854698419413083e-9
2.5115581513929996e-10
5.810991401764095e-12
1.0625069848461213e-10
7.551795972756086e-10
4.6434375532910027e-10
9.894537092558988e-10
5.263540034626489e-11
3.98322703176675e-13
3.085776615256584e-10
1.0082075884372846e-11
3.91510608454362e-11
3.691383378045118e-13
1.1277897029236519e-9
3.3704750534346766e-10
7.209054707893036e-11
2.723675321263612e-12
8.763302977241953e-9
3.145926201183506e-11
1.0399536429331971e-10
9.455342780113643e-12
1.4406838404629197e-14
1.023345385104973e-11
5.4272626603742935e-11
4.759348208577046e-10
5.843123474842065e-12
2.182037457800211e-12
4.1431615889726964e-11
3.6026754523890774e-11
7.955736758390883e-11
5.30375229805503e-13
1.803564739242123e-8
3.3031881211479314e-10
8.139119810332505e-11
7.64010530829111e-11
3.6041139337665186e-12
7.685279337110142e-12
3.8809532615020456e-12
1.7707232110790711e-12
1.8968670204801785e-13
1.806810328826783e-10
5.266251998687508e-10
5.948241630254026e-13
1.108071483006111e-12
1.8152434415419044e-12
3.0080009796946955e-13
5.084618559064659e-11
1.4894974792358785e-9
4.2051781142019583e-10
1.0772680850646653e-11
1.4861219583673395e-10
1.2915341509442952e-9
2.897164095750199e-10
3.4671589255218473e-13
2.513475271339318e-13
2.0842013684666458e-9
3.131785373155155e-11
9.042672981575451e-10
3.671471136780193e-15
7.323580863266934e-10
4.627721197003861e-10
2.9094448185599835e-11
1.973164090125862e-12
2.0134892799264973e-10
9.601746168223304e-11
1.9166641970692737e-10
5.49758114305308e-9
7.435283742527462e-12
3.050913608369064e-11
2.19265546494432e-12
3.2045906679327665e-12
8.381514191390697e-14
3.300484562692815e-9
6.492508545795268e-10
1.732535619560987e-9
3.0749639868366816e-11
1.711743937994211e-10
1.403637579550709e-11
9.328891109049307e-10
4.875779632814155e-10
3.511284925510204e-13
1.256900122203157e-10
4.530919607266043e-12
6.7573281536919066e-12
1.4633902047554313e-12
5.126080522017874e-12
2.031395018843454e-9
7.323082219424601e-11
1.7169831427261056e-10
1.4080472083583007e-12
