8.565577191275318e-15
1.4012357977846642e-14
5.165948723530607e-16
5.3314698363185075e-14
7.967164920712222e-15
5.929414671367177e-14
2.163496902162067e-14
6.556143295357196e-14
7.098770539492054e-14
4.0784417045433406e-14
4.195151873681001e-15
3.143887769497018e-15
9.827692481991121e-14
9.292469891905824e-16
6.5818988556242494e-15
2.211242083039147e-15
1.838491728981705e-17
6.249312131330153e-17
1.7776268318615673e-13
7.209668944706172e-16
5.449141527745171e-14
3.9628193900360783e-16
9.167360005435884e-16
1.7020302838203882e-15
8.701243075668287e-14
6.026635507963924e-14
1.5180247835641847e-15
1.3335763293644843e-16
4.8530062879280626e-15
3.9487234812497946e-16
5.210872677647786e-16
1.2841851029687505e-17
2.2182759497491042e-14
8.306102047690738e-14
7.336336998545883e-14
7.020462468226991e-16
4.0241082240966657e-16
4.3988607761017804e-15
1.539043393583191e-14
2.845865051057113e-14
6.307074066408063e-15
2.140306560669732e-15
1.5052122243649938e-17
2.467916618990281e-14
1.7719345654216523e-16
8.123242298282376e-14
1.2811352571874563e-15
2.1766542899053435e-14
1.1312682414136602e-13
9.303212051113928e-16
1.6162714480328762e-15
1.0515087313625537e-14
2.309235138761173e-13
4.1928234256698166e-14
1.1477643410210212e-15
5.166073734904344e-14
1.860136265121349e-15
2.2677340530309456e-14
3.0944874866202718e-15
7.165155508761036e-15
2.5957886847273738e-15
4.154136724080469e-15
2.707973655104895e-16
1.5821633514835093e-14
2.3283110149177587e-14
1.5095703350877423e-17
4.195478341688565e-16
2.761260541219838e-15
6.214673071376547e-16
1.4783377217636997e-17
7.093374277596564e-15
6.599947134567208e-18
8.090113448441773e-15
3.7004527694993115e-13
1.5011250541102143e-15
1.4005872175622026e-14
1.20750605142321e-16
6.271039202917935e-17
2.850467857181267e-16
4.512699153604291e-15
4.470903045113822e-16
1.579314546761383e-16
5.372072917353163e-15
3.513293559435543e-18
1.2773537585765406e-15
2.4061363879826584e-17
3.4077609003084303e-16
1.3354696062778966e-14
6.228903187847547e-16
3.855069019546312e-14
1.430879092037681e-13
7.543566720646978e-16
9.218592282289043e-14
5.043042442326344e-18
7.571512862032918e-14
7.296458016615e-15
1.0616103940214483e-14
3.1002260862389107e-14
7.467061835366497e-17
2.7627329689670167e-15
7.793047541295909e-16
1.0623056615726119e-15
1.2113726433833392e-17
2.148328775532016e-13
3.983227778128963e-14
1.1258457340883926e-14
4.085081578912994e-16
1.1948617851683909e-16
5.804782172312073e-17
7.514283954066574e-15
1.147147320655898e-16
1.857787467540444e-14
6.178480919888778e-18
5.0406484632493956e-17
5.740293201802681e-18
1.1105413203115425e-13
2.8029573763025754e-14
9.800135794144055e-14
7.159687404847004e-14
1.1931438194612824e-14
8.126388088283061e-15
1.0503525799204025e-15
4.3782039594624306e-13
8.990654599083745e-15
2.155689242944223e-16
1.7150413994285687e-14
6.408446383240731e-15
3.6955944057489506e-14
4.1151282300634743e-17
1.0163249330792837e-13
1.533876182347073e-13
1.1633276639671531e-16
6.585891578308134e-14
1.0302679938383525e-13
3.368515841631591e-14
1.089900923879209e-15
1.5229524858786967e-17
1.839897558388562e-17
1.1795044813258053e-15
5.595204377508275e-17
3.1497473753630256e-14
1.2979693880745311e-15
1.1177910225364655e-14
2.0688009010398786e-17
3.161384742271312e-14
1.219479993441523e-18
4.101650087471129e-15
5.862039437214836e-18
5.4161179704733786e-15
1.1908862756646443e-15
1.1141291432420798e-14
3.5738328076269185e-17
8.5361910621002e-16
2.2223422215472987e-15
1.5593385141206805e-15
1.557163234662563e-14
1.5348487580872764e-16
1.5258494661851707e-15
5.362780805552884e-15
1.4586015550611718e-14
6.3688974738594404e-18
5.252505352385281e-16
1.617900630889924e-14
4.864793843938539e-16
2.1195343593876597e-15
3.7112115614179696e-14
1.0110291014671321e-13
1.8228066872847817e-15
8.482295992764336e-14
2.1268883062809048e-14
1.867993140127332e-16
1.4853459065642276e-17
2.6016657790495556e-14
1.392563615385454e-14
3.289486742985041e-15
4.1840790232804894e-17
8.123120869640555e-18
5.038861737649613e-15
7.316467227842194e-14
7.227382446362273e-14
1.0258320260933784e-14
4.687826356112488e-14
1.4993772697617236e-15
2.8296373704023453e-17
4.766872943228453e-16
1.8748008981338563e-15
3.7926196102609063e-13
1.2133303090817e-14
2.1834853665841676e-14
2.5390176102346618e-14
6.282367407628911e-14
2.6710884534849605e-16
3.141060395030641e-17
3.89470747719161e-16
7.831245270593808e-17
3.3272304293515147e-15
3.136875041582355e-17
1.2045854465459075e-16
5.425161959138048e-16
6.251359600522492e-15
8.529847452880829e-15
3.0062623383945076e-15
5.392060648702377e-15
5.26988417217443e-15
5.648372654563748e-13
1.6349107546987076e-15
2.0411775829366884e-14
4.848725594646759e-15
1.7740320720359288e-16
1.7116487877554143e-16
7.468640702148816e-14
2.4167913026763744e-15
4.4117202536689816e-15
1.2494911757374756e-15
2.0758744887510243e-14
5.828697027607914e-16
3.4279091531330154e-19
3.10150042864185e-15
1.534513823086875e-16
2.4387390244053717e-15
1.0070343434606455e-13
1.9256250587447076e-16
1.0077477168076354e-14
8.247023503577061e-18
4.180118063559177e-16
1.9625559604099488e-14
1.152451277427864e-16
2.2218272300241686e-14
3.4228010322042243e-16
6.179753052536275e-16
2.8891545053011404e-16
6.669990312616618e-16
8.761765639113307e-19
9.573197481364469e-18
7.767577440069856e-15
1.2917813426919067e-17
5.095212380679093e-16
2.49701662277737e-13
9.63756232983767e-14
2.780882277601015e-14
1.1914771172407353e-13
1.7112170182193806e-16
8.734539519856268e-17
1.7123909015864365e-13
1.2438112674403877e-14
1.7636737187303369e-13
1.765779277588878e-16
1.3798960389153096e-12
2.1415510253955477e-16
3.504298112987431e-14
1.5383488154728072e-15
1.3555521723102465e-13
7.05874748087088e-13
1.4035360589801837e-16
5.972443024225473e-15
1.3169366804467236e-13
2.7088402679966712e-14
2.1400845961206725e-14
7.068872998178983e-18
4.667407289155357e-14
2.5598489531602426e-16
1.7111636075271419e-15
3.6392487059629845e-16
2.4067527681729157e-14
7.335936369558237e-18
5.075224735374915e-14
8.415981233777339e-17
7.641658249676207e-14
1.2826000831183134e-16
1.7205459599778984e-16
4.580244528118372e-18
5.405773736220731e-16
4.201261689561054e-15
5.259982657606345e-14
4.2958440347133664e-14
9.162377657161046e-15
2.8806449389122623e-15
5.3148293189522076e-14
3.591204104603514e-17
1.0890790334246345e-14
6.068393761270204e-17
4.284057467379859e-18
2.399302283536701e-15
1.2245156073280475e-13
3.386730335601408e-14
6.382282581186471e-16
3.012634197392754e-14
1.975229380988204e-15
6.154242107470357e-14
8.057156394617192e-17
1.4385240947247969e-16
4.3133773514258636e-13
4.035402754670038e-14
2.3016522559978075e-13
1.1844367156427048e-14
1.3008088406141835e-16
1.3030752724943445e-14
1.566308503934101e-16
3.7282173314029576e-17
5.650327164395953e-15
2.5280761007759517e-16
2.1199787043050245e-14
2.0785756898791073e-14
5.386132399069958e-16
8.91475528584847e-16
8.85642332233252e-16
2.7346548100021075e-16
8.580898950744843e-16
3.941841765155315e-18
8.289491109657739e-17
1.884411356736152e-12
1.2844603819224632e-16
5.935803605752365e-17
6.97898147233926e-15
1.6631301127885443e-15
1.4488341848533034e-15
1.5192763186988665e-16
2.333553285854759e-13
1.8467239933223105e-14
3.003607980987462e-17
2.0757612106990177e-15
1.5255759268313494e-16
1.5049494146962374e-17
5.717799454326845e-15
1.7415831666371108e-14
6.687248597872493e-19
7.716424786633601e-17
2.610825980173397e-16
3.678109358379404e-17
1.4218543152306286e-14
7.142645297330175e-14
8.365560757912972e-14
4.70965308537892e-18
5.115431350703301e-16
7.95767715179947e-18
1.439983221396895e-15
1.0273518208474523e-17
5.596441924717428e-14
1.6667103926016077e-17
7.171605456653998e-14
2.420238481010474e-13
2.5066003435046535e-16
1.788579748107969e-17
1.9937722913547976e-17
1.0928000597241851e-14
1.9023985557580154e-16
1.3788430773364585e-14
5.819307187150559e-16
3.608729785611259e-15
4.33433343700135e-16
6.372604102099462e-18
3.3061693415023803e-14
7.291611987857962e-15
1.3621588046121566e-15
3.119113653612249e-14
4.517385392562985e-15
1.7627788387332276e-14
1.8337098046239897e-17
1.903267990701551e-14
6.985664066405801e-17
2.1003870819000913e-16
8.111944042554501e-18
9.231148160051243e-15
3.446541322942876e-15
1.6352996542758892e-15
1.1239324173934902e-17
3.601937027019623e-16
6.202824263466549e-17
2.323564169507163e-15
3.7965277059040596e-14
9.555690732708533e-19
1.4146187811361136e-17
1.3564133572331621e-17
2.069019368223381e-14
6.123538666049296e-15
1.860528406844732e-14
8.119942537787e-15
1.404145362353078e-16
1.903647110597836e-14
7.1424273664402e-16
4.699492701466859e-16
1.4366423918838371e-16
6.48766555940751e-14
5.6772086354340345e-15
1.438171210951616e-15
4.2404342527703327e-16
8.792431564166017e-19
1.0825630471904615e-14
4.703402326763201e-13
4.7603274282959034e-14
1.8475018381786348e-14
2.78483353177571e-17
1.0554591067885176e-13
3.5449044528465597e-15
1.0234530722574418e-15
6.473079962442281e-19
9.722539208386933e-16
3.7251795874926326e-16
1.4667266076986326e-13
1.4186857549963337e-16
2.7291615335389395e-18
1.976986255103583e-15
3.9296322369913584e-17
1.0696750440586008e-15
1.2290877577432512e-16
1.175982992737987e-14
1.495038662445127e-14
1.664299951689841e-13
1.360163062694844e-15
4.310438691319811e-16
4.156246591571037e-16
1.4088135773830672e-15
9.556172281185907e-14
2.3117212132390636e-17
9.65122101422412e-15
4.561096492102143e-16
9.929557656025972e-17
1.9074965313898666e-14
1.6107621068689774e-16
9.756425042418416e-18
1.2184456559014002e-13
9.489994295244432e-14
2.1723760595647764e-16
1.9842916239957804e-16
3.2169450792141585e-15
8.874170817047141e-14
1.736123348766484e-16
4.918335539816497e-15
3.786835731836207e-16
3.027187662799477e-15
1.802801471830366e-16
3.7029237926555934e-17
5.970712391992189e-15
5.0993407070582406e-14
3.080922136023701e-14
1.6188594559716803e-15
8.114681549718174e-19
3.977444481495669e-14
4.38869244494551e-16
1.7025110072218204e-14
2.057314818524622e-15
6.81021720724741e-17
2.452730915342821e-17
3.650823393309957e-16
3.5569615257439144e-13
3.011053573901392e-18
7.106948559257331e-17
1.4066202312234363e-14
6.680728764559594e-15
2.4187702303511452e-17
2.044095524821057e-15
7.459909922444166e-16
3.336399229112277e-15
2.8739928685265114e-15
6.192759227730807e-17
2.592601021868418e-14
1.3359225117923642e-14
5.5049289645498285e-17
3.780264917661691e-15
2.0382423602337306e-14
3.364941210076572e-17
2.0283144444103042e-17
3.470617404096927e-16
1.913103338619756e-18
2.6623052721827897e-15
4.498298297766192e-16
5.051678669915521e-14
2.6279165109068774e-15
2.3783860043234136e-15
1.2451147077472598e-16
4.312692143591539e-16
1.4283451001792933e-17
3.7635639359973995e-15
1.6177924098474743e-18
1.83224203200484e-17
8.96153976489731e-14
5.035679222959604e-14
5.57233214885977e-14
1.4416959567808327e-16
8.718378445726414e-15
8.335086342243771e-15
6.499660557508835e-16
1.997667322351615e-14
1.454031768451291e-17
1.8277313161502085e-15
1.913538207618251e-16
1.426277032716381e-14
1.273825976024326e-13
3.2099764330003686e-15
1.318653898839602e-16
1.8809332923732764e-12
1.8740854450785124e-16
1.1654668285281683e-15
2.864628912514651e-13
6.193809820260375e-14
8.504350827458864e-15
1.0383972301521613e-14
4.3368903077774455e-16
3.972609797372828e-13
8.802209859072756e-17
8.99588184739003e-17
6.344009355587173e-15
4.191917233555076e-12
5.454205698458977e-16
1.3272502612035337e-15
2.111978797646631e-17
3.61281991930074e-14
6.083236040026397e-14
1.2119207895910893e-15
1.6020225801917688e-16
3.7675574457303057e-14
4.2998582747189434e-16
1.835695403396919e-17
6.649044756432312e-16
6.533203742177371e-16
2.5106076109615787e-16
2.688354318851978e-12
4.0815034583749605e-14
4.2532812854086476e-14
5.1429191336463576e-17
1.8713308709352594e-16
2.977121499315078e-14
4.238180038691356e-15
3.821696563768447e-15
1.426141886218435e-15
3.603332538507523e-14
1.9491701200778146e-14
4.000970152327637e-14
1.5489451539657555e-16
7.072930593875797e-14
1.86916964633288e-13
2.700804416289611e-16
2.952812160518831e-19
4.0351189732323693e-17
5.076471060448894e-16
1.4224127827185928e-15
4.041512440937586e-17
3.9164434244667926e-16
9.65877622751854e-13
2.484170262558352e-17
1.8261821435085507e-14
9.801504491133275e-15
5.356685893725906e-16
1.8142077087137421e-13
4.513143259494874e-18
1.9618262296466288e-17
1.2060948412647124e-16
5.402802570443905e-14
5.378740120321822e-17
1.5834968164519951e-15
3.293547205231126e-14
4.43559620443825e-15
1.1852518919637665e-16
6.259871104811573e-15
8.504765144013581e-15
6.783558942575126e-17
1.3098878674886513e-15
1.721777367014781e-16
3.660518917879435e-17
5.69966543543325e-14
1.4905871605164118e-15
5.477483248515885e-15
1.6683879359241758e-16
7.700198572591048e-18
1.7272398992907052e-13
1.631863841654155e-16
7.537458223920552e-17
2.5614668405028324e-16
4.1995784269679206e-14
2.3976723922523737e-16
2.1519653188173667e-13
2.1515897396569934e-16
3.2858023405475403e-15
6.381151880751249e-17
2.699648709768188e-15
2.243247152301173e-15
3.1050119123653584e-15
4.144702502264271e-14
2.094947327022547e-14
9.663738699454925e-16
7.737728628469375e-17
3.263464953746825e-18
7.019843278043421e-16
3.4176373476741956e-14
1.3523685578105003e-14
6.170729580821268e-17
5.963960606899734e-14
5.684825472012354e-16
2.974972578524969e-16
5.377936526776397e-15
8.27561745228228e-17
1.9685068810085133e-14
3.796108685971523e-16
1.4787395542216768e-18
5.267008003903962e-17
1.9464464859576627e-15
1.2206321605927875e-14
1.0933091365816957e-13
5.358023469080051e-15
1.4216488194459028e-14
9.010136729017041e-15
2.16094507224869e-15
1.195992564843293e-18
1.1507138119742994e-18
4.160914040977104e-14
4.575215678510885e-14
1.821055312592744e-13
1.1299391723042875e-16
3.2608013063344815e-15
1.3456665979114407e-15
1.2583418567342922e-14
9.03689606255029e-17
1.3324737443779833e-16
3.0638447575385e-15
8.907868388689255e-17
1.9614031945923747e-13
4.959478261543042e-14
3.0520257539827485e-14
1.573111321971039e-16
1.3137971155665047e-13
9.912284902824436e-18
1.8915966455105228e-17
4.500783601991279e-14
4.40610013623389e-14
9.233447569023193e-15
2.775296502247693e-14
8.080065787923239e-16
3.895394327206336e-16
1.0740652026784126e-14
2.819802173380978e-18
1.055707930429467e-17
7.883269570789096e-16
2.902710842728041e-14
1.6426575339171371e-15
1.0659741938048975e-14
4.263482676829053e-17
2.4566374263085607e-17
7.161015902169456e-14
1.6251013372537303e-15
3.451511205326342e-15
9.111689671307154e-14
1.090335779711384e-14
1.581316007539313e-16
1.8822962128787058e-17
4.752847505578499e-15
2.5264800054551923e-14
3.790344013047908e-14
7.416235525804333e-16
7.505105801246647e-17
1.5890125454325187e-18
2.4217156585501664e-17
3.080258806495398e-13
9.285505302688282e-17
4.591047451172093e-17
3.7097167934406595e-17
1.7218076781811655e-15
6.083508969051203e-16
4.108365095877959e-18
4.190993563346607e-17
3.80111194644827e-15
5.195822947879745e-16
5.271115192224152e-15
3.1755963846775583e-13
1.297793014101369e-13
6.088880441992375e-16
1.4424536578873244e-16
8.786997425880348e-15
2.117163153134365e-17
5.586757854198423e-18
1.3404736131413208e-16
3.338864493111332e-16
1.4133134101498704e-15
3.580283662495116e-15
1.743609411466441e-13
3.9456521271890565e-14
1.2120170597948375e-15
4.0899044713633674e-15
4.3267319141524773e-16
6.0016379386314405e-15
1.4389788639317335e-14
3.5840399696688935e-13
1.5055504783419037e-13
3.465976015622778e-17
4.899947436540203e-15
2.84008517930466e-13
3.14069839765154e-16
4.490901532398904e-13
1.8904040275527126e-14
2.5729278309900332e-15
5.87661322502495e-17
7.543176549974496e-15
7.509224264685286e-14
7.068866826855448e-14
1.0097295639607068e-16
1.4041820263152113e-15
4.976947428111983e-16
5.18602063862505e-15
1.9474061331067244e-16
5.665114183194618e-17
2.6151566267963996e-13
2.1368417923251418e-13
1.8954648871500822e-17
3.0397263945815618e-15
1.1546125400453187e-14
9.135079867742782e-17
1.6270111625046188e-15
2.81433461159475e-17
6.322219600914934e-16
7.567561325106079e-15
1.6657733503957342e-14
2.3770773560017836e-15
5.013150374718615e-13
9.964837964127287e-14
2.515867017817626e-17
5.215491519679403e-15
2.296525857568751e-15
4.2615258190239056e-17
2.7410285533676806e-14
9.19271435641106e-17
1.3360814470296096e-17
1.313158864502483e-15
4.729582474803965e-16
2.3526154135086482e-14
1.2516328085915831e-12
1.021293023209103e-13
8.368208557500667e-17
2.646095904395242e-14
1.94966960453576e-13
5.363278657317426e-15
1.944605153892352e-16
6.05437340342171e-16
7.241831184445089e-15
6.653859673680781e-15
3.0789744782470355e-15
2.3278253467959337e-14
2.0518147176802004e-17
9.7499898984498e-15
8.067309914336031e-15
3.4209825282763124e-17
1.182277609347211e-16
4.873652207283991e-16
8.535652231631965e-15
3.702932680048367e-14
2.759594344675438e-15
1.0579799624321036e-17
1.123280338388453e-13
5.875701782606669e-14
1.6511048071122945e-13
1.101385382724097e-16
3.1776298046415242e-15
1.7992144719577407e-14
1.9649701507929713e-12
2.4411534026290887e-14
7.870468853094577e-16
1.2208269644021155e-17
1.0028689726067461e-15
6.178307361116229e-18
8.350220332321785e-15
4.362285196572989e-15
9.807055908827922e-17
1.959361540801865e-15
1.0755816725617133e-13
2.5433735683762667e-18
1.5400712484978268e-16
1.5589856800498242e-16
3.250053466902609e-14
2.8582155856123124e-14
1.0813469595428565e-16
5.403321489781286e-18
1.0307648521918598e-14
2.957150325014213e-16
1.4762487356175522e-14
4.754002389908546e-16
1.523423192253456e-17
1.6634237209322476e-16
2.4371761727546705e-15
2.2177435924939908e-14
4.5550662176987324e-14
2.9459420389132945e-17
1.0746724630408148e-14
4.641864546812942e-16
1.6711010656804532e-15
2.231603665073819e-15
3.398221847920054e-16
9.967434575403023e-19
1.2542575445381807e-17
2.5692469389114512e-17
4.0266746585792104e-17
8.062822139256683e-14
2.2590374415958156e-16
2.318683443631017e-16
6.3088950051501144e-15
3.7774178403292265e-15
4.827052777534009e-17
8.060689436853307e-18
3.4873521418364334e-18
8.068857552191899e-15
6.554813891101009e-14
4.331911199723579e-18
2.293248714162684e-15
1.8263402499188737e-16
3.88844920813237e-15
4.571685818601745e-14
1.0247585060438252e-14
8.649267078508865e-17
2.889357752817544e-17
3.7438976943631373e-14
4.3120803150430764e-17
1.9573834396934843e-18
2.484692483847189e-16
2.4363837750504146e-15
6.642952600720931e-17
8.92979716686571e-15
7.874053270931284e-18
6.532201798207751e-16
5.858878110051151e-16
1.4877636166592787e-14
3.6469861385837804e-16
1.225819005296769e-14
2.441887748145633e-16
5.041497958222686e-13
6.778417617094857e-15
4.362793573572886e-15
9.433198665915544e-14
2.4111186920275596e-18
2.5235025002178526e-14
1.2761199406710817e-15
5.921472076732368e-16
7.58837875537903e-14
2.3367422046100304e-17
9.656665731804567e-15
8.921848976389572e-18
2.2286174648055255e-18
6.073304609226465e-15
1.2263775427689113e-15
1.762000955940135e-14
7.563677290771054e-15
1.5210502677236977e-14
1.5715744723029519e-12
4.0233200757449357e-16
1.412055228233444e-17
8.84612833841448e-15
6.317363913174301e-15
2.294533185634598e-17
3.8078519354693975e-18
4.134240410577363e-14
1.216016867291379e-16
3.8338333320994874e-14
3.3276049576809495e-16
6.135344910292635e-16
4.636114044926184e-16
8.333317566579376e-15
6.656632900257285e-13
5.602255549730527e-16
4.984835406780415e-16
2.3469974937549354e-14
5.730562633373314e-16
9.980417605453933e-18
2.3892676440369787e-14
1.255467605097745e-13
3.828728418616585e-16
1.2968007186523518e-12
1.3243690085948033e-16
1.2082460207741237e-13
5.13517238341065e-18
9.133647200934667e-15
8.230375606978836e-13
2.5850640378825866e-16
2.1521659663458124e-15
9.29216006095799e-15
4.435522204291973e-19
5.017403270386339e-17
8.127135764331699e-15
5.57671941349937e-15
1.5641223231462528e-14
8.037070223313487e-13
1.5673697546366774e-14
1.1903113799740214e-16
5.800220463741531e-17
2.2563872589420623e-15
2.1386127689858614e-13
7.339429558141651e-14
6.083092427827525e-16
6.565434150986889e-15
1.987269822163302e-14
1.684249406312138e-17
8.909939175888652e-16
7.786254966026073e-16
1.3872935035686347e-16
6.334000613848955e-19
3.12025647956121e-17
5.654383441514597e-16
6.6775190650808494e-15
2.9316931956825448e-12
1.6892624169655449e-15
8.3627473812312e-18
1.1650840325795407e-13
4.826064209161214e-16
4.632775316128359e-15
1.110046101464626e-16
8.164904430714448e-16
5.337215744333984e-15
7.890359245045793e-15
1.9647591456582637e-14
3.893652854630633e-15
1.1121251158128774e-16
3.294818781455669e-14
2.203301246502611e-14
7.304073618699077e-15
4.549226214146263e-14
3.6289955899122566e-17
6.802174360014908e-15
8.720033271539241e-16
9.93789699482539e-16
1.3081984353868913e-13
9.273933698495846e-16
2.12708478260982e-18
1.309769854311408e-15
1.1309516051573915e-14
2.943319325176305e-16
2.071955222148667e-16
1.767987403952602e-16
2.8157139282985382e-14
6.815231426024132e-18
2.27047666835689e-16
2.0278799766508444e-17
1.1979244066214203e-14
2.1909195711531187e-16
1.7675369697669274e-17
4.4718486529824553e-13
6.164093389460129e-15
7.408537391591673e-16
1.3838010338407288e-15
7.940021660342895e-16
9.472218941271356e-16
9.423600685701854e-18
1.5387574497101194e-14
6.600770018791405e-17
1.938767245537328e-12
7.32223855996854e-17
3.3532142612124876e-16
4.906711253098818e-17
6.185311708760358e-14
6.353159894108024e-14
9.298289165822836e-18
9.25625370622044e-15
3.871020043391761e-16
3.4126691514897666e-15
4.352653565586727e-14
1.0364568688519268e-14
8.721012512085148e-14
3.310883303983763e-15
6.607334472093716e-14
2.0231103546797725e-16
2.3380503449223072e-18
1.6418289005353514e-17
8.390566593220418e-16
2.907276678916303e-15
2.7523234881998597e-18
1.6142758775373987e-13
2.2826881394060805e-17
1.5022407158394892e-13
4.453736209240326e-15
3.453677433078812e-15
7.543422152047434e-14
4.197732130058883e-18
2.323057431002934e-16
1.9026480420736902e-17
2.608650421703151e-19
9.781054389781583e-15
7.220081459956509e-16
2.9908259998639025e-14
8.179320464700504e-14
1.480854867743201e-17
5.580468844115952e-17
1.1595940973230137e-14
6.395311955547311e-17
1.1687685694249394e-17
1.873276582292997e-15
6.6128459307655675e-15
1.9364089707405294e-15
1.5275948623940546e-16
1.4079289664998984e-13
1.5442686278361518e-15
2.1478223983906822e-14
2.810270150554014e-15
1.896007821853622e-16
3.836792577206966e-15
6.04848790399701e-16
1.4735265393579987e-15
1.6784738229875658e-18
3.8857121438074604e-14
5.472959792068859e-14
5.736445637189291e-18
3.987671797858341e-16
5.078040581719022e-14
7.423905115504677e-14
8.215908540758883e-16
9.151204472000318e-14
3.902277686176798e-15
1.144371696370878e-15
2.3914342595570746e-17
2.141716026116269e-14
3.449349786366014e-15
1.66981711097062e-16
1.2777331770068368e-14
1.8695886684601135e-13
2.993854036207264e-15
1.71300562452162e-12
3.944421126321838e-15
4.49320298115232e-15
6.00653136975312e-17
1.289090954914175e-13
9.131603065438403e-14
4.095208374836472e-14
3.40605808050544e-18
4.035217059677816e-14
2.7298524502945586e-15
4.6279656406825964e-17
1.2152335280738364e-17
2.0788120877413947e-18
1.8572669601381496e-16
1.6753275466042177e-15
1.876346753709506e-14
2.6440362239406537e-17
2.270154222879466e-14
4.6006929782616145e-15
2.0671895803565448e-16
1.0126503178050166e-16
2.7548713879016065e-16
2.768663898840484e-13
9.008483279359787e-16
9.390068810914474e-18
3.3248192199975016e-14
9.28455297281737e-15
1.6036598977099722e-14
6.432067612783127e-15
3.3171760236697056e-14
9.123056129699373e-16
2.207517676492056e-13
1.4490057540862343e-17
1.5225230817131976e-16
4.902260591878936e-18
2.4703446900168446e-14
8.206780513983432e-15
2.952871252179445e-16
5.4442458925271285e-15
4.023756085550934e-15
9.182914791807795e-15
1.0578859208582295e-14
1.7389229350408846e-17
1.2739849799156436e-13
9.260943949395867e-15
4.104817951385804e-13
9.561868360074093e-17
2.6738557205951274e-16
5.372116589575458e-16
1.529460213793062e-17
2.134195001243893e-16
1.2391424101156613e-17
1.9864483914005702e-14
6.473164703926618e-16
1.9816769644087794e-14
3.114802852661884e-16
7.444148624843427e-16
2.383799068132258e-12
6.830827772004508e-17
2.854248338726037e-17
5.0013499091743786e-14
1.1968097728655679e-17
3.2416789952553355e-14
1.2526119074786709e-15
9.707835156834085e-17
1.8681149266647088e-14
6.566192237101164e-14
6.663074369367088e-15
2.8869486131276516e-15
1.235372711261131e-15
9.196441499468189e-14
3.467359515238834e-16
1.960734423311641e-14
4.6659300767539096e-18
3.2930060670720688e-15
4.404217562981392e-16
1.7254014348340215e-14
1.8767768549283114e-15
9.167161663719842e-19
4.4321449857636574e-16
1.379669721870057e-16
4.3519062749769573e-13
1.4621892989381265e-16
1.5545227372119073e-16
3.8240851190652614e-16
7.084205261888911e-14
4.8567389886726866e-15
5.515422036567146e-16
1.5804095642948574e-17
5.217755616936706e-14
6.636624633079071e-16
2.2471200921016183e-16
1.275808027816733e-14
5.5667210934482585e-14
2.039397774025898e-15
1.366230345585055e-15
4.890660033515268e-19
1.718034695547858e-18
6.419321133329e-15
3.098594241290965e-14
3.094773440261033e-18
6.116802724008568e-18
4.214719987361033e-15
1.3839691736113199e-17
4.5744119197943855e-14
8.979806409140123e-15
2.7885351013224956e-14
6.154937638118642e-16
9.947681700467377e-15
6.579377649655885e-14
2.8553506124042634e-16
1.978258660931216e-16
1.2482396964881583e-13
5.783733032783732e-15
8.210133967227661e-16
3.236685469061696e-14
1.4288238188883694e-14
1.5962252798625417e-15
1.0228155398820853e-14
9.239695287433337e-15
1.136191319663884e-13
1.0364802302578849e-14
1.4258125690829858e-17
6.264985081348542e-19
1.29824363214284e-18
7.150193507322624e-17
1.559722399469977e-13
3.111338693084766e-17
4.3911957598963935e-14
1.6755680058493333e-16
1.292779802486337e-15
4.993576387630498e-16
1.4390967302869893e-16
1.2247937400772006e-13
2.560217685671259e-16
7.046056685530816e-16
8.534469210451402e-17
2.5421446599191444e-15
2.392379722304408e-15
4.426871985518874e-15
1.2918728859414976e-14
6.380818624868866e-15
1.6881014608157206e-16
2.486710786323033e-17
5.468032697054248e-16
3.282593639159147e-14
3.128739392832914e-16
1.6993340014355354e-16
3.80920919043368e-13
3.9114884070334715e-15
2.487005314092256e-15
8.194872747660937e-15
6.34510848975185e-17
5.696556220694171e-18
8.269503952299706e-18
6.557138199575305e-15
1.2418072659810084e-16
4.655771350125265e-15
1.528845958276911e-18
1.2846961534655651e-17
1.1075523969566612e-13
2.407098559964181e-15
1.152741554296841e-16
5.980192126671573e-15
1.893765566914947e-14
1.3224449575150283e-15
2.428862892335598e-17
1.1100857812159625e-13
1.8327547249027492e-13
2.203105085797566e-14
1.4626771560247186e-16
6.681787577886608e-15
2.7375333542225974e-18
4.5347237717838336e-15
2.7871332875282676e-17
4.7249058006534435e-17
1.840631070625686e-15
5.378196004490561e-15
9.694358527814794e-16
2.566539097829538e-16
2.0781173714057058e-13
4.495527549963076e-16
5.814898643682053e-17
2.2649820728140537e-16
2.0253959788963914e-14
4.4061928304388043e-16
7.700546538501146e-14
4.085327569599881e-14
2.1862748340432067e-18
1.6353125073752822e-13
3.4362113398015782e-15
3.5468755583569445e-15
1.3464980413479266e-14
1.4583134473256167e-17
9.477492647920049e-14
4.472313597769101e-15
1.1315045330409227e-17
1.3728975605560873e-15
2.295344443202947e-17
4.0014482770342394e-17
2.2870635468269947e-16
1.735747828646777e-15
2.5619283097081484e-18
6.563083441918304e-14
6.535478250492943e-14
1.4754787034720804e-14
4.070881360271604e-13
1.7468434896430324e-13
1.3742888950963063e-16
1.177873961832446e-13
5.1481494681396253e-14
3.3554230053883527e-17
3.034176501563625e-16
6.529570039006259e-15
4.571135077197008e-15
2.91364222885842e-15
1.2898360499890072e-17
8.100246247972484e-15
3.2335692344489446e-14
5.317158193516996e-16
1.3453532219227973e-13
2.753206343920134e-15
1.7604512263974336e-15
3.7526920080121913e-16
1.828559433001796e-18
3.234332784266492e-16
1.7567340747106298e-15
4.151768789742409e-14
9.35316437280569e-16
1.8933522832306775e-18
2.976879955495632e-17
4.530376556893621e-15
1.4202707105984451e-14
2.1322883170521014e-15
8.081314875257049e-17
1.7610010159657173e-18
1.1240771533126997e-15
1.40032505988476e-14
2.2469352023252276e-14
9.553494008852168e-17
8.480364670283752e-14
1.4564134977580753e-14
1.2911095926056858e-13
5.843107458228226e-14
6.782343106997251e-15
7.42486209009665e-16
1.2517192789983489e-15
1.0058611522053269e-14
1.2832159295061621e-15
2.469600331053713e-14
9.404450027421761e-15
1.0566397084696029e-14
1.0811160758236085e-13
5.330379025403899e-16
1.2558191095387874e-17
3.569495092626331e-14
1.611192277090499e-17
6.737240328684805e-14
4.022614986261588e-14
5.191935029476972e-16
1.1972784212817958e-17
2.6378575182664936e-13
6.589224542499619e-15
5.010979772633253e-13
3.477671549514368e-12
3.860172562524946e-15
2.728545549275657e-13
1.2369949889499826e-17
3.730577734139091e-16
3.729166566276789e-16
5.461354497570516e-18
1.6567704241101372e-14
2.1204161766143866e-15
1.4343307874691483e-13
4.533346012979194e-16
7.481925903918722e-16
5.0172435116071384e-14
2.906147466505721e-18
2.2022393958374013e-16
1.1671865159375731e-14
2.1266667976040575e-15
2.5710823232053776e-13
2.5207504542341643e-17
1.1500242897007304e-16
8.757383174367979e-16
2.481647887855684e-14
2.489749706377133e-14
1.0210976602847932e-16
3.722318413940565e-18
1.585828961856524e-13
2.0651758393137225e-17
3.861361519748494e-14
2.2032600757144375e-13
4.615639988802526e-16
5.134123145082222e-16
4.721194582605083e-16
6.8817847851697695e-15
3.5706838037585234e-13
8.369402087392724e-17
4.090593330232692e-18
1.2194365063956543e-18
7.991234085000855e-15
1.0065656603324122e-17
2.5965772311715616e-13
1.2233642107681167e-13
5.851980062000347e-19
1.6780297287688218e-16
6.644214468335075e-15
5.833005535098095e-15
1.1812468406511993e-14
3.1905314269852316e-16
4.12984088538977e-15
4.442120807051255e-16
4.3694861284957137e-16
3.071149109796613e-16
7.379949718714872e-18
1.0503387909140501e-14
2.6975686651325098e-14
3.046164898774784e-15
2.0852138306178156e-16
5.427586830808795e-15
3.333882751888879e-14
1.0322880352548137e-15
6.287164493353194e-16
5.843318464585932e-16
7.282759434401765e-14
1.3459203388446741e-14
2.2228989071070183e-16
3.4641083284055696e-16
9.691606752911823e-15
3.444942914148641e-14
6.451571356851838e-17
9.468215564939827e-18
2.1554463913196777e-15
3.603850818186934e-15
6.987540851525507e-14
3.3840034730599476e-17
7.34726288993802e-18
8.747208019578624e-16
4.810280185193511e-17
2.430622670035573e-16
1.2294637194881686e-16
7.516295944810108e-16
2.521440625173888e-17
3.866095877919761e-13
1.1035526275353521e-16
5.110631437436574e-14
2.0786399436736093e-17
6.486512273549476e-19
1.4859430623129481e-15
1.2733384549175807e-17
3.5039585210580935e-14
4.056330528318477e-17
1.8469165177706874e-14
2.0429688307665854e-14
9.517167304187536e-16
1.2959567350611348e-13
1.9346588145627323e-12
3.777043001154944e-15
7.309550071535436e-17
1.545219440901174e-16
1.5620688927459698e-15
2.6197521735612967e-14
1.6249034272490839e-15
3.626229541559489e-15
2.400927367992974e-15
5.931536793058758e-14
5.409964494430965e-14
6.2535886500550556e-15
3.1716279382807904e-17
3.3383530685223123e-16
3.7281938531257075e-14
1.1583310650114203e-13
5.424381013831031e-18
3.252744082645803e-16
4.616769868661183e-17
2.890481680780932e-17
2.058129261736935e-15
2.550292509187965e-15
8.928020495445431e-16
1.0036174803840709e-13
1.789166080279335e-14
9.043239680068811e-15
8.108498134899865e-17
1.229539496289033e-16
1.6842064052993094e-16
1.5191755446618312e-14
5.742102554165794e-15
1.8117703905643086e-12
3.3576453464076973e-18
2.613454097450682e-18
4.465948781658701e-18
9.157054466264684e-15
9.898927006515538e-17
5.3412941412315914e-14
4.022693510801197e-13
9.688604983680685e-16
5.439755971939208e-15
4.890121495381651e-14
1.1231443758866691e-14
1.244755057067845e-15
4.4355137502937646e-17
2.902304329333899e-17
3.304395617190217e-17
1.7395616346890518e-14
7.121897448207178e-14
4.812314189285678e-14
3.4822113103470473e-16
4.087837073801747e-16
5.59332051996873e-16
3.1740307502235914e-18
4.0092053435356395e-17
4.618987425542842e-15
1.811114681516964e-15
4.276861071776881e-14
5.640276409397922e-14
1.6222009174227864e-14
1.0662370023031326e-16
3.529904418220853e-14
2.2571881171564607e-14
3.041851820018121e-16
5.4621379239264696e-15
1.3982227401139129e-15
5.153523909323501e-15
7.67029147849299e-15
5.0377775383354e-14
8.414464230781504e-16
9.848325067502358e-14
8.98154943198437e-18
1.0072650992260556e-16
5.386101410014138e-16
4.362595601782589e-16
2.5528480669401943e-17
2.970075080464216e-14
7.737204972700533e-14
8.085439656927779e-17
1.741778994609173e-15
8.069199333394847e-16
2.3068580387183773e-15
1.550594257676394e-14
6.719287034589842e-16
7.133199434646847e-15
1.339903301872708e-13
1.5726443827894846e-15
6.458394424266836e-17
3.1346236699371674e-15
1.9194821428838003e-15
5.418247532698766e-14
2.6869369253481305e-17
4.7947728529628905e-15
7.906464638767591e-17
6.338406998997116e-14
1.5062303348514393e-18
4.2898041602987926e-15
1.6343467234522535e-12
6.280701866351378e-13
8.839917630358297e-17
9.674905988090737e-18
2.2111380927467276e-14
1.0281075933041156e-16
1.0090162940435007e-15
3.4086812351831834e-14
1.607483703369191e-15
2.9834214212400827e-16
1.1030359939279989e-14
7.82240533260393e-15
4.252433677493606e-17
3.4969188282277166e-14
8.127869967476778e-16
2.3373669780592956e-16
1.3775672221774441e-17
1.5513695321533405e-17
1.3014471815832663e-15
1.9877131983275756e-14
4.591929744573399e-15
1.0990891699006618e-16
8.626541758390207e-14
2.0922404206421698e-17
3.729002373915331e-15
9.282031779862266e-15
7.636042433208765e-16
1.9866791445203003e-15
4.371805514204928e-18
8.139979946302443e-15
2.3054741556043094e-16
1.6297783759314515e-16
1.9897345128037522e-12
2.0554186291548768e-17
6.374518061689684e-14
1.861105813829948e-16
5.791274340501367e-16
3.84131793657298e-16
5.866908983921339e-13
1.849308390421775e-13
3.026019998702288e-19
2.8503720346982146e-14
3.270728004044056e-16
6.321171826949902e-19
6.17479056603359e-15
5.363070887234488e-17
3.738072996494769e-19
2.762460904279741e-14
1.142775152076868e-16
2.9367823633629506e-14
2.168827354762586e-14
1.521678921740841e-16
3.385523382154362e-15
1.1130195121118248e-15
2.903266977061313e-14
6.086451053955537e-17
1.20506702123217e-15
1.232490870414496e-15
7.536370604353875e-16
1.8725387844427758e-17
2.1883303577548958e-13
2.0674258566297523e-14
2.7152357717842286e-17
3.650765545343893e-17
9.470678320754822e-14
9.249946894256604e-18
3.2306773701193856e-13
2.2322600873897165e-14
1.462586733624011e-16
4.325741290305086e-15
1.4635447349355312e-15
1.2062591701021056e-16
8.984044193281021e-17
1.9223356623913857e-15
2.837336789912723e-15
7.71496164704879e-14
7.562015026817485e-14
1.1007362471826e-17
2.637223854722769e-15
9.030584754862783e-18
1.738627625685003e-15
1.3527718419907586e-14
1.5296035675257253e-15
1.5290898171506666e-14
5.590462235925823e-16
4.095251646344177e-15
1.7152968183610834e-14
2.3714295382428097e-13
5.037472652419142e-13
4.010174359681753e-15
2.451128327969112e-15
8.202567689390317e-18
5.196231935794184e-16
3.3524971592111786e-15
3.5656201371546505e-14
1.075438618575339e-13
2.7939985757881134e-15
2.02476242352756e-18
4.457620804386958e-17
3.919361349187787e-18
1.2784297902125592e-13
1.1475339214853533e-13
6.144511919329889e-17
3.848321358581478e-16
4.74388393398729e-13
4.504424946886623e-17
3.207297665271992e-14
1.13925271537915e-14
2.113576054747567e-14
1.116476946683395e-14
2.18337494519645e-15
4.2371242810698353e-13
1.6921387765280552e-13
9.202757589122517e-15
1.519126617696544e-14
5.2607323169753584e-17
1.4338196527185592e-15
4.593567008578963e-16
1.80656250560545e-14
5.655505634996967e-14
2.639707231863982e-16
1.4753900306694174e-12
1.0058663256384178e-15
2.841930932606953e-13
1.5981552827857276e-15
4.494553236318132e-16
9.772775330672058e-17
3.1231804124672295e-15
2.2421686619067537e-17
9.37618407033843e-15
8.406641288029166e-18
5.211231128311212e-16
2.326005739902514e-16
2.961361953302157e-14
3.691570268995891e-15
3.911485994837206e-16
2.6300024062247973e-16
4.162939396232713e-15
7.423801948488557e-16
2.7250834682104755e-16
1.0251982520494966e-14
3.3421004707555006e-14
9.508363375930252e-14
2.9470003011362465e-16
2.7780791563283534e-17
7.904833365273775e-14
9.950674592784454e-16
2.9901532682926875e-14
1.0546898448763655e-13
1.7895499788556535e-16
1.6526431087798785e-14
1.0296619753513963e-12
3.7599116410722455e-15
5.3270734105171695e-15
1.592182110419255e-17
4.067250307948526e-15
7.092498523587195e-18
1.3526570980983485e-15
2.659423886299067e-16
2.2500485502440497e-17
2.1610275487184325e-18
4.470966770662036e-14
2.830289329767007e-13
5.7199232063953265e-18
7.290226458429719e-18
6.3107597378302484e-15
1.2627681988775422e-13
2.2453532754309097e-14
1.4755145771770426e-13
7.167115591825877e-17
1.449880064343145e-15
1.1968019494454933e-14
1.5807314618749148e-18
1.290836194155746e-14
4.6172746323928614e-14
1.1925216535045752e-14
1.759338480713185e-16
8.342702099595655e-16
1.2294328976396452e-15
7.828161905018481e-13
2.506031316498493e-14
1.2327224672133327e-17
3.007590955039427e-17
1.0355373975935608e-14
5.577484017555264e-15
4.593647158708731e-15
6.910378304648405e-16
2.317776742098066e-13
1.5929179439110284e-16
2.897606735386835e-16
4.243973657818087e-15
3.818029925205063e-15
6.010455915586508e-18
3.697451194496606e-14
5.314061521494327e-13
1.3283326200369122e-17
4.755166309544676e-15
1.3440012205732139e-15
5.546956019629719e-15
3.955027131707031e-15
1.394599721153719e-13
5.271314713650778e-16
3.278650011830725e-17
8.311623596729424e-14
1.4522590845776915e-18
1.4573494592046803e-15
6.58807706036226e-15
4.296042840580309e-14
4.946125386830244e-16
8.354008197019574e-17
1.955464821083123e-14
9.844037185545847e-14
1.9175918481768264e-18
1.32320355909495e-17
4.838086748860652e-17
4.364276352690975e-16
1.2635685216866704e-14
4.8094970566738414e-17
1.666210665394093e-12
5.122383952699051e-16
1.6929080595030484e-18
1.3510901887593057e-17
2.123278219543849e-17
1.2405160522157393e-17
1.9008312843180463e-14
1.664286062712362e-15
6.296061602211095e-19
5.556837024606615e-15
9.449579402558152e-16
2.8808795754076013e-13
1.3209002533297513e-15
2.409530566644787e-15
1.2968402908309849e-18
3.9226082856027036e-16
7.449714312236684e-15
6.389090351101503e-16
1.4657445435832169e-15
2.575896130242883e-14
4.63626082319583e-13
5.154440870701468e-14
7.187821949138977e-18
1.0360393225186969e-17
4.892515080290387e-13
6.957394416756549e-14
8.258497024767838e-15
7.308573087481043e-17
1.7268078318772712e-18
2.231459871810019e-13
2.868109139152503e-13
1.2756239939653665e-16
2.554819601155311e-14
2.5352325390051957e-14
5.299505591054741e-16
1.4451629481582507e-16
3.0613482293959454e-16
9.497060418073842e-16
6.446004216672499e-18
6.191185597736254e-18
1.0982215483911135e-13
6.002816781204925e-17
7.723904881969297e-18
3.2766225974502954e-15
1.654784615390509e-15
1.376986144820926e-18
2.014977539568212e-16
2.0108458038168932e-19
1.0655313746332175e-13
5.905492295448598e-14
2.2078945602569187e-16
1.6097242284757623e-14
1.807156660597112e-15
1.337449527604491e-15
3.220887790011233e-16
4.636872438218927e-17
3.8579936052475946e-15
9.330955929782231e-18
3.2248257589101803e-15
1.982303944210443e-15
1.9226093412245185e-14
4.947145706591398e-13
3.9286139386087154e-13
8.502170446856642e-17
2.8798057672482104e-16
3.246488769478854e-15
7.571546011039612e-14
7.25480986493811e-15
2.512925182275801e-14
3.562973530143432e-16
2.5422757143414856e-13
6.945323533836518e-15
2.3517745863274583e-14
5.117895015641452e-15
4.356198432525651e-17
1.0694511179691348e-18
2.287141868750931e-17
7.060653462231653e-17
7.652734283800278e-17
3.649494784993823e-16
1.0112572609825333e-14
1.9163615099007207e-17
1.770813662676247e-17
3.6348253986964444e-17
4.260711695371905e-14
5.909313161541282e-15
1.2593645927051334e-15
6.1864010638131086e-15
6.565569405802607e-14
1.0819814891405085e-18
7.080258201326261e-14
2.0760728898179507e-14
4.327394785300669e-14
2.5079861988549785e-15
8.540240874683884e-15
9.570600934874192e-14
5.5212257611056696e-17
4.752910897163388e-14
5.367935201680098e-18
5.593685708350854e-17
1.398429291182065e-14
1.3071389067296676e-16
1.2723804156570914e-12
2.296062323984878e-16
2.2388747391681348e-17
9.713358448559128e-13
1.5847482493409271e-15
1.0148610971317164e-13
8.489881787449562e-15
1.2678233474662173e-14
1.0815939049532107e-17
3.048185588884147e-16
3.320609723159714e-14
1.3520866529305696e-15
6.0962310320563914e-15
5.0078458242262897e-17
5.313580524469355e-17
1.0522470796531685e-15
2.9360622483887567e-13
6.202347301076089e-15
2.8079641088314802e-14
4.958627382699034e-16
1.7462722516064255e-16
2.4050872637497265e-16
1.0005288654844716e-16
4.121897159760369e-15
2.4082014585507443e-15
1.712815850924851e-17
5.390319908497887e-17
1.4290003159859852e-14
4.158251210895132e-16
6.996826880401309e-15
1.6343614561300516e-17
6.430491934345874e-15
1.6170300197398887e-14
2.5405524502453797e-15
5.264664097380984e-16
2.247690892692147e-16
1.0526315958132575e-14
6.257466011376257e-17
1.9409340489893415e-14
3.323683386649538e-14
1.6138228621520963e-14
2.7143076008878065e-19
1.5309014038437182e-16
8.202293789790782e-14
