4.54326228985927e-12
7.675521842191993e-14
2.20364738949353e-12
4.296490105771542e-12
8.305174402901712e-12
1.5850430053029641e-10
1.1807448066108358e-11
4.294045360484513e-14
2.553031196216562e-15
5.25650306336133e-11
1.5586656644582472e-13
6.389018324597713e-12
3.5935551720957183e-9
3.2822588548753755e-11
2.7410464958372316e-10
2.147201424967184e-15
5.077391211889838e-11
7.182427524599839e-10
1.0192771178461703e-13
1.4128667878051006e-13
6.08567937315612e-14
1.5718804202846814e-10
4.194493592408211e-15
6.32362799769876e-10
6.849471576229034e-11
4.976461370333225e-11
6.153239970444174e-14
2.7563632392144164e-14
1.8091777551454835e-11
1.7351574287071466e-14
8.771695400279971e-15
8.953341616886254e-11
6.835235893790809e-13
4.509955800053356e-12
1.0721545913257828e-11
2.5385804539357474e-14
5.437009965488308e-9
4.5250161309443637e-13
1.33356233682695e-10
1.2302451201798115e-15
2.1643140885235382e-14
8.566231175966497e-14
6.527957748559075e-15
1.3548296265578218e-12
6.560679307356889e-14
9.50066479252196e-12
2.0758618777499542e-13
4.149591207483727e-12
3.4815818932624977e-13
1.3201086627525984e-13
1.4783096051495877e-11
6.565433385245709e-12
1.7129804071930036e-11
8.319804709325395e-16
5.352401755549778e-11
2.379154941364643e-15
8.657412940981845e-14
2.532250741654405e-13
3.8339598680316984e-14
2.6643080789748776e-8
7.893901586966451e-16
8.605951095408567e-11
9.989169704938962e-11
1.5772528993061603e-14
1.0707387898927525e-11
1.757436331128152e-13
4.0840066650344775e-12
3.72439815833194e-14
9.964461305333234e-13
1.5406944956819756e-11
2.6328586644538956e-13
3.845908061258874e-11
5.1084452930743965e-11
4.999385486630173e-12
1.2249394913443176e-14
7.898403873537601e-15
1.7141885333354863e-12
2.3438189166674856e-15
8.453681905787833e-13
3.790984634090742e-12
9.51138227056463e-16
1.6119410971437255e-12
6.567181545291379e-14
7.091022070635313e-12
3.0559727264534104e-11
3.948693117052429e-12
1.4931184198885736e-15
4.452102475520857e-15
8.696368360410978e-13
1.5630030279011235e-10
2.0579657883995934e-13
1.0338669055437548e-16
1.2710900616495714e-15
7.843292989205751e-11
3.681886554903846e-12
1.6502105397047833e-11
2.1292164821717992e-13
1.1146547291178737e-14
6.688006969413679e-11
2.680454451899334e-13
1.8730901616698366e-11
3.4948464561719063e-15
6.106288819024797e-16
1.2002958819891999e-12
2.315285326346774e-14
1.1556178633390927e-11
7.346414797293892e-13
1.8231800523855472e-12
3.0575878463957354e-12
2.539943905878365e-15
1.0406624132346369e-12
2.9517316547494026e-12
4.1323397103288475e-14
4.23648871542645e-15
9.505019298945756e-15
1.631006214472426e-14
1.7067507845375593e-12
2.034879404609202e-12
3.3762472044163543e-12
1.4313532371463636e-11
7.811781174801237e-13
5.274622982389785e-15
1.2137535643221904e-12
3.3396490054792426e-16
1.903971843511715e-14
6.536537639669371e-13
3.5262864274229352e-15
3.38647522394617e-9
1.1780114669074688e-13
2.8533707116312313e-11
2.635946185758905e-11
1.0035534825393182e-13
8.904225600937269e-13
2.8237919020253932e-14
3.829113564682571e-14
1.3805976754579655e-12
1.3806171522548386e-12
1.962320272555544e-11
9.806201918510746e-15
2.133469803383946e-12
1.3098688933573804e-13
2.7887486941862273e-14
3.269941596761261e-15
1.955408047434259e-14
4.6116962528620815e-15
4.914662791021347e-14
7.1016160960214916e-15
6.110603349932349e-13
3.138878899096972e-13
5.267364340423761e-14
3.432737233474283e-12
7.2851913075166e-13
2.8675611556796024e-13
3.708031121359807e-12
5.066678420624508e-13
2.3037080772180138e-10
6.762444133873628e-10
4.81989546239891e-14
1.2878220551757998e-12
2.4741527136256568e-14
3.247871058693014e-10
3.014672032969947e-12
7.338297112944472e-13
2.657022865739827e-12
1.0806231848692169e-8
1.9456157549408163e-15
1.078598354196595e-12
2.712757222676588e-15
4.223397323194598e-15
1.1126363390237625e-9
2.390779228316246e-13
6.038380486009907e-13
6.2865082269872956e-12
9.74603843193185e-12
7.189038659355782e-12
3.0463653915256026e-14
4.729517972168178e-11
2.698372324630018e-14
1.3571823237888918e-13
1.755231255476156e-14
4.295642743135668e-13
5.77499743579411e-12
1.829907185459814e-15
4.590139749971729e-12
7.298441791831524e-15
1.882854190079432e-12
7.432229082362914e-11
6.379937247848482e-11
2.0884139951481692e-14
6.303727664177665e-13
4.361168014018876e-11
5.678751404189957e-10
3.116679270361877e-16
1.298746644676201e-14
1.8802171431878737e-13
3.661930621454199e-13
5.718222446622648e-15
1.5361261142333033e-12
8.803571269389832e-13
7.437032280644825e-12
3.734279033971654e-13
1.9817991615766788e-13
5.7932298353314737e-11
1.1408871911224118e-13
4.330140372570809e-13
1.372366484453876e-15
2.964760468569206e-12
2.661792509986218e-13
9.804899683329933e-14
1.4307643454224543e-12
2.7914132817046055e-11
4.46216628947049e-14
1.1198411909634766e-14
2.5039332901231342e-14
7.733658414952743e-13
3.8602914281363866e-11
1.2942506191938556e-14
1.5660884282454435e-12
7.814150726654433e-12
1.23945065387296e-12
2.999681351621829e-12
8.879510385185185e-14
1.603054897881289e-15
1.83719028755104e-12
2.6164252666241943e-10
2.704743793933298e-13
7.2104837111400895e-12
1.447761847466286e-11
1.2596928037574147e-12
9.849780975111063e-11
3.018323609111508e-11
1.0504283769083424e-9
7.39154654093901e-16
1.1052524236362172e-14
4.469222058413356e-12
7.40797829524522e-11
5.6081411959952635e-12
2.0999170587202819e-10
9.406220010270078e-12
6.273424209387153e-14
1.3048218716693574e-12
1.2031189563173826e-14
5.688384562712817e-12
3.559462601070451e-13
3.1410490646950583e-13
1.082706899769146e-12
4.2843071538107494e-14
5.008028183183077e-12
1.7034376466720735e-11
9.46317416384125e-13
9.98091496952697e-16
1.0853768415101755e-10
1.0642463339979092e-11
2.535039590191056e-13
7.429273448074358e-11
5.17244755401049e-16
1.1391364993765808e-12
2.7590988079948574e-10
5.450160998956473e-15
9.734545408842212e-12
1.4264287559840527e-13
4.215751067475396e-14
2.4072749090496866e-14
2.7700429185060487e-15
3.769084987329912e-13
1.263315870144077e-11
4.94292808635397e-12
7.974142408687395e-16
3.4688765305110285e-13
1.031371340063664e-12
1.5035899682414308e-10
7.695445956979667e-11
2.0588709811161683e-11
2.4456088158532026e-12
6.895740892105145e-13
8.517410757943268e-12
2.3089736677980954e-15
6.4580587678919604e-12
1.517072479061148e-14
6.813366433614055e-12
1.1199908653805095e-11
2.983055324451611e-14
4.3417810920780706e-11
8.033419404995352e-14
1.0314927919952463e-11
8.831195525556213e-13
3.2320261173119315e-12
8.748182281235507e-13
4.159201539477064e-12
3.444873674011182e-11
1.0948259545180024e-11
3.5741153059987493e-13
1.603866725211312e-12
2.2900597163099795e-11
2.575511898837365e-13
9.388120142678168e-14
3.0281234097102386e-12
6.075164505397468e-14
2.1181181907935776e-13
1.679742959635166e-11
3.03158951062256e-12
2.1183588961801964e-15
1.309781219537144e-14
8.207392933232309e-13
3.87156631720022e-12
3.648550279977749e-12
1.2660558942285821e-11
1.9379228624516467e-13
1.4436099606108916e-13
7.690927263365833e-13
6.120986081121903e-10
1.6503117027035923e-13
2.5134143936913974e-14
9.835507021608609e-16
6.770439276713172e-15
2.5953644594594328e-11
2.3501831658808216e-10
5.254014978118552e-10
5.511976360430407e-10
2.4159459863313204e-11
1.1102748465728007e-13
3.7634905941682624e-14
6.357203858659379e-13
2.4951470611077987e-12
3.253765440070909e-11
3.693962835061768e-11
2.0278745896999577e-11
1.878990291901318e-12
5.460213032774611e-14
2.2175173622821106e-16
1.8290046938889057e-13
6.775783977817606e-12
5.83176160755503e-11
3.525589502352925e-15
2.2477304066808567e-9
3.3265513456946387e-13
7.59843801430699e-11
2.713743226615428e-13
8.698724356360337e-15
2.528506916460785e-12
6.933143379718445e-15
4.0065592963630784e-14
4.374411859151384e-12
2.3682605323537036e-12
4.87609096704664e-11
4.7124105083619094e-12
6.331736298534015e-13
1.1832726746230274e-10
8.558462806260287e-12
2.4124841211147416e-13
5.377991039637021e-12
8.975551952226331e-14
1.3760837525063914e-10
1.6353060190938136e-9
3.681224799472371e-13
7.934095650266048e-11
9.182091599843762e-17
5.762469391815156e-16
1.0521795928996592e-14
4.7458436905838e-12
1.0119933710850535e-12
2.9183393403886745e-12
4.8831534609101095e-14
1.1559295506527227e-14
2.1130429903544584e-11
2.997158279857441e-14
3.1756933028302434e-12
2.2309801418555745e-13
1.172832054609992e-12
2.231732029530648e-11
1.3125292558342986e-11
2.746900896158271e-13
9.22590840647381e-12
3.525862082956771e-11
4.5277420356395803e-17
2.974870490621008e-14
1.07291718338823e-13
1.4139034117743125e-14
1.426670797085501e-11
2.9890837496024064e-10
1.972005042017801e-12
1.549149584330146e-12
8.030273644147194e-13
7.591116950052781e-14
1.2285603714007847e-10
3.621344409089016e-12
8.412776114993967e-13
3.5917459842329965e-12
1.482729649394836e-11
1.7532013975499407e-11
4.432394039545049e-16
2.1234075046130325e-11
4.949315452150287e-13
3.266696094985008e-15
4.233742587089079e-11
8.264327174879663e-15
1.1950066149118144e-10
2.577144732720633e-13
6.362850155884919e-13
1.0633056551489642e-11
3.5432060176206458e-12
5.232195377243102e-12
7.932668030942424e-13
3.9730537202126626e-14
1.8639959261605937e-9
5.001874708652734e-14
4.5911996801413104e-11
3.7711823129008304e-10
8.679521859264692e-11
4.069553286763527e-12
2.3586273981999558e-15
1.2968779994681512e-13
2.0757229695032147e-16
2.781676060880859e-12
4.362795340513411e-10
2.5105453549396685e-14
1.5471374123112757e-9
9.639353903871067e-12
8.113306498550287e-14
3.072628857951311e-14
2.0949784800863087e-11
5.835905038206243e-13
2.496094003903399e-15
3.792448432213786e-12
2.5185035898839344e-15
2.6026921517752528e-14
1.3699031340819917e-14
1.2844194387143465e-14
1.8298317371231387e-12
3.537896789296801e-12
1.2811124005483016e-10
6.897002942515502e-14
2.072482270460462e-10
3.763382567078674e-14
1.1784077355527027e-10
6.302050519145882e-12
2.2445121091626003e-11
2.0396278554957104e-14
3.064012969650243e-14
1.5813809596422497e-14
7.102528506587286e-14
9.378321783413327e-12
1.3102114172729678e-12
3.051237003484083e-10
1.0109130529996278e-16
5.01729736025006e-13
1.935389492896831e-14
8.790354571453975e-15
3.9151298330661956e-14
1.529115586596654e-10
4.917559028668977e-11
1.993391693888779e-12
9.040475698348961e-15
1.448983076129784e-10
3.00140298711984e-14
8.702809646297256e-15
1.6080604607880668e-14
2.497973931587564e-11
2.4943253075693796e-11
8.97828073946498e-14
5.345392633798252e-13
6.2258888870919985e-15
1.6193624867837472e-13
4.487599734846952e-15
4.1597663299278194e-14
3.428798167200805e-14
4.545266450322019e-13
4.848711600520537e-14
1.1731724699640398e-11
3.652408520812128e-15
7.280201628187295e-12
1.0802200642364674e-12
6.0347754161765376e-12
9.263329440864866e-15
3.534231688275701e-14
2.4801978612535867e-11
6.1670163145075286e-12
2.9896526055809824e-11
2.3142961328105608e-15
1.4839498222035756e-13
1.4478606290039314e-11
4.769963300748805e-11
6.308768135996363e-11
6.41383585072001e-14
1.0920061700896402e-14
3.879950579049627e-11
1.0952032259021073e-10
5.103984680599637e-14
2.6223354459220946e-12
2.5076734767227564e-11
2.528163809127062e-16
3.811503301825272e-14
7.452069698063337e-15
1.157497712269857e-10
6.810850519124119e-11
2.488039151362621e-16
2.5941350958121845e-13
7.896795330391624e-12
1.5209592332830888e-12
8.254823886710922e-12
1.0073830146599674e-10
4.3667575602603815e-12
2.033360659422682e-9
1.8344659382067981e-10
1.5929262225210312e-13
7.48090218446547e-17
3.314604299603164e-10
2.453582599895458e-13
1.5121679991029374e-12
1.3915788423271225e-12
1.216241952007619e-13
4.199828648481838e-11
3.616500908972876e-12
3.055573787622254e-14
1.7146066881018177e-11
1.6813538253310594e-15
3.3223249385447625e-13
4.04440276762256e-14
2.488046113433852e-11
2.7565744445620743e-15
1.7083464214442216e-14
1.6081595476150746e-14
1.4172850484806018e-9
2.257952177275367e-15
6.180419340796174e-13
3.5528183456016376e-10
1.588675589644387e-12
6.271231472070717e-13
1.1871507877231301e-13
4.173038035241195e-11
4.831763922256711e-13
1.5674397164610588e-11
2.797106670009461e-14
1.8215667828396751e-10
1.6047121767856416e-13
7.0896991477117655e-12
1.1047850643188083e-13
3.0353061373717344e-11
5.4413616053283785e-11
1.5821220834374912e-12
2.8460019115223163e-15
1.5869422743653643e-15
1.1208628141233536e-12
4.5780488992811865e-15
3.3689786660329353e-13
1.0598788278786312e-13
1.0890500242901523e-12
3.4164877669371837e-14
1.5304654881769568e-13
1.7915135744859136e-14
2.853738737022865e-10
1.0882620250247496e-15
2.009762135440629e-13
2.3674108748191124e-15
2.7547096149701253e-14
4.159272589552627e-14
6.463154887008403e-15
5.527825227749119e-12
8.11824254074444e-11
1.840762952229298e-13
5.520529294102469e-13
4.768252328350104e-16
3.010093899614092e-11
6.590992511200832e-14
1.4162222456428958e-14
1.358840250846161e-12
5.323738655517959e-11
1.9228919454089104e-15
1.167338411771756e-12
2.892919482981957e-15
9.492533034914982e-13
3.33415222646263e-12
1.6307333669207924e-12
8.299041317198905e-12
8.015919006517969e-14
1.351584122784087e-13
9.620065338807039e-11
3.9833572470387675e-11
1.3388299396681911e-10
7.364544094684783e-14
6.80421228955094e-13
2.690082646123398e-16
2.503569775194749e-13
2.313468103034003e-12
9.085250099235899e-13
4.938572004777836e-11
2.1836078237783586e-13
3.910429219735144e-12
6.245032926603043e-12
2.886375957573675e-12
5.5070374121103466e-14
4.7816750485071545e-14
1.6513632695210903e-12
1.5444462317315815e-12
4.514932498493582e-15
7.33700287156158e-15
3.794034932693449e-12
1.2405979387245902e-13
5.595115134438621e-12
3.1417920848826317e-13
1.918644691400579e-13
5.094392232753344e-13
9.652548900547388e-16
1.9824842800627234e-10
3.293932880703723e-14
4.2578907529762237e-13
3.000897200244804e-14
1.25022855562861e-12
8.42923797656712e-12
6.430150524991432e-12
4.4286321601319215e-14
3.5676564889431456e-14
2.657705283645045e-14
2.592859663723217e-11
1.06321943815137e-14
8.326250132442717e-12
8.05780103256015e-14
7.31889878715733e-13
3.882044053350469e-14
8.733878733644403e-13
3.422181147307819e-10
6.244032251232121e-13
4.521686333919004e-12
3.1135591976740722e-15
1.8554671839653908e-8
6.259012309967334e-11
3.9978848613885884e-13
1.749717175437785e-13
3.1421347034919964e-13
4.334562765328976e-13
1.8592621592302608e-11
2.594613253842021e-14
5.577718677793742e-13
7.246552927708117e-12
5.398201172931421e-10
1.7629008019315522e-13
5.4337322129481074e-14
3.0298118926335627e-12
3.8807302521731226e-16
8.7044378185955e-10
3.5001865834029973e-13
2.242139275763062e-12
4.664096408293403e-12
1.4739053054543816e-11
1.0843472947438837e-14
1.1686214510899409e-15
1.4860304467648707e-15
2.6286187621234702e-14
5.860932361215749e-14
5.128952745323208e-16
1.1500543786750745e-16
1.540490067980433e-14
1.2015461129553007e-14
1.1638735265500895e-10
2.1639358110862733e-14
9.469204765376225e-14
3.926836140812251e-10
1.9099311008777537e-11
1.3649178731135958e-13
1.9161940446632373e-9
1.7316194669042496e-13
4.570170545285696e-15
5.803341569504919e-12
2.4800859273044145e-14
1.4465990145746717e-12
7.748755032597408e-16
1.383125366426852e-16
2.7988823790147795e-11
1.0850367149077525e-13
1.9207741818716738e-11
1.9923684330973444e-15
3.840677772014187e-12
2.764775481181798e-14
1.1603769724495528e-12
1.0755933887595048e-10
1.6278990958413213e-10
8.936320465422171e-11
3.95220229629723e-11
6.80595735227446e-11
9.617697549398508e-13
3.72672088707361e-15
8.561812978746056e-11
5.247894741918438e-11
4.3560663376570633e-13
6.054575229149336e-12
1.696084473812087e-14
2.2567895072733673e-13
6.805431469680917e-13
8.416846610210285e-16
2.656369025398222e-16
1.5787021097322245e-10
5.231986436549573e-13
2.5326973982164195e-11
2.6915848816963555e-12
2.6598789143110175e-15
5.720096525531684e-13
7.748541522250544e-14
4.3310810535133817e-13
3.3571862884521064e-14
1.4601187849114213e-13
4.828329535271014e-12
7.822966489506522e-14
3.634798216237368e-13
2.2972582887592508e-11
2.2709092338890444e-12
2.704340002329672e-12
2.8059793447524613e-13
4.020005656368994e-14
2.427676336388539e-12
3.254912451359172e-13
3.044221690624306e-14
2.0716103760079795e-12
2.9870443545963847e-13
2.9241697781100056e-12
2.347814047197474e-15
1.716762484649762e-11
2.425730984305739e-11
2.900476732869253e-15
2.4252095999053205e-14
1.475665624545748e-11
3.104250106090119e-15
2.12744308198924e-13
7.976511761044109e-11
4.7135207584757166e-11
3.280747202568727e-11
2.791324553733344e-12
4.112761629074143e-15
5.5194057346797394e-17
3.9172487743095486e-14
2.705937811653426e-12
9.255773729585162e-11
3.84400642709078e-12
1.0727569029417383e-14
2.0545800015826977e-14
1.2766768545674244e-13
1.4791649666984164e-10
4.35649003641163e-11
6.583588079297686e-14
1.831131431017419e-11
1.0734427802531442e-14
1.3202963219881513e-14
4.022734320794886e-15
1.8703373922652942e-11
2.487964230478269e-12
1.4601155902950726e-11
4.728769948620453e-10
2.9208908394311695e-13
9.532581362837943e-13
1.1717892786837177e-15
8.027733672438872e-14
3.224551870450598e-16
4.354754856828966e-13
2.1936168465359763e-13
5.842269488260088e-12
2.0481268273088175e-13
4.9320453308476786e-14
2.5518572909243347e-12
1.0814585559247486e-10
5.174677139021464e-15
1.1012329901987304e-14
4.753769937823047e-11
7.61330949380687e-12
1.0039951983527631e-14
4.334938377985192e-12
5.168805614183341e-10
1.845890948356018e-10
8.686088199431102e-12
5.135662665860693e-14
1.0803791743521116e-10
5.410751817743073e-15
2.822124722646961e-11
2.0430900558035403e-11
7.462711982613668e-12
2.458840962174215e-10
4.473434618086933e-12
1.32277817476913e-16
1.8365493662997652e-13
4.492016012881122e-14
1.3902903193508552e-13
1.5838201874721486e-12
9.773520404716881e-12
2.110983394393592e-12
2.239624331346551e-14
1.4620453156048934e-11
7.993222699029532e-10
8.067651232490374e-13
1.1004996036542456e-12
7.91936933908018e-13
7.849783335158898e-13
2.315766489467904e-14
1.8269711166629763e-11
6.994105188199888e-10
1.183162720167146e-13
1.0848278704830665e-12
4.479804098454728e-14
1.6264894501736067e-11
1.3232110185922957e-11
7.029513859065951e-13
3.2916990096079807e-12
3.8604755843546506e-13
1.3590092869797579e-10
1.0520042283463047e-13
1.5080421591952478e-15
2.2609627921517104e-12
7.462792079596358e-12
4.785606323098705e-16
3.8003959817243893e-13
1.5197414982963869e-10
8.444880154077733e-15
3.0402389344381634e-14
4.7698503345689e-13
8.744673443980585e-13
8.135029288952666e-12
3.3987632475788733e-12
3.5526006573968183e-13
2.3198258792868287e-14
3.1556629674457065e-11
2.4994534887345426e-15
3.5797178285177766e-12
2.0247215690746372e-13
2.4107953696341055e-15
1.5022801033080843e-13
6.389814328712291e-13
7.184188279270417e-11
5.409064882133253e-14
4.744435512969076e-15
3.694156936245745e-12
2.5091606216200474e-13
3.055593358631017e-15
7.74454700854033e-10
3.6930052624892175e-12
1.557152479985028e-14
2.3386730344980693e-13
9.216525108729888e-16
3.022998494396098e-12
2.4600949759656845e-15
2.2362609769295626e-11
3.4094140215787684e-14
1.3970444968044034e-13
1.0530550328789682e-13
3.821221318052143e-9
3.240973172207089e-11
4.023021212970378e-11
5.147122886401684e-12
4.028373769295822e-11
4.0765726766601816e-12
1.3506113242021158e-14
4.002491033975343e-11
9.644029308983105e-16
9.369180407941021e-11
1.7188186776108987e-8
2.5643926635744067e-12
1.2874676810578799e-12
3.5939017024052424e-11
4.5303048946740403e-14
3.162824213532904e-15
6.451731609349799e-12
5.185670586305285e-14
1.1262283939590229e-14
6.5278603268742634e-12
6.03646123042613e-14
6.240422140026317e-12
1.9415100861132513e-11
8.517248761392026e-16
3.185963913747355e-10
1.721619293559851e-13
3.020611656831124e-13
1.2694656834831663e-15
7.932142908474321e-13
2.2676967107069463e-14
2.727223984907078e-12
8.368683674129308e-12
2.9472944404123086e-10
1.1412661248364986e-14
9.515959445380489e-13
5.862755868977052e-16
3.772226434567585e-12
2.0241762416349105e-12
5.239992636178814e-15
2.2950051708038766e-13
1.1450977072645316e-14
9.133629844959774e-12
2.5747624897295365e-11
8.341865997738205e-11
6.454331147386701e-13
7.64254034905345e-15
9.554748768111414e-13
6.865594472851062e-14
2.2373372450498602e-11
6.58463646138471e-11
2.5351080770267216e-15
3.910815936284866e-13
3.844341794459912e-12
6.166816556988847e-15
5.977943934349994e-13
1.6302005264778165e-12
9.849847769175417e-11
1.3240926146630192e-14
8.594413426998284e-13
2.5282744569063557e-12
4.1681387919135274e-16
3.5905306027325625e-14
4.300174583560779e-12
7.610926715284776e-12
3.496831759400276e-14
7.58507131458461e-13
1.2570317627675561e-12
4.1052022998299597e-13
8.339313460189613e-12
3.080489664614645e-13
7.845422255264944e-12
6.50825750197564e-13
3.1817525997278513e-15
3.574140421408676e-14
5.021277276493716e-14
1.2871822581202497e-14
4.611249227171296e-14
6.19003160099859e-16
2.498959927366131e-12
2.2470299641448807e-14
5.56133342816384e-15
2.316326474095489e-13
3.138996033527471e-14
1.1232304291949355e-15
4.627937073173583e-15
2.4673159219645562e-12
8.093931290613717e-12
1.2417948676601388e-14
1.649623715734422e-15
2.1775616463846747e-13
2.790101005624815e-12
2.8470019392437525e-15
6.49490300031628e-11
1.7674106970480388e-15
1.5497790398436922e-15
1.5604556997503184e-13
1.20423704487637e-15
7.511636813821812e-11
1.6238882550925122e-13
9.915864942092399e-14
1.9915361667930233e-13
3.2472015353630066e-10
4.794953366426616e-12
8.149421585126403e-13
3.5979113373879736e-13
7.825627155616887e-12
6.267271517536188e-14
9.079594748808498e-15
1.31991784466795e-11
1.6033710826790804e-12
7.416992940742415e-14
4.4910967352430404e-14
3.2979893431523964e-13
4.094906116490806e-16
3.3716382034880194e-14
2.600432837628805e-14
3.874365041808778e-14
2.5533733287655765e-12
1.8860383453005566e-10
5.324363514282992e-15
1.5458299557058477e-11
3.5788134317227015e-14
2.0524852524063798e-13
2.574923674856987e-11
8.556214703331607e-11
1.5063989981074315e-13
2.0612541524679914e-12
2.721270095773994e-15
2.909050827103227e-15
4.4558211505412215e-14
7.959597877496599e-16
5.8186543425156134e-12
1.8740200847283748e-11
2.9359057448818254e-13
6.50809534413906e-12
1.0850765809788963e-12
3.1063400354488715e-11
2.6914388792416174e-16
2.9585996254342857e-10
2.2572141817814203e-14
3.5278336235073365e-11
2.9076277860431384e-12
7.87388149113839e-15
6.890806381396233e-16
4.01752152574551e-12
2.505181488337772e-11
6.393306929156309e-14
4.092378724361861e-12
1.1206471416614333e-11
7.571123099193991e-10
3.8140696526516743e-16
4.949361782679972e-15
5.187293503650882e-13
1.0216389543624095e-11
4.335848810993636e-12
1.43057731699367e-10
4.637095308309409e-12
6.064275753701699e-10
1.183111993440521e-12
1.8925704997694163e-10
2.929170199875475e-11
4.023403945166231e-15
4.8482126955802966e-15
5.1853349486099636e-11
1.7036889235575598e-12
1.865241872422446e-10
1.5911278004669864e-13
5.607060563746488e-14
1.3772096904477515e-14
6.119874388074581e-17
1.3048647605076055e-12
1.577503139960781e-13
1.497342362683901e-13
6.169979226555426e-12
1.1031994980618632e-13
4.051186309954745e-14
8.54782278358577e-15
1.2030073360363897e-10
1.7566228337368657e-13
8.478188603770059e-14
7.656616061723284e-14
3.738251391094193e-15
2.352298208403079e-13
3.2700929362975216e-14
5.987896756933403e-12
1.2825804641095774e-13
2.4426496663978876e-12
1.3345539315048716e-14
6.311617854704202e-13
1.4798002174864647e-11
2.4454175419150843e-12
1.3734974948780364e-13
6.553653432820189e-11
5.2035409675242e-12
6.760063889946088e-14
1.0291576331719953e-14
2.5321661514727307e-11
2.2576160089358178e-13
6.646756470554538e-14
8.611078790416824e-13
3.555665405182764e-11
2.8586795540861654e-12
1.3842044491836525e-10
2.2834430121916983e-16
7.804386730488428e-14
2.8554374663069104e-14
6.255432919480419e-12
3.4263103538506346e-15
1.4694632807880136e-9
1.669092747805933e-14
4.207873473647041e-15
7.609737830331888e-12
1.0918196278882988e-15
7.786785751110111e-12
1.9258441727055902e-13
1.1376848559126005e-13
3.53240167178105e-12
4.1377475326211294e-13
7.333038307523764e-13
6.117745935136334e-12
1.8357819630093946e-13
1.4451516586189696e-13
2.4292073909643043e-12
1.6994202698781033e-15
8.681332224452614e-14
1.6619393916700418e-12
8.675367481943394e-14
2.655175524063115e-11
4.816982172877087e-13
9.356233598739272e-16
2.7465422842097694e-14
2.442901981064282e-12
3.914681512202594e-15
2.5984477881642696e-15
3.4455752575752904e-15
6.025867485659592e-16
5.0865189484249065e-15
5.650610133483371e-14
3.3506449130048862e-15
1.8433439467812793e-14
2.689750597895871e-13
1.0963897861367999e-13
7.189576522903756e-12
3.162751641960317e-12
1.7577822525121533e-15
2.1781448842434663e-11
2.419130495542785e-10
7.556255632144218e-13
3.017333121229194e-11
6.189951233845742e-11
4.381174936983872e-14
5.927202191197887e-15
1.753109444621701e-9
1.7888312669803504e-14
4.533277444710244e-12
1.2273782360027103e-13
2.1851054065733888e-15
4.037668565801623e-10
1.0662348644099604e-10
2.2089232340075254e-11
3.6539670255665683e-14
2.516316374180305e-10
8.59496822373964e-12
3.305506458519673e-14
5.604061084171352e-12
6.776828190459431e-12
3.768527143458537e-12
6.185558365636992e-13
4.062677407211916e-12
2.38823227804282e-15
1.6764779113260276e-16
2.974707514675663e-13
8.478861155300344e-17
6.833752689983697e-13
2.9570694895528837e-13
2.0698972693281438e-15
1.8460905121013206e-13
3.563082068403935e-10
8.5967220221587e-12
3.899807454993582e-15
7.67495512293776e-12
6.180959726820117e-16
8.33863564745468e-17
7.026622334236437e-13
4.818993793018626e-12
3.015759375221481e-11
1.1335534282051185e-10
9.486373676209062e-11
3.8655963082398584e-13
1.7043173809425845e-10
5.888104826617885e-14
2.6550959551141927e-14
4.654670791372208e-14
7.550955006035248e-16
2.04251579583946e-14
2.277325469272554e-15
7.373161700838218e-13
1.4098758328428222e-13
7.160444842069517e-13
1.1065879148887609e-14
5.2675596304687156e-14
2.257800025177639e-15
1.6463135226701229e-13
3.134488495469367e-12
2.8155612675548506e-11
1.9349854591985604e-14
4.0623554634255417e-16
7.834082015768748e-11
1.110332311428633e-15
7.850854600969845e-12
8.981077840980778e-15
9.599592520082657e-14
4.7440932287460214e-14
1.3855896711108708e-14
5.6998633245804124e-12
1.0777536872908735e-16
1.1625304410153637e-12
5.379693698311257e-11
1.506424100525945e-13
2.153241000316322e-10
4.040362050938562e-12
4.916972279422337e-13
1.1070498004431217e-12
7.400962258720461e-13
1.272570776089427e-14
2.466627541861552e-15
4.6381356097990436e-14
5.342963481775244e-13
6.22137315874898e-11
2.892509536837299e-13
1.4124287771641098e-12
2.0573725515828456e-16
7.781254054261406e-14
3.059308285334742e-14
1.7519632584961277e-11
2.1862764777385767e-10
3.1957309645319777e-10
1.240042847549729e-14
5.5762325421575357e-14
5.095736415551216e-14
2.4734318625187143e-12
1.3685192080993654e-13
1.8681653449342847e-13
2.2704919794123191e-13
7.764673018806032e-12
1.577280367175602e-11
1.3331335188096344e-10
6.545470837115746e-16
2.53201749847883e-15
2.40630353258536e-11
1.301279416007117e-13
7.948527316373993e-14
2.431383370943623e-11
3.11347662877786e-11
6.399826992351969e-13
4.6916448505791434e-11
2.0819494309906754e-13
3.1148012505797397e-10
9.479946664516872e-14
4.209110884413134e-15
5.493479911420974e-14
8.756043543469284e-11
4.3995697668356275e-12
2.5916182083154165e-12
1.0887708693301909e-14
1.7578872839765608e-13
1.344441340738758e-14
3.2045642813426214e-11
6.339458992511563e-15
4.952785198183752e-13
3.92187724119761e-13
1.7652500096787625e-11
2.3287119519486018e-14
2.4670518112940863e-15
1.2482640188177397e-13
2.974910280032453e-14
2.5694306376773597e-14
4.9350091302707456e-15
7.175260253914302e-13
6.682494359989962e-15
2.872744962355079e-11
4.9980892109312957e-14
1.5045216567304637e-10
4.3933988060778494e-13
8.007528462854295e-10
2.6035246473062103e-14
1.2847348397440118e-12
1.1474522749200621e-14
1.3773361015925152e-14
1.3292988982733502e-15
1.894387293020535e-15
8.888081520783732e-17
3.179972903218518e-10
6.055979849549564e-10
9.27663769094543e-15
5.5734213887483305e-12
5.7381360541511116e-11
5.598546373512356e-14
1.780181243344461e-11
3.0192957372510575e-15
2.979667903490953e-12
5.05497525113648e-16
4.082043176079854e-15
2.53104775028844e-13
3.6875378502679286e-14
7.454548221999853e-12
1.358264437714306e-10
1.3451478232450365e-11
1.39574319457116e-16
1.1094016887301458e-14
3.6672275378626274e-13
4.743456369298685e-12
1.3965986902555119e-12
1.1220243447550706e-15
3.869703582568014e-14
8.587892453101542e-11
3.7054852008916005e-11
2.2859573845390607e-12
1.243961782633956e-11
3.643815469861002e-14
2.119517163536528e-10
7.89535963003777e-16
2.8303661157223926e-14
2.2996516614578804e-12
5.148080470348594e-11
3.762642794720391e-12
4.689330944029669e-11
5.557446070070698e-13
1.2484098478305462e-12
2.7297951637713824e-10
7.566576054463217e-13
3.7373096074012333e-13
7.863514495258828e-13
6.769539602116531e-10
2.0305296954062352e-10
5.491645572294861e-16
8.644706178424596e-12
1.9138418916379106e-10
2.6843090615288525e-15
3.735952353150026e-14
1.0955144071815506e-11
5.58524797462048e-16
8.665323864438117e-14
1.2000609428355462e-12
8.664707986715211e-13
5.641341701828116e-15
1.7157784929386657e-11
1.3635930676557706e-11
3.680364514792275e-12
1.1949365098346223e-12
6.462414890306416e-14
2.20030885756935e-8
1.0316301683546736e-14
1.4376139624297234e-10
2.601786889622191e-10
2.1165239586017152e-13
4.555740489392991e-14
1.6623220058694382e-14
1.4908591096331883e-10
9.34138464528407e-15
5.3769679729177e-11
1.9920670769445647e-9
2.889942712497782e-13
2.359085303479828e-10
1.3457243382315221e-14
5.940640217751095e-14
9.979370465660043e-18
3.229428959745921e-16
4.0545444129532185e-11
2.459065304432995e-12
3.803233071503153e-14
1.6240322229481009e-15
1.9041964056004025e-13
1.7200085140732664e-10
1.5477005890073514e-11
3.8313851639177515e-13
3.851215868165036e-11
8.958257327046615e-13
1.505007289872414e-13
1.591606127669948e-14
1.5143889942830549e-12
2.889751065008539e-14
5.278948928362395e-11
3.1189081897418414e-14
9.20813424337208e-12
3.688491000108549e-14
5.586714732701436e-13
3.9411783755658263e-10
2.4883206270367923e-11
1.1731131706588286e-12
8.496746777919052e-14
1.9944010793607057e-13
1.1365207460247285e-16
5.428147016157187e-13
6.069064728645816e-14
1.2938441085616827e-10
4.078602811641908e-16
1.753242197204377e-9
2.880270591110608e-12
1.5409821671211887e-11
5.728914965810097e-13
8.834929953095245e-14
9.661341752079142e-15
4.2847411073003475e-11
4.876506988162913e-13
7.986543021758906e-12
2.009392058395547e-13
8.247051657538279e-11
8.091575296250123e-13
3.3785794469544644e-11
9.169750652628826e-15
6.209766350284206e-14
2.278070571999382e-13
2.4569973073520462e-17
6.84935188899525e-10
4.885163688416976e-17
6.290250807779032e-14
5.2412814116222455e-12
1.3026016906616985e-12
6.81697248318728e-14
1.396360616572132e-10
7.151906055365743e-15
5.258606259432127e-13
2.82251739132923e-12
6.959224051468703e-9
1.5994259352036014e-14
7.288475200765006e-16
5.790842885937374e-14
1.0282763833902311e-13
7.8587078839025e-14
1.5376891052495424e-12
3.8765371636045024e-13
8.491295268938126e-13
4.589890860528548e-15
3.445360620649421e-12
4.606038501262011e-13
1.004641723306636e-14
2.2810896925031142e-15
5.274532970574545e-16
1.426675570160015e-11
1.508703516201329e-14
1.0948342216589588e-13
1.0913598071789595e-15
2.278780836235015e-12
1.7753934250809156e-15
1.2143340330455102e-13
4.2864865594068054e-11
9.522460399349324e-13
5.232683187775772e-13
3.2168262728352857e-9
3.9283177741665266e-13
6.055556281624358e-15
3.134193834243962e-14
5.320524448145497e-13
3.776492778946983e-12
1.2582572174189862e-12
1.1814375800059022e-11
3.548756870394264e-13
4.2588841791142774e-10
4.447943420916404e-14
5.7767704435261085e-11
1.3466540081233025e-13
5.2121635037000846e-11
1.0187074575997448e-10
2.379178455954776e-11
3.1723935191005907e-12
7.323179635616806e-16
1.6798990680228154e-13
4.922976733924455e-11
3.7452203452333563e-16
4.5533926050513724e-10
2.84573670643281e-13
5.96487001553996e-11
1.4734414884760011e-12
2.353905480122965e-11
1.411390476768816e-13
2.064424802108973e-10
4.49779400197521e-15
6.263107807432022e-18
2.274086011285415e-12
2.8393724781622582e-12
7.660531719770488e-10
9.89266999272005e-15
1.4287672537766218e-14
4.3641066430750917e-11
2.707155376722734e-16
1.0457577589053308e-10
1.5958176796881512e-15
3.748160873353374e-11
2.7131411991881188e-12
7.169833711363516e-14
4.622623709261332e-11
4.087437147857255e-13
5.886504741834993e-13
7.026551654993548e-15
5.5398674050648435e-12
3.4880274344492564e-15
1.9195860048143036e-11
3.6500725866615995e-10
7.696685772937653e-13
2.324767758887133e-13
3.033006500685844e-11
2.1553170119228788e-14
3.9588419047441257e-10
2.0480624028418382e-14
1.9569872424130793e-15
9.792303435326746e-12
7.329023630347039e-14
5.444154084381371e-14
1.7332437292856843e-13
4.85985376640928e-11
6.368726719308767e-12
2.1501756941720073e-12
4.9416501159374695e-12
3.031435308932596e-14
1.8560032431116317e-12
2.337560181354162e-17
2.7433584368074534e-15
7.33005212716774e-12
7.088330990170229e-12
6.831743833415257e-14
2.9239263000599024e-16
2.85243622395606e-16
1.5380638204734605e-13
1.8871960576881353e-13
1.2307554702750383e-16
4.07161227195846e-11
6.503649533687276e-14
3.5588285917645785e-13
2.0654364015995744e-11
4.211969430093944e-14
1.389294125134544e-13
7.005162887664919e-12
1.0169684904217486e-14
4.2906652200134384e-16
5.20020804590037e-13
3.530920457520678e-14
2.450219532750839e-13
3.0145376621895788e-15
3.0560872431984575e-11
5.3677037655054975e-15
7.673081550435908e-15
1.2043549006597134e-15
1.189313697129375e-10
1.3904909240863907e-9
1.1654692414738975e-14
1.7309281314676336e-13
1.2960198646357283e-14
1.9428061074103317e-13
2.7010065203958002e-15
9.009721833449732e-12
3.79342963019133e-10
5.1271322056203505e-15
1.8022368647153444e-13
2.0554369729739302e-14
2.6713300559843518e-11
2.687259441821691e-13
5.1698154233164935e-9
3.949437334916505e-11
1.1724092655922788e-12
8.755335310401182e-15
2.562677997601016e-11
9.04613230594425e-15
4.277334111257631e-11
2.5777745914810925e-13
2.8827497986476814e-14
2.038386259176043e-12
5.304238612006672e-11
3.845526123857473e-15
3.8968525862883685e-14
6.06002166072192e-11
2.4215533645533742e-11
7.545307344855219e-13
1.557981454826149e-11
2.549776544470311e-12
2.083484038722389e-12
4.71583277787787e-13
1.586517840695257e-13
1.0033994702979007e-14
9.692454874072756e-13
5.33968656265222e-14
2.183688810528671e-12
4.231639348926076e-11
4.3613579587172324e-15
2.7865612939902893e-11
5.372776474148682e-16
1.3962632640377054e-14
1.4501478429501095e-12
2.1495917340562936e-11
1.7920697698896007e-13
6.0477597900167e-13
3.159006084181137e-13
4.3472410268032285e-13
7.29262281132709e-14
9.719582294943514e-16
3.131671529296761e-15
2.9151674947791187e-14
8.657559990412444e-16
8.988251338278065e-12
9.278622180549512e-12
3.906588550280907e-13
4.585928377855039e-13
1.3393174026601955e-15
1.7984027375969276e-11
4.681458523975789e-14
3.602474284721316e-14
7.511597712597173e-11
9.892783747786623e-12
2.9785183554508075e-17
2.2261109392129941e-13
3.1545521981101825e-12
4.077453330990535e-10
3.864358606873381e-14
2.4611965245157725e-11
4.7656087610289784e-12
8.974200310280781e-16
7.280933275974407e-16
1.2423401862597055e-15
1.0968762508885207e-12
1.0011189275022039e-15
1.3956579322156643e-14
5.493207653250628e-13
9.023979407520893e-11
9.395956876534572e-14
2.1529946980759075e-11
5.780689738902539e-17
3.567700201089563e-10
1.1299966962453236e-13
8.201891845241413e-13
3.542920358498839e-14
3.498462247843398e-14
2.0181955611597044e-12
4.841896497819849e-14
8.746390777901721e-11
1.9195879796553266e-13
2.325433546589278e-16
1.713271089729913e-14
8.162487789295595e-15
9.912717755924279e-11
1.919871022517239e-16
2.4003264181331285e-13
2.1731856957915053e-12
1.5955267217917148e-14
1.9889330500153237e-9
6.149022833683737e-11
4.164947618206193e-15
1.0494672445161104e-16
1.0355771514016323e-10
2.5588462215406196e-12
2.2094472524491272e-10
9.400578654048073e-15
6.946911723744251e-12
2.8484267131814837e-15
8.411355419360896e-12
9.827911274500726e-12
6.247664490863146e-11
9.048984570424299e-10
2.707760748597107e-11
2.3696845222854527e-10
3.3374559399270687e-16
3.82523582187348e-15
2.1080660709473263e-11
6.076223250425668e-11
1.4707534942510463e-10
2.4610033708116774e-13
5.582217044310321e-15
