3.7425736576579514e-13
1.7699139809763467e-11
5.069421183488703e-15
1.0412896407922957e-14
2.3509886995612053e-11
3.389070469316956e-14
3.285659375249027e-11
1.9740799574162045e-12
4.3322364227330065e-9
5.610015257552333e-13
1.1621583277983692e-13
4.0067483817982636e-13
1.2584220569010222e-9
3.691624648824721e-9
6.779875070999142e-16
2.0483298222421795e-16
2.26244261898822e-11
2.604353718098507e-12
1.7210536924622026e-13
2.6343317044036125e-15
1.4761374226138387e-9
9.391509210573298e-14
3.96308038361541e-13
6.91165323702746e-12
8.994992753749677e-12
7.589536470435191e-16
3.96106977363563e-12
4.796952542148397e-11
1.9208139250718867e-14
1.2952057482874018e-12
1.550806689057319e-14
2.0384739349805373e-16
3.771672428972286e-16
6.406197053341635e-12
2.84560226568938e-14
2.664690250376023e-10
2.6826436439696236e-12
2.0390215301581519e-10
3.8226942939880066e-13
2.6732166035445847e-15
5.5199644139789e-9
1.9617722560899666e-17
1.3480475553887793e-12
4.5799391254220695e-14
3.955971425515753e-12
4.0396345283248765e-15
3.3684605120810603e-13
4.681422345797822e-12
4.6131223682204824e-14
7.909405120118447e-14
6.156474266029841e-14
5.18097224816091e-13
7.569441995743037e-13
6.9050171138118564e-15
1.2099643570983076e-13
9.585553315942499e-11
4.8772400369688026e-12
5.126958308042592e-12
4.828780239615882e-13
8.191489288036388e-13
1.1897600575446474e-9
1.7143671123316252e-11
1.0632684396599459e-11
5.855357511277281e-14
1.7822442506452723e-13
1.0520831390347454e-10
1.7712653405632177e-12
2.824731586847718e-16
1.2197694885176146e-11
4.325444981604683e-15
3.6016456853385618e-12
6.768210228262925e-11
3.7452690704174566e-9
5.506917232768429e-15
4.149570678415857e-15
5.78069502066372e-16
2.4637009864684853e-13
6.5693141279688e-12
1.2040655760802552e-16
2.0557556343202877e-14
5.763141288472972e-10
9.262205156092686e-11
1.3818468003123658e-13
2.459438936744765e-13
1.9779005053144127e-13
9.090537692378079e-11
7.45826000254205e-14
5.877937993628405e-12
6.023835763581358e-15
2.1296618943983927e-16
3.874771059841568e-17
1.6479215437955167e-11
2.3897472920035683e-10
2.2571586004204655e-12
1.5173819553643836e-13
2.4129660470978914e-11
1.7980603405665279e-12
2.9427722766849097e-15
1.3970005946730993e-11
4.072424724895182e-15
5.977942986717616e-13
1.2177826907647481e-11
2.996910579295401e-14
5.2574928745476575e-12
9.80583897675458e-12
5.654684228140798e-12
4.802541480745703e-14
1.0221342786071997e-14
6.797289728373187e-10
1.2718628027697752e-7
1.3281471006974426e-9
1.1908949391854895e-15
1.131492264085087e-14
5.149213683109519e-14
2.9283529183766286e-15
8.856848861472204e-15
6.083398162524256e-13
3.0712079910028787e-12
2.1213279123743118e-14
2.808440367942526e-16
6.187532611405714e-11
1.3955298020275847e-10
2.7769619988624e-12
1.0631130775613679e-12
3.2196735651555614e-16
9.291217022160221e-11
7.40947081472487e-13
3.4818685976992544e-13
1.536562789748074e-16
5.558446541005642e-13
3.526110881811614e-15
1.5306039562506864e-14
1.756904557731389e-8
2.1324063400831855e-15
1.4150461279085303e-15
1.117506921746612e-13
8.002642476597248e-13
1.1423689197276997e-13
2.972923376808925e-11
1.9059328289654535e-10
6.226521874443988e-11
2.799126853872056e-16
3.2097939892216124e-17
1.0188497879801796e-8
8.051396642859353e-10
2.4955225702800732e-12
4.11293074920408e-15
1.2911602505286602e-14
2.3706261184094536e-10
3.3898470762282746e-10
4.888188551389171e-15
2.536222037996416e-12
1.6552548255153458e-13
3.93512189235124e-16
4.981352696003405e-13
3.099819104205815e-15
1.2212521977574578e-15
8.44657791885968e-14
1.2839330836757197e-16
1.4595565369728049e-15
1.2164024239951924e-12
6.204599685551271e-16
2.084236921536819e-16
9.176386208043006e-15
7.525398848744033e-10
2.839597497075131e-10
5.930040598060687e-14
1.1867327359062317e-14
2.3220861088409686e-15
5.2019599229000185e-14
1.0152015759235194e-16
2.4514651441917437e-16
1.877099441243791e-15
2.9198546293795513e-13
6.009442816494062e-16
2.594410107992937e-12
1.9816742165786827e-16
3.078809832222202e-13
1.1029602299850918e-13
1.854141638965802e-11
1.1241930694497272e-13
1.8355286880685566e-12
1.6754300276250097e-13
4.022419215315197e-15
8.858696471699225e-13
1.6170465666055694e-13
1.914452231018005e-17
1.1900244465777029e-11
2.0274577386366575e-11
9.508627890435474e-10
7.72308212017074e-14
5.810147087539875e-15
2.5221296165018273e-13
5.60845902451727e-14
2.5328332659325128e-14
6.719967315304512e-16
1.1150751043056976e-11
9.205737821875834e-15
3.2213766628104276e-11
5.914401010193257e-11
2.2577541750815303e-14
7.14081219060974e-14
8.233876013522375e-15
1.6301350525073212e-14
5.077292020558057e-13
6.048808750099879e-13
1.544287472249735e-11
2.9296564984504817e-15
1.732663192377105e-14
4.933774873319494e-16
4.3366889140931836e-11
7.706186734377233e-14
5.6415816378227985e-11
1.1881050988720937e-12
2.284097995108356e-13
1.3579896218735711e-15
6.000443322103944e-13
1.4013175381622978e-14
8.749302630284667e-14
1.354394220914286e-15
2.9262538735159726e-14
5.70529973358467e-17
8.891881731304542e-15
1.8905219996161486e-14
2.2133688195121455e-14
5.765655773451837e-14
1.3522763861302259e-15
2.3285775825632576e-17
2.902064621264688e-16
1.900612472708899e-14
1.0347414687719101e-13
2.03617138940693e-15
8.93884753745202e-15
5.0069890294486035e-15
3.9147721995485974e-8
5.534937146084173e-13
5.003615054750547e-16
1.1783764292631543e-15
3.7834874593124224e-13
3.1312793582353563e-14
1.1854761527855e-13
9.629657884794698e-11
4.168355504067278e-15
8.764196477942025e-15
1.104896276826528e-11
9.073766507023596e-14
2.223502736183909e-14
2.1281837984648627e-12
2.0307543444318158e-13
1.2643442919278253e-14
7.015628162557063e-14
2.1177415797806566e-17
2.04484889112706e-8
2.4251339003652116e-15
1.5401675872793617e-14
1.2548819232547671e-12
2.4347491639640955e-7
2.6627283692811853e-15
2.85775198845793e-14
2.8219278405516304e-15
5.32056930301712e-10
1.029744420072587e-11
3.740473033481264e-13
1.4278038270830002e-15
1.5857392213855097e-15
1.0779556388936369e-12
6.105722555595511e-14
1.5331622952301375e-9
9.800360689857815e-14
4.5631146608954583e-11
7.607399956815226e-14
6.000703598384206e-17
8.763337369939915e-15
1.2258341120378116e-15
1.97416117088535e-10
2.052352739658813e-12
1.7038843523544404e-10
6.320141237706876e-12
9.661667116577483e-16
1.943123153434603e-13
4.636890015877719e-14
5.192106526074391e-15
1.940566197669367e-15
3.5018771754314514e-15
4.106721992576318e-15
1.246367951396746e-13
9.265010737503555e-15
5.036754999340521e-16
3.673343864693194e-14
9.576243080760067e-15
8.031374158555629e-16
2.524394278627444e-14
2.750159071418851e-15
1.649378996322153e-9
4.984666317928608e-9
8.8231543939433295e-16
3.4292656069935315e-14
5.988102380828479e-11
2.4310496323254632e-11
1.299144584483447e-14
5.547646386373061e-10
2.281168379914636e-16
8.126914024692367e-14
3.1502337584066494e-13
8.675319115732389e-13
2.326922327394495e-15
3.415592471479743e-13
8.513928357304168e-13
1.795573915806834e-14
3.114334789298522e-13
1.3919335594479093e-13
1.2264100196979224e-12
1.2055218798335111e-14
2.283399814795476e-13
6.789334803156394e-11
2.543814127225217e-15
8.740774541031209e-16
1.206440883281813e-11
2.372351701542912e-12
2.1829333400296537e-13
7.110363706604589e-16
1.4967353823471714e-11
3.2025264765710297e-15
1.850089325218583e-14
6.961621835803735e-15
8.21326747236818e-12
6.540746914142739e-15
5.386306825924147e-16
1.3983111740576786e-10
6.858428186251939e-12
1.6210732445340575e-15
2.09495056600679e-15
4.89523574092413e-14
1.5554775808730977e-16
6.943351961110477e-14
1.8476450068020045e-14
6.497119804069372e-13
1.8674818132164263e-16
2.200252207442451e-14
4.4597818472114795e-14
1.6946475763353708e-13
1.4227080439718757e-14
3.0322644821618655e-15
6.338044679335812e-14
1.5852897150533509e-12
4.75682116465699e-12
2.132848423339827e-15
8.450429719372619e-17
1.5884308819989797e-13
5.6874109611364784e-11
2.0859636997052273e-15
9.836463881149806e-15
3.616310053982879e-14
2.153719659520022e-12
1.417122180991342e-13
4.2177076660066217e-17
1.6830024713923516e-15
3.9714114053246344e-14
3.949234083875745e-12
4.336064391271542e-15
6.465343249306618e-13
5.404656882590196e-14
7.706154439107297e-10
5.12468283299371e-15
7.981488285835825e-11
1.4241577051313406e-14
1.1735354763285507e-14
1.5120125635567342e-17
1.6234452341493618e-13
2.992039097264912e-14
8.481402334229092e-11
2.09724383186447e-17
1.2126294122245994e-16
3.0790210971666513e-15
3.8513976380820805e-14
2.6549515416605147e-12
1.998360343846456e-13
1.1262685929645928e-14
6.785257373476482e-13
7.789992289885291e-17
1.705109211608534e-15
3.8169485659694056e-13
2.3782295980204268e-17
9.66243296699993e-13
1.2039403722074737e-14
1.9146504611271907e-13
3.983380195879815e-17
6.001444891816217e-15
4.452685462417723e-16
2.7856280917465852e-14
5.570901770264686e-14
5.53757003834216e-12
6.802513503023486e-7
5.2406198000256076e-15
6.403146386849126e-15
8.154481089141632e-16
6.079789197965518e-10
4.663895865752885e-13
2.458659549274336e-14
1.1851461853395423e-14
4.0557897940929356e-14
4.610999372108043e-15
2.4014726049730417e-15
3.815493002695032e-17
7.216854204637033e-15
7.59476857853957e-15
4.2696375450671714e-13
2.4059162653196137e-12
6.729846167429863e-15
5.785867661561731e-14
1.880917361299469e-12
1.3831900424197353e-14
7.163759729258389e-13
1.2932833452134285e-13
5.166618805819234e-14
1.1775881528574243e-12
2.9489315971615575e-15
1.4588290366125274e-13
3.6699143582931046e-12
7.556050151429196e-12
2.007583849775412e-14
5.921836352439911e-16
6.580010128374547e-17
1.7553517124816007e-12
2.722956728075525e-16
1.9294833013810313e-14
8.895215033399388e-15
2.861146292243592e-14
1.0217178071767614e-15
5.974865636587389e-12
1.1466338571166515e-13
4.510654289750805e-16
3.4901813153329975e-15
2.476250286493795e-11
1.4218282584191082e-16
1.4664757129503523e-17
4.509756873560821e-12
7.186167469635535e-14
1.9221266659307775e-15
7.365678130844408e-10
2.931067381481604e-15
2.351896361411144e-14
1.5038368518216406e-14
1.527114347008226e-16
1.6069417556565304e-10
2.528819779099496e-13
1.0497469928724662e-10
5.054986828306322e-13
1.0403031825345218e-12
1.7080937865230325e-11
1.2891254586303815e-11
2.4729248001554034e-11
1.737996153075056e-12
4.940940828225668e-11
6.270636329681988e-15
2.455084236319876e-17
1.871475373865341e-15
1.5820400259666372e-15
2.443152293592977e-13
5.271141920884377e-17
7.528537805910501e-12
7.547114080439737e-11
4.2947577526201626e-16
1.0717116071846348e-15
5.0561774885130743e-17
3.3851148430519057e-13
3.461776314861141e-15
1.1178717277548696e-15
3.392782329439202e-14
3.92852917431263e-12
1.978240918280828e-13
5.658634531490367e-17
6.334246229040268e-12
4.8931693645442346e-18
1.333070340226875e-14
1.1756945943408085e-13
1.3473235963306777e-12
6.858399692745552e-12
7.539822725209698e-18
2.12877856080629e-10
5.38778825721623e-11
6.967784609203803e-10
9.020179356144307e-9
8.987666762794337e-17
3.693954588800713e-12
8.537854700003786e-12
1.1712375527265114e-11
8.092046021466549e-15
1.3000915045150865e-15
2.2979532160002676e-17
4.805066000757653e-13
2.32789791188005e-15
1.2708983732638533e-15
3.0410931223287964e-13
6.928594487718681e-13
1.1220155117107136e-13
1.792710834394143e-14
9.620905594934234e-16
1.5454627072646238e-14
1.3492870630030966e-17
4.613529081066697e-13
1.1322204615142764e-14
1.2552358746273271e-11
2.809871029839187e-15
2.2444647067774505e-14
6.979529426758907e-13
1.8746412094939933e-15
1.6293368179782139e-13
1.7492486889064542e-16
5.710988111051267e-17
9.913748765780588e-18
2.2895199653934864e-14
4.198586834709818e-15
1.0973905241132979e-12
3.4440342630144967e-14
1.0767686982040724e-10
1.0044892421584117e-11
4.096162704666668e-16
3.373695432808195e-10
8.149876794781495e-14
1.717519176907483e-14
3.2402074227850255e-11
9.045704214794167e-16
3.553681391026524e-12
1.0008917984397933e-14
3.5109200932009122e-15
7.213078477086674e-11
3.6167200966516077e-13
5.258158031861841e-17
9.242242658363431e-14
6.03888209353315e-15
9.142756011589558e-11
1.168509537962385e-12
6.321737920825109e-11
1.25235945481923e-14
3.78638716277121e-13
5.364206031977961e-12
1.7989014129479722e-16
5.8543028110695155e-15
5.3343534047778854e-14
8.410353919854269e-15
5.291410185231601e-16
5.267633103947234e-11
3.539878598130733e-13
3.518900211971741e-14
2.4679506809381273e-15
1.3697584346830454e-15
1.925584691369907e-13
5.978558612830624e-15
4.254902794869238e-17
1.0777840185260441e-13
5.999629788851879e-13
3.370623639336457e-13
4.327379573220752e-18
7.603911366843681e-13
4.6790101276851604e-17
1.3570723442965352e-14
1.8038286772869983e-12
6.133086062896549e-14
2.042659603062845e-14
1.0347749948110238e-16
4.877297296415078e-14
7.26800014767684e-14
1.3040721094375423e-11
4.369827639756624e-12
6.59815230701671e-14
1.764713640891891e-18
3.7020055445481064e-11
2.844967244777345e-16
2.4082730014244284e-12
8.606986539877202e-10
3.287594063967133e-13
3.0153136437951553e-16
2.246310304744204e-16
3.8010535546517973e-10
3.4097573107909744e-14
4.176260376843881e-13
1.0000667206200261e-13
1.280447708524385e-16
5.223551545249105e-13
1.300471918029314e-13
1.716637090916993e-9
2.783660052433376e-13
1.6582167670478567e-14
3.405680155725935e-15
1.204364277417809e-15
1.5806294125754153e-14
4.563343933778614e-15
4.0987688169142465e-12
8.874164124512447e-13
9.767390124981291e-15
1.4687725010693897e-12
4.4455615752645074e-13
1.2070638131196994e-8
4.789342950924254e-9
1.3609872164457434e-16
2.943756123158461e-13
1.7862701567131716e-11
9.195145792277469e-10
3.6932482264496805e-17
3.943974341278807e-16
9.358581860260105e-14
6.2413658264568736e-12
4.231490919350864e-12
1.0274208998275554e-16
9.293077898064349e-14
1.3827743410723583e-14
1.5206308380199776e-12
2.0861070001755652e-12
7.461536185896304e-17
9.324548951679836e-11
4.3209941700231715e-11
6.698241383690538e-18
2.3949273549207574e-9
1.040347101471303e-12
2.874284734721098e-11
2.0508495778700364e-11
4.8665966925127795e-12
4.8764450656309466e-11
9.409192111673091e-11
9.68396074677815e-16
7.395996784090581e-15
6.480295635062552e-14
1.0666831104466554e-11
8.334961158801988e-17
1.6152641161211165e-15
3.3065918277106183e-17
2.008895937745177e-13
7.44331083655003e-14
3.4342255548883857e-16
1.4832571641153795e-13
3.2584183291047477e-12
4.547659341970137e-11
1.6064975197106729e-15
6.4971638391790295e-9
6.261747732112019e-16
1.4513619509562665e-15
2.2268201894983095e-11
3.552361430167088e-17
3.7123859916119084e-17
1.4106599579829727e-14
4.803262352254087e-13
2.306301615900276e-16
7.72479888742635e-9
2.029624503715411e-14
8.24616969654102e-14
4.1853858400290243e-14
1.2576930515879269e-12
3.2445650392723385e-17
2.8275351264606833e-12
1.9029777403951172e-11
2.646740640987586e-17
1.1078798736666925e-12
2.0835929234157525e-12
8.004085447970411e-18
1.637586520845941e-14
5.185110413546008e-10
4.5124573400633453e-14
6.08259249223422e-16
1.1206392977374328e-14
5.913097314474999e-14
5.101135016922484e-13
8.871322154974132e-17
3.8445439415923666e-14
2.1393985810158828e-13
1.2654668877324523e-15
9.002576190366424e-15
5.171185343890132e-15
1.5260612112595306e-16
1.6230110494454668e-17
2.886175119011502e-14
4.23576077285721e-12
2.1832250641438228e-17
7.226684101161777e-12
4.718404659780818e-16
1.324599043397745e-13
1.27755164911367e-13
3.351180143906861e-10
8.414894354215074e-15
1.488143426209278e-14
8.250331827242866e-16
2.551731303979537e-14
2.3616740489800257e-14
1.4010637962938924e-16
9.68048775103909e-12
6.480456797810466e-15
3.44475190120235e-14
3.710367315301472e-12
8.370985458756259e-15
1.6420086759494543e-15
4.015734039177204e-15
8.68798076507934e-13
3.366918577298953e-17
2.908406603836684e-13
2.6335437439562273e-14
1.74801481938513e-15
2.2467207753447974e-10
9.267674467280254e-15
5.917663864686034e-17
2.684351571138907e-15
1.574925606695607e-10
1.569455080511825e-14
1.4072531557440723e-13
3.5363751634758896e-16
1.016903952433761e-14
7.587597656101655e-10
6.904471489306513e-13
6.185821079589253e-16
2.625707830459992e-15
1.0406033137744286e-14
1.108659674369101e-12
5.658075459817178e-17
3.347426017687658e-10
4.254515807308249e-15
4.6045806084817726e-14
3.066894111543433e-14
5.453750458592617e-16
9.403522671333612e-15
1.002456774661053e-17
2.0827306160553733e-14
2.0675984308807104e-10
1.1522102381071183e-16
2.139311449972803e-16
6.243661365685654e-14
1.8608959089947122e-16
9.770033305564439e-17
3.65588844436535e-16
6.427793556573183e-17
3.2244971255022385e-13
1.4862734935331553e-11
3.5563520942994344e-16
1.8841864996762156e-17
5.035360043028526e-16
6.088063003075723e-11
3.9235036754367545e-15
4.3236473016568203e-13
2.4606831773798133e-15
6.68205414676042e-15
4.846483937974167e-12
8.009458155139923e-12
3.832934796793709e-12
1.3512939386014426e-16
5.149809777027232e-13
2.5675601731695706e-11
8.57254569987285e-17
1.3565700080111808e-12
6.856811755955646e-13
2.679020240606934e-10
1.825662755761609e-12
1.651164186821001e-13
6.822935386115105e-14
5.546455159403425e-14
4.3664045111741827e-16
6.249387391495882e-9
1.2348485390706068e-16
8.60989906792724e-16
1.536377196159793e-11
1.791727558039812e-15
9.899144455574844e-16
2.0571515762041104e-13
2.8344100192440106e-12
4.6915961616621974e-12
4.724396247959703e-14
1.2280097770768465e-14
2.447143857573647e-13
2.4729697061625745e-16
1.7653152535054802e-12
3.9502889726876624e-15
1.8480765434420664e-12
7.788066153072239e-16
3.459024825035667e-14
2.2463310542917933e-16
1.0101563263634106e-9
6.292481553857554e-14
1.5882499166189204e-17
5.080477076190138e-16
1.0302367198042613e-12
6.548253652684598e-17
8.199298292125337e-13
6.953329199659985e-14
1.2853422143645076e-14
4.5012193104730264e-14
1.791878425905092e-11
3.7133137315717924e-15
2.3358630017332466e-16
1.8309333082829893e-12
1.77994944916935e-10
2.2656614524460225e-17
3.5855107399230404e-18
4.2420657697880575e-17
2.1431649692960785e-14
2.460644126593673e-18
6.3963174195659644e-18
1.3438503253685312e-13
2.5245595579251117e-12
4.373445267811303e-17
5.008758251048274e-12
1.744177600377082e-16
1.445103649665701e-15
4.365759079268641e-16
1.690117327751076e-9
9.245501866660357e-16
2.1832642307615115e-14
1.794904954055746e-9
4.674115416740175e-17
4.612598647076879e-15
2.691406747659096e-11
3.00719276114028e-15
4.05401083709851e-15
1.7817528320061062e-16
6.696272873875175e-13
1.0826923755910141e-13
9.087444457615562e-15
4.1500134445719304e-16
6.630602259484136e-17
5.6610587243508455e-15
7.047696332506782e-18
3.8275752212859927e-10
5.490012008161937e-16
3.732318762507852e-13
1.3392890503770683e-16
1.059724806198371e-14
4.235062303920348e-15
6.382249278279723e-14
1.5009120042259602e-10
2.55950179367231e-14
2.628192176790255e-13
2.9167800640164386e-11
2.064379304674565e-16
2.1472977308378973e-8
5.167544631620373e-16
5.026470131575826e-11
1.8640834418426437e-15
1.1058883497208122e-16
4.0830546737261426e-15
4.066770656310131e-15
3.2096065879214363e-16
2.485073664401066e-14
1.546476095396325e-11
3.787315017361941e-12
1.6086763535912778e-13
4.748282783490863e-13
7.054894227372328e-11
5.391153753548015e-12
2.2846766291085177e-17
3.4138794742203577e-12
1.7308535788746e-14
2.801096635425648e-10
8.141119166963836e-16
9.040889451471608e-15
2.6039656165579124e-12
1.2957119497622119e-12
7.050323463998609e-11
4.805321748526607e-10
3.13985000864885e-14
3.5931390973064997e-11
6.253512053856352e-18
7.419225879061825e-12
1.964406553100354e-12
7.377543929746059e-17
2.28765509460329e-17
1.1482572481551895e-10
3.2925972169382823e-16
6.037964063559822e-14
7.352735177807725e-12
6.147824203439729e-13
1.802596820763535e-17
2.876940747729414e-15
2.494399921126502e-12
7.597962090831488e-13
2.961670137137778e-12
1.7007559899353853e-17
1.1276079358292251e-15
2.7744911572538258e-18
1.6039846852806027e-10
7.920958508825596e-14
5.884377692783903e-14
2.9617428452481346e-10
4.1778468575778895e-14
2.649018889630122e-12
2.9518963920078006e-16
2.586092805523185e-13
7.389286883075277e-17
4.194223639924359e-12
2.8032448935736982e-11
1.2483670831704637e-15
2.2822853588134126e-14
4.980194643118015e-9
9.696307492327652e-13
5.440046972506378e-17
2.2755143995698004e-11
8.128987248936613e-17
6.542970753814145e-16
2.0398144824243437e-10
1.0758809619956046e-14
2.0657630589201376e-14
2.977715075730386e-17
4.808321302459295e-13
8.508643780064953e-13
4.374162249803158e-14
1.8977617434263417e-13
3.828819997386116e-13
8.765315536331728e-14
6.705914891309666e-14
2.5038543633280367e-13
1.646356013891226e-17
5.841239213822725e-15
1.0883652823100514e-15
2.708087572181654e-11
5.120281941164353e-12
7.88725129551153e-11
4.1839720573606607e-11
1.2107046447278881e-14
1.5028858880832024e-10
2.440232401601588e-10
1.4761654837287058e-11
1.4813995714410658e-10
9.76832090101483e-12
4.415481563884334e-10
4.4968732439620535e-12
4.8150144886448696e-15
8.65421658069886e-17
8.597737454916507e-13
8.684134720947916e-10
1.4140821040159966e-16
3.1988241273231575e-18
2.717897632372512e-12
6.438810678384212e-17
3.941396025162579e-14
2.715546251820217e-14
6.445250848731436e-11
2.5528440529533757e-16
1.2419536130717553e-13
7.083390876689534e-17
7.402977583432265e-15
3.7893935381476377e-16
1.8994554631043632e-11
2.3690698280412982e-17
8.581387270231483e-15
9.683003788934055e-13
7.603757321188537e-13
4.40172142853852e-15
5.046099569708644e-15
4.860597625121362e-13
4.4263133104507355e-15
2.1302933839362832e-16
1.8458568862946792e-16
2.577550765180137e-16
8.904576364180205e-15
9.366212073804675e-15
3.434500357557366e-16
1.9092799512965956e-14
9.776369496002035e-18
6.619280457429198e-13
1.110007889422691e-15
3.8373535071620004e-15
9.496153376071392e-17
2.9353049074871364e-8
3.5341724176610163e-15
9.703851931884541e-15
6.695148980496626e-18
5.557624586529352e-12
4.174826478815483e-12
4.888364920912066e-13
8.475464113761607e-12
2.0890878600503387e-14
4.971549119067119e-13
2.994532074481293e-13
2.5725544904434344e-8
9.058063162221909e-13
7.773219468438658e-16
6.69783397446208e-13
8.119530944890303e-12
1.535624565848723e-11
2.4271757387319924e-12
2.853633200933509e-14
6.031237174147779e-18
7.86880419503026e-19
1.0303510587811604e-17
8.535090823549438e-14
4.3210373629145894e-14
6.087506756992289e-16
1.4384946084464334e-8
9.04684660356759e-17
1.0320980725238215e-11
1.282536772632047e-14
2.762898451717779e-14
1.940530489230874e-14
2.3011293844530156e-12
1.5081865335854497e-14
1.9374412631325926e-12
5.277541183245412e-16
2.182305156356516e-14
5.225272039405758e-17
1.22364921186957e-17
5.649292505744079e-15
4.116805851538293e-15
5.3601276208875285e-17
9.838156371969559e-18
2.1189722621289737e-11
8.156556308905799e-17
8.612354135792063e-14
8.920163370780476e-11
2.220509564742207e-11
1.7959994412704e-15
7.290480002716468e-11
3.723717141599306e-15
7.304917078928654e-16
5.491775056560037e-12
8.949706943019633e-14
3.4743671293372073e-13
2.4630200269968743e-12
9.376967455060934e-13
1.2527453336169186e-12
6.098842538629018e-17
3.365818052249994e-14
2.5639570632310603e-12
2.171287107512615e-17
1.5164833155379358e-12
2.6763794977301308e-11
8.924003734853292e-12
2.2952747203006975e-13
5.792235149886843e-16
2.894489080784689e-15
1.3952921068716267e-10
2.873223645010484e-12
1.3975499759004307e-17
3.047419284129924e-16
9.57686163321867e-11
6.5818334798644885e-12
3.452202687241221e-16
5.756423943953503e-13
1.9717902073116882e-13
1.565564403278241e-13
4.8053165301632286e-11
4.8490412145436256e-11
2.3983215156068183e-10
1.4225914163178859e-15
1.5831821851516126e-15
7.917277779550347e-14
9.469431544667141e-9
6.08348640239953e-14
2.1208723506685387e-11
4.70624550854328e-12
6.71233369838093e-14
6.629582469719634e-10
6.534292352296803e-16
1.0611121582032507e-16
7.890795028570605e-17
2.4596077819055467e-17
1.1433162754435813e-15
2.2596244100133374e-8
1.9682329773121896e-16
1.0296429404666896e-16
6.700770190866484e-15
1.9983887016772565e-17
1.220631043021669e-18
8.496415695833326e-11
2.9408662255091303e-15
6.416070039055868e-13
4.639666201939889e-15
1.225169612483331e-15
5.518772261665841e-17
8.017133187627557e-11
3.8514969692277497e-10
7.14346634101958e-14
8.028210782031425e-12
1.4966830228911838e-14
1.83708160138695e-14
5.576995133420174e-12
4.835242233211995e-10
4.471467402519353e-15
9.426605094559915e-14
3.350018550885882e-15
5.25023525466399e-9
2.66872441331862e-12
3.215126509475402e-17
2.4251763788990277e-9
3.236686543738909e-18
2.0161042950786627e-16
4.113160306347315e-18
3.688470019780839e-16
2.4029201098506416e-11
1.1686201401496874e-11
4.315804542628265e-17
8.210952288481085e-17
3.755475294601595e-15
3.0287226057631914e-12
6.981867039686554e-10
6.404375623793265e-15
6.286315529949903e-12
2.559252661172981e-13
1.1193522206267204e-14
4.4673467358738777e-14
3.4447021920533684e-15
6.37730837544e-15
1.0970302920666293e-16
3.4501099008180476e-15
9.108783408123319e-17
1.0096790639314142e-13
2.356764995839404e-14
2.555650160507385e-16
6.50404035777785e-11
4.1637164175807973e-13
3.789821826517814e-17
3.768791160482975e-15
3.9164442229368114e-14
4.3854558912120373e-13
9.580847784461812e-15
1.2454611121852713e-11
1.4242267233446125e-12
4.518738193525025e-16
5.073773526655654e-12
6.21497361149611e-16
3.7120639677440526e-15
9.846779101728744e-16
5.569894378025571e-12
8.676826089701953e-15
7.840452704406262e-17
8.026372891386829e-16
3.1910003191181934e-18
3.957265385166482e-14
2.1808604134375532e-13
4.705318229723932e-13
1.0027976975188377e-11
5.797532294138865e-12
7.759505643048848e-14
4.410969839255996e-8
1.2220328714910127e-14
1.917863146272148e-11
3.360532490174142e-15
2.354260358478554e-14
1.6066273458515059e-15
1.1900508169865018e-14
3.3168454701442645e-16
4.502387795638401e-18
7.671375231364792e-13
1.585684837148011e-15
3.098589524819659e-17
1.6943732895988416e-17
1.5271217575986912e-13
6.724393829131342e-13
3.6288604804042745e-12
6.4172094454735896e-15
7.847108842733615e-12
1.5156917916908316e-8
1.0345735084090067e-12
4.1879527914019173e-13
3.8175534107278606e-17
2.7511294023246263e-15
1.0162475946723843e-17
3.6327203803501524e-16
2.127313377670019e-10
4.930862580619398e-15
1.0259606625739904e-17
1.9790124363363732e-13
1.8116109674048146e-12
1.788310813898707e-12
1.1595168374162482e-11
1.6250732199019538e-16
5.170197762657723e-15
3.2980750698567498e-15
6.848917520859175e-12
3.577671130422395e-10
3.8881225192480003e-13
9.857813621095351e-14
4.2892299112531086e-10
2.5372560990945e-10
3.774515749692149e-14
1.3549334609729739e-14
5.268466483773301e-11
6.769900757210454e-17
3.5956803296107934e-15
7.038236269298548e-18
2.3169257016245174e-15
1.56700543217771e-11
2.0200497718571022e-16
4.641896498397829e-10
8.347336682563048e-13
4.336832253426923e-15
2.4294682859353035e-10
1.6951939316894944e-13
8.769639803123338e-16
1.1462091162017398e-14
4.275030424791363e-10
6.960708883866786e-16
2.975126488407611e-14
4.1905839561455795e-12
3.074399083176278e-15
8.297846278917752e-15
2.3049812336365443e-8
9.145773652930918e-14
3.038433860266432e-14
2.0069610339950817e-10
1.9095214317716763e-16
3.8803978465621e-18
5.0590524196590137e-17
6.260875143498564e-17
7.138797278547894e-15
1.726575843894565e-12
2.4798771573755202e-15
3.2371392058488373e-17
4.473010666795869e-15
8.837385661064349e-14
1.5940571149749511e-15
1.3973158608652022e-11
5.208674875262432e-16
4.059943949038589e-13
1.1699741969222089e-14
3.769232017313038e-15
2.1807376127417065e-12
4.1472610381608584e-15
9.215870174691376e-14
9.434639968228176e-17
1.1256598285427825e-10
4.7476001018249726e-14
5.622929327178859e-13
5.3089976855846495e-14
4.399587038370371e-13
5.2007098377811434e-15
2.0754201619750598e-14
3.647210606693456e-17
2.4484513950909183e-10
3.7479828009301195e-14
7.86848400986688e-11
2.016562817528722e-14
9.945985284394761e-15
2.0261161103575032e-14
2.510805043343504e-13
3.2478854603999556e-17
6.0740254498006894e-15
1.858824527350944e-17
1.1357421847696561e-14
3.1479082893644796e-13
1.3947403394506261e-12
3.43247813099135e-17
5.336233283414849e-12
1.255666138796664e-16
1.7617947410119328e-13
1.7835489414142462e-14
4.116765481905364e-17
3.906542878499435e-9
1.0425649927327785e-16
7.221694955959832e-15
9.379151209338811e-13
5.745473476001136e-11
9.602583902031724e-16
3.417834537264122e-15
7.945888635656724e-16
2.586334894022918e-16
2.584029536114748e-13
9.55210676320172e-14
7.831845275738052e-12
1.2177467316254229e-16
1.761472568209976e-10
1.5763219496732562e-11
1.9161748155326897e-10
9.042672343802394e-14
2.7862180854814394e-9
2.2125757974943117e-9
4.784531469161926e-18
1.8415778352962028e-10
3.399632206242969e-14
4.236309156932217e-13
4.062546686089635e-18
5.434857867117016e-13
1.4603100336737588e-12
1.0462852195702188e-16
1.9610704374984215e-15
2.8463945221602365e-17
3.7218377613939353e-13
2.374196510391366e-14
1.827475245465214e-16
4.298718975620827e-16
1.0217347269967534e-9
2.3437583549643628e-14
1.2737780331270858e-13
1.1358096688251748e-15
1.6006733247567512e-15
2.6474906854258172e-8
3.8361723499966187e-13
1.6362061953466559e-12
6.3894071638088e-11
