0.08055335493165476
0.17108360077573598
0.0005417718921548482
0.014788927863875348
1.0000068771706685
1.0592651543232765
0.5155170256391585
4.98377139888975
4.999985100696759
0.022790094852644074
1.4222508070202033
0.4560003493957889
1.5177249782680304
2.0389095861166724
0.002199590775018169
4.995911997970399
0.4185778000760463
0.1480513625417475
4.999866847946472
4.871691841773151
0.5939408328754704
93.18442476983064
0.0001006341664361049
1.3391256594210038e-10
0.08503558347632025
0.5360739145612607
4.990729889646906
0.20445684924468105
1.4887054357415073
0.2549660966647628
1.0418219772074604
0.0013848287605957642
4.706609842924797
99.86323971479408
1.4481285085941318e-7
1.0037090960659545
0.6101651519812967
4.99979697501682
0.007021135666888361
0.00010008566368126864
3.7747208744167575
4.976392747968735
0.9797256405909771
0.0053515347419079914
2.744037665219903
0.010756223522515415
0.0964662676449156
1.1686334139941494
94.86265597839824
98.74876316988464
96.57212909287088
92.4118316436157
