0.08055335493165476
0.17108360077573598
0.0005417718921548482
0.014788927863875348
1.0000068771706685
1.0592651543232765
0.5155170256391585
4.98377139888975
4.999985100696759
0.022790094852644074
1.4222508070202033
0.4560003493957889
1.5177249782680304
2.0389095861166724
0.002199590775018169
4.995911997970399
0.4185778000760463
0.1480513625417475
4.999866847946472
4.871691841773151
0.5939408328754704
93.18442476983064
0.0001006341664361049
1.3391256594210038e-10
0.08503558347632025
0.5360739145612607
4.990729889646906
0.20445684924468105
1.4887054357415073
0.26234413269857765
0.8541727859249023
0.0015800711938125161
4.778625470905673
99.719257285818
1.098371254421633e-8
1.0003894444540142
0.574532268254711
4.989779724016974
0.007751387998174695
0.00010005493792998512
4.434489386512966
1.0291866408119832
0.9797256405909771
0.0053515347419079914
2.744037665219903
0.010756223522515415
0.0964662676449156
1.1686334139941494
94.86265597839824
98.74876316988464
96.57212909287088
92.4118316436157
