0.09218531684646582
1.1747557703447702
0.00010699649513351338
0.0011657641701370732
1.000090953427422
1.024944609617586
0.7931186901175054
4.999993130040025
1.0004161335426651
1.4709120826632462
0.7257337681288819
9.895945003273038
991.7540500020459
3.1029611459304314
6.834533116628684
4.999960253309411
0.10000000001433765
0.2834914198351228
1.3902665119370703
1.0380199526958251
5.846754784599505
23.214210517048596
0.00010000032152591094
1.000026328283318e-10
0.3180126524963708
0.2827130002405176
4.99999999780859
2070.0887452639054
1.1968404058305
0.18828886069401662
0.14544228412119198
0.6628262551237217
1.2012998046079804
35.655878267082386
2.3980518084947113
4.743756554383279
0.009334950248693102
1.3129578333615317
1.0e10
6.710461935682564
10.0
1.0e10
0.1590785177282772
0.016677392288298554
1.239999337480266
23.58598052305935
0.28798839261740344
1.0000102377643643
48.41883896736682
99.76763432082404
91.7716698980215
99.80626993796464
