0.09218531684646582
1.1747557703447702
0.00010699649513351338
0.0011657641701370732
1.000090953427422
1.024944609617586
0.7931186901175054
4.999993130040025
1.0004161335426651
1.4709120826632462
0.7257337681288819
9.895945003273038
991.7540500020459
3.1029611459304314
6.834533116628684
4.999960253309411
0.10000000001433765
0.2834914198351228
1.3902665119370703
1.0380199526958251
5.846754784599505
23.214210517048596
0.00010000032152591094
1.000026328283318e-10
0.3180126524963708
0.2827130002405176
4.99999999780859
2070.0887452639054
1.1968404058305
0.41035780691623774
0.5152776407851841
0.00253038398443421
4.956376963524558
86.36190883670876
4388.432451552519
1.9191779869784091
0.22842350850974627
4.99830822935809
0.014339467604763706
1.8762148692261447
3.2534334361854396
2.002996469182053
0.1590785177282772
0.016677392288298554
1.239999337480266
23.58598052305935
0.28798839261740344
1.0000102377643643
48.41883896736682
99.76763432082404
91.7716698980215
99.80626993796464
