-1.1471233966524124
-0.6747772793032188
-2.988170434385333
-2.208675840437735
6.885409129449326e-5
0.006458551552794072
-0.355674344588923
0.6953308766873015
0.6951836946262794
-0.020361421177536296
0.17879638874516451
0.8797565979360387
3.9820104040892885
0.006464344794017145
-2.7881919059310833
0.6974877331794926
-0.9856827075467911
-0.6770440834315274
0.6695148080384795
0.29577597504911485
0.7326665193677422
1.8203045224595762
-3.9990727743773644
-3.2357735335353763
-2.7167855739612317
-2.2642544962794586
0.6949551906333072
0.1749326352726186
0.6970752521256287
-0.3916259006698218
-3.9140213299465345
2.9417264538769388
0.020707162263380836
0.8035825078969997
0.43741036679644324
0.6989247142571197
-1.2440643994482041
0.4233764513899967
-1.0020719197140073
-3.5448783070143457
0.2503639417388815
0.025053713484770684
-1.9955739830035362
-2.0698579009142932
0.6687625589258027
-1.394579241802349
-0.3682283823274692
0.23718136085258867
1.4707889826605958
1.7730297240746307
1.964469930717725
-0.9858604728705976
1.9999276617647224
1.9962811964585878
1.8990643801625726
0.13126307645778473
1.9562181439752961
1.2080970334335641
1.37158724721583
1.9998227919966876
0.5152316351555509
1.4495513960977562
1.9367543618011938
1.2984869661145273
1.755502182091235
1.9860879254712038
1.9708951304891609
1.999763962539674
1.9658681166704224
