-0.8252584707417338
-2.1310738164182084
-2.307721909106752
-3.998839201803813
0.0006574306064866056
4.588876463214455e-6
-0.3657039395897154
0.4076573317926808
0.4207986213908254
0.24279813286684263
-0.3330420441276155
0.34383503707241964
0.588243687239399
0.6208081032322994
-1.4804873082979388
0.6989698530759594
-0.9999938138340667
-1.336340208711221
0.6984370386333737
0.02746079811368606
1.252846327723954
1.8097977747525555
-3.9999851582256194
-6.573030685798635
-1.4335167682445737
1.1594558209162134
0.10002376702964813
3.985831273519136
0.6789021928904188
-0.5572214960010063
-1.0426487628215584
1.5106089075284659
0.04366971850213527
1.9730165026921718
-0.3966560214855957
0.6720694906338583
-3.165853994257709
2.6601854989272318e-5
-1.776936632530336
-2.6606958020646303
0.26890534745584566
0.24555031714289885
-1.0110631426706707
-1.5512855577989833
-0.4255314730597781
1.6309318783776934
-0.3355995311674887
0.172272542323047
1.3563102715217303
1.733600104968178
1.9847523327857437
-0.9827951627805386
0.5143215179814719
1.9999736332782292
0.7813144274493141
1.3614536853110584
1.4151007272545773
1.376475868381454
1.5271551304147077
1.9999999938736757
0.0054436795843811805
1.9999031850631068
1.9999810748855185
1.4724712242195865
-0.2758603561102827
0.7951796740268557
1.9885252609958912
1.9585223264198102
1.979386850990878
