-1.0332519566708427
-1.1521277875388714
-3.3901084310250433
1.0705790138680098
0.003339935660207037
0.017651056665568533
-0.286540203991899
0.10259542646574857
0.6975779576686281
-0.44499324328643286
0.08335683952745032
1.9319099834418323
0.1582692200479017
0.6721197476088544
-2.540187203274756
0.6982243814219872
-0.8677447158276808
-1.3121742350547922
0.3628500211264116
0.6663485428473006
0.6774479050793226
1.9824956131486653
-3.666380673202658
-2.150012397650683
0.0018869017513865839
-1.3196414511825318
0.6984798958256547
1.1695365459708649
0.11505898180749786
-1.2084751740520516
-0.5057737916111286
-2.7080561798353138
0.6863404919461644
1.0925306662488243
1.389118476489188
0.6987638411515056
-1.670068396760737
0.21862702714991727
-1.1284253136759699
-3.7898652674929516
0.35094168772809897
0.11272147926710037
-0.17964898205984642
-1.5744204153825807
0.21344179462626736
-1.9920192625790432
-1.6193949085655266
0.002165095469338387
0.935755883667227
1.4093078619427342
1.6971619354440082
-0.8246663765563753
-0.10478452977907574
1.9999971094994986
0.8652300164972415
1.108569874915034
1.8951057233748883
1.154877676421344
1.4979867569757648
1.9941528550545102
0.4335471367929133
0.6886186456915829
0.8156104206609097
1.5358554581416985
1.0158900260208874
1.2775087091752837
1.297105003634639
1.9929816204154605
1.9370513954076682
