-0.3091788492356793
-0.6463644320799461
-2.9995172377064407
-1.2387283827091313
0.002160858987062247
0.0010941825402692284
-0.2032082542148788
0.06480737394733439
3.490397383105145e-7
0.6623121721281987
-0.33044984455926274
0.6237334987475902
-0.6782825801082726
0.42019483819736564
2.6189880487748893
0.4403028960488353
-0.9820953120056
-1.1563527032277725
0.30310660008372614
0.6935907833093079
1.7858223581918524
1.770884646844444
-3.902935812163393
-4.79438020208954
0.7632933624574082
-3.861283642029353
0.006132377224062448
3.9396525707281094
0.678424508521784
-0.4253937034529016
-3.9738052462714935
-3.9434903530560543
0.5921446622091698
0.9161290807656347
0.03170227227327143
0.6989309460268445
-1.9081240988438333
0.000837374930642114
-1.363862727231121
-0.3318768869339569
0.22394113285788228
0.41373026449993944
-0.5156772335495935
-2.9695329022278116
-0.04611674137205522
1.2024615780674537
-1.3521915436844112
0.38066906956435703
1.9252664470767102
1.9999720736653728
1.9784353273589088
1.975559909049971
0.5516195991396943
1.9950336125210157
-0.6502743798795804
1.8046660746077858
1.6084020467609716
1.2486370304275418
1.5296237854899117
1.9999301375714398
0.42762975035346806
1.8702360311515795
1.895056046868459
0.5142716746509582
1.4668719295021004
0.37722996578644663
1.941241941869779
1.9990716227682992
1.9983213867386884
