-0.8744036380231732
-0.24506709134299973
-2.9079051561297695
-3.7520862688582595
0.0007489681745836553
0.2768187990031435
-0.36265043677767916
0.061549553829146814
0.6298568021683967
-3.9183391838578845
1.8257165579342236
0.9756342239347239
0.1476269087614321
0.6968796098135471
3.858469386098512
0.6907376186895159
-0.2858301012895985
-1.0018861939784687
0.6131631413951949
0.6690336788118163
1.5113177236339161
1.0114267193070086
-3.9971109359288732
-9.671518272782713
1.9186925082778197
-2.9244792200508143
0.0007755369896775177
-0.10080713331753169
0.6989694151376215
-0.7472129366466378
-0.6858044402656207
3.963718259731592
0.07626057695106335
1.1389146512348656
0.33852046863189017
0.6269523460997543
-1.3937050428586455
0.003081834163741361
-1.2001108681559691
-2.3743993984785545
0.1438611242469941
0.3771582857189375
0.26325787342996
-2.1075001281044363
0.128778027340989
1.8841537418211272
2.3583409331330905
0.12128125994606706
1.8852383574517897
1.9947344638907674
0.113644367504638
0.8558990658144214
-0.9386588056953514
1.9637717451979428
-0.6048041665240073
1.276783817669963
1.762821616058837
1.4451761651833916
1.5474334764067106
1.9997364546138376
1.0672358547699448
1.7958180937693247
1.999378993141832
-0.8157102810939234
1.8989353184799975
1.9864876542423147
1.986000974614882
1.9727672331404729
-0.6205125743243378
