-1.1717170728483801
-0.7409015067046225
-3.4937833702317973
0.05705657054480391
0.0016748679610557706
0.02928183596756083
-0.3331499918687777
0.09712782852783207
0.698953750796111
-1.5161335732973582
0.2171582630470266
0.8164315006759137
0.21323862865581977
0.33514455686294964
-0.19479057470878222
0.6989696394642083
1.5548830787324457
-0.932759353600203
0.6231435425327029
0.6982523835622657
-0.13897172065156832
1.9680578874428576
-3.998660620384074
-8.380033863549949
-3.977313291922447
1.4631824438838312
0.6965484146246037
0.9177977352262788
0.10348617142157869
-0.4536171949793907
-3.9054106138962443
-3.968590127964778
0.07970491885806176
1.0097226042891245
0.1236083241418408
0.6973537003676598
1.1290601525446406
0.20558777242448514
-1.3126715367467754
-1.144908385556
0.19812756307308188
0.09972196692671165
0.08462383584277654
-2.791023835829677
0.7593900504361185
0.4316111447594486
-1.064901806259738
0.1061713323014643
1.3162143190282856
1.9763595543343706
1.8242190164079637
0.1541510128807934
0.6423815422237834
1.999825380049934
0.6381463055626004
1.9514754402299148
1.9919067563723696
1.223465375215377
1.3458190999012238
1.9964593081611501
0.9612389335461361
1.7422063337731977
1.9999052386645073
1.0101222749566072
1.8091862431711252
1.934572411038205
1.7655413508580389
1.9788964329748417
1.961919837571008
