-1.1953915476335157
-3.968246001272212
-2.488164914332573
-3.9814641329160643
0.18552057906656538
7.229108825678246e-6
-0.5227528494548779
0.5028392279817809
0.00870524665887081
0.10129835867965276
-0.19701346290328076
0.5082350041277581
2.0955077198651124
0.1406727693843169
-0.10638706206252692
0.6989339903495587
-0.9982498650839494
-1.4475564947794677
0.6989161381522901
0.6947463431336555
1.3575844422301884
1.8201440452688367
-3.986364836529607
-2.30423206494945
-3.19502720532921
-0.794740907706285
0.016891308329931624
-0.37368929252022226
0.00046444445845838123
-0.5792176970046978
-1.0287583744291797
0.4579871344523948
0.6846949745538338
0.9487103976595842
-0.21526393840067443
0.6014383508156517
-2.1998832186457413
9.576115870271161e-5
-1.4593776128636904
-0.5429136686997349
0.17203925516646376
0.12789980511457222
-1.01311641241454
-1.6789360802018685
0.7456665699722526
1.6588285330773405
-1.238146050647577
0.001219074707480579
1.0944679773052108
1.4626905385761604
1.8819311592494248
1.9476370607114377
1.0952098067414533
1.8442001267351529
0.7339364100148585
1.1841382492030166
1.9611850592619733
1.3873208510894337
1.6022281925402098
1.999903879172674
-0.10216547069466984
1.9923167587532367
1.9901571105945859
1.3514390059730168
-0.8942789591450744
0.7560668252972821
1.9957668412037406
1.9308885540632879
1.9868604151660996
