-1.0268953058944177
-0.3895442766328034
-3.922578421086629
0.6138125647026403
0.0013901874031382253
0.006373313196628354
-0.2995436521286245
0.6923055958562583
0.00029557284816737094
-1.1622372827126315
0.06161912589916659
-1.6274713521170971
1.3150002171290516
0.33268163075927604
-2.345414504885432
0.6926534686904914
1.8539008130316925
-0.798558021821787
0.5456113974971959
0.698807923192959
0.951987355669269
1.989510659318646
-3.9977874256310457
-9.121925900579942
0.11048867364311402
1.93173787387688
0.017081309927783627
1.8013076730543163
0.17129299102323958
-0.4890502597550739
-1.6323365228621456
3.0135663286383254
0.010997226308963253
1.8652560907450402
0.21761841644561952
0.6987595606072948
0.7936781219375968
0.13266147398777794
-1.9349786961083297
-3.105629790427169
0.1678994881828048
0.3880742904501194
-0.023750569389022713
-2.999159554367718
-0.05880779477238405
-1.7073269344089885
-0.6593470338293695
0.003257529325659928
1.6798463831183896
1.4275430787716894
1.9877479778653722
1.9808483270680035
0.6265430558360585
1.994771679975464
0.6443260361334088
1.3830091698179903
1.8142022093383172
1.2531238270956007
1.403796840080915
1.9999649830856665
0.8913897300812278
1.9581876573171315
1.948480085266606
0.9539825926060899
-0.949102904667811
1.2993159545687014
1.9973338594153345
1.999911447765931
1.9604440237581624
