-1.0889322567837658
-0.7502175556845753
-3.0648455267110917
-2.3286155580893206
4.117455066949206e-27
0.0004418834984995785
-0.3655904127615591
0.698618888507344
0.6989339430306142
-3.975398969288908
0.23433812250388303
0.9784359233790499
3.967939641874483
0.6654198118607805
0.3300810979747932
0.6986531437108497
-0.9807654392559283
-0.8627920858226197
0.6921262424359973
0.6983100705196005
-0.023254549738182383
1.681062776308075
-3.9999942781249396
-2.8412546462109205
-1.0505920024427067
-0.915481393075081
0.6989700001563925
1.117159667883088
0.6954958579292646
-0.43598052911349267
-3.9448895761842304
-3.9316669301346128
0.6941561374853487
1.975179846873641
0.23874269240381618
0.6989689161733758
-2.037279853078883
0.1605034488406241
-2.3299060936362936
-0.7545119749981691
0.12002999515766125
0.33810155657742824
-0.0051891234675121205
-2.3059120024126485
0.3600199289832926
0.8943081917702598
-0.3688892513645704
0.1177985227413179
1.4727640213845326
1.7731969615821344
1.9706805391867492
-0.894516701499581
0.6506166381084912
1.9993237946158062
0.6300397419853687
1.562743498493174
1.470324813924403
1.2895618649287106
1.3960050782489806
1.9998680934714397
0.9697319523548235
1.5734856600703162
1.3078765663774754
1.9997267794093256
1.9981034353829352
1.8102610692246823
1.7697841678901973
1.9940019250663157
1.9999999999919207
