-1.1157951857631292
-1.794365352630394
-2.3208131661704727
0.9212021842119904
4.4471125658729334e-5
0.08343303116094149
-0.28073767564971686
0.6985675879464988
0.6989698891293505
-0.2115511581630149
-0.5573103494564331
-1.6692402689851082
-0.7839566663839628
0.6924601126553709
0.4907429691781053
0.3384069927279657
0.6421962004114523
-1.6026962827891285
0.6989693254390446
0.6927089179243716
1.092381406064479
1.7154642743808042
-3.293133603986832
-5.233766908361465
1.1536838215013634
2.045931916869989
0.6988967364344719
1.9121807711723544
0.0001510381696163662
-0.9816968905592024
-0.6161785822953764
-3.6273481115354578
0.692646063833161
1.8972500355282056
0.23322758392372067
0.6989509137475852
-0.23431847242733947
1.1357067473516176e-11
-2.099216939382039
-0.23417842706757258
0.2478689608675371
0.6989696285698984
-0.4755955397407432
-2.9780103534145796
-0.5874987850518174
1.526187507696725
-3.996156780765074
1.1039361228416334e-10
0.8063840682717339
1.2177929205823683
1.9999006395378283
1.998227508213751
0.5167343254438076
1.989537163644394
0.1696622007586733
0.3850647468911445
0.8692186297466126
1.1287403406246308
1.5585266343209627
1.9999998748598462
0.3872458972708568
1.9891835589159594
1.2195740180598442
0.17998825196067797
1.7139545589477378
0.3723971604604108
1.978395314116739
1.9184973437716604
1.6748682831723736
