-0.5427565208399941
-2.7486659150271247
-2.6870843762904486
1.2243636803277442
0.0012153194725070902
0.02511034119593887
-0.38744466184718585
0.10324153043350066
0.6690878591779731
0.46981749568550213
0.1728956178769271
-1.4831323209482385
2.799686690844802
0.6347749048491083
-1.052500053091333
0.0013254543080222752
1.5942024112532418
-1.26677503202021
0.5723372413901482
0.6963242627469972
1.3498924306133018
1.919591665131179
-3.9994887448423038
-2.3678267984256127
1.941978537848796
-0.4369192712659444
0.5632677909410887
3.255330180919483
0.22981840861948666
-0.3870724126853557
-3.9251603928877374
3.964472795863317
0.003761047046457753
0.8752371477346459
0.046831484218360864
0.6989700042875483
0.6876240900137234
0.0012350472426486548
-0.9573379027594243
-2.580248498053644
0.2916181027708423
0.5132506819417116
-0.8178308191812814
-2.372944378662265
-0.9930800681590853
-0.2565780717278656
-3.9808786364139364
0.008769828774516226
1.988359135701946
1.6021034692393918
1.9999277253980692
0.6494934865776099
0.5689078660241041
1.9926693591499212
0.4375356711740071
-0.11330495432691357
0.898989001531295
1.1822978698246227
0.9610639334244497
1.9924775786099975
-0.485994546206476
1.9982751259525917
1.9423896952991386
0.9776953052880549
1.999770290554004
1.5716619576267536
1.8000201952192136
1.9969177880985305
1.9825103315569679
