-1.0921003839771548
-3.98924684555541
-2.457792405896328
-3.1933923615792503
0.05748634944889841
0.0052347312593398285
-0.16578645581899792
0.693636869567522
0.2396685575845523
-0.19891003355451328
-0.8782994673478641
1.875374005392913
0.15982106499252477
0.6972138282140308
0.2147232222744732
0.5006410582788153
-0.0859864960670977
-1.4101915567537604
0.6804235186338595
0.050587494568161265
1.3886803483856351
1.4018109672631056
-3.7730278642927084
-4.653278627192782
-3.8683773493114417
3.8360299665116977
0.03704426014477037
2.868089799243283
0.28114271373530997
-0.4587493119558283
-1.1651676267163913
-0.4043091051442106
0.6761820860065719
1.0431224294599275
1.1021153199342246
0.6989691023788938
-1.2413842430779825
2.5453804774257302e-6
-1.466494763109106
0.34000653769253253
0.2535364803489328
0.48178165236664755
-0.9696880744804347
-2.017027126680498
0.6902288881906248
1.2573524246084307
-0.30462563342320736
0.105918997127379
1.1978734428048718
1.9393886587342062
1.9045479217397179
-0.890907863940344
0.10442632450082016
1.9361836076122003
1.9933387810821488
1.816481866592953
0.9896679752049299
1.4453398752688225
1.657490515586199
1.994906074784245
1.928365319875119
0.3063907462127283
1.8495880500950723
0.4235346304335767
1.076363652548363
0.38205120065799203
1.6839597296723985
1.9611847474635151
1.9354066099081761
