-1.0242943847849586
-0.7341627742096605
-2.9620948443339383
1.0277952918110453
0.027508542530043898
0.003767759514546199
-0.31819690682403745
0.6784486834727574
0.6567180710857021
-0.3740770034249828
0.08194965708248206
0.7451503435205776
-0.12557228715700916
0.5065315576338566
0.9554222177059619
0.5105053762512889
1.2755902924242772
-1.2536476766751812
0.43576794659201945
0.2270045702557561
1.111045589303814
1.989904496845295
-3.915156533873482
-6.110449079637491
1.2988855708892924
-1.0149054764783847
0.539165972095989
1.4588420216342803
0.30693034072408376
-0.39080717358647876
-2.4958338797661233
-3.4167687863727285
0.35994410584752073
0.9063775197124964
0.01554374264771992
0.6989699847884298
0.34800224964478865
0.0008785928411464135
-1.356975020151956
0.1874254607567369
0.20318888100430468
0.6959762913673655
-0.34348627310918683
-2.9487128293055753
-0.32664225385993473
1.8478092129263406
-3.351751878421945
0.6965083381036342
1.3359052175300528
1.981539491232822
1.8721509870006892
1.8688265743488865
-0.7298504140326362
1.9999925671109726
0.6062858288626939
1.3342404306288316
1.1852310069034568
1.1925400623675213
1.4333296922433894
1.9999996342012067
0.7226633056884222
1.8986110296931196
1.4372699780436136
1.8957272602469828
1.820991086571422
1.6784422454295012
1.6426513383896952
1.9906367764067407
1.9926555952205183
