-1.003346101211493
-0.69708869217283
-0.28954641214351107
3.9189503117359115
0.024867158983903546
0.684658888714209
-2.131755809381141
0.6925369479417302
0.0029222061258611463
0.5734249202441012
0.6852025754132246
1.8199828194058667
-1.072284732130927
0.6893364313408834
3.652314067985459
0.0024899644811911086
-0.9074972782253743
-0.0014448481377138782
0.6984162652695742
0.027973205337915835
-1.4043967771511738
-1.6193810213093864
-3.9999974213631124
-9.780684026992429
0.7252175300123573
0.732413896546158
0.3791406711608716
0.5612152188978147
0.5869923830834257
-1.932361214840933
-0.5024717250298388
-3.9994134627094247
0.6753513772056097
1.7755330968797807
-0.676604634062388
0.6987562238085021
0.4420229547054488
0.6806523891321422
-0.8119107467088001
-0.7505233923876805
0.630250958163902
0.3460122832050092
-1.6949203625493678
-2.492642789850912
0.0006802665437546042
1.4934564746620802
-3.995021399299678
1.1245806127092518e-5
0.7642006081870872
1.0097237645039407
1.6560573887732661
1.9565988086705464
0.4541412623640513
1.31208091523824
0.2715926443366515
0.39264975019225823
0.8083780423269712
1.080719010613912
1.525624559250099
1.9042348212477478
0.5755110698138411
0.7317338494915933
0.8206148378361396
0.7679198843453308
0.5173077181836896
0.7520273105167771
0.9235325624511209
1.2849422024717656
1.8851246357739269
