-1.1365233076758385
-0.6811016843401115
-2.7661842563320973
0.6981960855626164
0.31453742576125365
5.720614793350436e-6
-0.5147058456638911
0.6945961781492141
0.6979240956270945
-1.4594211150390033
-0.19086493942358213
0.8497093656928979
-0.29955717204907206
0.6989699935238154
0.836228097953156
0.6982815378121576
0.2609090318391637
2.050819544035262
0.6411110420905993
0.6906480615163391
1.9570051500930863
1.7983564804855172
-3.999905667597441
-2.7394600357323986
0.9212963090938708
0.29879086840583235
0.6961412218468922
3.9991642450939753
0.3296499888307807
-0.29206934593261935
-0.4700353023952291
-1.1602350695643393
0.5173880909065133
0.9543965709256412
-0.06777066017073385
0.698966144027978
0.9685681139256614
0.6976514743479784
-1.9582713853828144
-0.7280563983198228
0.05263585191262234
0.6984608917236149
-0.3570707472088365
-2.7547056850015506
-0.11040884664971075
0.7831797463505871
-0.948765083854836
0.3987943525991003
1.6538751811318377
1.9977255063181747
1.999204365070606
-0.6197944271176205
0.685386124911621
1.9999890438605337
1.9956806625765167
1.9807002363913562
1.297120851676071
1.9999175718947733
1.9955523678823688
1.9999292410424727
0.8847676453305787
1.982379487346884
1.9976547980817627
-0.9906520503011613
1.5933402812547588
1.9983264064033357
1.6282056044188864
1.9782469798204378
1.991046740146348
