1.3781406018647924
1.2309575545437053
1.155207788913832
1.1149367878652168
1.0895258624966964
1.0713113949295954
1.0568070368988103
1.0447788637763873
1.0350171749539463
1.0262104939940064
1.0180140766357422
1.0110914470452075
1.0049584309299817
0.9995630253925807
0.9943688683428924
0.9892159322486274
0.9843412637153381
0.9802600918170619
0.9767177357528336
0.972455116911874
0.9690820529199744
0.9667833144582998
0.9650488540080371
0.9628541047630126
0.9605474600433128
0.9584332742867154
0.9564262839194182
0.9544444908917704
0.9527426484913848
0.9510248576459643
0.9490680930341604
0.9472036620862747
0.945307079323987
0.9435329061852284
0.9419396927436177
0.9406127218299902
0.9393220233172492
0.937963672348185
0.9368556245344584
0.9358953560873688
0.934850222059799
0.9337768677259497
0.932538471583154
0.9312340728308097
0.9299861431881631
0.9290554466922663
0.9282749057611932
0.9274530797606468
0.9266514809298219
0.9258784878336792
0.9252332299700541
0.9245285164971477
0.923955596350833
0.9232141218189476
0.9225730041790339
0.9218469165984704
0.9211960285371932
0.9206484509834887
0.9200840947945954
0.9195554966139188
0.919053165889343
0.9185791045011689
0.9181824455999479
0.9177784527589576
0.9173558872049421
0.9168887836078659
0.9164108241747844
0.9159747121272659
0.915562761125245
0.9152373022474141
0.9149865315596557
0.9147531891404235
0.9144633107775348
0.9142192260849029
0.91399870594877
0.91378931460397
0.9136107438908887
0.9134574178053976
0.9133120633425751
