1.377115674647912
1.2301133799976913
1.154342287075611
1.114702396178071
1.0894036904246693
1.0710492132906477
1.0571045313316114
1.0451490468920426
1.0344349634899164
1.0253828269549814
1.0172915775123572
1.010094573822272
1.0037905471699045
0.998425896390585
0.9932745891379158
0.9886106656971672
0.9840477120732691
0.9800795446741706
0.9765492207968602
0.9737014784053573
0.9709344550782024
0.9681794879530434
0.9646803540072924
0.9605798255995479
0.9575936344253604
0.9545106460975461
0.9518606230762447
0.9505486702515533
0.9491943201675763
0.947412138255797
0.9454982480390601
0.943937204682431
0.9420466543852175
0.9400275400083782
0.9373478782595086
0.935016357639638
0.9340298890262844
0.9331424956681005
0.9320954860220212
0.9310872273334256
0.9300307822767255
0.9288283857065522
0.9279304292390496
0.9268527265817506
0.925909318871577
0.9250244471644917
0.9242495394827719
0.9235376331350551
0.9228646568527834
0.9222818661967453
0.9217039574535928
0.9211301907099001
0.9205783680611681
0.9200904702859827
0.919620988746308
0.9191905262894826
0.9186292159775382
0.918016538396146
0.9173766047855256
0.917000487149064
0.9166710783715892
0.9163418844816773
0.9160121161059687
0.9157267906238307
0.9153984308633607
0.9150762641300378
0.9147457380243349
0.9144287601824157
0.9141080792573604
0.9138323244469797
0.9135834514826922
0.9133573267919086
0.913140137007395
0.9129314209517032
0.9127443916594071
0.9125382306262448
0.9123396740500143
0.9121725327076584
