16.29682872434656
15.376234045446473
14.288475754718917
13.556555489706753
13.093348633859595
12.802162795816805
12.669140981237064
12.589162645941641
12.434812451881879
12.268474443815162
12.10710041639954
11.805016573322163
11.25477572502865
10.599353921016471
9.881572017627162
9.413802621278544
9.286532379455352
9.14945993029133
8.944448419798738
8.645602379540895
7.995902991812104
7.347888845904736
6.798053152820337
5.96294224029743
5.372741359899241
4.939266287056743
4.580809514368342
4.328653493863779
4.120417346000629
3.9613632569880917
3.837735455343493
3.734829386398564
3.650197791436497
3.5802619474757993
3.5085904533763106
3.4537282814586128
3.400218547497462
3.349520526595744
3.304613458882658
3.2649987184031755
3.2268461931639116
3.1943172187595517
3.164278331183521
3.134343444370579
3.1074678470464647
3.0846426366164605
3.063564488885536
3.041294714796999
3.019261587332995
3.0005084332752405
2.9834645127550115
2.9664079379974497
2.9492168252002413
2.934029003839643
2.9185910284911856
2.904125273603862
2.8879446907798147
2.8725826469995006
2.857635513465012
2.8443238489064466
2.831612026510392
2.8196129157850764
2.8077806922852186
2.7961375248511615
2.7854644995375857
2.7755346884830017
2.764560743707989
2.754621775636969
2.7442862281710827
2.7349957389894364
2.7260170284595286
2.7168356426893556
2.7089254517616936
2.70086876072493
2.692783595239918
2.683797098754445
2.6760889532320906
2.6669604785675487
2.6598993507898605
2.653292210665633
2.64635829432447
2.6390657321780857
2.6314181385711732
2.623652459373421
2.616456266531822
2.610078652192767
2.603398510684208
2.595569761058483
2.5893501227269624
2.58340295638341
2.577141517000988
2.5713532247253887
2.564915315627487
2.55835020571007
2.5521595875888385
2.5468686181011257
2.541789082656127
2.5366050592074405
2.5312299347655154
2.5262139937277617
2.5211705487341565
2.5158715696686462
2.5107784702891056
2.5060559952704944
2.5011486372845075
2.495907720400389
2.490863687003012
2.486454599478206
2.4817896955808347
2.477522779908325
2.4725995107872354
2.468444290882485
2.464019812786532
2.4587567965957104
2.4538580686971487
2.448993497498357
2.443790574234039
2.4381994375336165
2.432979724746003
2.4270717520490797
2.4214255674304397
2.416398154674493
2.410074899554483
2.4038971993753293
2.397716331749516
2.392337961369077
2.3853231254563205
2.377941869634947
2.369612601725816
2.361838697135858
2.3550819977224053
2.3477435632509636
2.340796445962967
2.33349577295915
2.327183620923689
2.318255810996062
2.3008825697063164
2.285580441281117
2.270840530122581
2.2572855167686097
2.2461756529848262
2.235468316024094
2.2246219587396183
2.2169472451550636
2.2095816875533973
2.2010673758595454
2.1906500143272964
2.1800707698889266
2.1691087695993723
2.159849741817558
2.15243174456137
2.143309306066998
2.1307985666471847
2.1165845602964204
2.097552765013317
2.0645897045614348
1.9993672684585988
1.8850093996779762
1.8332838832322373
1.8119178971110905
1.7960762089380733
1.7567537679499647
1.7045734298870396
1.6266010203644017
1.555984409629584
1.4451847234165935
1.362876493314027
1.3226006238495778
1.285047103353695
1.2476925087575683
1.2047452112744086
1.159281391231156
1.116750977988623
1.075111959867475
1.0377747043145646
1.0045714465316298
0.977533560810226
0.9526366885182114
0.9270788498090479
0.9038490987797116
0.8846729601464629
0.8681765873603293
0.8536226467520152
0.8402757631998128
0.82995911810041
0.8199883601483977
0.8110366460752516
0.8027571043877089
0.7945467720860417
0.7871370299774707
0.7809362977316461
0.7747602544256855
0.7688118320341051
0.7632103921984354
0.7583614809950632
0.7536126198874342
0.7494730660943887
0.7456392208347573
0.7410418549270545
0.7363585361065619
0.7319663770099654
0.7281014734318898
0.7246590621378068
0.7214548171664266
0.7185687235955651
0.7158566375086037
0.7129057739609275
0.7101002556185847
0.7073658421623534
0.7045619935558287
0.7014822041973465
0.6987728755831419
0.6965323868723505
0.695150595251218
0.6939909088192273
0.6928341941681389
0.6916151520798106
0.6899585542943658
0.687638490148113
0.6851348037826366
0.6833044609607422
0.6820578902511993
0.6808514301591062
0.6791401826778385
0.6775244580886284
0.6746663664083581
0.6679712088872645
0.6621029955368414
0.6586051636581525
0.6565861543077807
0.6548583405592519
0.6532804982560974
0.6517132057133761
0.6502073768839853
0.6487723022760452
0.647444044869026
0.6459748074708189
0.6445778103909916
0.6431300566003229
0.6417059599047601
0.6404939874995197
0.6392856070868165
0.6381174549750197
0.6370866303044416
0.636309371410805
0.6352665311021441
0.6343811817124614
0.6335679217689787
0.632733117732756
0.6318518748760207
0.6310298927181384
0.6303075015757935
0.6296403642298047
0.6290489586816257
0.6284361993374858
0.6278469966568041
0.6272557430555752
0.6266830335711644
0.626173294261875
0.6256702127041471
0.6252460261250681
0.6248708877907116
0.6245442436650253
0.6241798264137595
0.6238379249507355
0.6235622480256318
0.6232979984600462
0.6230635569227863
0.6228292097971231
0.6225922340276586
0.6223393200588552
0.6220947396948677
0.6219139016935307
0.6217647708110707
0.6216166013045212
