16.298055786581795
15.343250064003286
14.275499954687486
13.549605855245666
13.07377955608574
12.797376386927343
12.664086720417934
12.574523628678655
12.42818304630821
12.27826536148076
12.138119620153695
11.956392914824649
11.498439899393176
11.060192123783306
10.635472588701791
10.157534024799245
9.652209873710683
9.395253865702772
9.201727705213422
8.838739465156298
8.416581981684166
7.9569657532307545
7.690892693768863
7.260469280825145
6.918948595117298
6.705084751171476
6.140314593875713
5.930295310361416
5.727067566053771
5.18672386606179
4.751737699237802
4.440807413149017
4.204185824425046
4.042102634533805
3.90157466512691
3.791197455947545
3.695557329693039
3.610617391047466
3.541852876867001
3.4748638087676404
3.422974578295994
3.373974144265631
3.3331342191791213
3.291521451131601
3.256946822279586
3.222504699544949
3.1901729769327325
3.1635397396062253
3.1352571789006998
3.1080588920450456
3.084367899170015
3.062477505963651
3.039193040771927
3.018084258798197
2.9973751775839297
2.979529589536961
2.9599144223969036
2.9440213412809655
2.927407642873984
2.913747371250004
2.8995427171815997
2.8847804949042413
2.8708319034683925
2.8582811672148463
2.8446537554908664
2.831631618579692
2.8187686292457244
2.8058974977379796
2.7934375727185117
2.781807188653186
2.7699866589978486
2.7589881628924697
2.748284212530441
2.7374137461056947
2.7270189640330873
2.7170012249658306
2.7065556424719706
2.696518720974024
2.687266471056123
2.67724241308421
2.6668872683955147
2.658809052423697
2.650882741260271
2.6426740142974072
2.6343381330742286
2.6271520581072183
2.6192674717925097
2.6119640403178153
2.6044348424660466
2.5967960707731024
2.5900930836090996
2.5835964528457165
2.5771596828894623
2.5713652082906115
2.565697021086974
2.559883786577891
2.553651119384737
2.5476657573079855
2.54214438008031
2.535952083968846
2.5300266186782485
2.524619779682819
2.519505070443273
2.5148692475788614
2.5089749768650673
2.5038567998877292
2.497723367445799
2.4915950461105316
2.484276986341275
2.476743010907536
2.4690586701005053
2.4618487545749144
2.4553494503377484
2.4477442377014818
2.4406002455222264
2.432725274542573
2.4239739522912824
2.4155385284312274
2.4066996188148675
2.3981023141414104
2.3895691072377003
2.3695903753084933
2.351187438034372
2.339640501154906
2.330743974267179
2.3246205106159774
2.319543238217104
2.3135215614333005
2.3070139583717797
2.3009295587406857
2.296613695779783
2.2930459839734025
2.289292604585275
2.2852602923435246
2.2814806474101568
2.278127249415844
2.2744461600210384
2.2711702743249607
2.2672029181794544
2.263938886576792
2.2604716176098636
2.2574227583063893
2.2540841262644298
2.250839070036653
2.2476904755200016
2.2455143832905975
2.24290378263347
2.2401169327053863
2.2372832351504
2.2345686356664487
2.2315852026746974
2.22885400525006
2.226578897039543
2.2237303800256836
2.220923362346829
2.2186119444110304
2.2159801725579467
2.2130542016085437
2.210615685479538
2.208124044225098
2.205738738631699
2.20309882593366
2.2007946512546503
2.198281306923761
2.1955136219629896
2.1930508373622093
2.1905698747080624
2.188529700990279
2.18626771038452
2.1839460743138632
2.181915582035244
2.1788111328446877
2.1760909479630133
2.173439273228537
2.1701816775435034
2.1675915122378226
2.164417070635304
2.161891193119767
2.1591834409247266
2.156494067693413
2.153553994686849
2.150759422351519
2.1481098322425405
2.145381829870578
2.142549759922723
2.139643273660722
2.136654592103052
2.133546195034434
2.1300613276292246
2.1271197238987236
2.1239135991721207
2.120990687412008
2.117881597624965
2.113611104037922
2.109018764374601
2.1047836436042733
2.1001100363094007
2.0958155462060706
2.09119543932413
2.0863454150901486
2.0796153508318245
2.072309329839766
2.064532743114194
2.0430391249292104
1.9964928491430065
1.948102449174705
1.9030197942782872
1.8612553298467382
1.8175304017769411
1.7721477657718516
1.7259564558640363
1.6773823567607575
1.6298969870400395
1.5906976379349462
1.5563129070953554
1.5156802446667363
1.4047708831094807
1.3328998942584853
1.268717597518843
1.2015914193190778
1.141549051996571
1.0747771220409792
1.0210276001759881
0.9839650353067819
0.953103549231141
0.9252417959235606
0.9061283070069912
0.887513856911859
0.869245373395497
0.8538503175959136
0.8399503617226394
0.8258382404011035
0.8130288424690448
0.8019885655531143
0.7926816055348134
0.7842232349520559
0.7764434273659431
0.7701946809625211
0.7648752323180732
0.75970015651398
0.7547290722789404
0.7500943215348768
0.7457214583692338
0.7411158402877556
0.7367569677899262
0.7326008204460948
0.7285161882205209
0.7247347706661458
0.7214619095749839
0.7186801453539342
0.7160627900216738
0.7136831826530639
0.7115465635771292
0.7094836088030547
0.7077263045777595
0.7060751704526824
0.7044149834017448
0.702867734442246
0.7011738789997004
0.6996410120890264
0.6980534587063643
0.6963472842497529
0.6945656619318772
0.6926295048331301
0.6906179615670176
0.6888923986613449
0.6870923894425633
0.685307410533281
0.6838923910012102
0.682432812355632
0.6809774112851414
0.6795019110650182
0.6782257168701236
0.6768059556064205
0.6754021121243605
0.6743765778562913
0.6702798351076709
0.6675093673191341
0.6647221529260099
0.6618576468021109
0.6591169479769157
0.656111351780102
0.6522617210184984
0.6460763273920005
0.639870503541724
0.638116013247477
0.6367198032908785
0.635620874433589
0.6347179076820595
0.6338570347028689
0.6331534523685693
0.6323769342336556
0.6315944896452557
0.6309257008864133
0.6304240301602473
0.6299554900789923
0.6295996308536562
0.6291866615860453
0.6287160083172338
0.6282040386575991
0.6277080036187854
0.6272498650393956
0.6267803719542657
0.6263517444761453
0.6259689596352498
0.6255764374526196
0.6252120997910344
0.6248506739520368
0.6245186172360508
0.6241926955278716
0.6238551898414162
0.6235223658965143
0.6231722318763513
0.6228917622958594
0.6226416797171002
0.6224170087050771
0.6221877207312305
0.6220027066398401
0.6218239863206394
0.6216683257362119
