16.270211687433346
15.308238049389217
14.244969042917518
13.518243572169915
13.070697789815448
12.833222311129365
12.712488029286142
12.650148251415423
12.573477873844283
12.425774159698996
12.260570729685327
12.096249922460792
11.766820372187693
11.333419578657503
10.88623057131584
10.424897981121498
9.94378144175079
9.420371620684339
9.151587495564772
8.74286525865179
8.4570882415966
8.222355053973807
7.795278244940867
7.359299098935523
6.912532797865342
6.741097548778239
6.578037724371221
6.297388490781508
6.201221841689218
5.544611743302831
5.040125217729919
4.650153783981944
4.376337277507082
4.1648743437387115
4.001788544397646
3.873467544870662
3.7620640302458224
3.6714855275319263
3.585743183181899
3.5167302918572982
3.4537301222682686
3.39771251533927
3.347678401750522
3.306105837790689
3.2629867075770367
3.2242588184952305
3.192272291269594
3.1575851105221595
3.12410392305914
3.0946882410454855
3.066688034166754
3.0416831035674816
3.0177088779055534
2.9940411279044987
2.970241467159444
2.947970904757323
2.92626369110023
2.909495647283075
2.8912237546579913
2.872730837762627
2.856297478272399
2.8426598228574216
2.827874661234304
2.8155801283626385
2.8024922718410448
2.79029407547257
2.7791561246555716
2.7656182555908178
2.75421142640678
2.7415830783594686
2.7288346904840433
2.717121883528856
2.7064563324866535
2.6973216018552506
2.686990295805293
2.677381040200922
2.6683141669706725
2.658713934696862
2.6509205542837133
2.6435830604015553
2.6371325655127293
2.6293364205165286
2.6227808958949588
2.6156409249048567
2.6098385050925224
2.602926297850752
2.5979037638149087
2.5921490552670976
2.586010550854194
2.575818497010135
2.5659551261288662
2.5555046197712237
2.5451736702508487
2.5355592741554114
2.5250604795336775
2.5133454280515046
2.501719673325198
2.489450035031714
2.476424095684198
2.465203807225029
2.452895574550711
2.442761672393054
2.432098639448091
2.4217655095577193
2.4123213526804816
2.402451152482712
2.3922401979150347
2.382547482888378
2.373280454405214
2.364824432063733
2.356314240049464
2.3474656009395156
2.339638547236337
2.331964354164098
2.323950511477408
2.317164551117152
2.310308810076787
2.303665565548399
2.2971134669163504
2.291728854410124
2.285700122368258
2.2808524549774774
2.2749131028216407
2.26903343638123
2.263550831902183
2.2577927949919427
2.2529231376799856
2.2485437056339883
2.2439003807797517
2.239414290184807
2.2355649011206697
2.2313870842201142
2.2273950767517503
2.2234719420242985
2.2193469014256753
2.2147594261047185
2.21067830715986
2.206778995598585
2.2031431718516252
2.1993862592762685
2.1955612276275502
2.191721110709322
2.188924482385877
2.185887127575773
2.1825384396071152
2.179550260170384
2.1766696385931965
2.1736212982987766
2.1708914603938787
2.168352017812696
2.1657198567363825
2.1630228668047433
2.160025722558564
2.1577756822701435
2.155465571532492
2.152656469777078
2.149944463604119
2.1473550603999767
2.144275674006418
2.141300550488838
2.1383520545184025
2.1354129003215254
2.132303065977853
2.128379534605223
2.1244236040122395
2.1199247299358603
2.1155079860896544
2.1114725273939268
2.1066053110354392
2.102122244079486
2.0975106764543447
2.0919232356745017
2.085564086343288
2.0792517585972865
2.0706209076523496
2.0621795412382884
2.053745014971926
2.041853081122939
2.0311511647169738
2.0139923416339265
1.9970658488692985
1.9810390395622717
1.9635778113713798
1.9470325500461074
1.9313000335453356
1.917238926845326
1.9032447264531935
1.8898061585932409
1.8773655731928383
1.8654016934080158
1.8529728114430384
1.840563323980792
1.8287618117032052
1.8187587948380886
1.8072961780254158
1.7968264227072188
1.785137299969188
1.7763597803080238
1.7675536579521358
1.7584731192141172
1.7504085683510544
1.7425131438654304
1.731460076412871
1.7221532511759028
1.7127113716923823
1.704184829518966
1.6968734394411866
1.6887542252117669
1.6822264653795678
1.6579235587100136
1.636993399601348
1.5941998624892797
1.5460532166072634
1.5002137038225838
1.4514103723563974
1.4012986584612062
1.3518381106323512
1.3013428996654373
1.25192448468629
1.2014141116552022
1.153765995618607
1.1084728255168521
1.0729052447277567
1.0352319454778316
0.9972067774303834
0.966092937666212
0.9391307551692911
0.9133113473969274
0.8940011132413659
0.875344494027094
0.8540815813068576
0.8330419963905866
0.8172730367960384
0.8046974325970062
0.7949104277258208
0.7857120597445482
0.7775922209937258
0.770057064408781
0.7626565095815607
0.7556140427429536
0.7488101377348118
0.74251919342914
0.7371985845974454
0.7330515152887385
0.7294549019473333
0.7259384559854061
0.7226871392789516
0.7184854209428417
0.7135390046526231
0.708535034743571
0.7037513730641809
0.7012497407920391
0.6990729508388327
0.69680693258376
0.6943580653413077
0.6919702615336023
0.6897118950950905
0.6881719414228291
0.6867223406635343
0.6853088096933249
0.6833224941064797
0.680933579411608
0.6781485674747216
0.6757286339911834
0.673357511969547
0.6680410305067213
0.6632714444217438
0.6590051772700392
0.6565143283030803
0.654753465857639
0.6528665922580181
0.650996829084475
0.6493005511590724
0.6474315454835518
0.6457850990034686
0.6441865310903365
0.6427760177927277
0.6413246568374786
0.6400683655390456
0.6389789453141272
0.6377823900693835
0.6366616629288631
0.6356283965319154
0.6346609710694846
0.6337711737341856
0.6327499314319578
0.6316262048065244
0.6304777687530292
0.6293993035708905
0.6285237543324529
0.6279449132886086
0.6274179450387427
0.6269159597026324
0.6263840841497776
0.6259176326010794
0.6255334626801332
0.6252085403728964
0.6248696130741411
0.6245697614846506
0.6242549470412317
0.6239280112515058
0.6235910866795189
0.6232481922055264
0.6229389159068042
0.6226638218674108
0.62240339392838
0.6221944831013833
0.6220064731568655
0.6218638334950777
0.621730271976844
