0.000000000000000000e+00 9.975354632867703200e-03 7.274257810085206222e-01 1.027851760313008889e+01 3.827130002548552179e-01
8.333333332999999510e-02 9.975378295812858606e-03 7.274258730821657748e-01 1.027851760312698914e+01 3.827130002548552179e-01
1.666666666999999935e-01 9.975378804395234472e-03 7.274259296563668764e-01 1.027851760311959950e+01 3.827130002548552179e-01
2.500000000000000000e-01 9.975378815312865854e-03 7.274259644181114703e-01 1.027851760310992368e+01 3.827130002548552179e-01
3.333333332999999787e-01 9.975378815549404074e-03 7.274259857773257565e-01 1.027851760309917317e+01 3.827130002548552179e-01
4.166666667000000213e-01 9.975378815554181502e-03 7.274259989013565075e-01 1.027851760308807094e+01 3.827130002548552179e-01
5.000000000000000000e-01 9.975378815554289055e-03 7.274260069653467609e-01 1.027851760307703799e+01 3.827130002548552179e-01
5.833333333000000342e-01 9.975378815554275178e-03 7.274260119202261565e-01 1.027851760306631768e+01 3.827130002548552179e-01
6.666666666999999658e-01 9.975378815554292525e-03 7.274260149647278073e-01 1.027851760305604500e+01 3.827130002548552179e-01
7.500000000000000000e-01 9.975378815554261300e-03 7.274260168354070855e-01 1.027851760304627682e+01 3.827130002548552179e-01
8.333333333000000342e-01 9.975378815554285586e-03 7.274260179848368590e-01 1.027851760303704509e+01 3.827130002548552179e-01
9.166666666999999658e-01 9.975378815554285586e-03 7.274260186910984638e-01 1.027851760302834627e+01 3.827130002548552179e-01
1.000000000000000000e+00 9.975378815554306403e-03 7.274260191250578877e-01 1.027851760302016970e+01 3.827130002548552179e-01
1.083333332999999898e+00 9.975378815554259565e-03 7.274260193917020390e-01 1.027851760301249762e+01 3.827130002548552179e-01
1.166666667000000102e+00 9.975378815554295994e-03 7.274260195555403152e-01 1.027851760300529804e+01 3.827130002548552179e-01
1.250000000000000000e+00 9.975378815554261300e-03 7.274260196562098990e-01 1.027851760299855144e+01 3.827130002548552179e-01
1.333333332999999898e+00 9.975378815554271708e-03 7.274260197180659748e-01 1.027851760299222938e+01 3.827130002548552179e-01
1.416666667000000102e+00 9.975378815554287321e-03 7.274260197560730168e-01 1.027851760298631412e+01 3.827130002548552179e-01
1.500000000000000000e+00 9.975378815554271708e-03 7.274260197794264471e-01 1.027851760298077544e+01 3.827130002548552179e-01
1.583333332999999898e+00 9.975378815554289055e-03 7.274260197937757466e-01 1.027851760297558670e+01 3.827130002548552179e-01
1.666666667000000102e+00 9.975378815554268239e-03 7.274260198025925828e-01 1.027851760297072836e+01 3.827130002548552179e-01
1.750000000000000000e+00 9.975378815554287321e-03 7.274260198080103601e-01 1.027851760296618089e+01 3.827130002548552179e-01
1.833333332999999898e+00 9.975378815554278647e-03 7.274260198113391418e-01 1.027851760296192474e+01 3.827130002548552179e-01
1.916666667000000102e+00 9.975378815554290790e-03 7.274260198133847277e-01 1.027851760295794215e+01 3.827130002548552179e-01
2.000000000000000000e+00 9.975378815554289055e-03 7.274260198146415002e-01 1.027851760295421535e+01 3.827130002548552179e-01
2.083333333000000120e+00 9.975378815554271708e-03 7.274260198154137713e-01 1.027851760295072303e+01 3.827130002548552179e-01
2.166666666999999880e+00 9.975378815554297729e-03 7.274260198158883917e-01 1.027851760294745631e+01 3.827130002548552179e-01
2.250000000000000000e+00 9.975378815554276912e-03 7.274260198161800473e-01 1.027851760294439565e+01 3.827130002548552179e-01
2.333333333000000120e+00 9.975378815554242218e-03 7.274260198163593483e-01 1.027851760294153394e+01 3.827130002548552179e-01
2.416666666999999880e+00 9.975378815554285586e-03 7.274260198164693714e-01 1.027851760293885341e+01 3.827130002548552179e-01
2.500000000000000000e+00 9.975378815554256096e-03 7.274260198165370950e-01 1.027851760293634342e+01 3.827130002548552179e-01
2.583333333000000120e+00 9.975378815554263034e-03 7.274260198165788394e-01 1.027851760293399508e+01 3.827130002548552179e-01
2.666666666999999880e+00 9.975378815554287321e-03 7.274260198166042635e-01 1.027851760293179773e+01 3.827130002548552179e-01
2.750000000000000000e+00 9.975378815554287321e-03 7.274260198166202507e-01 1.027851760292974248e+01 3.827130002548552179e-01
2.833333333000000120e+00 9.975378815554261300e-03 7.274260198166299096e-01 1.027851760292781691e+01 3.827130002548552179e-01
2.916666666999999880e+00 9.975378815554269973e-03 7.274260198166364599e-01 1.027851760291308025e+01 3.827130002538512987e-01
3.000000000000000000e+00 9.975389541239805882e-03 7.277217964446047738e-01 1.027655024495529368e+01 3.824423687938687810e-01
3.083333333000000120e+00 9.975487223940808501e-03 7.311057273081401631e-01 1.025463678865758155e+01 3.803197090537285829e-01
3.166666666999999880e+00 9.975804756523196093e-03 7.456174336717914519e-01 9.914775651469403428e+00 3.746244030866324182e-01
3.250000000000000000e+00 9.976567233481182725e-03 7.854787145559365413e-01 8.795959162858972391e+00 3.613364623271703158e-01
3.333333333000000120e+00 9.978396003771946784e-03 8.914571773717274716e-01 7.714521245392332638e+00 3.336813110841456709e-01
3.416666666999999880e+00 1.003048454809806270e-02 1.135561620986975884e+00 6.805670385250141230e+00 2.940007007899128610e-01
3.500000000000000000e+00 1.225925839639936260e-01 1.744664520022015441e+00 6.056453370850027440e+00 2.508352494320491566e-01
3.583333333000000120e+00 3.838156553602726229e-01 2.811863978612209714e+00 5.439685203140729897e+00 2.083319896324231368e-01
3.666666666999999880e+00 5.290764082931305179e-01 4.094243586319597838e+00 4.919273247673476845e+00 1.703786774572502438e-01
3.750000000000000000e+00 5.916871253834861122e-01 5.352605542671981631e+00 4.435837476209239405e+00 1.395782014516506742e-01
3.833333333000000120e+00 6.393106366650632699e-01 6.511436962480417812e+00 3.932599184220259669e+00 1.152708221101086117e-01
3.916666666999999880e+00 6.806937936998751493e-01 7.549922390212420176e+00 3.408882126566941562e+00 9.637293313394190708e-02
4.000000000000000000e+00 7.162969642685886873e-01 8.470149022921592774e+00 2.900218034004892420e+00 8.187530983729066070e-02
4.083333332999999676e+00 7.462793958989416554e-01 9.281833617339025011e+00 2.436222369472380134e+00 7.075337529759521960e-02
4.166666667000000324e+00 7.710688213909876465e-01 9.996373578952379546e+00 2.030203941920519117e+00 6.222111958432526707e-02
4.250000000000000000e+00 7.912533432155798296e-01 1.062483519147973610e+01 1.683900943863460453e+00 5.567555095690776557e-02
4.333333332999999676e+00 8.074837767710784098e-01 1.117734889295940448e+01 1.393188065069307369e+00 5.065408058830676852e-02
4.416666667000000324e+00 8.204033678529744078e-01 1.166298294541833158e+01 1.151607373668984469e+00 4.680183086603051379e-02
4.500000000000000000e+00 8.306047241492683364e-01 1.208977843055306067e+01 9.521930112609787722e-01 4.384655552334149747e-02
4.583333332999999676e+00 8.386083632002694355e-01 1.246483504783921070e+01 7.883253102822941338e-01 4.157939916014688486e-02
4.666666667000000324e+00 8.448562156266403722e-01 1.279440823331482591e+01 6.540817322022873803e-01 3.984013718519981151e-02
4.750000000000000000e+00 8.497142855894169733e-01 1.308400359851200889e+01 5.443375971557991022e-01 3.850585244261202356e-02
4.833333332999999676e+00 8.534801502395684691e-01 1.333846395469281987e+01 4.547476715778475675e-01 3.748224827931342235e-02
4.916666667000000324e+00 8.563924205012320989e-01 1.356204761595251895e+01 3.816756480905248439e-01 3.669698448916435679e-02
5.000000000000000000e+00 8.586404301487355895e-01 1.375849813218357021e+01 3.221053874324455446e-01 3.609456489441961041e-02
5.083333332999999676e+00 8.603732214878021534e-01 1.393110606558763997e+01 2.735506493004160045e-01 3.563241526057352865e-02
5.166666667000000324e+00 8.617074105813279372e-01 1.408276351465477916e+01 2.339711212568326704e-01 3.527787452490428050e-02
5.250000000000000000e+00 8.627338209816439729e-01 1.421601218127027799e+01 2.016978826079025011e-01 3.500588657769251877e-02
5.333333332999999676e+00 8.635229389125546051e-01 1.433308571423498989e+01 1.753690694501179592e-01 3.479722947007025946e-02
5.416666667000000324e+00 8.641293195153374462e-01 1.443594695872169531e+01 1.538753447715012490e-01 3.463715697618258843e-02
5.500000000000000000e+00 8.645951002463356794e-01 1.452632072782901496e+01 1.363142377809900829e-01 3.451435644964958444e-02
5.583333332999999676e+00 8.649527758485233697e-01 1.460572263391241243e+01 1.219522385361783423e-01 3.442014932413703376e-02
5.666666667000000324e+00 8.652273745558585194e-01 1.467548442892788962e+01 1.101935322801682049e-01 3.434787778881946002e-02
5.750000000000000000e+00 8.654381557780699286e-01 1.473677628454757027e+01 1.005543290374502075e-01 3.429243426835693054e-02
5.833333332999999676e+00 8.655999292173185422e-01 1.479062638446280609e+01 9.264186156743300926e-02 3.424990045487472795e-02
5.916666667000000324e+00 8.657240766953168132e-01 1.483793813841350584e+01 8.613725176715278375e-02 3.421727039651614038e-02
6.000000000000000000e+00 8.658193419052417905e-01 1.487950531325001080e+01 8.078156135588680786e-02 3.419223806116659242e-02
6.083333332999999676e+00 8.658924397349621049e-01 1.491602533572443257e+01 7.636445341021176614e-02 3.417303436208868339e-02
6.166666667000000324e+00 8.659485257361408950e-01 1.494811097840779013e+01 7.271498898771699970e-02 3.415830213447228203e-02
6.250000000000000000e+00 8.659915574841307029e-01 1.497630063004641165e+01 6.969416342391154817e-02 3.414700022204274210e-02
6.333333332999999676e+00 8.660245725093762559e-01 1.500106732383914299e+01 6.718885771063520806e-02 3.413832989535246082e-02
6.416666667000000324e+00 8.660499019253368180e-01 1.502282666755032992e+01 6.510693989939113357e-02 3.413167840462705965e-02
6.500000000000000000e+00 8.660693345615269045e-01 1.504194381239200418e+01 6.337329890201073845e-02 3.412657567558555899e-02
6.583333332999999676e+00 8.660842430258021141e-01 1.505873957863028956e+01 6.192663374230159695e-02 3.412266108784851176e-02
6.666666667000000324e+00 8.660956804963700906e-01 1.507349583574363194e+01 6.071685489176403827e-02 3.411965798946978157e-02
6.750000000000000000e+00 8.661044550271960185e-01 1.508646023016910931e+01 5.970298065534451054e-02 3.411735414542273886e-02
6.833333332999999676e+00 8.661111865822795908e-01 1.509785034076016963e+01 5.885143391979846816e-02 3.411558673829974409e-02
6.916666667000000324e+00 8.661163508060353289e-01 1.510785732839758211e+01 5.813466287533793075e-02 3.411423086181360892e-02
7.000000000000000000e+00 8.661203126125579521e-01 1.511664914292208017e+01 5.753002351812364079e-02 3.411319069343508870e-02
7.083333332999999676e+00 8.661233519602727915e-01 1.512437334178192927e+01 5.701887374937065350e-02 3.411239272232083342e-02
7.166666667000000324e+00 8.661256836280911697e-01 1.513115956549675545e+01 5.658583868634792929e-02 3.411178055421514727e-02
7.250000000000000000e+00 8.661274723890870497e-01 1.513712171280871210e+01 5.621821433265562773e-02 3.411131092596184772e-02
7.333333332999999676e+00 8.661288446524397777e-01 1.514235985243330695e+01 5.590548313312820178e-02 3.411095064796425963e-02
7.416666667000000324e+00 8.661298973951441216e-01 1.514696190201482473e+01 5.563892013979057638e-02 3.411067425863717473e-02
7.500000000000000000e+00 8.661307050144960717e-01 1.515100510337431317e+01 5.541127247371586961e-02 3.411046222498873709e-02
7.583333332999999676e+00 8.661313245853413667e-01 1.515455731909377768e+01 5.521649813469116375e-02 3.411029956216394404e-02
7.666666667000000324e+00 8.661317998932775986e-01 1.515767817120005923e+01 5.504955295955848982e-02 3.411017477444725637e-02
7.750000000000000000e+00 8.661321645288336812e-01 1.516042004168132351e+01 5.490621659840197455e-02 3.411007904283878955e-02
7.833333332999999676e+00 8.661324442612969854e-01 1.516282895182469659e+01 5.478295015080481695e-02 3.411000560178842345e-02
7.916666667000000324e+00 8.661326588597831888e-01 1.516494533445994186e+01 5.467677955607487539e-02 3.410994926106646757e-02
8.000000000000000000e+00 8.661328234903091783e-01 1.516680471249415518e+01 5.458519990830203866e-02 3.410990603896033035e-02
8.083333333000000565e+00 8.661329497876004702e-01 1.516843829526075105e+01 5.450609680092524667e-02 3.410987288087467817e-02
8.166666666999999435e+00 8.661330466773158321e-01 1.516987350223622499e+01 5.443768157344219122e-02 3.410984744345955250e-02
8.250000000000000000e+00 8.661331210068287101e-01 1.517113442320331806e+01 5.437843789270257328e-02 3.410982792900147526e-02
8.333333333000000565e+00 8.661331780291492421e-01 1.517224222267608802e+01 5.432707759423668209e-02 3.410981295837346716e-02
8.416666666999999435e+00 8.661332217741527506e-01 1.517321549506656631e+01 5.428250411705318884e-02 3.410980147357052517e-02
8.500000000000000000e+00 8.661332553333850326e-01 1.517407057675032434e+01 5.424378215623405775e-02 3.410979266293847484e-02
8.583333333000000565e+00 8.661332810785431491e-01 1.517482182033152505e+01 5.421011241916792733e-02 3.410978590381175818e-02
8.666666666999999435e+00 8.661333008290899027e-01 1.517548183550217011e+01 5.418081058945741629e-02 3.410978071850902932e-02
8.750000000000000000e+00 8.661333159808350945e-01 1.517606170067131544e+01 5.415528975384951982e-02 3.410977674057447118e-02
8.833333333000000565e+00 8.661333276045831697e-01 1.517657114895919079e+01 5.413304568723534271e-02 3.410977368887923439e-02
8.916666666999999435e+00 8.661333365218086833e-01 1.517701873153662895e+01 5.411364450853699964e-02 3.410977134775378117e-02
9.083333333000000565e+00 8.661333486107430923e-01 1.517775743821196599e+01 5.408192635135734144e-02 3.410976817392843280e-02
9.166666666999999435e+00 8.661333526368055757e-01 1.517806096165245222e+01 5.406900777701652283e-02 3.410976711692776525e-02
9.250000000000000000e+00 8.661333557254210502e-01 1.517832762616175302e+01 5.405771525100423053e-02 3.410976630604368315e-02
9.333333333000000565e+00 8.661333580948703537e-01 1.517856190776786107e+01 5.404783970143348104e-02 3.410976568396934666e-02
9.416666666999999435e+00 8.661333599126060934e-01 1.517876773894544407e+01 5.403919979717119321e-02 3.410976520674143669e-02
9.500000000000000000e+00 8.661333613070926196e-01 1.517894857461678271e+01 5.403163810349786295e-02 3.410976484063334147e-02
9.583333333000000565e+00 8.661333623768825429e-01 1.517910745015764640e+01 5.402501779994418191e-02 3.410976455977141053e-02
9.666666666999999435e+00 8.661333631975761671e-01 1.517924703233761541e+01 5.401921987436214545e-02 3.410976434430657012e-02
9.750000000000000000e+00 8.661333638271756508e-01 1.517936966407821231e+01 5.401414071883735291e-02 3.410976417901150082e-02
9.833333333000000565e+00 8.661333643101788438e-01 1.517947740378920685e+01 5.400969006588057092e-02 3.410976405220444291e-02
9.916666666999999435e+00 8.661333646807158892e-01 1.517957205991340963e+01 5.400578921485973266e-02 3.410976395492368307e-02
1.000000000000000000e+01 8.661333649649743949e-01 1.517965522127908429e+01 5.400236950482823622e-02 3.410976388029418604e-02
1.008333333000000032e+01 8.661333651830472879e-01 1.517972828377307337e+01 5.399937099736908802e-02 3.410976382304174020e-02
1.016666666999999968e+01 8.661333653503413554e-01 1.517979247378158369e+01 5.399674133892743561e-02 3.410976377912019325e-02
1.025000000000000000e+01 8.661333654786834702e-01 1.517984886873791162e+01 5.399443477900355698e-02 3.410976374542553508e-02
1.033333333000000032e+01 8.661333655771408235e-01 1.517989841525689343e+01 5.399241131682137873e-02 3.410976371957648301e-02
1.041666666999999968e+01 8.661333656526735147e-01 1.517994194499709870e+01 5.399063596454722891e-02 3.410976369974624139e-02
1.050000000000000000e+01 8.661333657106176087e-01 1.517998018860836673e+01 5.398907810751658876e-02 3.410976368453335489e-02
1.058333333000000032e+01 8.661333657550716048e-01 1.518001378802735779e+01 5.398771094684638727e-02 3.410976367286270433e-02
1.066666666999999968e+01 8.661333657891726601e-01 1.518004330723431927e+01 5.398651101669291186e-02 3.410976366390949116e-02
1.075000000000000000e+01 8.661333658153361759e-01 1.518006924171150551e+01 5.398545776387258383e-02 3.410976365704099234e-02
1.083333333000000032e+01 8.661333658354047893e-01 1.518009202678124403e+01 5.398453318062391287e-02 3.410976365177178365e-02
1.091666666999999968e+01 8.661333658508023614e-01 1.518011204489701882e+01 5.398372148596367048e-02 3.410976364783083886e-02
1.100000000000000000e+01 8.659695557128429533e-01 1.518012934907126343e+01 5.399790304326149148e-02 3.422592558987325173e-02
1.108333333000000032e+01 8.649668672289294591e-01 1.518014248374438147e+01 5.406358850574682906e-02 3.474045607172614181e-02
1.116666666999999968e+01 8.623833075946950588e-01 1.518014798772231089e+01 5.419929368024956062e-02 3.580008058899321333e-02
1.125000000000000000e+01 8.577756150034715477e-01 1.518014061674040782e+01 5.443258823980168248e-02 3.764512467303288840e-02
1.133333333000000032e+01 8.501449320562589618e-01 1.518010860677072138e+01 5.479706670555092168e-02 4.059275799960905540e-02
1.141666666999999968e+01 5.823869091486374439e-01 1.383741416789606227e+01 5.684057837135178537e-02 4.480895565668675806e-02
1.150000000000000000e+01 8.506492355272982087e-02 1.005806637595525110e+01 8.935904698231755816e-02 5.053101451395857618e-02
1.158333333000000032e+01 1.602067549230642637e-02 7.735660404558097447e+00 2.313887702148477166e-01 5.754865890942204715e-02
1.166666666999999968e+01 1.027154250953487592e-02 6.308270809157382253e+00 5.323845433226486179e-01 6.505501293656827666e-02
1.175000000000000000e+01 1.008995827219853758e-02 5.430559239328812460e+00 9.507199862474376983e-01 7.247150586031311792e-02
1.183333333000000032e+01 1.007355715103969845e-02 4.890275434013782174e+00 1.419758310726697337e+00 7.971484284363347661e-02
1.191666666999999968e+01 1.006320427154270940e-02 4.556934545475231246e+00 1.897817879281241016e+00 8.678906746985619314e-02
1.200000000000000000e+01 1.005470122461415636e-02 4.350281510083371828e+00 2.365267712821645496e+00 9.369812639756078254e-02
1.208333333000000032e+01 1.004754904773651897e-02 4.220917575077543837e+00 2.813599991357485841e+00 1.004458766578079781e-01
1.216666666999999968e+01 1.004144984644525333e-02 4.138400137087774766e+00 3.239420236422218657e+00 1.070360851725532386e-01
1.225000000000000000e+01 1.003618826595593233e-02 4.083933736773547096e+00 3.641737040962395699e+00 1.134724285712990499e-01
1.233333333000000032e+01 1.003160397165635959e-02 4.045881775287503146e+00 4.020735015440314086e+00 1.197584999883147677e-01
1.241666666999999968e+01 1.002757510877191373e-02 4.017011283263077992e+00 4.377187427063550906e+00 1.258978086140008223e-01
1.250000000000000000e+01 1.002400740848155385e-02 3.992802249249866708e+00 4.712157549848526195e+00 1.318937795240852362e-01
1.258333333000000032e+01 1.002082679500768299e-02 3.970410842257150907e+00 5.026839174117711195e+00 1.377497600117769394e-01
1.266666666999999968e+01 1.001797425292277194e-02 3.948034201857489656e+00 5.322467771048216889e+00 1.434690191698287653e-01
1.275000000000000000e+01 1.001540218468503426e-02 3.924521643578105845e+00 5.600270035454400386e+00 1.490547477314192737e-01
1.283333333000000032e+01 1.001307177438874423e-02 3.899136910403472989e+00 5.861435265604697520e+00 1.545100639690622502e-01
1.291666666999999968e+01 1.001095105204854487e-02 3.871412894412631811e+00 6.107098870127247281e+00 1.598380133052638152e-01
1.300000000000000000e+01 1.000901344837748855e-02 3.841062768750409084e+00 6.338333289848917751e+00 1.650415681642922738e-01
1.308333333000000032e+01 1.000723669906793296e-02 3.807925343775158122e+00 6.556143652274364797e+00 1.701236334674875172e-01
1.316666666999999968e+01 1.000560200718903468e-02 3.771931104906065979e+00 6.761465952358434173e+00 1.750870462705537145e-01
1.325000000000000000e+01 1.000409339384286320e-02 3.733080577863069571e+00 6.955167086610266836e+00 1.799345756254733530e-01
1.333333333000000032e+01 1.000269718804236603e-02 3.691429894971430148e+00 7.138046356212961463e+00 1.846689276998271789e-01
1.341666666999999968e+01 1.000140162490222029e-02 3.647080571294222917e+00 7.310837656911892246e+00 1.892927454389061459e-01
1.350000000000000000e+01 1.000019652495751261e-02 3.600171634642053142e+00 7.474212390427464214e+00 1.938086084370707063e-01
1.358333333000000032e+01 9.999073034944351915e-03 3.550872999381570416e+00 7.628783101009973144e+00 1.982190377068101805e-01
1.366666666999999968e+01 9.998023418944075591e-03 3.499379600069690177e+00 7.775107338999641016e+00 2.025264953639719645e-01
1.375000000000000000e+01 9.997040887789960042e-03 3.445905952765969893e+00 7.913691844669157760e+00 2.067333845079225851e-01
1.383333333000000032e+01 9.996119457836741967e-03 3.390680963639342238e+00 8.044997071309278880e+00 2.108420536643096366e-01
1.391666666999999968e+01 9.995253835198345330e-03 3.333943076131483885e+00 8.169441618512502501e+00 2.148547964918278430e-01
1.400000000000000000e+01 9.994439319388507756e-03 3.275935735808555904e+00 8.287406643450202282e+00 2.187738516705791947e-01
1.408333333000000032e+01 9.993671721867493710e-03 3.216903157288962145e+00 8.399240263671527984e+00 2.226014070408625090e-01
1.416666666999999968e+01 9.992947298418135976e-03 3.157086568464453347e+00 8.505261595600970281e+00 2.263395993300023612e-01
1.425000000000000000e+01 9.992262691961784765e-03 3.096720916513489019e+00 8.605764508884936603e+00 2.299905140483480270e-01
1.433333333000000032e+01 9.991614883299091213e-03 3.036031996560343948e+00 8.701021142953509369e+00 2.335561893448878934e-01
1.441666666999999968e+01 9.991001149840549045e-03 2.975234144064073050e+00 8.791284925727625321e+00 2.370386157527690218e-01
1.450000000000000000e+01 9.990419030237795289e-03 2.914528422060901125e+00 8.876793210390678368e+00 2.404397360924115656e-01
1.458333333000000032e+01 9.989866293372503397e-03 2.854101216853090150e+00 8.957769617581906374e+00 2.437614490633237541e-01
1.466666666999999968e+01 9.989340912221941413e-03 2.794123341995589094e+00 9.034425906463205536e+00 2.470056090070323063e-01
1.475000000000000000e+01 9.988841041201975898e-03 2.734749543273757855e+00 9.106963512782519032e+00 2.501740258168262954e-01
1.483333333000000032e+01 9.988364995957153131e-03 2.676118293790225700e+00 9.175574859954497953e+00 2.532684682838209911e-01
1.491666666999999968e+01 9.987911236279414795e-03 2.618351959083272895e+00 9.240444317411402153e+00 2.562906638761084377e-01
1.500000000000000000e+01 9.987478351150156849e-03 2.561557214884521816e+00 9.301748940206501004e+00 2.592422986546769059e-01
1.508333333000000032e+01 9.987065045166776400e-03 2.505825607850751258e+00 9.359659088927971382e+00 2.621250203905378107e-01
1.516666666999999968e+01 9.986670127069805641e-03 2.451234337889802273e+00 9.414338827205781968e+00 2.649404383589873957e-01
1.525000000000000000e+01 9.986292499605937262e-03 2.397847154416811843e+00 9.465946209404508593e+00 2.676901232612780013e-01
1.533333333000000032e+01 9.985931150167427078e-03 2.345715272679286478e+00 9.514633537509142869e+00 2.703756101284730540e-01
1.541666666999999968e+01 9.985585142900476122e-03 2.294878395425831386e+00 9.560547494109373545e+00 2.729983981297846585e-01
1.550000000000000000e+01 9.985253611676734795e-03 2.245365749832766600e+00 9.603829238730662965e+00 2.755599504996046334e-01
1.558333333000000032e+01 9.984935753484285720e-03 2.197197065295849239e+00 9.644614525440491803e+00 2.780616972426780409e-01
1.566666666999999968e+01 9.984630822884775492e-03 2.150383583647417662e+00 9.683033755427413070e+00 2.805050349555549549e-01
1.575000000000000000e+01 9.984338127041140348e-03 2.104929029103124183e+00 9.719212030267989633e+00 2.828913267586135594e-01
1.583333333000000032e+01 9.984057020951994654e-03 2.060830480505404516e+00 9.753269247330177194e+00 2.852219048161468984e-01
1.591666666999999968e+01 9.983786903485955891e-03 2.018079239670216740e+00 9.785320159095050485e+00 2.874980701700303176e-01
1.600000000000000000e+01 9.983527213800764272e-03 1.976661636990756143e+00 9.815474446358454230e+00 2.897210926763962302e-01
1.608333332999999854e+01 9.983277427841009619e-03 1.936559729380370687e+00 9.843836835572602695e+00 2.918922133532964036e-01
1.616666667000000146e+01 9.983037055453471836e-03 1.897751982264495485e+00 9.870507191685375048e+00 2.940126442257517958e-01
1.625000000000000000e+01 9.982805637767967755e-03 1.860213886713032894e+00 9.895580625543342279e+00 2.960835682667573576e-01
1.633333332999999854e+01 9.982582744577521427e-03 1.823918475245851489e+00 9.919147638922026999e+00 2.981061415843203055e-01
1.641666667000000146e+01 9.982367972210543644e-03 1.788836822774105162e+00 9.941294248556564739e+00 3.000814932771097010e-01
1.650000000000000000e+01 9.982160941586097624e-03 1.754938490654257777e+00 9.962102120640054181e+00 3.020107253794993007e-01
1.658333332999999854e+01 9.981961296224379360e-03 1.722191882917897043e+00 9.981648734156499003e+00 3.038949148989683602e-01
1.666666667000000146e+01 9.981768700655454032e-03 1.690564594178742608e+00 1.000000752391121850e+01 3.057351136816280346e-01
1.675000000000000000e+01 9.981582838957524240e-03 1.660023712075005431e+00 1.001724802916787738e+01 3.075323483610242215e-01
1.683333332999999854e+01 9.981403413223838630e-03 1.630536047021110324e+00 1.003343606299101154e+01 3.092876222561403710e-01
1.691666667000000146e+01 9.981230142358089516e-03 1.602068361228476512e+00 1.004863386158808147e+01 3.110019152461243608e-01
1.700000000000000000e+01 9.981062760963929636e-03 1.574587563549322278e+00 1.006290023525177624e+01 3.126761837225940921e-01
1.708333332999999854e+01 9.980901018146557530e-03 1.548060845600292890e+00 1.007629073353606053e+01 3.143113623577796778e-01
1.716666667000000146e+01 9.980744676592235090e-03 1.522455823723415369e+00 1.008885779116211978e+01 3.159083639878214611e-01
1.725000000000000000e+01 9.980593511714890356e-03 1.497740656369408452e+00 1.010065087275716422e+01 3.174680795683387236e-01
1.733333332999999854e+01 9.980447310708599404e-03 1.473884114496576636e+00 1.011171662707217678e+01 3.189913798215965324e-01
1.741666667000000146e+01 9.980305871836772993e-03 1.450855662660227585e+00 1.012209902318930332e+01 3.204791151277880945e-01
1.750000000000000000e+01 9.980169003770505282e-03 1.428625523030345734e+00 1.013183948390244993e+01 3.219321154836437548e-01
1.758333332999999854e+01 9.980036524830399047e-03 1.407164701778830906e+00 1.014097702525107358e+01 3.233511920368987713e-01
1.766666667000000146e+01 9.979908262433343294e-03 1.386445029302606491e+00 1.014954837967926338e+01 3.247371369850144962e-01
1.775000000000000000e+01 9.979784052574837069e-03 1.366439188932718540e+00 1.015758811553706131e+01 3.260907235366192758e-01
1.783333332999999854e+01 9.979663739216083906e-03 1.347120715252184686e+00 1.016512876048324365e+01 3.274127073409883737e-01
1.791666667000000146e+01 9.979547173849610125e-03 1.328464007978730432e+00 1.017220091033011897e+01 3.287038263936946647e-01
1.800000000000000000e+01 9.979434215091457366e-03 1.310444338291878452e+00 1.017883333395681866e+01 3.299648010006874799e-01
1.808333332999999854e+01 9.979324728180636803e-03 1.293037830291049461e+00 1.018505308063463488e+01 3.311963351099687092e-01
1.816666667000000146e+01 9.979218584635881142e-03 1.276221458688661103e+00 1.019088557463303779e+01 3.323991162236976660e-01
1.825000000000000000e+01 9.979115661931428280e-03 1.259973041683513317e+00 1.019635470596425897e+01 3.335738153647284654e-01
1.833333332999999854e+01 9.979015843085255189e-03 1.244271213162653655e+00 1.020148292257258760e+01 3.347210883171731211e-01
1.841666667000000146e+01 9.978919016385447843e-03 1.229095411074665467e+00 1.020629131155814662e+01 3.358415755445207096e-01
1.850000000000000000e+01 9.978825075131404765e-03 1.214425862827321900e+00 1.021079967680204525e+01 3.369359021584633074e-01
1.858333332999999854e+01 9.978733917291413014e-03 1.200243553219120241e+00 1.021502661741828000e+01 3.380046790745807606e-01
1.866666667000000146e+01 9.978645445283894355e-03 1.186530208004942688e+00 1.021898959684781971e+01 3.390485029360618130e-01
1.875000000000000000e+01 9.978559565768974765e-03 1.173268275700535268e+00 1.022270500870981635e+01 3.400679560846632254e-01
1.883333332999999854e+01 9.978476189362138829e-03 1.160440894395730727e+00 1.022618824309155983e+01 3.410636076373225745e-01
1.891666667000000146e+01 9.978395230457726833e-03 1.148031873383144497e+00 1.022945374491446380e+01 3.420360134150988163e-01
1.900000000000000000e+01 9.978316607060827917e-03 1.136025673806727809e+00 1.023251506944357381e+01 3.429857159161180391e-01
1.908333332999999854e+01 9.978240240545312167e-03 1.124407376259836999e+00 1.023538493799728144e+01 3.439132453185251292e-01
1.916666667000000146e+01 9.978166055511215535e-03 1.113162662233650790e+00 1.023807528698705305e+01 3.448191194142857241e-01
1.925000000000000000e+01 9.978093979648473832e-03 1.102277795074252609e+00 1.024059731448118704e+01 3.457038435839836499e-01
1.933333332999999854e+01 9.978023943530612075e-03 1.091739589439489455e+00 1.024296152682623706e+01 3.465679117311499247e-01
1.941666667000000146e+01 9.977955880499565777e-03 1.081535393584940996e+00 1.024517777967967902e+01 3.474118062205951984e-01
1.950000000000000000e+01 9.977889726554035887e-03 1.071653071453973594e+00 1.024725531692140379e+01 3.482359978549307011e-01
1.958333332999999854e+01 9.977825420173475068e-03 1.062080974530543731e+00 1.024920280954127705e+01 3.490409467449712144e-01
1.966666667000000146e+01 9.977762902223791600e-03 1.052807925501589636e+00 1.025102838986051879e+01 3.498271022522862483e-01
1.975000000000000000e+01 9.977702115865844448e-03 1.043823201893370634e+00 1.025273968395155322e+01 3.505949029673278150e-01
1.983333332999999854e+01 9.977643006404321099e-03 1.035116510519725530e+00 1.025434384399057208e+01 3.513447775202809265e-01
1.991666667000000146e+01 9.977585521210134700e-03 1.026677972757247259e+00 1.025584757672504033e+01 3.520771445275449607e-01
2.000000000000000000e+01 9.977529609645806666e-03 1.018498109884393710e+00 1.025725717042100449e+01 3.527924125713582937e-01
