13.169743246676724
12.998300408002724
12.665499772825541
12.067558084321497
10.89333618024731
8.72991335544641
6.493519691116397
4.496367286467612
3.120068529452423
2.2231408047839825
1.642097667968379
1.264366327281989
1.0128574787348423
0.8367361456674596
0.7203585617928878
0.6386570951283534
0.5826610488633959
0.5380491967296397
0.5048413824253508
0.47724443457061927
0.45462556873060844
0.43717462275760166
0.4202849866922058
0.40399063396588986
0.3913319925422405
0.379921776620046
0.3710294293046976
0.3619164773924828
0.35263405981219886
0.34396901022359927
0.33650400321365126
0.32944805042318315
0.3235025631628323
0.318616678499966
0.3148299618588304
0.3114813182485916
0.3084437481918707
0.30580735125222525
0.3034981972700823
0.3014086506348912
0.29969255169921105
0.298065866318578
0.2966287978503619
0.2953335385869371
0.2942259508011711
0.29330078397235493
0.2924186568121785
0.29153701544960686
0.2907935456767756
0.29011089726690464
0.28929469418962395
0.2885946119116918
0.2879957754290121
0.2874316717939722
0.2869440411895692
0.2864846544450259
0.2861325006506066
0.2857689492335034
0.28542860857834995
0.28507943963300075
0.28475378133679996
0.28446341487308224
0.2841878052527189
0.2839419254514368
0.2836896789986154
0.28345298580801614
0.2832138872300476
0.2830092067088126
0.28280333029178095
0.282562671008467
0.2823837338424804
0.2822086569840261
0.2820459015919896
