13.169042682132089
12.999556802760882
12.678393009341889
12.095702394609145
10.925148801891325
8.652861655852771
6.169935728484749
4.179263030470349
2.8845750984208216
2.05659582511837
1.515046377066649
1.171099023775919
0.9187832732595078
0.7441457124081454
0.6292333836310426
0.555182608218038
0.5057639273878047
0.46547160290440814
0.43693525346769757
0.4118422038048051
0.39340048809350847
0.3779129183977439
0.3625902337203346
0.34965568929546453
0.3398550852237756
0.3317052643037357
0.3252984789586568
0.3197031651370237
0.3146814128461317
0.3106064755591129
0.3067799624547316
0.3037672137300982
0.30113168320095074
0.29888498081020565
0.2969027574029841
0.2950553617651721
0.29354272339998033
0.29225531754292167
0.29101646805201753
0.29013253190151733
0.28929229608160334
0.28850290987063687
0.28775888415869577
0.2871136366465734
0.28652843144110474
0.2859890115517345
0.2855275045941852
0.285100001535433
0.2847102566097943
0.2842724889798163
0.283863132818829
0.28352900477538245
0.2832285941696622
0.28294370007467506
0.28271698886712127
0.2824887737574553
0.28228994426455856
0.28213225662916663
0.2819542453031989
