13.169429205873007
13.007480087040786
12.68544019293341
12.154927903182408
11.14379146976818
9.013950564177247
6.690580032974797
4.738111393650653
3.2905291677278132
2.34151380245053
1.6929518518034374
1.294740304159765
1.046682133880032
0.8630285290312516
0.7274748088702596
0.6378502704447095
0.5705870603670338
0.5202644585426413
0.4796367841122411
0.4457319486215532
0.41947402074369133
0.3960587349116116
0.37690350425696106
0.3632132988974819
0.3533804860172287
0.34501660190010064
0.33610897876556045
0.3279710585648248
0.32097329253560947
0.31509787755080243
0.3105749532750668
0.3067264411769557
0.3035159641047871
0.30074552670731336
0.2986127851589728
0.2968841867659302
0.2954549929060466
0.29429969574013004
0.2931542971376757
0.29217447154668363
0.29133926839686985
0.29048323176913904
0.28978682465486383
0.2891444699660184
0.28853045697498647
0.2879524035765204
0.2873279538552964
0.28678793453703477
0.2863197565386173
0.2858627667458764
0.28543496255999834
0.2850192054374725
0.28459721549680417
0.28420853066256413
0.2838467865233847
0.28351688413874854
0.28317035118660705
0.282892882646971
0.2826931423429313
0.28251717002434873
0.28235370204317967
0.28218917519732223
