3.9668958236634346e-8
3.3602981858577436e-11
1.9022618795642396e-7
7.587569258919804e-13
3.1357602476978154e-7
4.680375379088255e-11
9.459289964421446e-8
4.0014317974843374e-11
5.0010374969450855e-9
1.1088023893367902e-8
2.188994625670674e-10
3.759524197129983e-9
4.620064384542832e-7
5.796814882488772e-7
7.164195750826189e-7
2.2092426633718014e-11
1.1644201011517721e-12
5.924155533687071e-9
9.22438693339559e-11
1.6699515500176114e-10
1.3878705261942445e-11
8.516422309213853e-7
8.342396357951539e-7
2.1694391477611253e-5
1.9560603459265857e-6
6.091847166547981e-10
2.2013990966556736e-9
7.013969715691854e-11
6.606601429336056e-9
2.4755941986093365e-8
1.5848721581024717e-5
4.410940867142533e-7
3.951195222949741e-9
5.991584312273434e-12
5.459013161835294e-8
1.168059887593623e-9
5.411897058520195e-11
4.17129527050931e-9
9.478055064870762e-8
3.123738728532999e-8
1.882141640161822e-9
1.1403352365072483e-10
3.3555554818929087e-7
9.866109499924744e-10
1.4172885233608368e-10
1.6262172164963924e-9
2.0878242877378843e-11
1.2048003004488976e-10
4.44445215408897e-10
3.9381391089684576e-9
2.3190670199684503e-8
3.085303125013927e-10
4.229486255993764e-8
3.1533814671623965e-9
1.762883467144201e-9
3.7023186849856346e-10
1.1509085869287766e-8
5.531533821117753e-9
2.1170443842246947e-9
2.3560003005420565e-11
2.710649450633597e-10
1.1205973795754036e-9
9.385053787402277e-7
4.633536665535243e-9
6.863876236780092e-9
6.888630570523462e-13
6.408355772438716e-9
4.032082950933277e-8
2.380577882927487e-9
1.7336536532137518e-10
1.6699472838166626e-7
2.5962150132161025e-8
5.219878547317871e-10
3.8846407188774667e-7
1.2313121736710195e-6
9.690873068029602e-7
4.8639696671947075e-8
4.319510023228416e-10
3.270869944556947e-11
1.2310065577484676e-9
1.037100429741101e-7
1.2186085630599407e-10
1.1431771626425304e-7
5.754660588929165e-8
3.778584827667742e-9
1.3226270881534522e-8
0.00010181687165276593
1.702824448468737e-6
1.3972086467684226e-10
1.4959447919050698e-8
2.1085355881884062e-8
5.421125509395706e-11
3.006940978206374e-8
8.917187019213057e-7
9.570148410252413e-6
5.842864379821599e-11
7.07159772393526e-12
8.023448906037998e-7
2.416778956614191e-11
7.4138104836324476e-9
1.3592552317358426e-9
3.1522244829750076e-7
2.9478428962646594e-11
1.0516299551358661e-10
2.380974933363888e-11
2.602877838969231e-10
1.2334057962115571e-9
1.5106999986640728e-10
3.796963423338757e-11
3.664386081812991e-9
3.167878676952001e-9
8.058641464851293e-10
9.39327002898883e-12
3.375840253227266e-8
7.509483323068515e-10
1.6307876600548043e-7
1.573199262107195e-7
5.432486600866137e-12
1.138824211265284e-7
2.4010332975262905e-9
4.47342792427232e-12
2.8195379297065794e-10
1.05510313566963e-8
3.39125603678282e-7
9.666079773454132e-8
4.216174817165134e-12
1.1351902914140498e-7
1.8186394938708152e-8
7.296283164652997e-12
2.4140816802838574e-11
1.5266348707405642e-7
1.5224530061287098e-10
1.552069198702596e-8
2.7641076923159147e-7
1.7313589838593505e-11
3.753918049993103e-13
8.440309916458417e-12
1.835375845108967e-8
2.275892458095615e-8
3.2157447761484103e-8
1.51671554603746e-8
1.343285783010901e-11
5.99851427145157e-12
1.0884613682886854e-10
4.0597573993677356e-8
7.061674605324861e-10
1.9839760896150688e-8
2.1837233460712784e-8
1.0636601059802103e-12
9.671732096636654e-11
1.7636639770034709e-9
1.1115235568158347e-10
1.004189981578791e-11
3.840684175460144e-10
6.179442035300168e-11
4.2583767788979315e-5
3.8929421112719776e-11
3.407944461827731e-7
3.457008447454177e-11
9.487924993179642e-12
1.0180520904995737e-9
6.374265412389433e-6
1.3192578604501906e-10
2.0455290480096903e-7
2.6086271098720944e-7
6.264720147937695e-13
1.5070661075747114e-10
2.48162088167225e-13
1.8340787832339398e-9
7.530298669334798e-10
1.4545402573436207e-7
3.33139431462955e-6
1.6671051183492913e-8
3.0586822475837326e-7
1.4585084396225652e-9
1.3982792506382714e-9
9.149628088539182e-8
3.8405905046273906e-11
8.200371085855333e-8
1.1711927828777069e-8
1.1124604473401064e-8
8.443700672492154e-7
8.554022766145636e-10
3.370252096427099e-7
9.194390992809671e-10
1.327332475323099e-7
1.868107665618122e-7
3.657980245460632e-6
1.3184943594138268e-12
5.87925220978051e-10
2.779411218207491e-6
2.493392617250519e-8
1.7863813016349526e-8
7.711824737226578e-7
3.5901362485706743e-9
9.27618339485522e-11
3.722817996271275e-7
1.7281675996721585e-11
7.045438509351858e-11
1.869719099260108e-8
4.24538042037022e-10
1.0896654381046781e-9
5.735283237304698e-9
3.3830466889560224e-10
3.768651390504508e-8
2.4636790127618027e-6
7.836994908145791e-8
3.1110506933500623e-13
1.6170985433629364e-13
1.1827353602385373e-5
8.822226284854523e-10
1.1350887238557473e-7
4.451111848426745e-14
1.4875470318115728e-12
7.048878768298265e-8
2.7768105586700357e-8
2.0174416745207213e-9
9.116863382676921e-7
6.681767435333461e-7
2.2534616307504481e-13
5.7731669278340495e-9
2.3372675730711383e-11
1.6972762125341371e-9
4.4618955307903434e-7
2.0765988345510905e-8
5.470520067347612e-8
9.35698071594383e-8
2.388886102154182e-12
2.531435637420365e-10
6.024505484677008e-8
2.2197135942109302e-8
1.484248756629959e-8
1.800010193429605e-7
3.173986684558668e-11
6.240777164961888e-7
1.5521167565461365e-7
1.5815502564398236e-7
1.8340643006386826e-9
1.3019459960879125e-12
4.973859974274567e-7
1.6469315626943117e-8
1.4498359070467173e-11
5.651238704804092e-13
2.8510025459685522e-9
4.3172815647430245e-8
1.1779686572300325e-8
2.62074623504262e-10
3.068382876205534e-9
4.404901060949001e-9
1.260847689040787e-7
3.508382502140006e-8
1.185142333520586e-11
2.2723150307004626e-8
1.7805082296719644e-9
4.2062618014338837e-7
4.726986278804091e-10
3.374173303183923e-8
6.45586655049619e-11
6.3749036521056436e-9
9.300057217326147e-7
2.1916317934871227e-7
1.9121769710539521e-10
8.042395459603945e-10
8.438356100736849e-11
7.294062815305403e-8
6.353587381597914e-8
2.927665106262611e-11
5.175197282660594e-10
8.828463299369494e-11
3.4180733279986923e-6
1.6073804579448522e-8
2.4923595615452217e-9
1.59207425917485e-8
7.704707229142823e-11
2.4567680252594302e-11
2.2525746167097556e-9
1.3546373183889126e-6
3.156162559558556e-7
1.883759983069468e-6
1.563594963243065e-11
1.0695463326051949e-9
1.5312014555964987e-7
9.78134124533295e-10
2.265890395384898e-12
4.0789824738656166e-12
8.670286211572166e-11
1.1714391309923443e-7
1.4331907443320924e-9
9.50843501784268e-10
6.195883597156008e-8
3.083400675535286e-9
3.377430355679317e-13
1.792546798171638e-8
2.6115430989329517e-12
2.4547698621484884e-8
8.252611276586992e-9
8.3884487452915e-10
4.701760658096049e-6
3.909372938087266e-8
3.0648122088507885e-9
3.7891956761340463e-13
1.7947447349863318e-8
2.0511686139994282e-11
4.639173204948923e-8
8.864259730997201e-9
4.6120162511878386e-8
4.510320346685905e-11
8.599125423914097e-8
9.568527931222185e-9
4.0630974214483385e-7
1.2707703311999537e-10
2.8850555858184465e-9
6.398254115511814e-7
6.376810141305575e-11
7.652863543856748e-8
3.914088219744418e-8
1.727722068806201e-10
1.508504927690625e-9
3.697985935968678e-10
8.786763848791412e-6
5.886814352445482e-6
1.8768562244383657e-10
1.2755180800581837e-7
4.07838641465543e-12
8.2406399027033e-9
1.9669975073736098e-11
3.756230178314405e-10
5.565893045457304e-10
1.3828960726879443e-13
5.164866814167743e-9
1.8006590439274746e-7
3.515900569071072e-8
1.4612430973664598e-9
2.558274175401905e-11
9.120796932073962e-11
4.321372119765386e-10
6.9012522501392346e-9
8.954362769414581e-8
9.784221092732728e-7
8.172467661016733e-12
3.700080988918448e-12
8.148900347641843e-11
8.947498301168853e-6
3.40020069977939e-8
3.847354127866867e-12
1.4304354659158335e-8
2.778359079472981e-9
7.16588951273541e-9
3.349812276653974e-6
3.517016463345194e-9
2.0346632239189298e-13
4.22711176747047e-9
2.83649048678512e-10
2.3779619956793396e-12
3.9503272501409745e-10
4.252725120325095e-8
3.976310787234889e-9
4.4697319141693425e-7
1.2441102452670712e-8
2.596265381153298e-12
1.000884896206082e-7
9.6899171782014e-9
7.10207724569487e-7
2.223299680286002e-6
4.16803024395716e-11
4.661269433726371e-8
2.467847220784204e-9
5.34173366383575e-8
3.640244923109034e-10
3.693464348581497e-11
2.942111503613427e-7
2.715835277735848e-10
6.466806845339824e-11
2.2972030729204684e-8
1.9367900050238707e-7
7.161412825629861e-10
4.151524043764672e-6
2.8423590515361208e-8
8.155827755415523e-9
1.8774417117807228e-11
3.8747389888486585e-8
7.506851920380658e-8
2.6151677221305103e-8
1.212071532263754e-9
7.318375536206293e-11
1.0217888561988081e-7
1.3750677989061746e-10
4.3136795636206034e-13
1.1731881876652783e-8
1.1405467903775179e-10
9.497869586131328e-10
8.064638112706518e-11
2.4981652393600253e-5
2.868808650939999e-8
1.0509200783221658e-11
1.422220927458814e-9
4.1650927325453204e-10
8.540418456331779e-8
1.2769435670637773e-7
3.936380438397214e-12
1.8023612095815498e-6
5.868983401338579e-9
3.255235277084743e-11
3.161690400020488e-11
2.1279354828852906e-8
5.671249704314859e-11
1.4033655990403586e-8
2.0998674294379243e-10
3.31283236692111e-14
1.4312071742786982e-8
9.932162656102444e-7
1.1733481658470963e-7
1.7333248014394874e-12
4.4628329928049225e-10
5.7665094746214066e-11
1.3286761665748572e-8
2.018025109773495e-11
1.488155708127476e-8
3.63374274703578e-9
1.5397150967847667e-13
5.561705723468222e-9
1.0877056777182106e-9
2.0214394809078379e-10
2.2416049204888796e-10
2.854207278766468e-7
2.348060017367108e-9
2.696658945571815e-10
1.887754758631723e-8
8.896230591877164e-7
4.715289469594797e-6
4.123634210770488e-9
4.1137936861868836e-11
8.406348848806615e-8
1.454931520599006e-11
9.013175112031258e-11
8.922082185030653e-7
5.6707557092880385e-14
5.690002961277233e-10
8.949855061016372e-11
1.0324016186321529e-8
1.0893828400891122e-10
2.1212791645634066e-7
1.3678698135050833e-8
1.8563455691189297e-7
2.7482992676534683e-11
2.0774247148027786e-8
6.761069825534743e-7
1.8121882375130818e-9
3.4237851212843214e-8
8.874758592415285e-12
3.1839386887464565e-12
2.6185014602245315e-10
1.6329078374955881e-7
1.6383759070091402e-10
8.002166365354926e-11
2.072073728817503e-6
1.5735122113309375e-6
1.2090408342645335e-10
9.096829844943268e-10
2.100944597034902e-6
1.2304679046085492e-12
1.1058370066437838e-12
7.663241091595403e-12
9.104451990778894e-11
1.53494978983032e-7
1.2001690535880979e-11
7.315547017961338e-9
1.949694964718537e-9
1.1618469808793252e-12
8.227705882077741e-10
1.53823640650342e-10
5.646981408670801e-11
8.303006337346244e-10
3.251530862701514e-8
3.381003692875334e-10
1.1464937474914292e-9
2.3811612811093916e-7
1.9820802828261455e-9
4.091516677863643e-8
2.5307578555903974e-13
7.418542437653163e-7
6.132700835137993e-13
3.888096306143989e-10
5.019555996788325e-9
2.3302478896897533e-9
2.0354501058402044e-10
2.8322528842124897e-9
1.7475668581147427e-9
5.535654561423363e-11
6.988364876216998e-10
9.690996187286227e-13
2.368663352138543e-8
1.6159408447289377e-9
2.1673123781562e-10
4.6223130826959184e-8
7.714504869505512e-8
7.764559394072085e-8
1.7265592898634475e-8
8.967266820565706e-9
9.984549318163553e-10
2.1505969163282955e-7
1.1192434093026489e-7
2.827478296063291e-7
4.9722118264708e-10
1.0122471144309846e-6
3.9637661917123213e-7
1.7228634080467229e-6
1.651402889758187e-7
1.4122370039932383e-9
4.5449820946939205e-9
1.6979126692715114e-13
3.336007771616748e-7
2.075249841677393e-9
5.188940103441415e-8
1.3165415702320924e-7
6.175242561428888e-9
1.2429840972374489e-11
2.761078107467259e-10
1.7732102716877097e-7
2.4172658707929303e-8
7.459691703885529e-11
1.861750312753527e-10
3.576881373739486e-9
5.162270785407167e-13
6.32793860140555e-8
1.1011716798442414e-8
3.72831317364685e-9
1.9442294150116574e-13
3.8985102593274126e-8
2.6031367685863546e-8
1.822759740651746e-10
9.531986063911355e-8
2.3141767023789226e-8
1.9931653698373432e-10
3.2025293392236906e-9
1.7080574429092627e-10
1.0354770093784811e-10
1.1103553608190218e-14
5.1148932010350146e-11
4.833426584192297e-10
6.345293941099063e-9
1.5735909254918718e-8
3.1793759320795816e-10
2.954804225647534e-5
1.0928786243662937e-10
3.058956589165354e-7
6.500317373870615e-8
4.8281037718665035e-12
1.2829226413435188e-10
2.1991651919720456e-13
8.727909790881252e-11
7.046505667006576e-10
1.7435642777795323e-6
2.6988169939613116e-11
5.543107824456517e-12
3.230786496360619e-13
1.016267636030023e-8
3.074731087333686e-7
3.3486518948852767e-13
2.2796036392397974e-9
2.7063594671241867e-9
2.396503335358325e-11
6.145272441849525e-9
4.0328953175902465e-9
1.9494557708085857e-6
2.37347293655294e-8
7.498636188977008e-8
4.0146062245199463e-10
9.110055790219122e-11
8.93541715342979e-8
1.4713853617607629e-12
6.311494536820742e-10
1.5145121684955648e-8
2.508795840002553e-7
1.0724454283339766e-7
1.77536670691094e-9
2.3484988691477504e-7
3.0700411031285154e-8
2.8371629427544832e-11
3.4473167234399646e-7
3.243909280204074e-6
1.7616718845462216e-10
1.831632417823453e-9
1.0253552919623508e-10
6.584587611799053e-7
6.975496161443773e-9
6.226631304988732e-9
6.728116909198485e-7
1.2134469730281524e-11
7.28470144919207e-10
2.3779974317467687e-9
1.1441519347764322e-13
1.3039012499717985e-8
3.983813682570441e-8
9.465239964930435e-7
4.7527916345546495e-8
2.2558720989954874e-13
1.1555475031892048e-9
5.458018806880572e-8
5.467372714238257e-10
3.7399465572467028e-6
3.0183132404286785e-9
1.1812625286238284e-11
1.1014656612811595e-10
2.842612166174874e-12
5.716276629258831e-10
3.521607645025611e-11
2.470948790652397e-13
4.2638976160803475e-8
1.2456240144008736e-9
1.255067657742812e-6
2.142298681996327e-12
1.3210403540737704e-10
3.784150001205111e-10
6.659581324645067e-10
1.8376784058443768e-11
1.2663218876131486e-9
7.036175765903123e-13
4.200032063026868e-8
7.700026386756832e-11
5.5842950194124987e-5
8.469601695279609e-8
3.1504908348326183e-12
2.4155363553036697e-7
6.46026304822047e-7
1.0384866601390176e-12
3.9616641962837995e-11
4.954115516595605e-10
1.3250939490021303e-9
2.4756474378214685e-9
2.9577154711263275e-9
9.85117262406147e-9
9.904074700407161e-8
3.684136568328155e-7
3.3311464572159685e-9
1.89967720966435e-10
2.259187962827294e-7
5.361039655021794e-14
2.6593194063162817e-6
1.989761888210293e-11
1.1239269488173236e-11
2.460761786183548e-7
3.065596113577911e-7
2.001720930834447e-9
1.6845897487928157e-13
1.6553430010280696e-9
3.904637608278405e-10
8.458279949129365e-9
5.369170526521513e-7
7.483765810855132e-8
3.481490114593416e-6
9.820197011849513e-10
1.151900236179315e-8
4.715223650490038e-10
8.217748892964055e-12
1.6800695601885093e-7
1.5169177609008326e-10
9.675324432140458e-9
1.0488116933065791e-10
9.999175982871392e-12
6.620374045951906e-9
1.319697834930039e-10
4.367710425412236e-7
8.730770328262843e-12
5.397932454318228e-11
3.148057237454832e-10
4.355661834621468e-6
2.9987618519361866e-8
7.287349808825572e-8
3.2845125673033326e-8
1.2159065191242701e-8
4.812147304282632e-12
7.609506836943876e-8
2.49967037447236e-8
4.0781170891829785e-12
2.5068088144952063e-7
7.89029230534154e-8
1.8844865865374408e-8
3.2656069249550164e-9
1.5653922832278772e-8
2.0337852856636031e-7
1.3402435258964395e-7
2.1799204348648306e-11
7.140589954017678e-10
3.332831989538173e-12
1.2571600816460724e-8
7.907037000410374e-12
5.402394337431377e-13
6.9617987731819e-7
2.9512446716833876e-9
8.248127728223849e-13
3.8069338980092875e-7
3.217682496591008e-12
4.36092784383535e-12
6.5051380398959044e-6
7.858303554030807e-6
1.6792193773514032e-8
1.1020222515411224e-7
5.210348224815684e-10
1.1308014507986354e-10
1.2234595067235437e-10
5.2828150714354795e-8
1.4732430049652218e-10
1.217105948991673e-11
7.553062817054487e-9
1.0455118451834173e-11
2.4088247432749255e-6
5.834445938162631e-11
2.840706588199941e-8
1.2765828302207692e-7
4.138370618855621e-10
5.152413286209265e-9
7.894882023353154e-12
4.747474548237441e-10
1.873670482178519e-8
2.7614114611311155e-9
9.051508252765279e-10
2.5100034371987797e-8
5.568396549771528e-11
1.2781556139615995e-5
4.712904893726093e-10
4.1127629945352694e-8
6.378604367184155e-12
9.249436464212328e-9
4.565691633658831e-9
5.008077125676675e-9
1.509242565517484e-6
7.737555835059575e-10
3.3437799996039996e-8
7.209154864388223e-10
3.992656537677186e-13
3.492832044664169e-9
3.412892282157686e-10
3.8202218037695896e-11
2.913759479038239e-8
1.3732473982102387e-7
1.6181248046793855e-10
8.807915296988622e-13
1.3098157471865166e-9
6.799105746664888e-7
2.927901532406135e-10
1.9738525346006635e-13
2.002277786875028e-6
2.6417935139823076e-13
7.190504948227503e-8
6.101251451554313e-10
1.4704777971577348e-8
7.411915359206932e-11
5.669376893767655e-10
8.864190025761976e-9
5.086568004906035e-10
5.805566288312881e-9
5.296884829884333e-11
1.9743354729187444e-7
3.807379061295517e-10
1.039890592782652e-8
4.104755086649765e-9
9.564609252403844e-12
2.7610368398893065e-9
1.42256849034993e-6
2.2031158030102024e-8
1.0338350559772121e-8
5.597568589921808e-8
8.632249135212247e-11
3.2044564413942433e-9
2.0523944726896458e-10
7.577578610258422e-12
4.99798372824278e-10
3.0742245466809444e-9
1.5353045137762634e-7
2.487968258257007e-12
3.4248289550928036e-8
9.465199670590237e-8
6.17904370650456e-13
3.423436388733084e-7
1.051456514319317e-6
8.552691426133023e-11
4.456995200150294e-9
5.1185696900724986e-11
2.154808269748656e-9
1.0015030794834493e-11
2.3750945684723673e-10
5.510789501126679e-10
1.5728103630740728e-7
8.020777293900061e-7
7.098700135080091e-9
7.397637285046118e-8
3.947248489737527e-9
2.7344405492390823e-6
3.135040751970432e-8
3.5707948607863563e-9
3.0121369845754667e-10
4.662133902213227e-7
1.0422825266030006e-10
4.70393036998041e-11
5.632193279239613e-10
9.685518800140867e-8
1.4640419061770892e-10
3.5852427180030144e-11
1.042064331077957e-9
7.553794042535528e-8
5.954321767125063e-10
7.475071820030593e-10
3.842487940450101e-10
6.47774653889392e-10
1.0932294674435345e-11
2.346981877345443e-11
7.561152127808587e-11
1.1848974166761633e-6
2.1427926684003037e-11
7.821836957613568e-14
3.4455121438813884e-10
2.1699434517441576e-7
1.7276008241528806e-10
1.9603495364442983e-11
1.1329297771549002e-5
6.01814906193287e-11
1.8216040739663185e-8
7.505406234614732e-11
1.0571299758810426e-6
1.6094061329865437e-6
1.263468976546544e-9
5.036328918216407e-6
5.67949898858712e-10
5.954803512877407e-11
1.9301888251337944e-9
5.321373285421182e-10
1.6300085152191016e-7
1.6593250278261278e-7
2.540336946978401e-10
2.68866083571189e-11
2.6550362230335448e-9
4.397978721965067e-10
3.2504477009942378e-9
1.2882782012194658e-10
5.694474972997292e-9
7.707932523250556e-12
6.963658146431509e-13
1.2103080953940488e-8
2.3840098905213548e-8
4.963482016248929e-11
1.8381583562903203e-10
4.349713299425919e-12
5.8181615743088254e-9
9.84955812416133e-13
1.3984824612612577e-8
2.8036894548788096e-12
8.613673219514278e-6
2.456378005885436e-8
3.481827826072139e-7
3.054061698433591e-10
5.1353436402628845e-9
1.485989852111685e-10
1.14218553445947e-8
2.181361907211133e-7
1.243654571151641e-7
8.100675695329463e-6
3.886191401609994e-9
4.660701538436102e-9
2.056721299081674e-10
8.329309921874151e-7
2.7171695464064477e-11
9.741068903280614e-12
8.130717754043895e-12
4.686617943722703e-8
1.3894202604250119e-9
1.465166112619779e-10
2.9896194648104125e-9
1.484508078618319e-6
2.7363363372987773e-11
1.3780023554669842e-12
2.1586365222296104e-9
1.7911941072844527e-12
4.442127481792615e-11
1.1079300600507652e-6
7.119765089320439e-10
4.6354686718613627e-8
9.795766978294527e-10
3.155569617908463e-8
9.441149759651352e-10
1.3053437377012355e-6
2.0697312221098537e-7
2.928131205693749e-10
8.324219656478234e-11
6.826638912346614e-9
9.451997008462922e-12
1.6568088928459536e-9
3.0220263743116292e-9
5.376468439659889e-9
4.087026942902099e-9
4.4301961457881343e-7
5.713645956732882e-12
5.185080959438034e-8
2.871210599720252e-6
1.7021923323143057e-8
2.2956247944309322e-10
2.8314150110713218e-9
6.786191110205156e-8
6.873436665085595e-8
1.4348861182044548e-11
3.341819497009264e-8
4.1985603516304227e-7
3.498644583988413e-8
1.5366849357590566e-10
3.4452963901467434e-10
2.2719272250804702e-10
1.4808093017389189e-9
5.167437364071681e-12
4.7665400196305756e-11
1.499107011292649e-12
3.3096427011376705e-9
7.85922567147223e-11
3.4052160041256724e-9
9.339464059143062e-9
4.6851955339517145e-11
1.3020592844688947e-11
4.8086165088461365e-11
4.4266247007251516e-7
3.5393587044169525e-6
1.804723623500123e-10
1.5212820920393233e-7
2.640423661681322e-10
6.250917581565487e-9
9.67762626526447e-10
1.4991061558258507e-12
2.0225108149131045e-12
4.6055249829312835e-9
3.972449049519254e-7
9.691103049743256e-9
8.471523331936868e-12
3.953748047981074e-8
1.0322113233503165e-8
3.684334851644205e-12
4.784034655441483e-10
1.3584629452225783e-8
1.1486782985135865e-8
5.215025002226486e-9
1.1563922449498361e-7
2.2004975586892105e-7
6.534610327401342e-11
4.445333819548304e-8
2.06407724030102e-6
2.5995695945339624e-5
7.446429239437854e-9
1.5936648554229945e-6
6.867928198141984e-11
4.155548614767719e-8
8.787263531733256e-11
8.609399973601013e-9
1.3930199320809688e-12
2.409609587088715e-9
5.273430147100629e-9
2.301292000597454e-12
2.4384964050656036e-5
1.0849377675478771e-7
9.258854966305228e-12
6.808602787636947e-8
2.3121828041997135e-10
7.1232221889148975e-6
3.796815317724354e-8
3.7590718499306646e-12
1.574478510359851e-10
4.166454206728211e-10
6.4801452938778146e-9
4.308742158677941e-11
1.4246687105867033e-5
3.7651610094415315e-9
2.7371051436945338e-8
5.706964778719382e-7
1.3391432939443777e-7
2.7704628845457786e-8
6.719439671069366e-10
3.9367501639104974e-7
2.5826518149344338e-11
2.548923817150468e-10
1.032178946739604e-10
1.6528365816860966e-6
4.820277121180937e-6
5.651840850078001e-9
6.383320785135649e-10
1.1563321450555638e-6
2.0853524538313157e-9
2.6983019055588182e-8
1.2465078148737033e-9
6.835933673090842e-12
9.73952376288471e-10
2.653524555431057e-10
2.3276098179220465e-7
1.030255827100521e-8
5.605440921475377e-7
1.8523092769030023e-10
1.1785128345520767e-8
3.819065973481167e-9
7.1740656306354715e-12
2.4097874068897724e-15
2.107980782295034e-7
1.2396445607414245e-6
2.943052559847926e-8
3.552428081280946e-11
1.0191181679887279e-7
1.1949671567949668e-6
1.1417090014767599e-6
4.345733845701655e-8
1.1143276066611147e-13
1.682389979119409e-10
5.082269426054295e-9
2.790808729978975e-12
1.3280741868981246e-10
2.5038157352528564e-6
2.1110224699924067e-12
5.7769090581422356e-8
1.4191552709402456e-7
2.796153602545288e-10
4.408463283053198e-12
4.794350699847514e-8
5.107314820653046e-7
5.624726365264504e-8
5.330252564006504e-6
2.7566291949081763e-6
3.718004818673839e-9
2.2845189874907225e-6
1.0145411355079782e-5
2.2023365208685784e-11
2.1033745856643804e-7
8.203982900271632e-12
3.6195640384029955e-9
2.658226537371512e-12
7.069139641849677e-10
1.1103686091993942e-9
1.742325217787203e-10
1.3171572487819336e-10
7.451463161413395e-12
4.4683190336961975e-11
2.9909339645180824e-9
9.70798498685638e-9
9.889358765772492e-10
6.872617281226123e-9
1.0689372322617202e-11
2.6018035026756117e-10
5.26151507921469e-12
1.2942461311094106e-6
4.2090046512823333e-10
5.857988227814386e-7
3.150151402078385e-8
3.1285921968594026e-9
1.7785906204970384e-10
4.453347683092264e-9
5.819472597383172e-7
8.083534384605958e-12
6.067991500748354e-10
2.432067901458057e-10
6.815594280191479e-11
2.462229150848145e-11
4.007322539261034e-6
3.911886155155226e-9
7.119088083788551e-11
9.529272474206399e-8
1.33622493257105e-7
5.504523009123508e-7
3.062872408646188e-11
3.575076415175277e-11
6.91880231498783e-7
1.1195147955047313e-5
2.685890832569541e-8
1.7542120272273055e-11
1.3443016410003343e-11
2.0382150170221297e-9
1.6503765912222155e-5
1.7698598513529912e-10
4.276274950395993e-8
6.353277203483849e-7
1.6922500732378976e-10
2.2160948832496582e-5
3.833046156744184e-9
5.0919210706580917e-11
6.20771468027154e-6
1.5195685640292197e-9
4.045529049923062e-7
4.461495095818672e-11
5.358840296170722e-10
7.007500018043813e-9
2.734035893544828e-10
4.673350993421874e-8
4.0946291661148205e-9
6.359680033384836e-13
8.99408891041561e-10
2.6050329784020133e-10
3.101090907405722e-10
4.619378229793156e-9
8.096423216321007e-8
1.0196095238574352e-13
2.679423891431866e-6
1.545740313842735e-10
3.720514329402471e-10
1.2934117361689128e-7
2.0389900087757406e-10
6.921693996543365e-11
3.601770971035998e-8
7.681822320294889e-13
1.341111217709245e-7
2.5203118149248438e-8
6.332821343820757e-7
6.93746250047378e-12
2.0230098706005473e-9
4.663291148574935e-10
4.88098622040698e-10
5.805460595553902e-11
8.985315226520243e-10
6.2697294950126185e-6
7.516484635482174e-11
2.6951569524498253e-10
6.753936036421893e-8
1.7522476372580353e-12
1.5475445772004643e-7
4.3700218217921065e-13
1.1992402639750171e-8
2.0676337153414687e-12
6.037948033274567e-12
3.22010947823903e-8
1.279090665833258e-9
1.499674278872228e-13
3.675182522593636e-8
2.992488326214679e-9
1.5151358111614308e-10
5.564303428428079e-10
5.605105095508624e-11
3.64839929513026e-12
3.3064404980701474e-7
5.44974879495287e-7
5.083399196351522e-7
5.008477878890544e-6
5.595820254716164e-11
4.780995786546349e-7
6.228235114653504e-8
3.4910143468380837e-12
9.564534892459908e-8
1.0093186336233738e-10
1.659962567338643e-11
1.366078528023411e-6
6.658114440923696e-7
1.793791106424046e-8
2.5372648375163257e-9
2.0759255454417242e-7
1.7070412371987952e-10
7.611231724955863e-10
1.9001614827770324e-9
2.5753149195968234e-13
8.750433205869281e-10
2.468419627957811e-10
1.1565717675267989e-7
2.4134078511206312e-8
3.159558806238601e-11
5.171361364764826e-11
1.609907730801218e-9
6.059614934172811e-10
3.606095674087782e-8
3.889624990317658e-10
3.4351853169270587e-12
2.0847058023294544e-10
3.055899663178103e-11
9.671699316738166e-8
1.4403627043480454e-8
1.0961649980951607e-8
2.560558194046198e-10
1.7730148250363106e-7
2.0137156774694717e-7
2.782469169566537e-10
2.541345007348035e-10
7.263301503590589e-8
1.377798766506149e-7
8.84118924582489e-6
2.54725129041807e-9
5.61955368987079e-11
7.511274215991536e-10
3.99205569848993e-9
1.269072218239692e-8
1.9750303505093445e-8
2.102876468606571e-6
2.2468042669698364e-10
3.833281454093314e-9
1.518222278215922e-8
2.2193852196737074e-9
7.782292986385296e-10
5.571027486363022e-6
1.6986930518828231e-7
4.013666545564209e-9
6.985409323552329e-8
2.0144846500211685e-9
3.7126360645857603e-6
4.5358915194305597e-10
3.9939430918512863e-10
9.075514316783134e-11
3.7980313584207175e-10
5.886319635325456e-13
1.991640795121109e-13
3.6728029869716757e-8
1.0681356146820816e-9
8.008175990576275e-9
1.9166209438305956e-14
9.646743808596002e-7
2.656592592350699e-7
8.644192178564738e-10
4.2589519396826124e-10
2.000157818896636e-11
3.152832041853785e-12
1.2663569254324806e-9
2.788258337703895e-8
1.274715188283976e-9
3.102653930812004e-13
3.109155397868145e-13
8.18749825340493e-10
8.158749055386642e-8
3.0033603069807835e-9
7.719566189795341e-10
2.9389384426902876e-12
1.1967694229678125e-7
1.2373650647765916e-10
1.049048028812919e-9
5.852442099177725e-11
1.381210056616536e-8
1.034476467334525e-6
9.771054576954458e-11
2.2121854547671388e-7
8.996991379807043e-11
1.177068193282944e-14
1.574502520239366e-10
2.5562853583508873e-10
1.6302034908815629e-7
4.684937564844239e-13
1.260705846166865e-10
2.9053083890015855e-8
1.1413862359640534e-7
4.639355796409143e-7
2.7318538412703916e-8
1.8318010720651976e-11
5.4181352097940135e-11
1.1565715265531285e-10
2.165264170670973e-9
4.521452109086031e-8
2.915084814682742e-6
1.2440824084750569e-10
7.634151740885184e-6
4.532960884890206e-11
7.471235692437438e-10
7.0789035580272526e-9
1.033234723392444e-8
3.49138517060064e-10
4.63664875966505e-10
1.973696299690516e-13
1.2913743088745328e-5
7.192720939420908e-8
3.77902854204264e-10
2.1434391907186687e-5
7.387753201088793e-7
5.656623577681791e-10
2.5882607228961386e-9
1.8845697048797244e-12
1.746553522129081e-9
2.0835986696947525e-6
6.4582962624677605e-12
3.284140319358793e-10
1.5379500402134628e-8
2.009300578308838e-12
5.0260383707986064e-8
4.66525912348299e-9
1.0125949756231803e-9
1.962258944536453e-6
4.299058514649395e-12
1.922396492361724e-11
1.4649970920495574e-9
7.486937900758554e-11
1.4075222906760135e-8
2.198648668189849e-7
1.1748535485527356e-6
1.2132215096448162e-6
1.0625966443953095e-6
1.0611057517868193e-11
3.9997739993038536e-10
2.870580673360468e-7
6.236038224817911e-8
3.797112640522899e-10
3.73020848195101e-9
2.4537660262851513e-11
1.0249773722927062e-12
1.0157815506073644e-7
1.1457341263265307e-10
3.7503981460957414e-10
1.5098538538554445e-12
4.412723435554477e-9
4.6543708406256494e-10
1.0168074577629523e-10
1.336798596576467e-8
5.27789710044711e-10
3.46138089832265e-10
2.1217858513812925e-8
7.405749813652833e-12
1.3106321703927996e-5
5.782764291520216e-8
1.1369056929949349e-11
8.430706118992082e-11
7.653486680485366e-10
1.1059941524964908e-5
2.287743694352439e-11
7.004307719032517e-8
7.857839741505794e-10
1.9341350293689153e-11
1.883102707445496e-10
2.244532583288455e-10
1.6458319803376082e-10
4.904946600478102e-10
1.4390255687158896e-5
1.1855244130542378e-10
4.105752984781986e-11
3.034764791645455e-9
1.5952363446865016e-10
1.4143982341991892e-10
2.607204556003514e-11
1.4670237258656192e-8
7.746778959917532e-10
2.0270868275779874e-7
1.260136050634871e-11
1.5097872668321303e-9
4.114183071551432e-10
1.5301899724844828e-7
2.3084947585449662e-10
2.035996049368194e-11
8.105165842370205e-10
1.882386302019885e-8
4.279341772162385e-7
1.2477670589149115e-10
5.36895669110848e-8
4.470933381094661e-10
2.2140739332166042e-9
2.551245995672665e-9
1.0929155043732666e-10
2.420873088702543e-8
6.499146395108065e-9
1.0582719925448506e-8
9.506775181696076e-9
1.3538897146219146e-11
4.132026181729608e-8
1.4663214653516947e-6
3.504173399829739e-12
1.007361584370983e-12
1.3401370742125822e-9
4.0684062950426226e-10
5.410612421876489e-10
3.785532123730148e-8
2.24271978708226e-12
4.95022497763415e-8
8.751661913081032e-10
2.0087194198945157e-6
3.466875697513078e-9
1.6467105542852078e-12
2.393787950288756e-14
1.228957973551502e-11
2.683222141234525e-6
2.7408007607871083e-12
1.4060089657093168e-10
1.3250570031353454e-9
8.261665790738136e-8
1.5486996225425148e-9
3.608214759465089e-10
9.251891587433775e-8
4.756701209243628e-10
1.7828108633022146e-6
2.55498292927784e-9
3.436206637300616e-11
3.166662460178873e-11
7.576723829040869e-12
1.7597140007078407e-9
9.720892458031738e-9
4.910980572926612e-11
2.568149475746061e-6
6.882577099592029e-12
4.276625122744264e-14
1.1192480521013794e-14
8.805583015656158e-12
2.992039393513642e-10
7.41273823919375e-9
8.571335314789742e-10
2.3388675029280808e-11
9.643907983008662e-13
3.996767237021815e-9
2.4095331032697512e-5
2.9940833902530373e-11
2.8724527942420783e-11
5.810725207405017e-7
2.6742737430919967e-8
2.856114991348884e-6
9.099829381597016e-11
6.786081511854678e-8
6.0376710405483814e-9
6.611298719728813e-9
2.092624086092575e-8
2.1873986817561842e-7
3.790132398069707e-11
2.2988941819149596e-9
1.3431735515335249e-12
2.2574911891295276e-9
6.4495382851039e-12
3.3590491408626746e-8
8.78671946821407e-10
4.374878304406765e-8
2.111820398441985e-9
7.605625715760117e-8
5.38004943151397e-8
3.998670199281538e-6
6.460382404620284e-7
1.8873161387921447e-8
2.294777920450577e-10
2.1996718405346451e-7
2.1473837849386558e-9
1.636657594281875e-9
1.3797144770323565e-9
3.4378653325408744e-12
8.510052059735127e-12
2.0194792388973432e-10
2.522623838920627e-6
4.6728090009573705e-8
8.078591478155148e-12
2.5877365392056735e-12
1.3967409825316945e-9
4.993223660143915e-9
5.120661407777858e-10
1.162802507896029e-10
9.097069651868179e-6
1.6614845075901387e-7
1.9599899149393365e-10
2.2451708257685787e-11
1.993116958680234e-9
2.4831639801102335e-8
3.5708018234799997e-9
1.6107266902840318e-7
1.9445337530917925e-13
1.4372668969848204e-7
3.201165573719082e-10
4.63183919908462e-12
4.840020617878101e-10
5.297236876140741e-12
4.393329078670482e-9
8.206027116125638e-10
8.971597556976458e-12
8.443130258523426e-10
4.289844790296865e-8
2.8219273829392216e-9
6.198005317637933e-12
3.851048819571944e-8
9.12530165011657e-7
7.171831466278533e-12
5.180330597715595e-10
1.6212941754464842e-15
5.849817383718021e-9
7.948927786196261e-8
4.985725038602203e-8
5.77738106509393e-7
2.659862412620596e-6
2.539259600520249e-7
2.7236285001249262e-12
1.305943735733549e-8
3.7680162303355145e-7
1.027882417632418e-8
3.183817594945624e-9
2.179247483937961e-7
9.07487736217919e-12
5.049511293490574e-10
4.317237142140975e-7
2.6066451043797585e-11
2.26225878009152e-12
2.845885121813206e-11
1.9017762047245248e-11
1.9107774372264124e-8
3.982185683962963e-12
1.0882030471553826e-7
9.607551824884152e-11
5.994446697481769e-11
9.046065647364918e-10
1.26236434525039e-6
7.898327367806565e-7
2.0408866874946382e-11
1.1657794418234664e-6
4.035570242002209e-12
1.947495667574598e-10
2.108442742386687e-6
1.0306459958164413e-6
1.0118663615168922e-6
4.355791082004547e-8
3.290473618583754e-10
1.4706282970468096e-10
1.3222601721073994e-12
1.1126972093826203e-10
5.703152489563064e-9
6.399042202818237e-9
1.4830835604611743e-13
2.7339874835155907e-6
1.3023923462602327e-6
3.1540264948881614e-11
4.334622404531197e-10
2.5273462258892014e-6
2.426159309937206e-12
1.8563135373731051e-13
3.467439631602242e-9
7.243554608006926e-9
1.77831119610174e-8
2.392218327170687e-9
2.2525400268771965e-8
5.315086115185147e-6
1.2127998834964884e-13
1.235784393954267e-5
2.0766729936172598e-11
1.8912753702194552e-6
1.4843286241052804e-10
1.9844197275181152e-10
1.5526101726402931e-12
6.240599471462418e-14
1.0973987178893147e-6
1.1169198392835438e-11
2.491763106157131e-13
3.0174676226752478e-9
3.514045799494138e-9
5.6892877153909105e-8
3.2134964915209047e-9
2.377244881175467e-6
1.186283145993148e-12
1.0883385938985834e-8
7.376789752472299e-8
2.3074396017962097e-12
7.640482078773332e-11
1.400911430321974e-6
3.54819775159015e-10
2.4587551697788335e-7
7.026664783847859e-12
5.4203314468335945e-8
3.017298085957983e-11
1.646319872981125e-12
1.8095641650468317e-10
1.0146000182398803e-8
1.1163126139267471e-10
1.798856358183997e-10
3.66673727400796e-12
3.836935279300285e-10
1.2847117189866375e-11
6.658110441587665e-7
8.36947741428938e-15
2.0460640454333294e-10
9.761288968498019e-5
1.0837556668680201e-8
9.152641845141692e-8
8.720885395870962e-8
1.146401577996361e-7
6.068226317162855e-11
6.52491955746154e-11
1.9251275836299068e-10
2.358969952157929e-11
4.899938479624037e-11
6.99492086916163e-14
1.8290862567022337e-10
4.88742681958802e-6
1.5229124461729078e-12
2.772677817799651e-12
1.6747960383092147e-9
2.4685953276943025e-7
2.159758764576877e-10
5.781927040187585e-10
1.3447112500335601e-11
3.649640222328043e-12
3.6865697189367586e-9
1.851961826692019e-8
1.6797737985054468e-10
2.437168295452197e-11
5.639975587065237e-12
1.5393454776758876e-11
8.903227635134597e-12
2.6991711971067468e-12
5.448379045317296e-7
7.375883947179754e-8
1.8923752264902574e-8
1.4520773371002528e-6
1.491979919731274e-8
6.673377370263968e-10
2.6259469193270437e-14
6.74921852849123e-11
2.5994657323578236e-6
7.959914016488336e-9
1.3646812527898446e-8
8.307707088274597e-6
4.541426482117435e-9
5.475625623910663e-12
1.2434859945022435e-9
2.092480648192548e-9
2.0702570099406806e-10
8.020470474144397e-10
2.1658184496349852e-10
2.7088493620789376e-10
2.1077177720753508e-11
1.020726209215368e-8
5.700536654942402e-10
1.242700095000972e-10
1.9685743863213306e-6
1.9688277402518606e-11
4.587779527272806e-13
7.731776373136283e-10
2.998504875252934e-10
1.2257583742013333e-8
2.7398570819095814e-12
1.1533844017520556e-9
8.3408476051629e-13
7.29565672235614e-12
2.668863917615358e-5
3.6297126234287935e-8
2.667707103848079e-14
8.210834540576686e-10
1.3305874564944247e-5
9.511404918158771e-10
3.745347020968633e-5
4.046336120373835e-13
6.634451155007965e-10
8.445483496183141e-11
7.29843524589713e-10
3.9209488509592313e-13
4.0386994788533413e-7
3.225037338356027e-12
1.7664979639564285e-9
1.1881988632173378e-9
1.3860323151250768e-9
1.8703375469646305e-6
4.1724007732886655e-10
5.952847987384829e-11
2.2287333541225696e-9
1.7048807857028936e-8
8.754463516827247e-7
3.758254311478695e-12
1.6449397671813512e-9
1.4539669632604315e-11
2.5503039716729184e-10
3.0789952729674206e-11
6.464987510666351e-7
3.6429603404609083e-7
3.7174382675320855e-8
9.500148498474182e-13
2.8202057479616036e-8
2.0896156842792337e-6
1.2340518509971286e-11
7.548231007074944e-9
2.0787159554443177e-8
1.3129434449350822e-9
3.02624899940866e-8
5.859782082030029e-8
1.2431629995248468e-6
6.538718741957369e-10
6.754867488686319e-8
2.513213063024662e-7
1.3584587074240264e-11
2.710880632843101e-7
7.058198219313973e-8
6.368440344431531e-8
2.326105880363378e-6
5.484328888192488e-10
4.034888722945857e-10
1.0126197824706763e-8
1.6262953066672793e-6
6.928979238590624e-7
6.8113396344184795e-9
2.238078959581386e-10
7.568927167561427e-11
3.475884774769374e-11
2.0302268461817457e-7
6.409125531663786e-7
2.717620349333866e-10
7.718463165940741e-11
3.759180901302985e-11
2.2623105362129543e-11
4.361400963061678e-9
8.42367469532215e-10
0.00015443134801647034
1.021090149033723e-9
