1.182371444192321e-6
1.449648867745107e-12
2.5168860210721973e-9
6.515894173962368e-5
8.259376276142342e-10
2.75882151385799e-10
3.5801620422448195e-9
6.315172214507542e-11
2.961900944804903e-10
8.140120940519181e-8
8.433557738449883e-11
1.1635339340897414e-5
4.6334874662181364e-9
4.118082717535339e-15
5.830519970210539e-11
2.283172156150344e-7
2.5893955556922937e-10
6.435083157862182e-15
2.8494506719245356e-10
2.7582024343723745e-13
8.491466730283262e-15
8.658198625151155e-13
3.1481232171172443e-11
6.791536091633101e-14
1.1293416176879859e-9
2.5156205089189e-11
5.225252791199035e-12
1.3809135619693195e-11
2.5861060251555685e-9
2.8736452357428423e-13
4.602593425634308e-12
6.926480819832228e-10
3.3455517893237703e-12
3.941287965747261e-9
4.0310399444701485e-11
6.733279001179889e-11
4.538162887262708e-11
9.72254298361641e-10
2.2210850758308556e-11
1.609721347508024e-14
8.300372992227106e-14
3.2063539623046296e-10
4.115561707444671e-12
2.3279122674546024e-11
3.4163168950731087e-14
5.976189368730914e-13
1.4817764526325318e-13
2.286177827661473e-11
6.74929800658856e-11
1.4101965919993396e-10
2.081237295880282e-11
7.021851128839914e-8
6.100303279603489e-15
2.520140216275388e-11
5.495988271119877e-10
2.3304439351894044e-12
1.1620754182530282e-10
1.2664484545563333e-11
1.6919711022683043e-12
1.8444409578183212e-12
3.698773817057953e-8
2.2016002511098788e-11
1.3428123830466147e-12
1.6954498535158655e-13
1.7305948993621949e-12
1.8277183861212498e-8
3.1418295652010317e-10
2.4269479500042138e-11
2.7898069072951553e-15
1.0595475442951243e-10
1.827991259288574e-12
3.209704253161331e-12
5.7157456230256e-14
3.5301604717264354e-11
1.9484669953328897e-11
2.9807969596848372e-12
2.7643888383971383e-10
2.137543306710294e-13
3.750894657556798e-12
3.054586570748713e-14
2.9001646943925482e-11
2.8084198946916083e-10
1.6713537982710604e-11
1.9474614285549976e-12
3.636482391450475e-13
5.508398819482152e-13
5.950650865175714e-12
7.752948483515113e-11
3.694546057693037e-12
3.3548518721327763e-13
1.383374124266793e-12
2.1745449916973466e-15
3.5683549074100694e-14
5.916449055417545e-10
5.2412571341047274e-9
3.520256566399415e-11
5.0075177775684176e-12
2.29464787709821e-6
1.0440482176645826e-13
4.753313638357773e-13
2.99648012790427e-11
5.916251135241547e-11
2.6894215089938453e-13
2.421209232763061e-11
2.4627466965058412e-11
4.671114895516389e-11
1.681640935792016e-10
2.002565440487459e-12
4.230314081979787e-11
3.725666863797212e-9
3.940319092869217e-14
1.0159796306009128e-10
3.645809543222389e-14
1.2167731261057598e-11
1.4329322474464486e-11
1.8942673780855892e-8
2.5851543544598717e-12
1.41843385973146e-12
2.0935510324296742e-9
1.5037374701887871e-12
2.6323495997749262e-11
4.33854192719749e-10
1.1160094969701e-14
2.1413336486427766e-12
1.3749361883155856e-10
2.3571717469526606e-10
1.6597404967130447e-13
3.639667561160863e-8
2.1847534642458284e-12
1.47426305293176e-12
1.2363506472265132e-10
9.84332437044518e-14
3.4869130859989693e-13
1.0180412098851395e-13
4.464093743792702e-11
5.432103714185903e-11
6.122345693519558e-13
1.2683087325165731e-8
2.7457177305730533e-11
2.4932417135229326e-12
7.961631827709362e-9
7.185283746750491e-10
2.5796598273071284e-9
1.0744632907136822e-13
2.7449916029814112e-11
1.0282530430323533e-12
4.88076154487436e-11
2.5418658825434934e-12
4.962396089632575e-10
2.1336172275746844e-10
3.0679295239974205e-11
1.4780846333247446e-11
3.327008640613625e-12
8.145410337557622e-15
5.083226538270867e-12
6.3146307069037924e-15
1.1466387587362312e-12
5.58846107250276e-12
4.565192735451268e-15
1.2374722375352506e-12
1.3633372528441802e-11
6.683124306982844e-14
1.6169692176840516e-10
1.7219619378412447e-12
1.21287794997133e-11
2.971506065694682e-15
6.004455368922505e-10
2.1418773758245682e-13
3.8719384159596783e-10
8.045798725901008e-12
7.590444991358785e-14
5.6177095419595796e-14
2.9199930006031006e-10
4.691772836692617e-9
2.1849733041700472e-14
3.0725662010125887e-10
7.193077836308769e-11
2.380130068371689e-5
2.565812048191785e-9
4.504337685012874e-12
6.000278564542957e-9
1.0472037968782937e-12
2.0150557881223092e-11
2.944035418379316e-8
1.8026538352661016e-11
5.047699961675321e-14
1.0808166566533805e-9
1.5503703034763335e-11
7.814388858107717e-14
1.4827902290852909e-9
2.230914421350212e-11
3.8571334321407176e-14
1.4887175414897478e-13
9.789048641370875e-13
1.4433643401887661e-13
1.2513070364145243e-12
1.5594337398318033e-13
3.9994404608582675e-12
1.0790174621443395e-11
6.908736125616189e-14
1.44835112963967e-10
8.701873068698769e-7
5.528664891435449e-10
1.6855535897128205e-14
1.2408143285881404e-12
3.605753369881102e-12
2.5221387471504416e-12
3.91724852910456e-10
2.9733600905554934e-13
4.633492560555807e-14
5.094036918433761e-11
4.350207040414832e-8
1.0400714566831798e-12
1.1238000093574843e-13
4.090207385022714e-11
3.723945979974097e-13
4.254800161524741e-12
1.8006293034786787e-9
5.33468761888165e-13
1.1977508062340812e-13
2.541407961321358e-8
8.37744413548921e-12
9.361929377159838e-13
1.3313774490692434e-11
1.5597299846473913e-11
5.424208368914331e-12
2.8836371765828277e-11
1.4265383986918383e-12
8.830001713380483e-12
2.991313890656309e-13
3.938873871183731e-11
7.932310710343434e-12
3.5576294906785096e-11
1.3799060113980237e-13
3.1105285649262984e-8
9.680157868182966e-12
9.42636365867519e-13
7.96472790857072e-12
1.9130214405082583e-12
6.148871759171863e-7
2.1274074795134903e-11
1.3852496470487565e-11
7.550159030077616e-11
3.395950952889851e-12
5.521648902293156e-11
1.6505629452907173e-11
1.774230885993619e-11
1.510350934244829e-12
6.383517079746456e-11
1.8212539157978515e-8
6.079048383816935e-12
2.601696895147551e-13
1.5025897893077205e-7
1.8572097195197168e-8
1.1307657473649308e-14
2.0513898728016235e-14
2.993199483744345e-12
1.5741868849091855e-12
2.2524263680548864e-13
2.6855264598982118e-12
8.444415193185012e-12
1.0979348140912423e-11
1.1663759098423333e-12
8.838304062925576e-14
6.835630199075098e-11
1.0795572095370253e-10
7.306330121583113e-9
2.31082649394248e-11
5.83915226331773e-11
1.11350529579864e-13
1.4338680368641946e-15
1.0587803539573048e-12
1.9664731929247042e-8
9.251186637105053e-11
1.4552640397987827e-12
8.227391629287357e-10
2.1314494762271982e-15
6.689477541998058e-13
2.0253426162035707e-11
1.1790550520779437e-12
2.0630068007364386e-13
2.281942766257444e-10
3.888344053696497e-12
4.061156815921479e-12
6.544580197597439e-13
3.215253022196391e-13
6.288448973435165e-12
1.8584551506460866e-10
3.767504588284985e-14
2.6489045823023734e-12
7.070313523028388e-7
1.0875245041703038e-14
2.8015406098434983e-12
3.769764293390761e-11
4.948721607313724e-11
6.969823678285918e-13
9.593227510210829e-12
1.8793193804711862e-10
2.424510078397988e-13
5.2552895669829385e-11
2.300057146588767e-10
7.564044485009975e-9
7.533227332935734e-11
1.710986759819735e-7
3.2101649363339736e-11
3.057687796269883e-13
7.427419621498771e-9
9.418043418260894e-12
5.3807989985741095e-11
4.261494181961589e-12
5.720850045842634e-11
2.706724668591623e-13
1.953999215189616e-12
1.982180207056257e-11
1.3187490847145989e-9
3.8275275536164333e-10
2.5723027397774292e-8
3.4410579691719466e-10
1.610221207103447e-11
1.1852496755055785e-8
4.20317142562957e-11
4.823891980206993e-13
1.5036085506811755e-8
2.0876332610952257e-10
6.517356653888654e-13
5.719688820517966e-10
1.3970111158713274e-12
7.632205348881115e-13
8.676248872370059e-13
2.9159729325376555e-9
2.223873738849942e-11
2.0490755491172602e-14
1.6527338120457278e-8
2.0469714727087727e-14
3.802000233962603e-10
4.533208581263581e-11
1.132463891737465e-11
1.2719452126812628e-9
1.2890903116215692e-12
2.684666250730442e-14
3.729977166334137e-13
9.222969681845322e-14
8.604097941573584e-11
7.830198100163129e-15
3.329109144241437e-10
2.0564417602726118e-11
1.9073873261031986e-10
2.7465551083826875e-8
2.672805585670322e-10
2.9918814632394017e-12
5.513101523919678e-12
4.969934399480656e-12
3.6343185893099994e-7
1.7544902333376885e-13
6.226242086200021e-11
2.403712159808829e-10
1.1015192668632383e-13
3.2242330224838084e-8
2.8936316555392985e-11
1.4354420423699758e-11
4.3468286488435694e-11
6.138054995320682e-8
5.0138775911840207e-14
2.2695420389326104e-14
1.4959788931005684e-8
6.115553999914316e-12
3.038645392888603e-15
3.3462695521984487e-12
2.025833853783977e-14
6.59372116366836e-14
6.798381755629036e-13
8.378563106210641e-13
9.651820859293336e-8
2.708116372458175e-12
1.4666479407640422e-10
1.3513055475857542e-6
9.158504044645775e-13
5.591106970132167e-12
5.02434556307782e-12
4.679404234134876e-16
9.740413994806663e-11
7.835725031508742e-9
1.639836526700543e-10
1.2124141838389222e-11
1.9796566073394032e-13
2.8679514778799474e-12
2.74026665072223e-12
3.1141074040004205e-9
6.888662700348745e-13
3.6205996323443096e-9
3.286081576679036e-10
2.7665274938687324e-11
1.3346800619201158e-10
3.255673122574726e-12
1.4414790012981057e-12
5.927837469568179e-15
1.4522132745791713e-13
1.2808760069972784e-11
2.803524143168861e-13
4.891778313390761e-10
3.025756436798593e-15
2.911394555874691e-9
9.492692686517554e-14
1.200853705797892e-9
2.4209853906599115e-13
7.362531834886131e-14
5.202475074660895e-11
1.3724875784535752e-13
1.3129441609938108e-12
8.60081235236843e-14
1.1447405594389886e-10
9.355626004379762e-11
3.3299612231551014e-11
9.342080891820632e-12
1.083092520061076e-11
1.6366639878111947e-12
1.4380666018938136e-9
1.0558000753027671e-12
1.1762682084848493e-12
1.0502835216604245e-11
1.5487340106938456e-8
4.227878981180776e-14
1.4374738608739114e-11
2.7011063071184307e-10
1.2028542884997084e-7
3.532057497219631e-6
1.4763950957823515e-5
5.009406661393677e-15
3.325415666955605e-10
1.81709742780576e-11
1.4836318381183462e-9
1.4351662904669104e-8
2.417109643609492e-13
2.2982263346276907e-9
4.564157523356563e-12
8.961208146641833e-9
5.0195379954372544e-15
1.143227149894938e-11
5.769255223977897e-12
8.967741062527051e-13
7.257330219474176e-9
3.3523901497920386e-13
6.410642333234355e-12
6.871025456019776e-12
8.901292552088894e-16
4.1409872853376843e-13
8.78718758656952e-9
4.561297487026673e-11
1.4587243835793804e-8
4.789103657568566e-12
1.1651276478635844e-11
2.6609197154986396e-13
2.249295437901534e-15
1.2226266096748608e-13
7.102803523353195e-11
1.251584539482515e-13
1.2850090325848157e-15
2.2928138531162212e-12
5.126507201150844e-8
5.563750127186687e-10
3.2109994753570813e-10
4.340146791974318e-12
1.5688867291984185e-11
2.0589589021295137e-11
1.6702196555282577e-14
3.6172917544917926e-13
7.18023131435212e-12
1.745871744313678e-11
1.1345677210110698e-15
5.795694050340585e-14
8.216730148129121e-7
6.579573562633025e-10
2.0509746175050308e-13
4.118477446798371e-13
6.344602789604988e-16
1.5204218366553077e-11
4.254059148613421e-13
5.302160088000333e-10
4.093065779030325e-13
4.979636658182808e-12
6.078733923479611e-11
1.8343755729545262e-13
1.9500832126304782e-14
6.516209963286039e-10
1.5845039862915092e-13
2.9052411743274338e-15
6.19638430353823e-10
9.448545669120109e-11
4.639523137961293e-14
3.316172812650564e-13
1.0312356026720909e-12
2.757640655329718e-16
8.2326518572241e-9
9.235624668526828e-10
5.873161951912468e-15
6.841050872000943e-11
2.6318278009633495e-15
7.440646964865569e-15
2.5141419148032963e-15
4.109236597296227e-11
2.2738427090922094e-11
1.5775967074633346e-10
9.198091484450965e-14
5.11207795098535e-11
3.454262813942896e-15
4.735059991558042e-8
3.292828331775906e-11
7.495990702929196e-8
1.8142429448482812e-8
2.1166985692552537e-12
6.449070316136092e-13
6.852735422064625e-9
1.0265010180051658e-12
9.915544129851397e-16
2.2560422518969536e-15
1.6237834485255228e-11
4.647295896322832e-15
3.6731918959280125e-7
1.8409908368605804e-11
8.671619806495674e-13
2.6823739761191995e-10
8.548342697647872e-14
1.9934619048381822e-6
6.225371672147564e-16
1.1001978281190226e-9
6.7139645704038604e-15
1.191699143390685e-13
4.737202111379969e-11
7.373066105821465e-12
4.2645074097565e-8
2.680946404116768e-9
5.889424971863011e-7
3.464237888955657e-11
6.191306369530123e-12
4.1667847369609786e-10
7.21091078010818e-16
1.9996597185077536e-10
1.2902707772978075e-8
1.1780253886521292e-6
5.890372864665167e-13
4.0680560057358296e-11
3.4137115530196115e-10
1.2253038556412763e-14
1.9507600909058898e-15
1.084078617623736e-11
7.155883027130147e-8
2.09186172963722e-14
1.3719995485901118e-12
3.4054680142076087e-9
6.993534145095805e-10
1.7856013702856439e-6
2.0151500193427982e-10
7.392118892581809e-12
1.7762061845430412e-16
2.6069645951416635e-14
2.8732986906291616e-10
8.633088131600188e-11
1.1203670226913232e-10
3.19388111720431e-14
2.791664603699259e-12
1.4383373928351209e-12
8.007794614873925e-14
4.1010025197183075e-10
8.336240545970448e-7
5.9681038185808755e-9
1.4389959788853313e-13
4.408459114307403e-15
7.88562805114476e-8
2.1849873857773468e-12
3.758561186743168e-12
1.736867489159357e-16
4.586370420980675e-7
6.515752837663678e-12
1.0726479139161617e-16
3.095254607499874e-14
1.549015343877653e-13
7.578962499630033e-10
2.136566570229537e-13
2.9843614277380773e-10
9.81144492965768e-14
7.654673475230584e-14
7.1776598342441e-14
5.096900486933199e-14
1.0691226838591012e-10
1.8220272700100595e-8
1.813543911127588e-14
6.111315533675942e-15
1.6029570180811276e-8
2.2005975091806727e-11
5.030118813881287e-16
2.7297554484953934e-10
1.4966822903896258e-12
1.2718276906826123e-12
1.4534395351793503e-9
3.002608735918287e-11
1.2984316136995614e-12
5.098835169094425e-10
7.0013107513319735e-15
9.448244084314894e-16
7.780393179771323e-16
5.835124609817155e-14
4.340188799493218e-15
4.841803038571398e-12
3.557802350024752e-11
2.754083596008883e-11
8.00738251248003e-12
2.2278424261022236e-11
8.209709395305333e-10
1.7400945894705735e-10
2.937644231151238e-9
2.397750236295032e-14
4.6354325183255e-11
1.0911602823787684e-13
7.718631459504091e-13
4.4737293145115377e-14
5.16581221091912e-13
1.918417560118123e-9
6.788689872614431e-14
4.2523567331940954e-10
9.524589136202886e-17
3.007244857029948e-10
1.0164443682584509e-11
1.2981418430413275e-14
6.189236225044818e-16
2.6018393901190102e-14
8.544191935574214e-14
2.228838259267667e-10
3.057652116336165e-6
5.143218062540559e-15
2.8235258129212346e-11
2.0040907421693355e-10
3.414317925519083e-11
2.6663991942800084e-8
4.152359042646635e-11
1.6422810154913842e-11
1.30004895851633e-16
6.931416004735815e-15
1.3604844910168926e-9
1.568050329711959e-14
2.4537224988831293e-10
1.2453384291498532e-7
8.049859499332117e-10
1.0873485201302263e-9
4.5565030961084167e-10
2.7897371110019543e-15
2.8828541409379954e-10
9.12691043616636e-11
4.1911704865937646e-9
2.825511288521057e-13
2.9205980087153017e-12
3.01186107442494e-8
5.340365695236936e-15
4.839236091284475e-9
7.627341967750165e-10
1.3527804796349655e-11
1.802688773713124e-14
6.088314740276955e-12
4.012044861341695e-16
7.128385578348097e-8
4.706060462340674e-10
1.2923958272810477e-14
7.082535749068786e-13
1.4061972711563499e-14
2.9469309451446836e-12
1.7769335525075656e-9
7.418941468309966e-12
2.3758053380844366e-11
2.495539052661984e-10
1.4988302044074104e-14
1.2926629593238782e-15
5.240704398870368e-8
4.3674274806881335e-8
6.791579410583454e-17
2.228228961224373e-9
3.488887518221467e-16
4.996042871061868e-12
2.1632043561549765e-8
2.6222811664719454e-9
3.264245197465017e-13
1.2413523742919321e-10
4.878817357694723e-13
1.1008104714253127e-9
3.5852545177591e-13
7.37869620110761e-11
8.34465350953332e-12
9.097149105170198e-15
1.3947698660256515e-11
2.680616501499846e-10
2.2875525819455013e-12
1.0594011949043674e-14
9.258924379870612e-15
4.554406599326844e-10
9.777805164873992e-15
8.112248251046936e-15
4.773302364804105e-10
1.7930372783980698e-16
1.5894365504497782e-12
7.456744262941115e-11
3.2846226989913345e-14
6.802881374392694e-11
4.972722331497536e-13
5.893551748588072e-12
1.1540983446676798e-15
2.0369381120686734e-13
1.690981104062259e-14
2.6304675707354386e-16
5.666877867417556e-15
1.3283660058443705e-10
2.2572717649435922e-8
2.4718614884304666e-11
7.473995774401047e-14
1.4545528825976638e-11
5.212648915875264e-14
3.3883890648469704e-15
3.808317750955376e-12
8.624145451105561e-16
9.377575718150427e-15
2.030202695458376e-13
6.851981161757487e-11
1.937129092686379e-12
8.097771297514551e-9
5.3979245475964424e-11
6.966238140387968e-14
1.9509274697572797e-10
1.6847567530411333e-13
8.60513792489816e-15
9.517878707545223e-17
1.8930502792380638e-14
1.953157672068374e-11
3.3721554336703265e-12
1.664053931779711e-11
1.8403065499045225e-13
1.1844817407728815e-10
4.0789997249410394e-14
2.461851450301775e-12
2.79835408589804e-15
3.023209000352816e-9
9.179479079501798e-12
4.979056856111531e-15
2.309971299437376e-15
5.228675220308226e-17
3.899671383637369e-7
2.9098375510724647e-15
4.7659430284791485e-15
2.756674291803104e-13
4.890403128453062e-10
1.3472266387041501e-11
5.05070631783143e-15
1.3786157951131338e-11
9.604531316698624e-10
5.442207524147568e-14
8.213851237366508e-12
2.2144652340610798e-9
1.5141033614391233e-16
1.788541766924979e-14
5.414072951413012e-16
6.560021392133298e-10
1.7479308342130838e-13
1.62122025455884e-14
5.737354929107244e-14
1.1749745591757704e-13
1.0020283628366943e-11
3.6097678833670294e-14
2.892044038064696e-16
1.0515395151265407e-9
2.4565682102418044e-13
8.721608373982095e-13
7.294730760715187e-12
6.79650449832324e-10
3.776807537645793e-9
4.511558583041937e-10
1.5474433571717654e-14
1.865552667799924e-12
3.015751237405222e-11
3.931294405671856e-10
9.008759563641068e-11
3.2069560418665615e-13
6.833761917108995e-6
1.3565047152748287e-16
8.18597297714336e-11
2.386546542184663e-12
1.674331812982353e-14
2.905099311165769e-14
5.464498341464035e-12
3.9066592079419746e-13
4.956892579818493e-9
2.0002751678727296e-12
6.470250904183286e-16
2.0948894412881136e-13
7.403628441926923e-12
4.580452523042108e-8
2.71525076309053e-6
3.4660987411465307e-9
3.1312484213624765e-8
3.0140920425006417e-9
5.454205593082723e-13
6.38645021150907e-14
2.817739885109e-10
8.727497699397372e-13
3.097056725766263e-13
3.4532217817630696e-15
1.7541809972874662e-16
6.687601460728905e-13
3.684601872815706e-11
1.7719367609145535e-13
2.1329011412989137e-11
6.31979304289021e-14
3.6989030532771626e-13
2.1425128301321856e-13
2.2194301203074632e-9
1.8765008511251453e-16
2.5766166588140636e-11
7.079343641930054e-12
2.4917618201119562e-8
4.2438519043310983e-14
1.6041587662256993e-13
3.371103264195514e-11
5.15248027243443e-15
9.596058075117659e-14
3.2184260014606933e-12
1.237685362807724e-16
1.2994542470567623e-5
4.2597835735233773e-16
6.177780907825026e-17
8.410487894214324e-14
1.4609868837659178e-11
3.337305910816475e-12
1.2953779801534288e-15
6.589167831499797e-11
2.9073058548870197e-7
9.89449309935039e-13
3.6505405430921624e-13
3.646647172936153e-15
6.879936945639213e-16
3.253182687666765e-14
8.555427448661592e-15
3.4637175565911047e-15
7.997048039832331e-15
7.399639678345265e-15
4.23507361307309e-9
6.4168181302123735e-15
4.943370484382257e-11
4.98548264956916e-13
4.804352435046919e-13
7.92159127772914e-14
1.2278334279232358e-15
2.1793345496707054e-10
9.30564217438395e-12
2.4380988881839625e-12
6.137781458831413e-10
6.398269076765403e-16
4.508608948174998e-11
3.147820264727315e-11
5.871137773814238e-9
1.0512819238433407e-10
1.1368172731513485e-9
2.42910499252255e-17
2.75014489558232e-13
1.9070555339800925e-7
4.557022410604445e-14
9.546668910548902e-14
4.747909236778232e-16
2.173286270671649e-12
9.435510839091738e-13
4.664773420008761e-14
5.361618719109948e-15
9.81728321119311e-9
1.189736997631785e-7
1.620845192492241e-15
1.0033182433427786e-14
8.391826571083548e-11
7.640773499794928e-15
2.401550061531362e-17
9.265472848594403e-16
9.27842747996022e-16
2.7296767847358666e-8
9.992847377693153e-10
1.5352940940380783e-14
2.4357100093492098e-14
1.1355211590162743e-11
2.3138243215177763e-11
3.692410631811996e-11
4.5729574275518374e-8
6.967309956604469e-14
2.950380325653229e-16
9.616482439231957e-9
1.3587424722808386e-11
1.4758834551554476e-16
5.071127988483603e-12
1.0178097573510978e-14
5.767105075485826e-15
3.7351130899719424e-16
1.3138224205710017e-14
4.332009504871794e-12
3.819853747411291e-11
8.244154660326579e-12
2.1469642688575972e-10
1.7298339211619362e-9
7.443962206749558e-15
6.206390269980393e-9
8.662007079460674e-15
5.814532729510766e-17
5.915608620418937e-13
7.261200808913999e-13
4.7366330679672175e-9
1.9692505514424854e-11
2.3235892749073063e-10
2.247719864727874e-12
5.966621013671332e-11
1.7013400395738526e-12
7.050278650746276e-8
5.737056313864021e-17
8.89208522507757e-15
1.676319973258242e-15
7.676096346880856e-10
1.0305577864902111e-16
5.849605317450129e-16
2.9176064607246217e-10
3.6697510674381257e-16
8.511208977008529e-15
3.7010941659606687e-10
2.5487412461154622e-11
7.752966681456346e-10
3.109881944954222e-9
3.2778612446129875e-11
1.3813517953458151e-6
3.608834081074234e-14
2.822992703728336e-8
3.8639105366190295e-10
2.911693288320707e-17
6.440828272315575e-12
8.92285646914556e-12
1.052781343406488e-10
9.63115483350769e-11
9.745541165017709e-11
5.517550691626795e-15
1.468311690709261e-11
1.2366675826859237e-10
5.5418937741240316e-11
2.773259686167867e-11
1.9420220344174733e-12
6.855013370471737e-10
5.038651452926151e-15
1.1758244592725228e-10
5.3592042405331304e-11
4.965971049153371e-14
9.747722177185568e-9
2.659072781073386e-14
7.62493644073623e-15
5.4771507493416905e-14
4.461144959973356e-9
8.237386591367208e-10
3.659819344165777e-12
2.5932261118709234e-14
2.0150199993332996e-13
6.023409403123895e-10
4.2054155784596797e-10
6.670180531372523e-13
1.4129522034432985e-14
2.8833427840759416e-9
1.2235063687291252e-13
3.273647179500995e-13
2.9625862810797658e-15
1.348313369196932e-12
5.350501918560169e-12
1.6389578384673397e-12
3.3958084980081915e-13
1.099241117157497e-9
6.262197761513513e-15
1.9263555589874043e-11
9.01647657941655e-16
1.8092279135625542e-15
5.455102482695373e-13
1.6451580049151743e-13
4.4022464224749914e-14
1.7799107910245058e-12
6.882001254617219e-14
5.0729906539463945e-15
1.9303506192322638e-15
8.62452209677388e-13
1.3945771984413794e-16
7.882758103709838e-15
6.707079480463623e-9
9.899487785179283e-12
3.430698973998106e-11
4.403783040846221e-15
1.0215565072927031e-5
2.857048111338099e-15
1.501996102502792e-15
2.052827567239362e-9
3.8513347162200384e-11
2.5215864192118864e-12
4.978348740148774e-15
4.2905619475035216e-10
3.209000105108098e-14
6.696617737129189e-12
2.6402299613961386e-15
1.0056000752277044e-11
3.500923217689368e-11
2.872820193123205e-12
2.1135650751971818e-16
4.169208621153047e-10
6.0583017664457045e-9
1.7667171148810165e-17
7.671587653980165e-13
5.275936728532846e-8
1.435647278958598e-9
1.0702049429830521e-14
5.329748641876437e-13
3.5868410942872694e-16
4.99790724877464e-17
2.5608027571233757e-13
8.461900500131093e-16
8.83926125107451e-17
1.9185315882749503e-12
1.0684814439544413e-10
6.905393849077015e-13
3.250190588148819e-15
3.433010246724785e-16
5.053541444040335e-13
8.70597298034751e-14
9.927414750666316e-9
1.082249870770566e-12
8.381578601675056e-14
3.936559628255884e-12
3.2390232212447093e-18
2.0925513085971921e-16
4.490971097874523e-8
1.4348377049867589e-15
9.52844242405188e-17
1.0022452440332735e-14
2.479483190030405e-12
2.4321113185675877e-13
1.117053771086551e-12
7.251744124417516e-12
2.6923455604355206e-14
2.328209252178033e-13
3.88582070988655e-12
4.463362584300182e-10
1.6852600553922033e-12
0.0026745916329140957
4.106703593867385e-16
6.40336844192476e-12
6.655397389633474e-17
1.0501211668975283e-12
2.4738731108505793e-9
3.713528900164355e-12
1.3957044605727667e-12
8.406489202049603e-11
3.0189167853685353e-12
1.0595168216111484e-13
6.932225393388804e-11
5.560634617415092e-17
2.804485591829955e-15
6.4388640137826984e-12
7.231115971039797e-17
4.714951519906521e-12
1.0569957931804066e-17
7.81919915422703e-12
3.4007515051312535e-13
5.92318972615539e-14
5.06376206278545e-6
4.3875439655376034e-14
4.00132568919231e-10
9.446340437300833e-15
2.5439442477985433e-17
1.574507921397402e-12
1.7704439913845195e-14
1.2992805488263267e-9
2.2736592396968992e-11
1.6457377707114677e-9
6.121322238582325e-15
2.450696074795429e-14
5.071937846965175e-12
1.6796038101988984e-16
1.3248866670359952e-14
2.2788505791449763e-17
1.085636291297022e-16
3.0108552765565607e-11
1.8183097439110173e-14
3.07983442916824e-16
3.391163937034761e-14
6.082146531898987e-14
1.0693627754718945e-10
4.875869447254471e-15
5.404641282979521e-10
2.870482682228588e-8
6.028878828549078e-9
6.617470443087298e-7
4.703809374306122e-11
2.034651120167071e-15
1.4438964841707139e-11
4.7432782708651536e-15
4.1726537542414e-17
4.329485759970149e-6
1.337365947272612e-13
9.0899905667823e-15
5.1407742140970644e-15
6.94391394195604e-13
1.0161222043773022e-9
6.251920875708533e-15
1.6547156673010966e-16
1.0085298158572275e-9
1.3479476698869004e-16
4.135100207942983e-12
2.235144261450577e-15
5.174450979877954e-11
3.5893797247004884e-12
2.363197620270166e-15
8.79251788883247e-16
2.7563074606535513e-17
3.762748697622474e-16
1.6402582933992734e-9
1.068455073050935e-12
4.16116327718729e-15
2.5942640628233256e-16
2.059025327192937e-15
4.82231813988934e-16
9.779751439432829e-9
3.1141346257858405e-10
4.485693881888776e-16
1.9901013062422288e-10
8.091962231766629e-14
5.515010904345035e-12
2.5418823733499086e-15
5.891041237646889e-9
1.1214172410926061e-10
4.286503796909274e-12
7.006663514477143e-13
1.8490320774500422e-15
2.3112253506061617e-7
4.618419423808255e-17
3.146219506961862e-15
1.3266322473967795e-15
2.1127362240398394e-17
8.839540834306803e-16
6.089188622372416e-8
2.391392406770426e-13
7.021043783869102e-6
8.564190795921973e-16
6.131733552308395e-14
2.9242661077434055e-13
5.5064145179592165e-11
1.1142661129113016e-15
2.417566682830573e-12
7.989972654041591e-16
4.5832555007172645e-14
2.6803512720458623e-9
1.6235188586798864e-14
9.325970930280102e-9
9.340108327086913e-12
7.930013159706731e-15
2.0936605930441994e-11
5.56726823401396e-12
3.544065874492089e-11
2.798942320801941e-8
2.932842737190404e-16
2.8626967942809496e-9
9.095606597708152e-9
8.285383950698592e-13
5.143852932982199e-14
5.021084726286858e-14
1.3257859012438344e-14
2.5865063231806917e-13
1.7791986690270966e-13
9.277392673174892e-9
1.3408745342202502e-13
3.223687198969305e-15
1.3871137290596485e-15
1.8957851819487801e-13
5.038775917129748e-9
7.051631653166457e-8
3.7458633441452587e-13
1.9273689680825257e-14
4.570759716148945e-13
2.5046322200877354e-15
1.325758682507352e-10
9.439478091126255e-17
5.694548656304412e-13
5.6689251152830784e-12
8.541582460870485e-16
7.290711971268843e-8
1.0726677676483772e-13
3.003048328767196e-12
1.904751351682202e-11
3.6080161375377196e-13
3.0960689952023894e-10
3.869758306710261e-12
3.367832488005508e-11
1.6323350865092443e-15
1.3233619958866075e-16
2.1638598339847886e-11
2.0086046428434543e-14
5.023861972825995e-10
3.4453681724472174e-11
5.396321217635372e-7
3.781311628949333e-14
2.9879182959425465e-15
4.954402091610127e-15
1.2788088363430624e-14
2.566503647629006e-10
4.910822707542443e-10
1.5495620837786226e-12
9.535974607899742e-10
1.8864932136840703e-16
5.953049575968722e-15
4.7531876574902965e-15
1.0184368167263473e-14
2.894345108683336e-15
2.0475810279499747e-14
3.7651678422263416e-8
1.8824051594003674e-14
7.880648760082856e-17
2.2923369315464944e-14
5.031003552937114e-13
9.061648790407581e-14
1.5196388216909763e-10
1.9262290203172463e-15
3.0952020307018846e-15
7.488844426270147e-14
1.380886972348603e-11
6.04574791721638e-15
4.259885271245451e-13
5.413314673157892e-12
1.0454717666649962e-14
6.886091711836272e-13
7.286374936694844e-15
5.1674774552000235e-12
2.383138613844272e-10
1.0160853713995935e-11
4.0855045554300577e-16
1.2852936762141331e-11
4.026046591383522e-14
2.2574603840704807e-12
1.5922899491490925e-14
1.5224913700617698e-16
5.0244664055233115e-11
2.9201737524832643e-15
1.4774640563001179e-8
5.568955830004809e-13
3.244159381038155e-8
1.157983030895456e-12
6.994970958432863e-15
9.75725482141563e-16
1.6196764611652074e-16
9.32456461044743e-10
8.486251968163257e-10
1.440789552824956e-9
9.680158795240363e-18
1.8204704847215587e-14
8.416088137707076e-12
5.357681887592985e-13
2.6816727087149154e-12
3.932732548810063e-7
8.672855035891303e-17
4.8735858357736265e-9
2.8522561892975058e-15
1.9512266113066297e-8
1.8367878719432713e-16
8.129235085721063e-15
6.388866600466342e-14
2.7385081825433033e-14
1.6833753523084367e-8
1.3443901907658647e-10
9.41580986193511e-15
1.1940153477335869e-7
2.668163110512951e-11
1.1613807835064306e-16
7.003345617485394e-14
5.890749870113341e-12
1.4624642355118328e-13
1.558026099142593e-17
9.752438266444695e-15
2.3719563179096818e-15
0.0024048175498134787
1.1188140981591657e-13
1.5694599402370186e-10
3.4671510316173304e-17
1.422335246224452e-11
7.270655979714169e-11
1.4424382002682505e-16
8.819624609720542e-12
7.878207065974232e-11
5.751890889123957e-10
1.994654713313916e-14
4.063077631818083e-12
3.392872859417695e-14
5.85365154174802e-11
2.407348341800333e-17
3.995056999607874e-10
2.7203774875412083e-12
3.2545503984174262e-15
4.030665205465671e-13
7.519146462065633e-12
1.6432416827149556e-14
9.381481424423492e-8
2.7026017933896537e-16
2.798382918716865e-17
3.286730301165293e-16
7.475374119418063e-15
9.97242054097611e-12
4.437624560708886e-12
2.83768131849725e-12
2.760533624226629e-16
7.283861417448798e-7
8.75867262786729e-9
2.8810796964182727e-18
3.048314189496779e-14
1.2268997848615377e-16
1.0253871285845135e-14
7.81404847599589e-12
2.321611306261024e-16
7.626405934614652e-12
2.311043134845922e-13
8.326332510877292e-13
9.306003097273475e-17
5.00015346194043e-17
2.282326354429602e-15
9.065098493000236e-11
7.984185756618076e-16
5.750763719595099e-9
6.973448832990445e-14
1.3330904040258486e-13
3.6371870716507866e-16
5.7918121340483244e-6
8.661556489183065e-17
5.730887467810181e-13
2.016185938727981e-6
9.177046785721483e-18
4.07113358461874e-9
2.148157796786568e-13
9.950749444511122e-12
7.98660302272032e-12
4.976893115689054e-13
0.0001713980885253116
2.246340505773363e-15
2.69777432801608e-14
5.764935369388004e-18
1.331672592162417e-15
1.5338180350508067e-10
4.7498997619236186e-15
2.5890564137940582e-15
4.3586238757047094e-14
2.7767895309916776e-12
2.329823006649292e-14
1.763357053831096e-13
7.105305913084959e-11
7.600755869982557e-8
6.818228064318958e-18
2.793878365355662e-13
1.2564666457106914e-15
1.2971326631282734e-13
2.5983362637580673e-13
2.935471862835948e-14
1.8967810100426914e-17
1.1881237782932359e-16
5.829290106751092e-15
1.4239537465236183e-14
4.103107130788515e-13
3.6835687340860855e-9
3.909571028043601e-18
7.42279306778038e-14
2.5771924799661336e-12
8.42416816034548e-17
3.6606559012860694e-15
8.746353251904822e-17
2.2733574686359813e-13
3.838923836248423e-10
1.182170037334307e-8
1.3243363383861256e-12
4.688248831745508e-15
6.552978962056522e-13
5.150391767590434e-15
5.623928962221498e-15
3.281143090289514e-12
1.1449803754175307e-15
7.48304680416029e-14
4.326991313463531e-12
3.2471018793606993e-13
6.731118467987917e-13
2.077995176112962e-18
1.2983753366621666e-11
2.6039374184659224e-10
6.025821651530538e-15
5.659312605645635e-18
6.2158497299758e-17
2.3888149361497094e-11
1.7183089378053254e-14
1.324466897516029e-15
3.075793421159524e-16
8.90956597150419e-12
1.3526037997955104e-13
6.510102459855298e-17
1.383200672603739e-11
9.03755556692233e-15
7.363940520314996e-17
3.5747239210735984e-12
9.361184233165507e-11
6.411820198354741e-11
6.3372507350214065e-9
4.118185993429308e-11
1.9332775810353967e-10
7.644862386333871e-15
3.4524706815107165e-13
2.5174935219179226e-8
2.3879105845583607e-17
1.6503266411852952e-13
1.3373263211033587e-11
9.327820417933587e-14
5.125858123525626e-16
2.022440767197073e-15
3.760734264879703e-10
4.493247600924096e-15
4.822770585073859e-13
1.0909101804650276e-15
2.8546351512503334e-15
2.9353320388771787e-13
2.601392273093489e-11
5.545683978939927e-16
1.7162268196905718e-13
1.5793830928199968e-13
1.0508552904696054e-14
1.254410217125825e-12
7.668515243629175e-16
2.5292458880298003e-15
2.336020923410297e-18
5.6949662744396516e-12
7.176373034896682e-17
2.0802545788204787e-14
3.104101179169935e-16
9.98683270117796e-17
1.3635952086249458e-12
1.8295168796275097e-14
7.853227299332206e-15
1.4347783011956465e-10
3.141925871261045e-14
2.562777642802585e-15
7.992010635755435e-12
3.3855011255029386e-7
7.825138280951706e-10
1.0420691089429666e-15
1.0912952348144233e-7
3.849454610460408e-17
1.2488034661342705e-9
7.473365802030092e-13
2.666878170807752e-13
4.755592201388343e-6
0.00013481556973415497
7.89471442456491e-12
2.9489449776021887e-18
3.5539004042675603e-13
3.1752077543638487e-10
7.492327737612563e-11
1.0669907014666375e-14
8.107990399930247e-7
4.8256737980311636e-15
9.536242212876571e-17
1.3269179400443635e-17
2.0164491227232043e-15
2.6521032291691433e-14
1.0215451427405843e-16
9.159010668914239e-13
7.572370350526582e-16
2.0511170537940965e-10
2.8482428769122805e-16
3.4512469907594857e-16
1.2190961026389678e-11
4.49432059868435e-15
1.1527108167874256e-14
9.750771632425669e-14
3.4865358224767715e-10
2.255533657587417e-15
2.9766119410603946e-13
6.845271469463706e-17
1.0221786652710337e-15
2.143192314785001e-13
1.926865963002878e-14
1.903924396196303e-8
3.73065386467566e-13
9.804692099110197e-16
1.193242988143261e-9
7.446476769055952e-16
7.607915216133816e-14
4.47835214324744e-11
1.3664465855531834e-9
2.4770902047571943e-16
3.5195979288765952e-15
3.1272140156495465e-14
6.341928717736704e-9
5.4886345262679374e-14
2.456611684591385e-11
4.5826228180945434e-14
3.13457899290155e-15
4.412677602403421e-15
2.2242783728112202e-11
2.1484899978475036e-11
4.635093770484661e-13
1.4006867931460427e-8
6.321720561826394e-13
9.758835099684115e-11
2.237282749704363e-12
4.071820207340051e-15
2.120495195078339e-16
3.2900123473098606e-8
1.1086492411585274e-8
1.8163930006842524e-17
1.7604597054590308e-10
1.2150396421763109e-8
8.680571275810649e-15
2.3172873325450025e-16
4.859362998485046e-16
4.507263906484448e-11
3.1060141610171002e-12
2.627512371163553e-17
4.517707124071516e-16
5.312529343859885e-13
3.344931358031787e-16
1.579041649569086e-13
9.13056772935118e-18
1.2578642561387101e-9
8.863410509938026e-16
6.180010225416272e-12
5.665746757086576e-13
1.431475488481147e-17
7.891658097615149e-15
2.2136130525013618e-16
2.279122845070482e-14
1.2194290247059984e-14
9.241002091754207e-17
3.6050955047989716e-15
3.6845879867766546e-11
2.503859878981264e-14
3.558801438639921e-8
1.173797806069589e-16
3.6685498160920325e-18
2.648606238891797e-14
2.9178200744610937e-9
7.81255489925266e-16
3.921493139936476e-11
6.61219593779936e-14
3.439677146161949e-14
1.0034427907789569e-16
4.052756311701931e-15
5.538146051092197e-10
8.16197056038525e-14
1.2421283294479336e-13
6.483404946673801e-10
9.139575502431555e-16
2.2845691082889254e-8
4.844215094298117e-16
2.0090173422224465e-15
1.590399590927733e-8
3.405808724482229e-14
1.538550433966276e-13
7.618991208385734e-12
9.772073261448788e-11
7.568588193258903e-12
6.630611832502418e-12
2.5116087090858666e-14
8.739148864913876e-11
1.4593727262341862e-14
5.918999543501784e-10
1.672930693937502e-11
7.958484901644243e-12
9.502485313283127e-16
1.1383790247311177e-6
3.0339646945270807e-15
1.8714865031042197e-9
6.565838579769532e-10
4.0241021834814445e-14
3.653294221171014e-14
8.588550339215483e-8
4.2362191488398737e-16
8.204335489174532e-15
3.2506398787602385e-14
1.946411765014104e-10
1.011705232380167e-14
5.2706509063093634e-17
9.521360029649795e-18
1.3856601846742543e-11
3.9019131160191614e-13
9.750548465478173e-12
3.050397400495406e-13
7.086777951450947e-12
5.622353166427174e-11
1.0763793877858201e-12
2.299303787439013e-13
1.2165986229851257e-12
5.698103389567174e-15
5.57591593931531e-11
2.5631035890605246e-15
3.9283541666411375e-17
2.3719070705469545e-16
3.0751731377685374e-13
2.9431528300741404e-8
1.5908554392882267e-12
1.1883148239361299e-8
2.8240688378180524e-14
1.4704409032271605e-15
1.2385064352729588e-15
4.062994395098581e-15
1.0234078099415728e-10
2.4749574665285233e-5
4.0684160767824247e-10
1.067880205821095e-14
4.372295767398174e-17
2.7562684826671e-14
1.8752197373041358e-8
2.767697848233067e-13
4.065264635225347e-10
3.689501940139194e-15
1.3583976207885543e-13
6.392671212410081e-7
3.1303079837868378e-15
4.585293932046739e-13
1.4903969929630717e-11
1.4837182160951851e-10
6.206851502683731e-15
1.8966973644544206e-15
9.677700309258677e-17
1.2063208222228111e-15
3.125536327998608e-10
3.029107864107891e-10
2.1519675540812355e-13
3.3266821324298946e-15
3.794552111212637e-8
1.7900063112299398e-13
1.1030289247557579e-14
2.8952785832225163e-18
3.63242410449431e-14
3.059085664879616e-10
5.1148729780384205e-15
4.2193965570199896e-14
2.1189164946000933e-16
1.4976241103989062e-15
4.318360248481618e-13
1.0445098082973812e-10
3.40958559871593e-13
8.26972072780681e-13
3.0892522478386496e-9
7.279272100577627e-9
1.331912239678726e-14
6.786079050113609e-17
7.242082837756274e-17
3.529645795141853e-10
5.7470937686846196e-15
1.1059495455657596e-16
1.0118559784072246e-14
5.69387951112796e-10
6.739382340084182e-18
1.0702078414792037e-11
4.6388584960961906e-14
4.0700840404565094e-17
4.822199473841046e-17
1.6862067584986644e-15
4.8880438094290136e-15
8.394127627561497e-14
5.414908856949577e-11
7.445005223476445e-12
1.2649456001008332e-15
7.116592565227212e-17
5.694355857249876e-10
1.9427696109047317e-14
1.0762068703930548e-13
3.822692873023643e-14
2.6080406933447345e-12
9.686509195650836e-15
2.7323725191229054e-12
5.5220670222952716e-17
6.343423281534742e-6
1.7155890575694166e-9
1.469477567441276e-15
4.0156561662599447e-8
6.677577981513393e-11
3.2257477602656927e-10
2.928578542979861e-8
1.677601302519624e-11
9.40407377526973e-15
5.012571321224506e-7
3.937952666460942e-17
2.0469312298596455e-13
4.729418209260708e-11
8.83602634060684e-14
2.1984101823082576e-11
4.081146831197342e-15
3.004376001928147e-16
1.41779042679025e-16
2.4741381593610098e-17
2.0547335730920477e-16
2.5276980556927176e-17
1.153005597781093e-14
1.208072564706997e-12
5.84942269728271e-11
2.4029356889290846e-15
1.6437431649055941e-12
2.686927494617355e-14
1.1006194089127197e-8
6.470347191327416e-16
1.502786888756195e-11
5.094023106965405e-11
6.60372989695156e-12
2.3270062881081366e-11
5.278972614005436e-8
1.9982688226972256e-17
1.8935847351547432e-17
4.10331046081243e-8
9.760936360849624e-12
4.604521661284196e-12
4.9729102309316353e-14
6.340229535992238e-11
2.80783493821222e-14
2.024887191128866e-15
4.5028086493723836e-15
1.8058131886904486e-16
1.5157239766810874e-15
4.975177802485146e-16
1.7932583971286605e-15
1.136098526887578e-12
6.70301397770637e-16
8.217255027549317e-13
3.307914627626714e-10
2.3347544792673854e-10
3.866605095054462e-12
1.3801204227030488e-13
5.558996746899046e-11
1.1663784239185985e-14
1.246215935412161e-10
6.177685671467362e-10
2.6357313352048962e-14
3.922150047720715e-14
4.725341622944621e-15
3.0619682835414354e-12
7.279840261182138e-17
6.721257554606756e-14
4.927351663356362e-16
2.714401724098001e-17
2.9193928682208225e-12
2.186151848412587e-12
1.466426562345721e-16
1.1047243670685334e-8
1.9154786779541983e-17
2.9951598917012494e-11
3.7594699869740956e-15
3.3300355478835115e-12
2.3795073922501564e-8
6.674463255517719e-7
3.261469503186839e-15
3.1994140984411086e-12
2.472225249011875e-13
9.357400805250157e-12
1.2985621160184364e-16
1.139437537643717e-10
7.416829770375367e-10
5.95518067251437e-14
5.415245772029909e-16
2.2346837699144446e-10
2.263891778276731e-16
5.989919254862484e-13
1.0196813838226261e-17
8.272172333305682e-12
1.7091257231414414e-14
4.027159339752835e-14
5.041065217248502e-16
2.1037698615208106e-13
1.0596973027314816e-18
9.338717249023813e-14
3.538893066739863e-16
1.5832460756873213e-15
7.941903856320459e-18
1.6551781112301782e-14
9.41639824956094e-17
4.901410603218092e-15
1.8942623952699544e-14
1.5041002390496784e-12
5.3556224747237195e-14
1.3445513611881874e-13
3.055615606297533e-11
5.43964040470506e-16
1.315625683837906e-15
4.402346254679415e-15
4.012783289985026e-16
9.071252845235515e-17
6.640589103553124e-17
9.16379006938493e-16
1.0559003911439485e-13
9.37504074777632e-16
1.6983308472868894e-8
1.1308851642698674e-15
1.2431088780127616e-14
4.7505862397205934e-11
7.626572996225022e-12
4.0627553625553323e-13
7.628242705944205e-14
1.9104758214582413e-11
8.682593833645525e-16
6.581787600171847e-13
7.058625942337371e-9
1.0380988213006941e-12
3.456444397097806e-13
5.131148938113779e-13
1.7896065966357434e-15
2.2909957900030737e-15
2.604587468951553e-14
3.72120838942598e-11
8.991255295312995e-12
2.8466280739021106e-17
4.128641542089978e-13
6.729503972253037e-13
4.192931856896878e-11
6.987857621157986e-16
6.68198767471476e-12
2.136678863766847e-15
1.500206788355053e-11
2.837299548499443e-13
4.032233864134989e-16
1.6677445185137012e-15
1.7349329892963694e-8
5.757065600094202e-12
2.3156158785270968e-15
2.5479627912170906e-9
6.293709768997967e-17
2.334655378076611e-15
6.243985705579064e-11
3.9832166720056133e-13
4.978650617956252e-13
7.669959338670329e-12
1.2884212660192618e-16
9.609521331287485e-16
7.876179364143548e-14
3.90923574627942e-17
2.5081434656836303e-13
9.632521630329767e-16
5.1569431140329145e-8
1.5231834968083711e-15
2.1268518582532377e-7
5.809383462973068e-14
2.0718886811352916e-9
1.4541233254294654e-14
6.939027981313989e-14
1.0669237980113114e-13
2.0744061977171028e-17
1.450415940127402e-9
1.8607483502078943e-11
5.07166325181295e-16
1.5216484381911258e-10
1.9170227966747354e-12
1.5172438926025482e-10
1.5891466630227868e-15
4.3807718901946416e-16
5.087463465936415e-13
1.493749748809901e-17
3.484830429634541e-13
8.67850684967038e-14
3.430361133856393e-14
6.507983017641977e-13
1.63664570081567e-7
7.850806542472547e-16
2.145974390511616e-12
2.302259683206871e-17
2.972750791005974e-12
2.0014522187443974e-16
1.6554500736645912e-14
3.8908955778805506e-13
2.9856834873346206e-9
1.0053810566780053e-9
9.589089240340496e-11
6.829427071419139e-15
4.553267727478316e-17
1.2204788544166155e-13
5.4590557925324786e-15
8.40794459314306e-14
7.897802090984005e-17
3.741386208040348e-16
8.464153862689407e-16
9.487245125958223e-13
5.994573209234886e-14
2.7620995387469995e-13
4.45249853143386e-9
1.0816327559241042e-10
1.751704632497567e-14
1.757815218106873e-14
4.600076449944961e-16
4.765701253612586e-9
2.1248506455168775e-9
5.763929301499613e-7
3.6018675402146537e-5
1.9019067578625323e-13
1.014975791113843e-14
3.639392543210257e-13
6.428825995261229e-16
1.005599600788055e-15
7.558014212048422e-11
9.338266909218653e-17
4.557736704730649e-15
1.029180828295144e-12
3.916117155903367e-9
4.438006881282105e-12
5.380563647309097e-12
1.6864503789701768e-17
3.570737695829914e-16
1.1783825470448813e-11
1.4144912998552933e-15
1.512570886284057e-13
