1.1171311492022652e-6
1.6266019646571861e-6
1.3101572647455351e-9
6.619361759856735e-7
2.859766670783954e-10
2.6836372140155236e-10
5.52063651609235e-10
5.69865199771561e-8
1.59026222613835e-7
8.968826819472057e-10
9.601954504820406e-10
0.00013316864602600767
3.598960938182129e-5
1.3787620315269951e-9
8.212018204777571e-8
1.2649697218587958e-6
1.5161678844268386e-9
3.984933949012749e-9
5.24519232479476e-9
9.963675561842798e-10
1.708178750613229e-6
6.125693216368784e-7
6.950121370706201e-8
4.887883489153758e-7
2.473898199728237e-8
2.552594713579426e-6
1.309083528359759e-9
1.6107874273648578e-10
2.3713518624852463e-7
1.7357968258394674e-7
4.199720167188195e-5
4.601306331688852e-8
3.202075086779805e-9
1.2029323311719922e-9
5.911566012925701e-9
1.5674436131123958e-11
1.2917042456867268e-10
1.4681631299433843e-8
5.240124350811712e-10
4.912235349889552e-8
4.460648325219028e-8
2.2489043628213095e-6
1.683529025969439e-9
3.760300011055582e-8
3.4095228857412448e-9
8.087620348504811e-9
1.0321204474102091e-8
3.2551555678005864e-9
1.8356682769677034e-5
7.339559083874251e-10
8.84396671258269e-6
1.377736132391285e-7
1.4896405042356362e-10
1.899568945931866e-6
4.273152989300438e-8
3.677776212733823e-9
2.5246066038381586e-10
3.390738181382262e-11
9.981701689351681e-6
2.467213859007035e-11
6.783177717299294e-7
1.5581790925323437e-5
1.9036188726251008e-8
3.58722162621484e-12
2.4602529505241256e-7
7.208055872510375e-8
1.2154951876844232e-5
0.0002286492332664181
1.5249663982420616e-5
1.0109526234540252e-6
3.3019092134248484e-8
2.035968738133186e-8
1.5562220459923781e-6
1.894017183274157e-5
4.3034034419235004e-9
1.8633078845703846e-6
5.2156397027413485e-6
1.671594139784687e-7
8.532229082979378e-9
2.069586810546943e-8
5.157843470361883e-7
1.9033912127665414e-10
1.5185813845534335e-6
9.28149048517533e-7
8.754353004629171e-7
1.812041931850048e-6
1.033148282153559e-5
1.952552760779785e-7
8.287817111182528e-11
9.820493280702917e-8
2.602757476437783e-9
3.739373883768634e-10
2.670299431229074e-10
2.1157110515206798e-8
0.00010843307812319176
2.134335592864315e-5
9.374548319974981e-8
7.909233541241817e-11
9.254640942154717e-10
4.0755043360113044e-10
7.430301761208643e-7
2.9552830333010345e-10
4.1766764822343956e-7
2.3321375122852465e-9
6.760548096181709e-11
2.011178828604464e-7
3.6742782557884066e-8
2.4194159886006332e-8
8.333384175757468e-7
3.117848997068054e-8
1.0915069151059188e-6
3.8402371696837026e-7
1.8108101307996894e-8
1.761122518063612e-11
8.346242593983352e-8
1.071437936551309e-8
9.563776270459315e-7
7.864929916892856e-10
3.768212146906956e-8
1.4709281241325884e-10
3.0611185287260874e-9
1.536222160318671e-8
1.7718066883346407e-6
3.6489864505580747e-9
3.754177425725156e-8
3.199073793521977e-7
4.2640110580722313e-10
3.2848431921622914e-9
1.78066301995377e-6
5.200553191411908e-9
5.37682867555531e-6
6.953377551215885e-8
1.8695884029936795e-8
6.548976875348991e-5
3.997630493023356e-6
2.1249650988060276e-8
3.436619741367069e-7
4.9055346316326505e-9
3.280531805735884e-7
1.0867780428089877e-8
3.5379731441089225e-10
9.81050307806837e-8
0.0013424831583196113
9.83652552350881e-8
1.1881062575990245e-8
1.1487035641691491e-10
5.251827988484609e-6
7.008044057190759e-8
1.1530903089792138e-7
7.083439153929075e-11
4.789019799530575e-8
7.772337278808215e-7
7.540032091049847e-6
3.640614250936551e-9
1.5862023764903066e-9
0.001041686389442965
3.541155904906562e-5
2.7792890462691355e-10
1.5433210033601151e-10
1.404777690439112e-5
9.336868586889828e-11
3.004510141627371e-7
1.1516446505012092e-9
2.390579904739298e-7
2.1572784206177503e-9
8.362764035062214e-9
8.924287914176898e-7
1.4129472786032127e-9
4.898532921330215e-6
2.724684216693515e-7
3.957919110959246e-10
0.00012377558674021318
1.1900789520581099e-7
6.002710357086195e-9
6.27899264575535e-8
8.632653233811879e-6
1.2311718122353341e-8
1.5373906937474366e-7
8.507076555400433e-7
2.1666314175279407e-8
7.86483932898506e-6
5.896337021132495e-10
2.6865395803604387e-7
5.488455337373175e-5
3.0880533600209966e-8
2.1832767828676522e-7
2.4813391652607082e-6
2.993196376724056e-7
1.5787923594870984e-7
9.103089461862373e-8
9.22930002319581e-9
2.1982822399572478e-7
8.070134130452257e-8
3.618590561480694e-8
1.1540059583508195e-7
9.322909925566293e-9
1.3258084895471005e-6
6.860482693264364e-6
1.349769943896016e-8
4.759638140304404e-10
1.4965809597811607e-5
4.1062615348104254e-7
3.497964502966248e-11
1.5876250809437473e-9
4.3699293399001875e-8
1.4750379161233892e-7
1.2495004835544163e-9
2.2481871299536546e-6
1.9233570305876695e-5
1.251550604506718e-7
3.9902859062057944e-7
3.4461750060498376e-7
6.012823150416632e-5
4.990599160111527e-9
7.392307040549824e-10
1.9366006224948165e-6
6.551942716336236e-7
1.31796482809655e-7
1.247934123261787e-8
8.40161294155221e-9
9.12693973696616e-9
4.3474876324124176e-8
1.0752642092641925e-10
3.3746549739885023e-7
5.524245159814768e-10
3.444346005869999e-10
2.6147697393182715e-5
4.0532006226687154e-7
6.838698984301639e-6
4.798094748422436e-7
1.6990028836609615e-8
1.070519220322637e-9
7.97627905568876e-8
9.330146446992014e-6
2.241200764743424e-10
3.344945306822073e-9
6.297833743452609e-6
0.00010797798607677656
8.8537310412094e-8
8.349253337803651e-12
6.961888666508083e-7
0.0001064368151264951
5.316324984855596e-9
2.1833173349602833e-7
2.3347721056468898e-7
6.522467965189334e-9
2.668809351086784e-10
4.544219233112869e-6
8.594665734950328e-9
2.9840139345439528e-9
2.928814632722223e-6
1.3297349244309649e-8
5.880114646491137e-8
8.924604932894263e-7
2.119112122743854e-9
2.279937101626363e-9
2.896936878400694e-9
2.1399389369791412e-10
5.746649438080933e-9
3.1364999960717596e-10
4.318894968163246e-6
7.499029674443038e-7
1.4635855519096074e-9
6.203277417841557e-10
1.7607183508752662e-10
7.467474609058583e-6
1.1370933741487963e-9
1.2693668310718122e-6
1.886051724967323e-8
3.134673761186459e-9
5.355035774974401e-10
3.84788568401012e-9
4.226729558153454e-9
2.400858476179083e-7
1.2617402877411762e-9
1.638485880599144e-6
1.375663578020496e-9
8.287496359897698e-10
8.34483901355145e-10
0.002041141212181705
8.540791399695771e-11
1.5904631215470467e-6
0.00018959859744640493
5.344498327937295e-8
7.879550406922056e-11
1.3590160829783888e-10
7.33754010161251e-7
2.0233868714058665e-10
8.25816602058826e-11
1.8229184276096771e-7
4.211364423921032e-9
1.7355811967847038e-9
3.2126052217483963e-9
9.462197787056487e-8
1.4650304709788366e-8
8.706734238038067e-9
1.453322748021393e-7
1.0833760075836166e-8
2.146323697549436e-9
1.9881344927322596e-8
1.0938026275165644e-9
1.3256734376820857e-6
5.8199113813037176e-11
1.161487840202845e-8
7.50573859207778e-7
3.872756983754512e-9
6.848613893610312e-10
1.1282211942822687e-9
5.070239710982566e-8
4.893287151037191e-10
2.709809136049797e-9
7.453296301021851e-11
5.399105192505753e-9
2.018761747132809e-7
2.7811984510847e-8
1.3524812929177943e-10
1.3395066076471312e-6
1.6896400111801327e-7
3.174391541582326e-8
7.563590750742653e-8
9.357439784542022e-8
2.686153329105656e-5
1.351703851445028e-10
1.3403217635658402e-5
2.5985116541746437e-5
1.5126937773847367e-6
6.166582315628217e-10
2.4642911012405468e-8
1.2133095916020681e-8
2.3937193970897835e-10
9.865163458563251e-9
2.2024699890120236e-8
8.858609403204929e-8
1.527830131536923e-7
3.5571518912857035e-6
8.486581301249212e-10
8.770295933155315e-8
1.929123655216872e-9
3.126253774651414e-8
5.877463824630054e-12
1.2435614156300815e-9
1.1246439249120305e-8
8.923063978846245e-7
7.135330944400249e-11
7.071455267025984e-10
2.3840238359930618e-7
1.4160545876243587e-7
1.9807580031776192e-8
6.468778308549402e-10
3.863234011241587e-9
2.4344020632733776e-8
1.9477469702039346e-7
9.687002245124518e-8
2.879479044672818e-8
3.160709907111797e-8
1.8845134746829563e-5
1.6103237818247488e-5
6.612190067640191e-8
3.6093828015849863e-9
3.248965894853518e-7
4.739666316316217e-10
1.5158394745043956e-7
4.674392446400267e-5
1.6032893694864067e-9
9.773748190960893e-7
2.517208198537274e-12
3.6330066482077803e-9
2.3243961285037374e-8
7.36588939103965e-8
1.589788256528947e-10
8.972402302072494e-10
8.23522628136086e-8
1.0999663049403267e-5
2.9329701488373713e-8
1.121738801035198e-6
5.0531227930662e-7
2.2146238322766452e-10
9.237589724987238e-10
7.427443043611096e-10
5.572289802541111e-7
1.1248474007185958e-8
4.609331743519304e-10
5.506808817692891e-6
4.5438549730663017e-7
9.793177798793126e-7
1.1394684239563709e-8
5.451938284049107e-8
2.616546323315282e-8
9.923773252236266e-9
4.076430789170615e-7
4.2954576737412045e-9
4.807333706616747e-6
2.770657095575895e-9
2.6997773760869933e-6
1.4703048478555627e-7
6.762955479823878e-9
6.388515850177817e-8
2.11662343155067e-8
5.509157396605564e-7
1.3241929459714701e-5
5.527648849036894e-7
5.038795299352999e-7
2.0286437495847764e-10
1.4327556681550831e-9
1.6963202450531705e-10
7.796129555699189e-11
9.898381718628867e-5
2.559866744329145e-8
2.2818284294089237e-5
3.828323316929051e-10
3.8834814490463645e-8
1.139696196991291e-6
6.399686167551485e-7
1.6075049481365004e-6
6.195011245018738e-8
4.076746277941285e-7
4.522764638365634e-10
6.562680712912719e-6
4.286625622732542e-12
6.4061184512683e-8
2.5443423550753062e-8
3.581566817323174e-5
2.6695288313279577e-10
2.2299951794922166e-6
4.062444603241512e-9
2.8820534674424597e-6
4.0653116198404733e-8
1.0748827523312953e-11
4.693728371047533e-5
7.959822535324226e-9
2.66426095812255e-10
1.6362757303346612e-9
1.4704926060952511e-9
6.96780317125489e-8
7.389770186917763e-6
1.1304994184179693e-6
1.0013324756034535e-7
2.0096782568971713e-6
4.533693436069769e-9
2.2173894850116882e-7
3.076583618474161e-5
1.3501922253807631e-8
4.210597349868681e-10
4.817136470245798e-11
3.4978954255284693e-10
9.826364177521036e-8
2.932522020090569e-8
3.3950903546093546e-9
3.052941085307487e-8
1.816092754132471e-8
3.7786827154703905e-8
1.872049657842382e-5
4.956850876021498e-8
9.611166898336794e-8
1.1540119384922835e-6
1.1553449986411107e-5
3.985031339237576e-9
1.2030496720238358e-10
0.00027362438943718013
1.204631373045353e-9
2.0927011278099882e-6
8.487854325062527e-10
1.0341876493107329e-8
4.374502749723136e-6
3.0079065052564375e-8
1.825848759309432e-6
9.516049174868968e-8
8.110051981000774e-7
4.959361639178598e-10
6.170634215875573e-9
3.624791562589291e-9
6.220483034212665e-10
9.311278134826344e-11
1.8933592482860325e-11
1.7050484444623688e-7
8.007680462623553e-9
4.641818633776731e-8
6.833660974235975e-8
2.4345634869430518e-8
8.397180251975737e-6
1.3723943125703033e-9
1.8510049140621465e-9
5.40532677896258e-7
1.3684581759775667e-9
1.8026786691781447e-5
1.5687057697685253e-10
8.333891917762729e-7
5.241872899690845e-10
5.765280688237353e-9
1.9823874603340677e-9
2.15430969590729e-6
4.5847407410909144e-5
6.133415190600207e-8
3.4497183236417586e-6
1.5902290395668771e-7
2.561866590324281e-11
1.3107040219697226e-6
3.9392658337366995e-10
2.1188251752847254e-6
2.6708638458368327e-8
8.73731847020495e-5
1.6844581145420966e-9
3.7076335623309194e-9
1.7834354535513126e-5
6.59665853791366e-7
7.623717005698595e-11
6.34703384161755e-10
1.0641720035579482e-11
5.251184479613503e-9
4.263617777549446e-9
1.6881864411037515e-7
4.642124466145775e-7
4.187427639429051e-9
1.4099200655898244e-8
1.2106603918159753e-6
7.440924364861766e-8
1.4298949013329987e-9
2.2575506964331283e-6
8.776829196115211e-8
1.3667791751558828e-8
2.7541832868860965e-8
4.483027417945335e-8
1.2395833511354577e-10
2.1096438083671982e-8
6.126255801582783e-8
4.123313870857976e-7
5.829570813195072e-7
1.8919314294169916e-9
4.587250941144501e-9
1.4631463966494965e-5
4.218243564538645e-9
0.00012839851783447956
1.948645435538348e-5
8.539523891186006e-11
3.728131264793338e-7
1.1291953510707168e-9
5.509564203398547e-7
6.67710784261104e-9
2.631161816313094e-8
7.544722302295746e-11
9.339636953490972e-7
3.9131737881318096e-7
6.217576160164138e-10
1.892227357933987e-6
2.7615913838553936e-11
7.193248162635462e-5
4.378783983115894e-11
1.1732204507585113e-7
3.3287997937327307e-6
1.0549283039162615e-6
8.629917666838241e-7
1.635415385774293e-6
8.207005300411062e-10
8.013162000163673e-7
1.7872176342417477e-6
5.7203478429525925e-9
1.4296257954611068e-5
6.676982180322193e-5
2.408700780276294e-7
6.147576112004613e-10
1.1386405650574573e-9
2.657232574046567e-10
6.772474760686638e-6
3.224306853722762e-5
1.689659230608884e-8
5.789186945696242e-9
6.671107150319413e-6
1.916891237419583e-8
5.065887961316978e-6
1.625868975211706e-5
5.274698085155012e-7
4.897953672990449e-8
6.157188840311028e-5
1.1996642525388932e-9
1.0166817120100943e-8
2.434291102097217e-9
1.3028532696563828e-6
5.575683794498053e-9
4.789624600727254e-8
1.464696989058387e-5
6.307681809937372e-6
5.137824325505179e-10
1.5179942047172598e-9
2.343299479613584e-8
8.058699705920196e-7
1.632043370103501e-7
5.96854222113895e-10
1.0718917849877907e-6
1.636061438176874e-5
2.31408629971494e-9
2.8850764301175116e-7
2.73607661723283e-5
1.8936425870567978e-7
2.647833211669181e-5
1.175818119598961e-8
4.175234693929972e-6
1.7529075769124455e-7
5.7972464968354866e-8
2.793914416865189e-8
3.4379241885893734e-11
7.443460380213717e-6
3.399102048793128e-9
2.8057879671626963e-10
1.6716368331631835e-7
1.1996404406616213e-8
5.186592120245368e-9
2.4788734924441644e-7
1.153487746486449e-9
2.3124822923116268e-5
4.7117781318478894e-8
1.0618132573507266e-6
7.480434157493838e-8
4.769862841457151e-6
4.2075494758519516e-7
9.411938459661084e-9
8.723139848558367e-6
9.954599369990251e-6
2.5010246541984574e-6
4.447731448524018e-9
6.122127025886642e-6
1.6930577843524625e-7
2.558006268084423e-11
7.714791552938746e-7
1.3999435901196964e-7
3.0515109441911804e-10
1.490457469391452e-7
1.2609855530463322e-8
5.924575413046991e-6
4.249655724942267e-8
2.7177566287732714e-7
2.224332724497978e-7
4.583521477836736e-8
3.8043863241421965e-7
1.2567713055050788e-7
4.9655560639945985e-9
4.198504224689172e-9
1.0716326851394303e-8
2.378227215183139e-7
4.950176433564578e-6
4.620271212223322e-9
1.8074830217096062e-9
9.141138253657216e-6
2.316508534309888e-6
1.8758401506723816e-8
2.549337036048388e-9
3.7930948434422594e-6
4.827925698451161e-9
7.6823136643289e-5
9.586876643670739e-8
0.00010383503943511911
2.51952021071902e-6
1.237562055040997e-9
7.797876488047273e-8
1.1864465730820611e-7
0.0005340247130218157
1.0835909626223078e-6
8.879739631506852e-11
4.865308346765445e-7
8.564801268894457e-10
8.0960416983925e-6
7.341714662699928e-10
1.9360916793331468e-11
3.254550450382407e-8
0.0005047894738730637
3.1266662538380274e-7
2.585071458312283e-7
4.715292553721034e-7
5.728097953148028e-7
2.2556319452159604e-8
1.5445375040093448e-6
1.400084035900555e-6
7.008409269880382e-8
2.3557095898998463e-8
3.3844515413073076e-7
3.877275763930636e-6
2.5121061659275134e-5
1.0478653355557572e-9
5.049036874126958e-8
1.908479538757136e-6
4.483424485366273e-8
3.805892063821764e-7
2.1721443459947744e-10
2.059659669902312e-6
3.347987274362745e-7
2.800702733607816e-8
1.410479985921813e-7
2.2846838823243816e-9
6.624722477155404e-5
4.9125145604213425e-8
4.5422999170306586e-9
3.124997538206475e-9
1.5440266618706348e-7
3.730431439926947e-9
2.456620496417342e-8
3.907572627860751e-10
3.525779293659477e-9
1.8910726224643868e-9
2.7831367359455144e-8
3.948256269401091e-6
7.742089605963875e-7
9.348450294001242e-10
5.769478389401457e-10
9.859109150949228e-7
5.561564252490062e-6
1.1158510972746711e-7
8.469009257878448e-8
4.368319111239159e-6
7.14455195295626e-7
1.055844888727059e-6
6.764776460538942e-6
4.91765186516295e-7
2.6921006154340234e-8
6.491860095381656e-9
1.9726142799272773e-8
4.7267141897377763e-7
7.922912621985112e-10
5.377007152727667e-8
5.3708215244957056e-9
9.9019743073275e-10
6.4840160915806916e-9
7.136287075330523e-7
4.486799619132156e-8
6.513296814151086e-6
1.6413855499128807e-5
6.128672684775275e-7
1.4010449958737174e-8
3.3013438632582147e-9
5.3926287318437806e-8
8.155098133495157e-8
4.836390693846332e-11
1.4353118256373476e-8
5.801300112896865e-7
1.4892469036228381e-8
1.0253034047226626e-9
9.881746716811018e-7
1.594970943123682e-7
2.1591971961684184e-9
1.534491656391074e-5
8.411803031412275e-8
7.254364998061235e-8
3.032589648299737e-8
4.1617409247678555e-7
9.79889087551885e-12
1.2395351052489055e-5
2.4728809662213264e-10
1.5708349983639875e-9
7.057760335153362e-8
1.1519888289173815e-9
2.1041790480673448e-7
0.0005282773477372115
3.084168797441002e-11
4.357454441164221e-11
9.6785744565141e-12
8.461434447535194e-9
1.2051527018148692e-9
2.2449571632022295e-10
7.426810287254327e-9
6.708582608252916e-11
8.162258053033522e-11
5.380180228070725e-8
1.13320122772081e-11
8.995950374598432e-8
5.766478390660615e-10
1.7070690316944935e-7
1.9222840196123548e-7
7.602172818666123e-11
9.821364841158546e-8
5.748633050531887e-10
9.553878956941268e-7
1.2254433124138372e-9
2.0802023358836236e-5
2.3781179972013444e-7
1.1921772093188656e-7
1.490690369803085e-7
1.7417918494385673e-8
3.6616052260165632e-6
1.150324299391985e-6
2.964403369921554e-5
1.9171204425663072e-8
9.934214818487768e-6
3.5403730163045696e-10
4.348307937916886e-9
1.2605803238422414e-7
5.976450399611428e-7
4.890749646155721e-7
3.0735581803138584e-9
3.2006333442709774e-9
7.62192668243099e-12
8.282807421556937e-9
9.263520283682043e-10
2.2223249538188258e-7
2.189862816658625e-9
2.2679725655315712e-11
2.709666878676752e-10
1.9741568562557184e-7
1.4906040656359667e-8
2.99043225917547e-9
3.398855619880137e-7
3.585151404458988e-8
6.225515111911055e-6
9.59777654473078e-8
5.68466681283067e-6
1.5663738358428013e-11
2.6169815653580853e-6
2.266706635056051e-9
7.720469441579947e-12
5.884252156194498e-8
1.8136897593176384e-9
5.330339798628979e-10
2.272728935102671e-9
3.5233807263570224e-11
9.662740824510242e-10
6.844200121836311e-8
9.158056437919895e-7
2.8831829950120137e-10
1.5156823031675036e-8
7.235011385216247e-10
7.203505948368296e-9
2.6134001153186542e-8
2.2708316601217883e-9
7.789006001499941e-9
1.83770024414363e-8
2.509678604764533e-8
1.3114396741491093e-8
2.0911971503733915e-5
3.8613702683922043e-11
4.643699393906806e-7
1.6343398248380926e-10
3.5787451296305367e-6
3.064972678621312e-7
3.7764036632266775e-8
9.441373582168464e-10
7.264948107683913e-8
4.395442010572885e-9
2.7468732383834647e-12
1.1703310973050696e-8
1.0073685797321995e-7
3.2487927765064795e-5
4.44612903748058e-8
5.8569286274653495e-8
4.2328919851079325e-9
6.059819226904911e-11
2.0464583784579128e-8
1.7060224661698526e-6
2.731491252074703e-6
2.800168934213702e-6
3.4082289490582976e-7
5.550216264139875e-9
8.444025190190648e-6
3.405439106137238e-8
1.7430092485353502e-7
1.7114447514074152e-9
2.0551979188402808e-10
9.857051412214548e-9
2.4375888696736083e-8
1.2113272899890518e-8
1.0585986315693678e-11
8.926397637937749e-11
3.243490890941993e-8
6.167085104856805e-9
1.4708504123197291e-8
3.9739743430958445e-6
3.176755276539493e-5
8.071735254037583e-9
2.9185465332324265e-6
1.178090647093542e-7
7.276033352367474e-10
1.0222416956151745e-6
1.2399259483085391e-9
5.0691226463424085e-6
5.409963210815308e-11
2.0162489519639303e-7
5.344403106268517e-7
1.6940093703048488e-5
1.2784850046287204e-7
1.2167607381628508e-6
3.1973343231046425e-9
1.0831840777307305e-5
1.5838169143600435e-7
1.4385514340158177e-5
3.6293947271467027e-9
3.186549834366107e-5
7.380046761983112e-6
6.826826693485337e-9
