5.21715030727395e-7
4.736465179963284e-9
2.7292393654355474e-8
4.29510978077219e-9
1.9223208039462325e-9
3.0668453957479262e-9
1.492201546051908e-9
1.1017626732457961e-11
1.7101825996368223e-11
6.484828490916703e-11
4.0164402175019735e-8
3.295441307214013e-10
2.7163940135639997e-9
2.9408759845005707e-10
8.378575268539548e-13
6.586939203411647e-7
5.078831865627307e-8
6.709723655915856e-11
6.018428070232156e-12
2.6364435105160303e-11
3.815402320016833e-9
1.1185240069881094e-13
3.223277028163308e-10
1.0813343278044209e-10
7.401524908368762e-12
8.957820581158404e-8
1.135826343146934e-12
9.37713846723133e-9
2.341245223226384e-8
1.8650001413322715e-7
3.3456414629997357e-12
7.01145162244194e-8
5.781708932335255e-14
1.0575919370792616e-8
1.9527517211454423e-11
1.463030228623866e-6
1.2638788559583192e-14
2.0443639099781445e-6
1.414160075215216e-11
5.356230329760683e-10
1.4510265600126753e-8
5.130169353332346e-9
8.678073022440678e-13
1.009388850245029e-14
6.920138742676741e-9
8.295919777260078e-10
8.859050915761598e-10
1.343298129376485e-10
2.516534878422802e-10
2.9844327766399763e-10
1.605313100745538e-6
1.8716892037383452e-7
3.6722541548127626e-8
5.8176361157571e-10
1.8701406160080313e-12
3.36712988980047e-9
1.7541591502255904e-9
2.5510284656034987e-9
5.475215328249638e-9
2.686063162623078e-10
5.926995859466456e-12
1.5788888506391742e-9
9.66421064499394e-11
6.002316751226341e-10
7.820122240973852e-12
1.343851388582292e-7
1.5043613056503042e-11
2.4774232880374143e-10
1.8783001850669e-7
7.089877132647989e-7
6.481835671803175e-13
1.1150895025578193e-8
8.57190981649247e-9
2.4359918433649208e-11
3.6701013239916495e-10
1.7295922051150265e-13
8.069738107870622e-9
5.2673078447953145e-8
1.2330110157724423e-9
3.8209527810434587e-10
7.885733116626362e-11
2.7329700623422676e-8
1.0080504683501452e-6
1.1446167638975078e-11
1.3623583107776194e-7
1.2516412296280572e-13
9.832481675465281e-10
8.707301702065247e-6
3.593896726198083e-10
7.1757120334795556e-12
1.0575960829543577e-10
3.9973053355232787e-7
2.970759903377681e-10
1.1161078848639294e-14
1.4302624972013053e-7
3.17586512639265e-7
3.3413411950000347e-11
2.444432613945036e-8
4.1069403980341366e-10
4.446296161922959e-8
3.866143671208678e-15
9.12966685868034e-11
1.1769176732444444e-9
5.4131907585545644e-15
2.8138165679019498e-9
8.526404554565358e-9
2.588731754583749e-8
1.8321430335259025e-10
1.5382652985928617e-8
2.4162167309861365e-9
6.702777902259001e-13
1.7990220225601214e-13
5.890481991745743e-9
3.189699596572706e-8
4.73888922877601e-10
4.804002307249354e-13
3.8438021817692025e-9
9.456245574974017e-12
4.566960099507147e-12
3.5624115847711897e-9
3.9238016315025907e-7
1.5151520846126242e-13
9.440874578710563e-12
4.2706096228035085e-11
7.502459669903324e-8
2.4304179512474845e-11
1.3157696031667882e-8
1.831000815511519e-11
1.540112714820273e-11
2.3526798073126184e-9
3.550114784646489e-11
1.6330232451108677e-9
1.4418732186351616e-14
2.1564755877441746e-9
7.049396222587399e-7
4.547170509877716e-9
3.0121016563471724e-9
1.826446518770053e-12
3.3591718884881223e-11
4.622120983292368e-8
4.293704113628591e-10
1.0018423114623857e-7
3.354329505391121e-9
4.246477960527327e-12
1.0544343414328178e-9
7.472270363910008e-10
1.4009164146395219e-14
1.259656372309138e-13
7.628592536187325e-10
4.0720036767114345e-8
6.415441332984163e-10
6.642187482176103e-10
5.032598439739885e-10
5.989108380043401e-17
3.249714160204395e-7
2.0071319766313462e-10
1.3326346577706505e-6
1.2885378447863196e-7
4.726966092706476e-11
2.7250549293279967e-10
7.465026081228032e-9
2.9002038386780685e-15
9.111062794129866e-8
1.9121305292471705e-11
1.1763565861981743e-10
4.224809106849494e-12
4.805624535664013e-11
9.090887089737645e-10
5.673298379667092e-15
1.4760130818328862e-7
7.036158916541244e-10
2.04185565795772e-15
5.620229522675574e-7
2.459389997543666e-10
1.7056297884007759e-9
2.7136485459345567e-10
4.6095527368504335e-14
8.810192327254106e-11
1.0456515924238495e-8
1.9276074699018776e-11
8.348311473435908e-10
9.678617497937116e-10
5.853619797245603e-12
4.3930169074346196e-9
1.6636250205670796e-6
6.970564666745112e-10
6.330217016085905e-12
2.444549508459587e-11
3.7790954737589864e-9
1.2988999542946582e-8
4.15858838777469e-10
4.4124072959960566e-8
2.1113703650475404e-10
1.6135052381538296e-10
5.297397745242023e-12
1.0224507466047414e-10
1.0640790229215667e-9
1.6103894378406884e-6
2.9391626180416637e-9
1.0737990154303078e-9
2.0868764521086117e-10
1.3290205841741881e-12
3.677756426193292e-9
1.858986212964295e-13
1.9599914543964324e-11
7.612930773011207e-13
8.249885633815463e-11
5.057677029949178e-12
3.732177776097367e-12
2.3847481028823338e-11
4.961077065353029e-13
1.5247668272451337e-9
7.062379865426024e-12
4.3058745292173174e-7
7.926911325748418e-12
1.3939437439730752e-7
5.4441326478796605e-9
1.0357811516504965e-11
5.922024420852074e-8
7.70612906243981e-11
4.271479791272729e-11
4.8601727369921823e-8
1.7518349232362853e-10
4.224687370026377e-10
6.897026917616885e-10
4.670440611955554e-9
4.477327929723984e-9
3.986017532931241e-6
4.383484161475578e-11
3.167074214096333e-9
6.502955547600167e-10
6.33585525941393e-6
3.9134062196972034e-13
6.489647141272897e-11
2.6378189238430286e-8
2.9683881788211906e-7
1.781085236693337e-9
2.6422305547998593e-12
2.920991523997076e-10
2.3741161952749265e-13
9.846162047357706e-10
4.7540308273109325e-14
2.6499233646232206e-11
8.013488105432888e-11
2.3498033643936718e-11
1.897759574078167e-14
8.436431941655284e-11
4.443834464987533e-12
5.016744328506687e-8
2.938947050866645e-14
2.5735438777821356e-13
8.438669470320079e-10
1.6194670702216145e-11
8.204944528039037e-7
5.7569524525243925e-11
1.679945307565664e-13
7.465596788666542e-12
8.066093173285023e-10
5.636034560027766e-12
1.04248638004418e-11
1.3310738600851528e-10
6.335265569536794e-7
4.017525334004648e-11
2.092460785183185e-9
7.773494257952029e-9
3.336820700662048e-10
9.371120480460483e-10
3.9439949459327955e-6
2.924461086440416e-13
5.7159855823035e-10
6.757527384774223e-11
1.0437375742593876e-9
2.6586131345407487e-12
1.9663132369557635e-10
1.1594572301238308e-12
1.6445111673975526e-6
1.3846896069441828e-13
2.511904504759031e-10
6.618534695302566e-11
7.088841155627309e-10
1.7800004098924523e-8
2.4786501492000697e-11
1.1183663947977056e-12
3.4259084559434963e-10
1.1744825482801437e-9
1.3713375823311658e-8
7.056511732861948e-12
1.1806263693582979e-11
8.949099691303384e-9
2.9110114363328027e-12
6.788234151742902e-12
6.023109379859355e-14
2.1168820988725068e-13
4.392632760727144e-11
1.2239325629995045e-11
7.822553461588757e-8
6.65440977811194e-13
1.2258015586188901e-7
7.529343128750324e-14
3.769899912193352e-6
2.1510312756649453e-12
2.282949522243745e-11
2.9452970824972178e-15
1.8301150628883881e-9
2.000869814785817e-12
1.7304971472286625e-10
1.6331627475825949e-9
1.8311530735090664e-13
2.6504579583571916e-9
4.5616652645419104e-14
2.3209635001750666e-10
1.0529847745779e-9
3.3556490072253946e-10
1.237652638714036e-7
1.694581599148847e-8
1.35632693538296e-5
6.755845013964607e-8
1.534681633627538e-5
1.6538689896058712e-9
3.6703086634418685e-5
9.965344778901028e-11
2.0392306065459407e-10
6.16180856520408e-8
5.400163199233495e-9
3.7234848604659237e-9
2.6738049072729506e-12
8.259133337726221e-15
6.49530655173382e-12
2.720717393002304e-7
3.7915486307675065e-8
8.319107351611627e-11
2.0321798005210808e-8
1.0059679966643039e-10
2.4234745168302455e-15
5.173376360674387e-12
9.001530301610171e-9
5.03896660537038e-10
1.9491759038096465e-6
5.534550704487792e-12
1.3408209788264126e-11
4.857387907922987e-9
9.820731198427402e-6
4.555757359642237e-10
3.671776271943637e-9
4.284427858916529e-11
4.557654540627443e-14
3.9205289566355825e-12
1.06763356081588e-9
1.3457789629985327e-10
2.577210396066426e-5
2.2585588142745123e-14
2.062321467929002e-9
5.794870505051606e-10
1.0478101480208495e-10
1.044174818404016e-10
7.18451450534821e-9
1.8534563754068354e-9
1.941007498413138e-11
1.5839990098975378e-9
1.7156644412338178e-11
8.191564529755231e-11
3.557416510528711e-10
8.19138390634401e-9
4.484210714133229e-7
2.996929130227063e-7
1.7388431237299927e-9
2.1370105814965945e-11
6.529473104909454e-11
1.0181564061398481e-10
1.0608669200685925e-12
6.092090967412654e-11
9.085109497350135e-12
2.1018010229964768e-13
4.110253519461924e-9
2.2943276656556248e-7
1.1407111947645227e-12
2.1160383234619296e-9
2.4368166975271686e-10
2.0266580403313732e-12
7.505117895650066e-10
8.551297884612256e-10
1.4213571927241085e-12
5.007613980905354e-13
1.1629306340461687e-13
2.90523857547903e-12
5.644372815506376e-11
1.0042649400810961e-13
3.42769798311961e-13
3.881650792370651e-10
3.985384751434541e-6
3.3626521881741713e-10
1.289600292368929e-10
5.865540243372182e-9
9.480783895637797e-13
2.0635344591044876e-8
3.4099324784895564e-13
5.566928340328332e-12
1.044350214911451e-6
4.217072467171296e-12
9.220408568422759e-14
6.269780398461601e-9
1.402534197858248e-13
2.783495868125831e-11
1.5776631515193686e-11
3.866355015727265e-12
5.127324611327303e-10
6.023744254222879e-13
1.2209019183718823e-10
4.4413252384210783e-13
8.503393546814831e-11
1.8842324643944273e-14
1.4905723774221504e-12
1.2203445382125244e-12
3.519978955608668e-15
1.6733840932618973e-9
9.94321571218388e-13
8.447850507064918e-12
2.81219706728829e-14
4.3084081093319986e-15
9.354403315802347e-10
3.806795903861129e-9
1.3974046509965745e-11
4.3109978195513146e-13
5.743391788289828e-13
1.7030648999780737e-9
9.737110354664676e-7
6.896218421232592e-13
3.062962228899528e-14
3.242425720973926e-11
1.610455972923151e-10
4.858587453311683e-12
6.532941978639849e-11
4.340064590073098e-12
4.736183311407085e-9
2.3711239445383788e-14
1.2775131271440464e-14
6.8010433913915965e-9
2.420765104423123e-11
1.5025164880382809e-12
2.51189461577648e-10
9.893088091183417e-9
2.2908239368667665e-11
7.271152798105414e-16
2.7403421209413597e-9
3.4618752064428616e-11
9.652754081174135e-8
1.4677867798157815e-10
2.8171037494097793e-8
4.2702216703921007e-10
6.115520822022238e-13
1.0326709056963351e-8
6.044959723254797e-15
1.4940333488346505e-9
7.630644368523708e-11
6.196137096639666e-13
2.0556455817476245e-10
1.1514857292461238e-13
5.467077575777417e-13
3.2218987731708417e-9
5.4966591422028164e-11
1.3901557970124703e-9
1.8884517482460886e-11
6.546551848128257e-6
4.1446126206499536e-10
3.453972582450747e-9
5.778540477932337e-11
4.845434916241487e-14
1.966204143641405e-7
6.314447665424333e-8
7.633658232926242e-11
6.93333067370013e-10
1.8303186119309023e-9
6.546620739852723e-12
5.828252611704024e-10
4.684454734030522e-12
8.051928075862788e-12
2.65877664258501e-14
4.032733349055315e-8
8.138411106271933e-12
5.72411108066379e-11
7.770284080298888e-13
3.5917128720571053e-12
1.1372538350612416e-12
6.313030526182785e-11
3.5841683933642296e-6
6.317932721583492e-8
3.0319459962810216e-10
2.573471464424118e-10
2.5649217378766497e-11
5.425866166771109e-9
4.9902474233695586e-9
1.902557762571627e-11
1.1655230160063192e-8
2.1884595397571828e-7
2.5366508746202553e-10
5.165983654215289e-12
1.3628913598158832e-11
4.911954423254676e-9
1.5599606120370628e-9
8.90549341494938e-11
3.971569685848706e-12
1.1049983695238398e-10
2.094809722828447e-11
1.692416388091604e-10
3.479104477679078e-6
6.416484376187964e-7
1.658379701257598e-7
1.8608569904126726e-8
5.889311262401258e-13
2.230587018445622e-12
8.643007535287862e-9
8.006280526520196e-12
1.0466940782696763e-10
5.118853265174149e-10
2.5815396046094983e-9
1.5280905397798528e-15
4.136302437604575e-14
4.809108089980617e-13
6.961969632780351e-11
6.580580934834323e-14
6.367198547022443e-13
1.3482891813496662e-11
6.845832181934059e-9
6.180309423346662e-10
7.143761788316176e-14
1.5500257124005267e-9
1.6312860179829239e-10
9.483537332842757e-11
4.6736209179669644e-8
3.1930079751913646e-11
1.3296551559271643e-7
7.788911328285731e-16
1.1158709605230074e-6
9.885104613118951e-11
8.957957907318708e-10
3.5900875572694593e-13
9.682133638331833e-10
1.8668267916090576e-11
6.97824492478553e-12
2.2390002772435685e-12
9.632664312617216e-9
9.516939453245165e-13
4.5953667624770794e-10
2.3090438746271565e-11
1.5587258553976895e-13
2.1370580130210128e-7
7.280590802670015e-9
3.495297791850062e-9
1.0416275024424166e-10
1.019955732265858e-9
1.8777729572811823e-13
2.318933612502088e-10
8.800140246905569e-13
2.559706336750635e-10
5.818800968510792e-13
1.4634311851932412e-9
4.1861224631331116e-15
2.614882237572063e-12
5.2832093368910234e-9
5.584437851650685e-13
3.998002606684647e-6
7.276920227855683e-8
1.0596696715835775e-6
1.8632701919584748e-10
2.1955670101294147e-13
2.6114293444017004e-10
1.1415518926791216e-11
8.305816354379193e-10
5.2434581344923e-12
4.598257988202674e-13
5.352777017996541e-8
7.713200801289187e-10
4.770425510914642e-12
6.862576244617835e-11
1.0534821605454957e-9
8.5370628294983e-11
1.6539776503102307e-14
2.170324677454803e-11
2.068003187424933e-12
4.089116197798794e-8
3.423607740920006e-8
8.778159770325995e-10
1.996169348351698e-12
4.703778523914083e-10
1.0010496651769208e-10
4.470251348330703e-7
1.8769529563059646e-9
1.2734976148550713e-7
3.4498263037548887e-9
2.711405297890254e-10
7.919998428234648e-8
1.1278286699306827e-10
6.336111027878268e-12
1.885101323740872e-12
1.7416149835339948e-11
1.3334718114662007e-10
1.9091512864429604e-8
2.503159654211731e-12
2.741851764403597e-10
2.861158794994491e-12
9.300847750724934e-13
1.898925586586913e-13
7.398416173615043e-8
4.392091346455068e-10
7.844786613468603e-8
4.354320076369375e-8
1.2918459537154791e-11
6.035432426003179e-11
2.544487737819897e-7
4.731878153661303e-12
3.298808683381296e-8
2.1716659109634113e-13
1.3292357652322508e-8
1.307553319004592e-7
4.0708237398479046e-9
1.0707143139570482e-7
3.75087428428859e-10
1.8968600548062074e-12
5.8923260076423e-10
5.903394528090959e-13
1.3377323966927786e-8
9.701381213708192e-10
4.25820405895268e-9
6.074440778079276e-13
4.0220734543437056e-11
1.6447118484140044e-7
3.0791396616057614e-11
6.646555514491963e-12
4.399917222302375e-7
2.900283010040093e-11
1.3308878323127602e-11
4.929819846700541e-8
5.52845226175918e-5
8.947566563672854e-9
4.3004197926235325e-6
1.1556965914822342e-15
3.915378431916127e-10
1.6228290328159597e-11
7.858173796885483e-10
6.098433164880294e-12
3.5743215233784603e-9
8.609658509406105e-9
1.3060525539410576e-9
7.372972482807867e-14
4.1030669332362926e-7
1.502673836090802e-5
1.7800618170842935e-10
8.896249214104917e-8
4.480203281735797e-12
5.284912781275342e-7
3.498581508565707e-12
1.5818560453447954e-10
4.706059905397442e-10
1.0622129694280736e-13
2.788131427868584e-12
1.518667885221055e-10
1.2165514521660802e-8
6.416002764146929e-8
2.854525411860833e-7
1.5271697144181595e-14
4.755703177136652e-10
1.2137157697559428e-10
6.518349761082297e-10
3.0369437137045857e-9
5.029867018220467e-13
3.43358027599701e-8
2.367901251479937e-11
9.934120963502302e-16
1.0060150602660634e-9
1.3378833424323866e-11
2.2788815468378148e-8
4.673159188663568e-9
2.794781972450761e-10
1.1177299838875872e-10
8.524482628355766e-8
2.3839010357825676e-8
9.001085293205592e-8
1.1718916493732893e-10
1.1873241437035871e-7
7.013961294124763e-10
2.2238367169998277e-10
2.563784152969178e-13
1.6174624970461233e-11
6.47136117999721e-10
2.2125346275071063e-8
1.937927184670402e-9
9.893573289807847e-13
3.1032614789514245e-13
4.926259315287945e-12
4.234463726802869e-12
1.5558087100482904e-7
1.8503409683969228e-11
1.6649365721000233e-15
2.780485668640522e-7
1.6032550379670183e-7
7.474188425681654e-11
1.554152464958031e-8
5.662651600488421e-10
2.675674879432624e-8
1.1801514983493124e-11
4.827189401577025e-9
3.755818554286655e-11
2.1160339191605038e-8
1.3030917283077873e-8
6.723650171787419e-15
1.352193415642534e-13
1.2491245455222115e-12
2.7037731829336583e-6
2.0729540158557524e-7
9.176300134740021e-7
3.1574231347521066e-16
1.2071798124100555e-10
3.637372160550703e-11
4.249885069290849e-14
4.992426061253425e-10
3.906278491892024e-8
2.464515308313948e-13
2.5517483951271398e-12
4.803941563146886e-13
1.6478010777712537e-10
6.728148674108174e-11
6.281238512670841e-9
1.0597632876915456e-10
2.972671915434938e-8
2.9303189553050435e-12
1.1451911498381728e-11
9.955762342469505e-12
1.1261550275210366e-11
9.541067330531588e-9
1.345619202613698e-7
7.99527914447868e-8
5.2808974009306243e-8
1.9450668294171999e-13
4.2385971809381495e-9
4.915808640102478e-6
1.6899761672029355e-11
1.0910126851234108e-6
2.392308787547543e-10
2.7878880188740143e-14
9.007646545100747e-11
1.788660673175051e-7
1.9658816401797352e-11
1.7290528867151256e-9
2.450866917340918e-14
1.2343318474379896e-11
1.1378626154689958e-12
1.9390328333229378e-8
1.4965244302663756e-7
1.7154945275621664e-11
1.3346537942538208e-10
4.671741085836284e-12
3.915387081551087e-12
1.0844363103565704e-13
2.925038297000384e-14
2.192262849981157e-7
4.980786525908096e-7
6.484205380249723e-8
5.950898721873394e-12
8.149885872251423e-8
8.6257450421419e-11
6.515338058681872e-12
3.553728652241751e-14
2.3589832246755998e-7
5.343982767040025e-12
3.547658789317281e-8
6.236963031735683e-7
9.756083431125962e-10
1.9154489242148034e-13
9.80147608567162e-13
1.3269733015855911e-6
6.584379736196625e-11
1.1669030612679314e-8
1.191110046437949e-8
1.2869231699674108e-7
4.4664277357146826e-10
1.5584018872833676e-6
6.68551441783612e-13
1.865386082739785e-11
3.009748678810644e-9
6.034565138879603e-11
2.2437423655067104e-6
2.0774442591723535e-8
1.5138112516022615e-10
2.9995419725921353e-12
3.72792021475091e-14
5.05715381097387e-9
3.104019656386407e-12
1.8016943578986675e-11
1.7871887784157133e-10
1.2014490980770327e-9
7.260816027430316e-12
1.3623765665542088e-9
4.316381837779934e-11
1.893693765645447e-7
7.026909261863022e-9
3.3999574362505186e-9
1.6543379103107e-11
2.3450283618458303e-13
9.935262999684433e-13
4.0561014165728825e-8
8.537406126491007e-13
5.447229145655162e-9
7.04474597840154e-12
4.5100185898498233e-13
2.0085948383924134e-9
5.892940816962223e-12
5.476885341426208e-8
5.574265644716694e-11
1.5284952497679487e-14
1.5460908941134278e-9
1.1677998729245032e-8
3.7954677894939245e-10
5.676575146864327e-13
4.660850246361293e-13
1.6236921847456463e-8
6.127214778879553e-12
4.089710364233517e-9
5.109468247506937e-12
4.054194214001025e-9
9.886007915483322e-12
2.0378713404776964e-10
2.2361294539432075e-10
3.3287866826132513e-12
3.909773865148701e-14
3.5612278572501766e-14
5.354031071233308e-9
1.0273448139177947e-7
1.4487592599444134e-13
1.8330177902594313e-10
8.110770454983528e-8
4.453591422274606e-11
2.3448550212773284e-9
1.1695932709313793e-13
3.328963854484563e-11
1.2155137336866193e-11
7.887051376145927e-10
9.613323893983374e-15
7.355664766774288e-7
8.614290454500383e-13
3.180582187028783e-10
2.5164674268253027e-12
8.131855369579964e-14
2.2691865541089459e-10
7.283555776202249e-9
3.874377293667638e-10
6.817683102677688e-16
4.2979948731428927e-13
3.974012948051884e-9
1.1018795775286499e-10
5.342399849274828e-8
1.3089537328869448e-14
3.3082881464035253e-12
