7.686814646758582e-7
3.6023617077524503e-7
2.322604490756355e-6
1.5441826790068662e-6
7.965947368343086e-7
8.672758108977903e-7
6.987106447004846e-8
2.9023322639441596e-6
1.1941083283346893e-8
1.13073151231148e-6
9.173407235813997e-7
4.638932212255249e-7
3.3825785293121283e-7
1.584630907418729e-6
3.6214176606915447e-6
7.876679230574042e-7
2.898534337759484e-7
8.321025208230083e-6
1.8554758506841944e-6
4.021522457324703e-6
1.4374875071693832e-6
1.9555000559810988e-5
3.3488300037809048e-6
1.0894722942783304e-5
8.14555068896577e-6
2.59704069543561e-7
2.6996910296290774e-7
2.8720876369861936e-8
2.1591993541117536e-8
2.918279893516899e-8
2.1505923747446833e-5
1.4016788071726548e-5
3.642121171432368e-6
1.2064341217972736e-5
5.176876706526704e-7
1.5739706932858785e-6
3.1144698867763294e-5
1.5611611759412037e-8
3.959468053161619e-9
1.2701164413494416e-7
2.4465684864483034e-6
1.8255349295093867e-6
4.250917581058676e-6
4.321069300161817e-5
3.2377116032894753e-9
2.2697255336815154e-5
2.474258972114536e-5
2.8320256593118447e-6
4.294209558475339e-6
1.757368601400683e-7
2.542908133865748e-6
1.1098922937817138e-6
3.30226151027918e-6
5.27271629748565e-7
8.384789726465489e-7
0.0015113241421856921
2.551153811424029e-7
7.080629734259114e-7
2.387363495904929e-7
4.860275947187569e-9
1.6808202826128193e-5
4.283195436325252e-6
6.340282350713414e-7
6.53780716999154e-9
4.423287576869852e-6
3.324647838078138e-7
3.012577268601174e-7
1.3722007975493898e-6
6.371952288887278e-7
6.853410337925793e-6
1.2172307521070013e-7
8.669213936721746e-6
4.425519587467211e-6
2.613769016512606e-8
9.465418879648053e-6
1.1208412642587495e-5
2.7374919690325608e-8
1.7542760359569618e-5
1.9821006213341958e-8
4.765538576107773e-6
2.253951450482678e-6
0.00030512286025827245
4.784935725389014e-6
1.0978072965507756e-7
6.841663383534539e-8
7.403284553602907e-8
2.5865604329777276e-6
4.903298001742597e-6
1.2896569516958339e-6
1.338357923765832e-7
7.320684017642394e-6
1.1972182365835903e-6
8.080304652487573e-5
1.2215195490741291e-8
5.1155173469612997e-5
1.0804872484480434e-5
9.291574831625128e-6
9.238733866546397e-8
1.0233391074200372e-6
8.828612619910196e-10
4.286541211877482e-6
3.30405368976494e-7
2.430617945115844e-7
2.2412078151934938e-7
3.829037780704791e-6
1.506676274049988e-5
1.0493207510322631e-7
4.97879127808318e-8
1.6290563622478083e-7
1.048032398041899e-5
8.02858097769939e-6
8.550065710865559e-8
1.6268708798052661e-7
1.6289670297457326e-5
3.1486210239139184e-5
1.2778424497249998e-9
6.532318741852581e-7
1.3292558714957365e-7
2.8857867138601298e-8
6.613142370503253e-6
1.3137810693342523e-5
4.477304219361185e-6
3.340557527315296e-6
2.3087725978104816e-6
7.230412452739531e-6
4.589134145471117e-8
6.121719402719651e-8
3.274850978207389e-5
3.239673433531321e-6
7.187362160459537e-7
1.1177671102143173e-5
2.4503564112508786e-7
1.7392311296093624e-6
1.1485974774112098e-5
5.8470635307621416e-8
1.0258009341540916e-6
5.023751409445442e-8
1.9332595705464855e-7
2.2675987990344568e-5
9.447273139703225e-8
2.3610821670120218e-8
2.233558913652407e-6
1.0654687925818588e-6
2.0960524150066315e-8
2.2359337530353767e-6
2.043307550434948e-6
2.9967179225606613e-6
1.2914573445005532e-6
2.2755633881007834e-7
4.997466344304395e-7
3.5173940226523375e-6
2.043767265754584e-7
1.51177068605499e-6
1.3596499098484585e-6
1.3786615340537552e-8
3.4548215517884965e-6
8.673121403601786e-7
1.1593981997837e-6
1.024223728937462e-7
2.4831955462237436e-7
1.3208624296685014e-6
2.87261741345257e-5
1.3148606479276738e-5
1.8470480183109828e-7
4.7289741159209883e-7
5.047903700066102e-6
3.275714788235339e-5
2.769785163133853e-6
3.6066510347587174e-8
3.9896916432114e-6
2.8350157158662774e-5
2.5006976302742533e-6
7.981585384550399e-6
7.816733430279501e-6
9.707927285915167e-8
9.786689168177999e-7
1.0604364812157061e-5
3.2816811554130205e-5
5.325628379048803e-8
2.459627912597173e-9
1.2283572868696402e-7
6.10018992854098e-6
1.5770913638126633e-7
1.955519220919223e-6
1.565283732856817e-8
4.46310844018024e-6
1.966233182568245e-6
5.819817220889488e-6
3.291497163861649e-6
1.3541189878357046e-5
1.965775665756899e-7
1.0646896030360815e-7
1.040745347358541e-5
3.0743504167204983e-7
4.134807459003565e-7
1.1710458385615731e-5
1.6810636535909402e-6
8.594855519315186e-8
1.1426440728096035e-6
7.875933661969693e-6
6.407061008525578e-8
7.041250476465967e-5
1.1018383187756418e-7
5.503957892782021e-7
5.323255263935773e-5
5.9795805062818076e-6
4.1989206343117434e-7
1.6105024861970002e-5
2.191823041764718e-6
8.175707695559476e-6
0.00010527154398578748
5.60466288406787e-7
8.716129863076124e-7
9.106216342687952e-7
4.5391728244922005e-8
3.63187051153147e-6
5.640951883547453e-6
2.0409726757907529e-7
7.887259570243824e-5
1.1500560703343979e-5
8.546006445509614e-8
0.0011573238512900138
1.3094639187952103e-6
4.087912776078251e-7
2.9995707967457855e-5
4.473580062279446e-5
1.0807039864573949e-8
3.1355410207900345e-7
5.30862895173379e-6
4.463153091350947e-7
2.2512228599052422e-7
1.1470674949816518e-7
3.2312068893458334e-6
8.525885576084211e-9
4.6372979610631744e-6
9.1899271535209e-7
2.3343692388852964e-6
4.030565832954657e-6
6.11706872784699e-6
2.3258055637081752e-6
2.7573537094211903e-6
2.6288733122116525e-6
5.0420615249907e-6
2.7825348586797305e-6
5.346814612587312e-6
0.00012085226794719893
1.7093546976636655e-7
3.4391431716272827e-7
1.61928440258073e-6
4.679152705776575e-6
2.9800767148588997e-5
7.120539894115735e-9
3.8972841508502727e-10
1.5606981039462632e-8
4.642430706455358e-5
9.954425905285155e-5
1.1536563363078445e-7
3.255307560303105e-8
2.354164563513969e-6
5.188409908042512e-8
3.092218671200525e-6
9.273184734968756e-8
5.8206101335677095e-6
4.471054264689266e-6
1.2253418985612122e-8
7.558086916687445e-8
5.999690934421468e-7
4.978122645662706e-8
9.990653412606595e-8
8.928844994651594e-7
1.011753493292666e-5
3.825890067579607e-6
4.1727981365501476e-7
6.413080380906858e-8
1.0002947055073847e-6
1.7700725268433683e-6
1.139924474897309e-5
9.31164723007721e-6
9.471472781936914e-9
8.606921449855308e-7
4.040752758178967e-9
4.597822176005797e-5
2.6201890637373504e-7
0.00025060213729819267
5.244059880133522e-6
9.300363324558858e-7
4.114184104856463e-8
1.587402951109731e-5
1.8053739511559893e-6
1.673871746389694e-5
1.5739854527117747e-6
8.436956531891435e-8
1.1646883169956981e-7
8.295193180932287e-8
7.602160602157055e-8
4.692091605036152e-6
3.3924481057808282e-6
3.916854487028313e-8
5.813780279343989e-6
6.411547704013782e-8
2.2317219240129543e-5
7.54658929647616e-8
1.768053321679698e-7
1.4448714877361664e-5
4.643093586210124e-6
3.169611045457439e-10
1.2314463369662915e-9
5.644622278983345e-9
3.574120492852677e-6
1.6482642456753608e-9
6.620674558811358e-7
6.611725365606956e-6
9.514568582996111e-7
2.858617494412066e-7
5.361584714706841e-6
6.58134853284544e-7
9.194203620346082e-9
5.0797732388644883e-5
2.477094179139626e-8
0.0001440347598529819
9.471144240396437e-8
1.6536839095087987e-5
5.623124659542988e-6
2.45169147296725e-8
1.1996479419625642e-5
7.575884750732252e-6
0.0002638950189210526
1.7579558934274412e-5
2.6653159817119113e-8
7.17778915869385e-8
5.5261040582238054e-8
1.7972568926588813e-7
1.8245091330688063e-8
2.426437761592335e-6
4.913436879492178e-8
2.548056432755117e-6
2.3593191641727145e-5
9.415395228402275e-7
4.0147418290572124e-9
1.2451509111870263e-5
1.613207804225152e-6
1.0065735103477691e-7
9.526425620094006e-9
1.5137290960119725e-6
1.3731374603072732e-8
9.463165042300925e-7
8.28230301411578e-6
0.0002487886899741546
1.9530404821645854e-9
5.809285030614229e-7
1.8981927716976184e-5
1.9211846177193647e-6
2.7075468013797548e-8
1.2512781037624196e-7
1.9399695749392772e-7
9.758873126498345e-7
6.541010792571692e-6
1.703556056564612e-7
1.2698640259177753e-7
8.921111730080762e-7
2.3733386705345505e-7
8.225942306067806e-5
1.350054940961094e-8
7.810679495153776e-5
1.5116763592149977e-6
0.00013160822473838582
6.913552027158171e-8
3.231146671672891e-7
5.319674527458308e-9
1.0406284854647313e-6
1.0773754431669644e-7
6.290944687912175e-6
3.585755147797518e-8
7.67940498939966e-8
1.4991218502812913e-7
1.8057029260186158e-8
0.00021850033984073918
7.53616982184344e-8
2.2538260793441865e-5
1.8310775875159614e-5
1.596377291389833e-7
3.423505786987652e-8
4.4881821779842156e-6
2.096612692548919e-6
1.0629627320500446e-6
1.7651026442379207e-7
2.5341360601340844e-6
2.7790006407374577e-5
1.117230120007667e-8
6.106162005648553e-5
2.1528489856389658e-5
1.00521258644301e-7
1.072585501200824e-5
5.9386965919618944e-6
1.4879061430257222e-5
4.970976878212352e-6
2.3174859852470246e-6
6.732286276889106e-6
1.92044821756929e-5
5.706867098651317e-6
8.115351279862283e-8
3.3535116122307364e-9
2.376178054856836e-9
1.7239234354519217e-7
1.8468720301491846e-5
1.1232383699139173e-5
1.3723885628523311e-7
4.613330240415907e-6
9.920391976836338e-6
2.3847432824635493e-6
2.3125910358253726e-5
1.505026452164723e-6
4.150594757274171e-5
6.443575206342624e-6
5.900358126536506e-6
7.455764154094593e-10
3.654837786330648e-6
2.3344947587463265e-8
3.940227820504543e-8
1.4608639638262722e-5
3.747007641549196e-8
1.4661839591131025e-7
2.992441380880189e-8
1.1779621073389995e-8
7.978214560554738e-8
3.0881293605448217e-6
1.2537272464259188e-6
5.9997816546012e-6
1.0215284559493694e-6
1.7947304582792084e-6
9.570007703801131e-8
6.280761559152578e-8
5.742606715289089e-6
2.0933456438377008e-6
1.2703782784709968e-6
6.895710148202632e-6
0.000833468933693666
3.324850512365409e-8
3.305518310683652e-8
4.677947336127811e-6
4.6672853797581925e-6
9.453689276414289e-5
7.279344228827819e-6
3.975580503000136e-8
1.259544532721715e-6
1.2056545423408682e-7
2.708780985731838e-5
2.9422425272095677e-5
3.9555762893250884e-7
4.0265100616101904e-8
1.4395075564862194e-6
8.251241025050586e-6
8.667459237974575e-6
8.102383068039032e-7
4.886373055914469e-6
2.9002370999858995e-5
1.6988788529779083e-6
1.796213660780036e-7
1.8884306012908412e-6
2.2545267570019552e-5
2.1591610631565316e-6
3.833570346437498e-7
1.0438331454096433e-5
4.783212673975028e-6
7.329298214090265e-5
4.4815430649511347e-7
7.327205442639136e-7
1.985750926528436e-7
9.078971719980136e-9
1.837418462294334e-8
3.38300752183584e-7
2.286980497829754e-6
2.2667935163419127e-6
8.880632312302842e-7
1.8606356769665536e-6
7.296378504712747e-10
1.1350723998888163e-5
5.653229456146142e-6
2.5603271196219546e-5
1.4820174707843128e-5
3.8251900835519844e-5
4.271640374906162e-6
7.30182996542511e-8
4.625439498344452e-5
1.038035701833796e-9
3.863144634497573e-6
1.7670317839648647e-8
4.868020016301741e-7
8.15336187829535e-6
2.8166145093999136e-8
1.0749306784223926e-6
2.65594971343953e-6
1.9235193803563734e-8
4.213687547004275e-7
3.2265123804040525e-6
4.240847485740936e-6
6.870053668960862e-7
8.361200904638528e-7
1.5941215484154905e-7
5.583503602383007e-6
0.0003633920389487442
2.1826626680655262e-7
8.871002008619925e-7
2.0606010197154028e-8
7.4321384617748e-6
1.6090139370237865e-8
4.4679269204724026e-7
1.5875961786254032e-9
1.9981383783735367e-7
9.230734492432739e-8
1.6904395978833767e-5
4.205364300874491e-6
6.741670309368968e-6
2.0548054941696917e-5
3.8844865367742206e-7
4.062059169254138e-6
2.6419438292907006e-5
1.4225653336004507e-7
3.4649760020439524e-6
3.3891191978891952e-6
2.447435754038379e-5
0.000344736887512909
8.582546874552404e-6
0.00017817158856314315
9.557453165181634e-7
5.120461518817734e-8
7.678398320195027e-7
1.2119673429683136e-5
2.491279348948113e-7
3.4757918194870855e-8
3.193146658844718e-9
2.3922012032020133e-8
1.949159317097258e-8
6.267797989362491e-8
3.5716655318685074e-6
2.593550251389305e-7
9.58780255129989e-6
4.174326306682334e-7
5.8976090270173725e-6
5.824019502732547e-7
0.00027732049360292406
0.0019710906597291433
8.512573866018603e-7
4.128332825833361e-7
2.3783259458960857e-8
3.292412214218716e-9
2.6635226465672734e-6
4.0539824195290136e-7
4.4983106693861807e-7
5.192048632322399e-6
5.16952570689301e-7
7.394001900044144e-6
6.381536986318268e-7
1.717071825602673e-8
1.2405039767234962e-7
2.0048062481725327e-7
3.8416161441618366e-6
5.125787533008405e-6
2.7672656934644058e-8
1.2623071658750618e-8
1.207317127475101e-7
4.342624150065444e-9
8.892911438558567e-8
3.3424123907268925e-7
1.714438277787848e-5
4.1121387927296444e-6
1.1870238963303381e-7
4.5132928452822736e-6
1.30897329549572e-6
4.365970775488896e-7
1.938891611578041e-7
4.942045298472129e-7
9.597636611832885e-7
2.2357983746924165e-6
4.6276069095838114e-8
2.342893168579072e-6
6.861918699015079e-9
1.4862535498068925e-8
2.9867820363986857e-6
0.00024860822331462237
2.0250089749356815e-8
8.276376294287575e-7
7.99530756769252e-7
4.299076538623639e-9
6.246431458808129e-7
5.004413724608109e-8
1.1348811577206135e-5
3.4696822952208713e-6
1.0343071710503413e-5
9.505419902615772e-6
2.2498898907779013e-6
3.7160441980088342e-6
3.0107900718319485e-7
7.686272925541676e-9
6.249316794163235e-6
1.8717220154985974e-5
1.276276622854589e-6
8.454415481287423e-6
1.5434013150707552e-7
2.2760570611223496e-7
1.854721759288571e-5
5.999063873363502e-7
1.8164832654956878e-8
4.1694954519924026e-8
2.325584498228607e-7
3.009254265972418e-8
3.3758047604897554e-5
6.836257798622966e-7
1.8728057561318343e-6
1.2645182157194592e-6
5.859242049673269e-7
3.9485392153779595e-5
0.0015296359400039363
7.244031680799753e-9
3.700402764500188e-6
2.175706073004555e-6
1.382133628771468e-8
3.6211830802264095e-7
6.501841352256402e-7
7.850989172707717e-7
6.638629062797147e-9
7.982483194629556e-7
1.0761176697485666e-5
3.968156758414485e-7
1.665897479557226e-6
1.895838912581627e-6
3.803839884235952e-6
8.910877170701791e-6
4.312068384829842e-6
5.150937811715067e-6
1.7006504258864664e-5
1.563461118843282e-5
1.725390878295286e-5
1.3003701737345267e-5
2.0693249312869824e-7
5.3525926955435754e-6
1.0791591367529932e-8
8.844495511423926e-6
1.426047723743702e-5
2.34461246603511e-8
1.660153404128917e-5
3.7846627282419912e-6
5.736209540633005e-8
2.538578726766446e-6
6.87538814552235e-8
5.659750634076621e-8
1.593818108945227e-6
2.313367444682519e-7
1.5176136260286553e-6
6.502985959551e-7
2.8589478001620318e-5
6.855785609650247e-10
9.767852974639691e-6
1.0639102342551608e-6
4.320992892971087e-5
0.00014236261627315034
0.00011193597959587304
4.168222590906654e-6
2.4765919389644e-7
2.2214114616868468e-7
2.3742717842550616e-8
9.833707137818224e-7
1.5522052123038665e-5
3.0455626899469624e-5
2.093028071037484e-6
5.2640779366756254e-8
2.231744302266826e-8
3.0084838260514772e-6
0.00018173063230941867
1.2653470218872007e-5
1.6006850412139944e-5
0.00011873493543245707
2.0873855686047926e-7
6.774487290623258e-9
5.215797901089324e-6
1.1903083255476687e-5
1.40177518109254e-8
1.256729008881629e-5
1.9913791938663905e-6
7.43666718998407e-7
2.319296892153771e-5
1.1840596503524352e-5
5.0211731307952445e-5
1.6639403462128572e-5
5.999507592208819e-7
5.478139632623179e-7
1.6739723259432668e-5
0.0008965019425451465
1.0204058321187971e-5
1.4963139732438542e-5
6.871409883671707e-6
1.0491563787770587e-5
1.5880269282487206e-6
8.824827622710191e-8
4.94511589726176e-7
2.887474933479618e-7
2.558280543392663e-7
1.4136143909733178e-7
9.049153171830195e-7
1.6889298651311184e-5
1.0676951304637069e-5
2.8499920472772665e-8
1.5071709827748256e-7
2.6499490866755885e-7
9.615583339717099e-8
5.579371214890976e-8
6.574110238326733e-5
3.6306042520589384e-6
7.415071977488279e-7
8.331906977308259e-9
1.380936714254085e-5
2.4276762213366502e-5
4.268907841853254e-5
3.2059193640339677e-6
1.1733208322707835e-7
1.4343407397468118e-5
3.1122572892616587e-7
0.0001117821528807751
1.4522730966003513e-5
4.07103128458373e-6
7.140629974396703e-5
1.5307810622382916e-5
1.102988741021147e-5
1.2799809267241426e-5
2.233762011068415e-5
6.46261335534125e-6
2.775756053565922e-8
3.825063138082517e-9
3.924127921751039e-6
6.398356127120881e-6
1.2497997720507685e-8
5.994106429972892e-7
8.37414201543527e-6
2.539554856991374e-9
4.361264306968446e-8
3.0176709422753018e-9
1.1616597278737595e-6
3.989977126987147e-8
2.3646484151491786e-5
3.7027500491635336e-6
0.00013450871866857003
2.351736107883048e-5
4.098965878531061e-8
1.1998801951865205e-5
1.428755759275977e-6
6.137726556971202e-8
0.00021083546493285058
1.3703104427625668e-7
2.7338105089138187e-7
2.532888224890471e-7
6.483926418248856e-6
7.0918167263415604e-6
3.2252438512464834e-5
4.371532313198779e-7
5.2986067148252965e-5
1.3951511197529335e-6
2.973689528692907e-7
8.104379218122461e-7
1.3238887522793657e-5
1.7677344480800493e-5
2.7371471415128216e-5
9.293768469024947e-6
1.2917706631391411e-5
4.1860945128251536e-5
3.337009147485843e-8
1.7316712076416445e-9
0.0003399912125205214
4.743811783765241e-5
1.8882051110732555e-7
6.559218166650403e-8
6.474532852186933e-7
5.206563031368099e-6
1.1352624209378046e-5
3.4392779081943683e-9
