0.0001246497952649698
2.4673485875737978e-5
2.5194849435358067e-8
1.5185393050946937e-7
7.53609166944475e-6
1.598331663023151e-5
2.693426806624851e-7
3.014960788677178e-6
1.3137792077016237e-5
6.051883687647909e-6
0.00010939068202934551
7.74765277408899e-7
6.059303593852342e-6
2.8214175722802734e-7
2.682158565461592e-6
1.491437078279222e-8
8.096113126756234e-7
6.851881373077976e-5
1.1277315638275136e-5
8.701441006777001e-7
6.632992141886103e-6
7.5237318764213105e-6
5.103352081550624e-6
1.4544989705682357e-6
1.925389492739653e-6
5.0137387036386036e-8
2.070982378170144e-6
1.5422100352752143e-6
7.34346961024081e-7
3.2457315072534544e-6
4.895942245502524e-6
2.8856624306061534e-7
2.1379114913231485e-7
4.1845439528112706e-7
2.9570726846700637e-6
7.883880282433387e-8
2.7701708243990086e-6
7.930233081986622e-6
7.906475416295745e-7
2.283950011581009e-6
1.8056376209396553e-7
1.5618625378179143e-8
5.1273217544290274e-8
1.042051697014075e-7
5.859004444351961e-7
1.683971789142508e-7
4.9430985989704874e-8
8.158651148225817e-7
4.390750879752468e-6
0.0003080223029510802
2.5685069140242712e-6
1.0550125368480492e-5
1.6147632015831044e-7
3.8552403235345747e-7
1.1700121580554996e-6
1.5703851454633133e-5
2.0315067259529744e-6
1.1705442159725299e-5
1.2608742952611769e-5
4.018574372657011e-9
9.714724907554188e-7
5.549563205590453e-8
7.519455622478998e-7
1.9948469959410416e-6
0.00017222195650396063
1.7831235470573015e-6
0.00020805799865369188
1.972281048356302e-6
9.787276974684965e-8
1.2410429211159419e-8
3.803589880371388e-8
6.260386199155514e-5
2.169317506249327e-6
1.992442096389435e-5
3.3525165628185746e-6
0.00048477293407729784
1.195004987752476e-7
3.1801861589691853e-6
1.865551662688775e-5
2.5863904453040204e-7
2.0494478282133642e-7
0.00011258182506800114
1.4784365592864861e-5
9.500411682966584e-6
4.546827998262898e-5
9.512280451083733e-8
5.510619158504234e-7
3.656092705694089e-6
2.607547061312981e-6
1.0586287830910063e-7
3.738841039278474e-5
2.8272910730710234e-6
4.613540722172494e-6
2.4696642123479794e-5
1.9976091869051086e-5
6.077452277318568e-6
1.5944066118865683e-6
3.1752687090208995e-6
9.320870536144792e-6
1.8256613193305126e-5
2.2076716133086024e-7
3.3152521530736692e-6
2.820084494374813e-7
5.99638052380984e-8
2.311300495210471e-5
2.419311729152014e-6
1.1773899394287323e-5
4.7182413794571496e-7
8.597301549770466e-6
1.7879076727221596e-7
4.2489554197157545e-5
2.8632425619372974e-7
0.00037216603352786554
3.4447721489647677e-8
1.260823298559925e-6
7.464973286913768e-6
3.80589640953321e-7
1.2128550905765662e-7
1.830451684264563e-8
8.710337843921342e-7
6.905610416375051e-6
1.304163433344917e-6
1.7181092709427022e-6
3.637396378418403e-6
1.3321903466950428e-7
4.4801614122789555e-5
1.527617752165399e-7
2.1485119102135164e-7
4.4665400217032864e-7
6.902411060871049e-6
9.81141706698881e-6
4.4878567671735634e-5
2.2272699639325047e-5
1.0858853312006094e-5
7.777984289414557e-9
1.2318749919687329e-5
9.806943321267037e-8
2.4312798949364234e-5
9.767949392510445e-5
1.9392330245578967e-7
1.6199285933959938e-6
4.4536499030630316e-7
0.00012001158771497087
3.744917323215171e-6
3.7200572736716125e-6
4.346483152705847e-7
6.291103025505655e-6
2.8372431833455426e-6
1.824794739727344e-5
1.429375175066563e-7
0.00037212731283603495
1.2579219311217092e-6
2.0881895663385305e-5
1.3258676550103854e-8
1.1894647811371007e-5
1.1327899972212615e-5
2.575891102602602e-6
3.795902598239907e-8
2.0030100075363665e-7
8.34689529266078e-6
4.2044983455268594e-7
2.152766557572829e-6
1.405663866548417e-7
2.6355232787216303e-5
9.299969695519181e-7
3.914941848904032e-6
6.865947130163355e-6
1.4323074487621108e-7
8.4760630040619e-6
2.0366415769782597e-6
1.9748115065280207e-8
4.06960781794263e-6
4.648477363102966e-6
1.9834699583197874e-5
0.00012151732113892858
1.1455761716340596e-6
1.4549403653896838e-5
3.132872294465312e-7
4.763660819055302e-8
9.42976146976203e-6
0.00014594412080607826
1.0026312149502688e-8
1.408293438750397e-5
1.2372618118511307e-5
5.080539462148011e-7
7.854368210429035e-7
3.1516867192718135e-7
9.284095374414557e-7
5.255525168838351e-6
5.669117129327185e-7
1.1407744037214537e-7
9.748899100681336e-7
5.218673787612622e-6
7.377480209573592e-7
5.696531292766372e-7
4.1278034616198796e-7
7.983381943312652e-8
1.772445797738987e-5
6.57866011952319e-6
3.592800260307722e-8
9.409273598673915e-8
6.285756005734356e-7
2.9134397344020097e-6
1.0894428705364844e-6
5.961776528714403e-8
2.7337930698178117e-7
7.842077791540054e-7
3.5413161732895976e-6
4.1772134116834675e-6
1.9799184452499497e-7
4.534492790648979e-7
1.5007496289879144e-5
4.6325884537544624e-5
2.9698169519774648e-5
2.6617003768991775e-6
2.778769202218443e-5
9.074179525692413e-8
8.610711148906561e-6
1.0786934810007857e-6
1.0581832204526842e-5
9.668754273310207e-6
0.0004507500320875433
6.50084582918206e-7
4.1517158907143015e-8
1.6995015782641608e-6
3.4010688949309925e-8
9.734929642439721e-7
5.702599524496645e-7
2.005755147023166e-6
2.0533320893223032e-8
5.556557033775728e-7
2.0221768451914364e-5
2.788324256098779e-5
1.276058335311539e-5
5.622845072221007e-6
8.306025572230081e-7
2.2581156759411008e-7
3.3199077845195784e-7
1.1508237743951554e-6
2.6572186837982005e-6
1.5821213344600384e-7
1.115047754354332e-6
2.4598456740262443e-5
6.985678379134527e-6
0.0001200993763049017
1.1980611936215928e-6
1.2703556158561375e-7
3.1675801746856556e-9
4.4211106227348634e-6
1.405602016911574e-6
2.4742548498273928e-5
4.4118778944952675e-5
1.469318868796852e-8
1.81593984753352e-6
4.266470296787256e-7
3.323401887129416e-7
5.6204938208467634e-6
2.4252080206397612e-5
8.65288412107934e-7
6.322866136108108e-7
1.0179370595206736e-6
1.530669370101061e-5
1.2548300835648077e-6
1.0404187362985295e-7
3.6266419719569137e-7
8.8868602275507e-7
5.255564214248245e-7
3.368449936235329e-8
0.00016304383318708327
1.426655187898933e-6
2.95920734130402e-5
3.300133993134151e-5
2.8541873330154073e-6
5.102131868521671e-5
2.5264005174374266e-5
9.082352293320372e-8
1.885608343076174e-5
2.738484243706989e-7
3.42208627068326e-6
1.6050711045327766e-6
3.170738405716306e-7
1.1818817357448389e-7
1.5496119313521403e-5
1.2536289076504835e-5
2.31932553342343e-7
8.736645953111403e-7
7.0707384153278145e-6
7.260541675948393e-7
3.430410649259712e-7
2.5990894925876484e-6
7.600050010686827e-7
1.3734232452889634e-6
9.325765756899295e-5
2.5933746115368938e-5
7.736114174313482e-6
3.463740278053713e-6
8.204001421155783e-8
2.490207020995411e-9
3.066870352689364e-7
5.4343409476193144e-5
3.389699001441667e-7
3.624123173686782e-8
1.9961966571589335e-6
2.1825024658395953e-7
2.1243543166440587e-6
4.03867146418759e-8
2.81319097844189e-6
2.3909870932887914e-9
5.061799661822489e-5
1.094385419032422e-5
2.791186130376317e-5
4.243887343187132e-7
3.9219092765879635e-6
6.154351089755139e-7
2.800366695246089e-8
1.069775807866591e-7
1.825294738874044e-8
6.442398328349021e-7
2.410006110831339e-7
1.3193754202520361e-5
6.124821743516893e-7
3.127227924746724e-6
4.782704724108399e-7
1.4429450469937557e-5
1.756364751824827e-5
1.0696061936276267e-6
1.593831263418355e-7
6.420629635521673e-7
1.3657466110649476e-6
4.725389319598053e-8
4.5270510059710735e-7
6.58952300313908e-8
4.411210786551297e-8
6.291713376186845e-7
1.6768100704821833e-6
2.2316420042908258e-8
1.3044480958817702e-6
1.7195498023864228e-6
6.10852626044117e-5
1.2695765948678218e-5
1.0181183970792886e-6
8.776809763576375e-6
1.1255861935821612e-6
1.8104204153691854e-5
2.659289419100477e-7
2.344397245925479e-7
4.9947545772794555e-6
5.137234348747254e-6
8.364777092216179e-7
1.9285936555602133e-7
1.0890260356949595e-5
5.556518730767988e-6
4.0027883385475204e-5
1.3197820070188748e-6
2.6460358397054575e-5
7.601342511995981e-7
1.4427151951422669e-5
5.069904326526028e-8
3.3260435651870115e-8
2.331643617421551e-6
1.530231158609294e-8
3.432850776550822e-7
8.876979288500637e-7
3.133126561082436e-8
3.883073607869054e-6
4.516552258558303e-6
1.0379302868902706e-6
2.469915713054003e-7
9.416145983857795e-6
2.687273624718936e-5
1.2551178165047386e-6
8.23455750156027e-6
1.4625905737382788e-6
7.0187675985086645e-6
6.173787685480887e-6
3.779542431648299e-7
2.1840627869532117e-5
9.06782460737683e-6
1.6065941157965025e-5
1.6096853227844455e-7
3.2238000731724897e-7
1.1498332501495356e-8
7.749625546044372e-9
3.1841629126331957e-6
1.0766845304710651e-5
3.313993826621009e-7
9.02713309118634e-9
3.851183151779515e-5
2.714951582815127e-6
5.772833576022709e-6
5.394686997044818e-5
2.1117609120413786e-9
7.574566527109475e-6
1.0180031168531466e-5
3.7935743140654623e-6
3.008227523279859e-8
6.311037225576676e-5
1.3607184812936658e-5
1.2705419705670684e-6
7.123798179067978e-5
6.882859044470362e-9
2.791634267529761e-5
4.391759066512842e-6
4.2475113107423644e-8
3.2936111658536477e-6
4.029738393095068e-8
8.147446646216965e-8
1.1151193000908977e-5
5.704236859062542e-7
0.00041692182354613385
1.8436447681581047e-5
2.5682695162120382e-5
8.18622903265153e-6
2.170603624754983e-9
1.3757045463330637e-6
4.1320879192279664e-7
1.7608983823116146e-5
7.0034422232512775e-6
1.5400258818722329e-6
1.093592228856491e-7
4.889636334468469e-8
0.00011439760274545988
5.533210133786579e-6
6.930853831507708e-6
1.7235944617896886e-6
4.4213750613583276e-7
4.086625565411634e-6
5.032460019501494e-7
5.645096594598929e-8
9.218334399351389e-7
2.542142278401856e-6
5.597980362281003e-9
9.826679619183622e-9
3.5576907564167935e-5
5.7984265673656325e-5
2.9023097420130745e-7
1.627715968230772e-5
1.6387102629499504e-5
1.0940650568378205e-5
2.588621430493416e-7
6.50304332039745e-7
2.998765548911087e-6
1.3015371932241673e-8
1.120205921037994e-5
1.3693498908065502e-7
2.2535242702762154e-7
8.159600229240316e-6
6.021370136839047e-8
5.53438080035445e-6
3.311763579821073e-6
1.7900679618930134e-7
3.920456343754048e-8
9.150556690493711e-6
2.2116096883597468e-5
1.1753270589169626e-6
1.121971088543719e-6
6.817591471687788e-9
1.9460265602285073e-5
2.864541672678566e-7
8.020185186119451e-7
4.857746773436053e-6
5.6967521890691165e-6
3.449097548248355e-7
1.8449723883714623e-8
2.146203083707877e-5
7.855671026781204e-6
0.00023208834207146323
5.261958902486675e-6
2.6876948870660265e-5
1.7035913160655806e-8
2.1687230295437923e-6
7.38965169766317e-8
4.554429296466012e-6
4.139855804982083e-7
2.3386185874642267e-6
2.040324227942571e-5
6.509614207576269e-7
1.0091703644952577e-6
8.05258084047154e-7
5.483745275270026e-7
3.230946968896931e-5
4.310534114460414e-6
5.5363957751462585e-6
1.0414047934673885e-5
1.206344232081233e-5
2.2355440483586588e-7
3.220038890076806e-9
0.0008091065257492389
1.9807687552510802e-7
1.3344211528777498e-7
2.0997085512092185e-9
6.358873238659108e-6
2.4340392159949603e-8
9.708369979001217e-7
4.107328841540778e-8
1.2927877042066578e-6
8.359375549458515e-9
1.1560931833435416e-7
7.130430405340102e-10
1.427222765034003e-5
9.758355528663377e-7
1.339362348314549e-6
3.2469980029623474e-7
6.839471171187384e-7
3.801430026704172e-7
3.3369849985941687e-7
1.1723497574448392e-6
2.7159827587511965e-6
0.00010928698813353295
2.361485922115155e-6
1.6436623877130922e-8
1.2828900973244291e-7
4.6734093015686985e-6
1.029688107261121e-8
3.3713075775768497e-9
1.3098726274802e-7
1.6396066412725102e-5
4.866401553633985e-6
6.799108284101547e-5
4.404154954563676e-6
8.837007992980866e-5
1.5637356553091142e-5
2.880885771417629e-6
3.3047831868449804e-7
5.964864498386757e-7
1.4688765689522828e-7
1.1828692450253446e-8
1.7744636642105095e-6
2.1153183696022945e-9
2.36434883426506e-7
4.922776085177974e-6
1.7794654158590569e-6
6.006469509161249e-7
2.313856496717369e-7
0.00013323553241593753
1.6775310716049375e-9
9.659747136914639e-5
2.7829856255723974e-8
1.87881457970618e-5
1.6612603979379954e-5
1.1286756825051513e-8
7.444139565605192e-7
8.755718321831204e-5
1.5529497409549877e-6
5.924259158103147e-6
1.973499631145568e-6
1.0606001511614328e-5
1.7079376868227766e-6
1.1486071449797865e-6
5.9387277420382165e-9
1.6399216361691118e-8
7.473288005592318e-7
3.738424751063798e-8
2.878129674526722e-5
4.106913302378865e-6
1.9237924243043936e-9
6.60772089798801e-8
5.371695829024748e-8
9.29586959955468e-8
4.674170653239357e-8
1.630999691999634e-5
8.779353540974513e-8
8.932819270796186e-8
0.0001268597944097872
9.167076627621382e-6
1.4707744384962285e-5
3.572110406487349e-8
7.862114264857789e-7
9.119577327181042e-6
1.1806536220301573e-9
4.871302787040115e-8
3.6747967707039503e-6
1.7329163029866796e-9
8.706626870012323e-7
8.997308660491642e-8
3.1601492884747576e-8
2.632072468904405e-6
9.114130554178271e-8
4.505456318227717e-6
6.737620762149029e-7
1.2804818427409307e-7
3.198441735318915e-7
1.5900180693154395e-6
8.936081634511251e-6
3.538994367770011e-9
1.3529379276897616e-9
0.0012095307853752474
2.0638426041819482e-7
2.338977298387074e-6
8.370769789151394e-6
4.663639991723847e-7
2.1384563026749055e-7
0.000865957333743564
0.0008969634960411131
4.393753172800908e-5
2.093591229700256e-5
3.529135076463427e-7
7.46118076003023e-7
2.452186583919946e-9
1.429683430039585e-7
6.582784973505037e-8
2.9735804832628134e-6
2.532081341513543e-8
0.0011793214938232693
4.123817407062799e-8
1.1660752457435823e-7
2.4103098813381455e-6
1.4368128573465401e-6
1.7604332427747268e-6
4.364449913774169e-8
6.117818480095311e-8
8.627170724221643e-6
2.9985917696371844e-5
6.621697834519613e-5
5.707136991087237e-5
5.813511700671648e-7
1.307172446546689e-6
3.517413558898201e-9
9.043186065188763e-7
9.726504812943792e-8
2.6704064685725304e-6
2.606419252921275e-6
7.62076326948445e-8
2.296172332582002e-6
1.3992074411757412e-5
2.43488852532604e-5
4.0610318096835526e-5
1.89013946112729e-8
1.0473913225808344e-6
5.740293435531891e-7
5.845602158951638e-7
5.991701368208185e-7
7.6358787119569e-8
4.819876833979636e-6
4.020871096364356e-6
5.701136552931769e-8
3.301658258198538e-8
5.8076082319427165e-8
4.108577346754137e-6
3.7221247123448544e-5
4.316243343425173e-6
1.4620959488026591e-8
0.00014517608353348328
3.0217680912447938e-6
7.764210105400277e-5
1.282103838164903e-8
2.2433542961366606e-8
2.196901556735195e-6
7.273180015681309e-6
5.890814492507763e-8
4.887283948972625e-5
1.8040550483023528e-5
1.7201877396197722e-7
1.2567880056372088e-5
9.49166429940457e-6
9.453416909217214e-6
4.001688940817396e-5
0.003160465350218452
8.208972182714622e-8
5.472824822904387e-7
2.77421350734979e-6
1.2908541178200586e-5
1.3251638466519439e-6
1.652619731893156e-6
1.928671277626761e-8
4.710798138363985e-6
3.6960893988649904e-6
3.7090316658921456e-7
9.98287360977602e-6
6.67215404675642e-7
0.00016658207133103334
1.7587579983542075e-6
3.1743086008300755e-6
1.3664963122890463e-5
6.587800919142272e-7
9.919270806980769e-6
6.586286377867834e-7
3.552726436987335e-6
3.4267033681197964e-6
9.714743743573674e-8
2.7267942402058164e-7
1.4544646449458268e-5
1.011721338154145e-6
3.4370891355030395e-6
0.00019273146275978586
5.775754831354412e-6
0.0001143293395053945
6.084006636808273e-6
5.187956287220467e-7
1.5933347049556524e-5
3.124641482472684e-6
1.6543209891227186e-7
2.6954063932357866e-7
2.9622418527662443e-8
0.00012264151354497054
2.3865418585578515e-9
6.099218449985821e-7
1.0366912051533054e-5
6.789499554055678e-9
4.914599482486409e-7
7.268198920132413e-8
5.3607731237410226e-5
4.97402781840351e-6
3.520032318016644e-6
1.8424010821264064e-7
1.9050977671119405e-5
1.3534798158489578e-6
9.464704741046207e-9
3.9694072893218845e-6
0.00014063902360699973
4.2792601147140164e-5
2.980938957088062e-6
4.8551930551543056e-8
3.5671381003248995e-9
1.6443613114507182e-8
2.2346947077318214e-7
3.4556829759824197e-6
2.2349614289359444e-7
2.735466059751612e-5
1.0949029561752283e-9
8.887396001369676e-7
8.321053638252999e-6
4.983092307862596e-7
6.937978991633523e-8
6.414507849496912e-9
3.334165289233537e-6
3.28730879739192e-5
4.9555025069972185e-6
4.0660089452495535e-8
3.285644087735206e-7
5.962705944934106e-6
1.4961053727451437e-6
5.3630759702591415e-8
1.2899219984701692e-6
2.5067123650772986e-8
5.164364666328105e-7
1.3262506755893896e-5
3.8074733844633092e-6
1.9506174443123597e-6
1.2808777292569705e-5
9.694710871965376e-8
2.8342826369586234e-6
1.1252812940362754e-8
1.354735481740797e-8
0.00010422606111581734
2.0479804450685595e-5
1.111757939952114e-8
2.4149755253646666e-5
2.440353471986491e-7
2.590950910888798e-6
4.3762795918169353e-7
5.834315916560003e-6
6.679140817890742e-7
9.071921871683557e-6
1.1870566757189386e-6
3.7888987710162045e-7
2.047933575543487e-5
1.9933583503396527e-7
7.708412788019255e-8
1.1206367251116635e-6
0.0002597763016184265
2.5518293219321473e-6
1.2887497588351753e-9
1.7101075149758662e-9
2.6789961699857174e-7
3.6074993525920586e-6
4.811587756312752e-7
5.098229996458954e-5
8.53193692760378e-7
1.6495231100674603e-7
6.958004024942266e-8
3.378997698872444e-6
5.0548134720866625e-6
2.19622718894415e-7
1.8111953378294654e-7
1.6330808761966155e-5
1.3392219108764422e-6
6.247946853186496e-8
9.810029276152652e-10
1.2433206685914567e-6
3.742239679444637e-8
3.623274955731665e-5
1.6409578565534382e-8
5.0532777289558297e-5
5.604461969489132e-7
1.8185527590733794e-7
3.7144745405331456e-5
8.470622267902845e-8
1.231071650629457e-6
4.4162948833949894e-8
8.079216258173776e-7
4.544028611037501e-10
2.4065774538020065e-7
4.6637818221666195e-6
7.088909026526836e-5
3.7102327121232053e-6
4.298471489866516e-6
6.549589358270385e-7
4.6692112408279027e-7
6.96395995812445e-6
1.1439816543581599e-5
4.1270157079463894e-7
2.1582028178471445e-7
1.1023289230649853e-8
1.54593729824308e-6
1.3692381746931423e-5
6.563223883246535e-7
2.897332079221092e-5
1.484640207400157e-7
1.0783810594550553e-7
5.3062711334281064e-5
3.421881654519003e-9
1.0572016478880672e-7
6.60651199634616e-8
4.3885187360408887e-7
9.045821908454049e-6
1.414235445293772e-7
0.00010628723154148445
6.606253122236226e-6
5.756554663082756e-6
1.0320605634115424e-7
4.8461213420374304e-8
1.6426989031032329e-6
3.887014064400736e-6
1.5681793000150412e-8
4.184804810136497e-8
2.3693381820273646e-8
1.828672122624623e-7
1.1665921717871645e-6
0.0004950405587334507
5.6687963012631364e-5
0.0003525686451845865
6.35813844893377e-6
4.5608589533796715e-8
2.9336704943599536e-7
1.6169718725962254e-6
8.96724423071848e-6
2.5228165080335137e-6
1.0020904849882887e-6
8.617977698450986e-7
9.2322339624771e-7
1.8359162913953236e-6
2.2552167947913677e-5
8.017998265312986e-7
6.326619528050966e-6
3.60589661255374e-5
9.424849041284761e-7
3.178253422297128e-6
5.681633932568102e-7
4.203173631020507e-8
4.883617381885515e-8
7.895306181873408e-8
0.00041986169505593197
4.034696515884704e-6
6.17609730501135e-8
7.531243318953623e-7
4.5712817955995984e-5
3.5126419654109247e-8
1.797556884665238e-8
0.00017545042499380974
3.6327935511140627e-7
3.344241701849681e-9
6.498689358795222e-8
4.690491725395127e-6
6.423352137615616e-5
2.215248366022942e-6
6.884373540484857e-6
2.352912151896503e-5
2.4675014027134196e-7
7.86742213388431e-7
3.702183508721341e-6
5.931701307842951e-7
6.703229911164431e-5
1.6535872576909758e-5
9.223791036069222e-7
5.705297689443441e-5
1.4115096559893015e-8
