1.7076340975348255e-5
1.3495765695664874e-11
1.3517459483916822e-8
1.1317946913872591e-11
4.820983182568801e-11
4.620200757935411e-14
3.15465804662014e-8
5.277473978344755e-13
1.513500068418844e-10
1.3680531894745544e-9
3.2847284346929838e-12
8.364645358507545e-15
7.069461810473623e-12
5.0542646271008374e-9
8.278683521222885e-12
2.0839009835184986e-11
8.486472478208733e-13
3.222724488599282e-12
1.3627620741133268e-13
2.405178825171927e-11
5.196864046477546e-13
1.2246730844224589e-13
5.596438835206681e-12
6.791685456324876e-20
3.222948276220302e-13
8.593189389642665e-9
8.741732312179259e-10
6.590348258101533e-13
1.342028230435472e-15
1.2337483644433669e-12
1.5767020026201986e-8
8.865760445485742e-12
6.637919921367737e-9
8.581152278034392e-10
1.5127800048548027e-10
2.7277102726531763e-11
1.2127271981554009e-14
4.433300737214002e-13
8.33234559390126e-16
4.367445845176833e-9
3.698755747252948e-14
8.101069721459886e-13
2.1683600001609832e-13
1.1388619572905132e-14
2.1998813925577587e-15
1.7837419146205236e-11
8.312143412760471e-10
1.4157597500079295e-14
3.005207374124147e-11
8.403749049920835e-20
4.718600732695775e-15
4.1309644294872944e-15
1.7764003311301975e-16
9.253773832391248e-15
9.566896984382901e-15
3.904429146115898e-10
1.3033944425086228e-11
1.2534057844173776e-12
6.527160203781018e-14
2.7747859172083e-10
1.261117573466705e-12
1.577479810889865e-11
1.0638472347332954e-15
8.31957034967029e-9
8.794222425647528e-13
9.020460217730068e-12
9.693043305405929e-14
1.5340746185446296e-10
1.5323875338942497e-12
1.2705095901721806e-15
9.578075792592677e-17
3.820605617686715e-16
3.372960914212366e-14
5.013726425088409e-13
5.003980896326796e-12
5.241006322897716e-12
4.919936881843554e-10
1.6856646625841596e-13
4.945001907481376e-12
1.0165404296162453e-7
1.0690748697396981e-10
2.263569312540178e-15
6.759123186903713e-14
8.063660065124256e-11
5.361191516322554e-10
2.0951659827695877e-14
1.867409170241975e-15
5.3299451303408717e-17
1.4178362241705413e-9
1.556529766260689e-15
2.9658451138682494e-13
1.3540117712516384e-11
3.5871026054071337e-12
3.72280835264749e-16
2.7507277636926915e-15
1.3698111594024132e-6
4.926186002198745e-13
2.6570510600523103e-16
2.6322235190193383e-11
3.4908018685039263e-10
1.8839891003880587e-11
1.7660520990660791e-13
1.7555922575491233e-11
7.014738594744763e-21
5.144807407871666e-14
4.434317538348516e-13
8.32168050722454e-13
4.665374476596236e-16
2.7089785233043016e-10
2.127022836681112e-10
3.3215285895204464e-11
1.4236140013271425e-14
2.4835340367137203e-15
2.9523613214520387e-8
3.6796102696111067e-10
3.334955176685717e-9
5.964279329014763e-14
3.6270369344869764e-14
8.039598615346148e-11
3.733103453352443e-15
6.488463934586724e-14
7.224003493755324e-12
7.970328088411627e-11
3.3328300000125114e-5
4.4210569970360656e-17
1.5841715300919655e-13
2.3875590960995408e-12
8.865882823308033e-17
8.552622366714355e-14
4.0155372041456393e-13
3.1857627166256297e-13
1.7026118247714251e-18
9.832324854009648e-10
7.525809226956575e-10
1.3443049519433686e-6
1.2768659915296457e-13
9.751034041944067e-15
3.106013431644901e-15
3.4480808462726733e-12
5.849541146397375e-7
5.787950819820452e-15
6.312808044839244e-10
3.4219840077163057e-12
6.6945271455768424e-12
4.931756741616338e-16
3.918526556037925e-15
2.0841168352352988e-14
1.9569890868410419e-10
1.031891468859101e-7
8.710713675488565e-15
6.03223650780431e-13
6.882105378384142e-12
3.0115736517629976e-10
2.933595443222362e-11
2.9861558968883895e-14
8.560461840799398e-16
9.702974500314315e-15
2.093265796563372e-11
5.437265958111906e-14
2.6192265392102625e-12
2.78831623554505e-12
1.4634062940201563e-8
6.471758883736885e-15
1.2236884073827154e-8
6.608329148347317e-14
1.0366758193324335e-14
5.597025681465203e-14
4.0346393730503523e-16
2.6537688400820044e-15
5.452381308899485e-15
3.511827912456617e-11
2.205443858950168e-12
1.2273078693137153e-10
1.1268847184359941e-12
5.217670481107743e-11
5.896029084022402e-16
4.357774477760818e-17
1.3484192475569292e-15
4.1920198690611725e-13
3.4806645536780425e-9
1.5890745689201988e-13
6.02679806848408e-15
3.085218575312922e-9
3.372864219556251e-18
2.1938723462298798e-15
7.1811209248379876e-9
1.9355168197376313e-15
2.2544822932917583e-16
1.1199453148736341e-17
4.2253736044814656e-11
1.3055693721364144e-15
7.633114066170138e-16
8.777063731408107e-8
3.0021695480376765e-11
1.2034932670978885e-12
8.997316858466039e-11
2.0510569210366055e-9
5.918334134888634e-13
7.63784202155955e-15
5.2141345513752474e-15
4.403036825478846e-13
1.3895549738381247e-14
2.0738159665254923e-14
5.456978870500875e-15
1.9588983939192965e-19
3.1165475495553086e-13
1.057036716162623e-8
1.0426676331084495e-12
1.9907013493753152e-10
1.8570673574050097e-13
5.846771413379378e-12
1.0103403507461356e-13
1.489953417348224e-12
1.6835896522638869e-16
2.2235041174143347e-10
6.021466722872076e-14
9.527060872090142e-11
9.498634589169085e-10
1.9739244574185097e-17
4.341064681750436e-17
1.5812057717318774e-11
1.1355347739391037e-16
1.1171615236608247e-15
6.771758549774103e-9
1.4333810582349374e-15
1.1497364573925512e-16
5.311303717455772e-14
3.1267713940134455e-12
3.1680873263678866e-13
3.1268972662176017e-10
1.1512980425312253e-12
2.2538043384516956e-13
9.772181325099412e-11
1.931074553177147e-13
2.9348768966160975e-14
1.2651590670810324e-16
8.884563651990078e-16
1.1743123457424883e-11
4.0522397233050074e-13
1.8092674692457286e-16
6.436423098047925e-13
1.3894695109298439e-16
8.463370374271287e-8
8.829031402047782e-16
8.872951442040697e-12
3.681875524639912e-14
8.373528156622764e-14
1.7403346940750162e-15
4.5334078130652887e-7
1.0220846242487162e-10
5.716273656572468e-13
3.4250566479006766e-15
3.880744000393533e-15
5.123330944153438e-9
1.5842979035731158e-10
5.391842075804197e-13
5.493249145252895e-12
4.900191057430384e-16
1.506075701339902e-15
2.9368113151599923e-15
2.2880145841465506e-16
1.4427570741980864e-10
1.8290840551975286e-13
2.6070134736800416e-20
1.8812096239382006e-9
2.178077910983049e-13
6.284779195908447e-16
4.1172704398480535e-8
1.6861142499499195e-13
2.5865335024105893e-11
5.98283472189695e-17
1.4820129709838808e-9
8.670228164865533e-10
1.011316897659399e-17
1.7514379030683527e-14
3.7901875942128597e-17
2.4191940380963174e-17
3.735479656411131e-12
8.279413996432931e-13
3.9025036596424827e-7
3.0202302298022886e-16
6.101934932318902e-20
9.469354383822104e-16
1.5002653862665347e-14
2.0592475140460872e-17
7.661590705092996e-14
1.6174007493064744e-16
7.36448973005882e-17
7.284427806921219e-17
6.997375027769514e-14
1.8217930089724666e-10
5.799518295962694e-16
3.52605576029614e-14
2.006951254945408e-11
6.492313197474508e-15
1.121024095123644e-13
2.9008602943654095e-11
5.068192724079217e-16
3.935353590371468e-15
2.347907098704258e-16
5.507916301020646e-13
3.714597265060365e-15
9.911309150390078e-14
2.7516589880844096e-13
6.618426248952643e-13
3.687223208645267e-13
2.3779357893038375e-11
4.40532759134152e-17
1.79976205212817e-17
2.381816900202838e-15
2.3630080852957647e-14
5.543620104076333e-8
2.5977409315073213e-16
1.4622624925618147e-16
1.2583924743205076e-15
2.5387068689143534e-15
3.373097781281492e-17
6.839664949709056e-15
1.3691629101587786e-15
1.2851380309159188e-11
2.2390264689427816e-10
1.49784669085534e-14
2.619561303558334e-15
3.936438517871386e-9
7.8028043486312e-12
8.219310834052052e-15
2.3452567850744423e-16
1.6826608626931244e-12
4.673630115997534e-14
5.772617006087968e-16
3.7249962412163977e-13
1.4451722033334746e-16
6.3491328063706e-7
1.1669883984566444e-14
1.6908759781522748e-14
1.817095918043672e-13
8.323571056753142e-7
1.3089502128603594e-7
7.1962938380994e-11
3.4953224156955897e-15
7.720006384422731e-15
8.455619755530593e-13
3.358965748860488e-10
2.27114863639222e-11
3.0502754301512372e-15
5.21269445576959e-16
1.3560007297910766e-12
2.646388667891911e-21
1.4874324105511999e-12
9.565441162531986e-15
1.014138779714992e-13
1.072162495976862e-15
1.891496141711904e-13
1.5098199320263132e-13
2.498846417363506e-16
1.0931612665578387e-15
1.2974697824127144e-10
1.0996290989585447e-10
8.706620319314672e-10
1.6308304627364374e-15
7.280035627654023e-20
4.672192089204452e-14
3.246700755298292e-14
4.678024004093435e-17
7.098300297475574e-14
9.969105055637995e-15
7.244763180088822e-14
2.9295613058887494e-17
7.478073868785012e-15
5.100150099888388e-20
3.9885852886446987e-13
3.943825850907923e-7
3.1507207197537945e-18
3.0411680984757976e-10
4.3802778302591123e-10
1.8853313979555967e-10
4.655574678694459e-16
8.437669443667934e-19
6.000802118079871e-15
7.080587824652666e-12
8.665188349098088e-17
2.6276811743603252e-6
5.162640434685018e-13
3.974905022396528e-15
1.761670587815339e-19
6.588972741712404e-24
6.301571553213869e-10
5.87563978788926e-15
3.081705086434234e-14
8.858727879595803e-16
8.1186636192549e-13
2.989653548115523e-16
6.842393084737445e-12
1.8617493858740637e-10
9.909005817829192e-16
9.355332456816946e-16
2.1784392117805337e-9
2.3398398637107165e-19
2.676108296817909e-18
4.8573196338074325e-14
9.443510358438148e-12
8.954250957916533e-8
7.682646763754571e-16
5.944569733391466e-16
1.952749178661447e-9
1.1723157122620184e-16
3.9882580939544694e-20
6.663200617876191e-11
2.8200223924156303e-12
3.151847504914361e-10
1.862436180042455e-10
2.304366722807341e-15
1.0035305248387925e-13
3.622975222684153e-10
3.7199993483206565e-13
1.3423743738471833e-15
3.5004109697343764e-13
1.5270912894586274e-8
2.065147588986144e-17
4.569620531027177e-15
1.191746917973498e-15
1.716242984907198e-13
4.395295849746815e-13
3.1853020554553295e-16
9.11627138003417e-9
1.3639416760289675e-13
1.161010971531903e-13
1.108046106024456e-15
9.919178752054582e-17
8.71824705780271e-17
4.588394090330899e-15
1.6128062993239128e-13
1.7440653320873733e-15
1.0835798408740547e-15
1.2967115150742737e-11
3.311675668890836e-19
1.3291925292594273e-13
1.2247243525963796e-13
1.2045169779532024e-23
5.657859761179074e-13
2.4079726325855805e-14
4.89945993469104e-16
1.3744722658254928e-12
1.2821495074744136e-12
2.5475942588345378e-15
1.140997147640177e-13
4.706287543110627e-14
1.2541970602814628e-17
7.059090312757698e-17
2.8705317903234154e-15
4.670373441179636e-17
2.228158005188325e-15
7.867619221494642e-13
1.3870866935096098e-16
2.857370664155909e-17
1.081007106905502e-12
3.9739944256319985e-16
3.718159248780568e-14
1.307798841898358e-15
1.850951122981742e-15
1.8949107329169203e-12
5.833283819691041e-15
2.5863037484897423e-15
4.062229767378089e-17
1.0328020113126701e-13
1.7352722090612097e-13
5.229130294185959e-16
3.200965485949296e-16
9.048699335255875e-23
3.4598678495920205e-13
4.542657810942587e-9
1.3406890403978338e-19
1.0700212905984175e-12
8.192527067907302e-16
6.76700112604003e-13
5.067898063677814e-13
1.0607804482984892e-20
3.448750301009381e-14
7.255320668892386e-16
3.890307964676475e-16
3.1304304776459076e-14
1.627620180780413e-16
5.712416545914617e-16
1.2996392098375577e-12
9.422143091148222e-12
4.39242638584584e-9
1.6962306387859254e-16
1.445356897052678e-14
2.4660452199870586e-14
1.1010277923104013e-15
9.157647692093131e-14
4.340259323239791e-16
1.599711017317855e-13
1.589331803567165e-19
7.322141778789667e-12
1.7606936111722426e-13
9.61813462969466e-11
4.820011731218091e-10
6.196064514876064e-13
6.085730892315897e-10
1.9161905408912576e-12
4.247956325080599e-19
2.7332084380541145e-14
6.650750444225688e-19
5.428865493614032e-17
4.88029627539302e-22
7.329704415786172e-13
8.986444859138096e-14
1.5973101791330417e-17
2.4105338549465148e-17
1.579268510323345e-15
6.835196385538333e-13
3.673228361887083e-16
3.976489586981145e-9
1.0738233370605018e-12
4.2545474943060887e-13
4.717724931272315e-20
3.366256894391864e-21
7.410023334065409e-8
1.8207971433957236e-13
3.4808321346598074e-12
9.66624552704989e-17
9.414283143614045e-10
1.9484394741790955e-11
1.3547512487793536e-10
2.679403075220043e-21
6.313644400518238e-14
5.972105792637013e-16
7.192171520392887e-14
3.357865560796504e-12
2.6121921094493735e-15
2.3487755491633488e-17
2.233662335234325e-12
1.4709170014234344e-14
2.1237449851376582e-17
1.7741644809216784e-17
2.5783556864591295e-11
1.2982057362224842e-15
1.3654512984590306e-18
1.7564692623488413e-15
1.5821883400591922e-18
1.341927362319152e-11
3.961711551537098e-13
6.355041372361923e-20
4.546692675140752e-17
5.928942118140603e-16
1.0172624071090303e-10
1.2751307717879056e-15
1.1439864048082963e-19
1.8309883035220115e-17
9.105187755562813e-10
9.200771610528574e-14
1.6058020434943683e-18
8.190384753444327e-11
7.987726058499542e-15
1.0144450698859888e-20
1.0684820819485205e-11
1.2266524972407618e-12
1.8238977893451605e-10
6.590016997393233e-14
9.38422633170786e-21
3.2231241727216205e-14
6.630057045998967e-11
3.8175148003534745e-26
7.885494679112266e-9
7.333592171801031e-15
1.0011381791480629e-16
1.792203555049647e-15
1.8479868874165278e-14
3.630178265382964e-18
2.434337267366805e-13
2.6266428239570665e-22
7.967544596181631e-15
1.4758996406354338e-13
7.027941025193335e-9
3.4818113906588375e-15
8.31417182163954e-15
3.2608975446991174e-16
2.0936369082567674e-16
1.4018895967283874e-17
5.431402592169754e-13
4.935917717838468e-11
1.7049985315877427e-9
2.471812861986331e-14
2.5701446051061916e-16
1.2256248862901697e-14
2.374886592142957e-16
9.07802891604155e-21
8.206582828096953e-14
1.30998082379932e-22
2.3881792839749517e-16
4.50749532577062e-16
2.4364751105586474e-17
2.9478409382612863e-21
1.2286548325262551e-14
4.0747363482675655e-21
2.897728111479461e-11
1.624538990975538e-14
6.874878958091328e-17
2.768650256268959e-17
7.556758634836736e-12
1.9604013392107165e-7
2.2140762595197532e-16
1.3734713292303572e-21
7.272481741815659e-11
6.167814526663999e-15
1.3686590949121214e-16
5.336926379075415e-11
2.3610290233606e-16
9.07514606897061e-16
1.879934586725222e-12
2.238097106916247e-11
9.57186200487201e-18
4.37874250764712e-15
1.8914030570652755e-15
1.3450098704814122e-10
7.168689280533549e-19
5.75988468042152e-14
3.1158700731354074e-12
1.1853282553414405e-13
2.930404854307691e-22
3.7748699986769017e-10
2.396508763157967e-12
9.64236285269404e-19
4.594441583731626e-9
3.316509999402459e-15
6.013791125382204e-11
2.0809993815437548e-16
5.001103179942497e-15
8.919334435228614e-20
1.3664993235486869e-19
2.7487123829407875e-15
1.738001572578703e-21
3.095358891656185e-8
1.8275953375605785e-21
9.305887628771543e-9
3.051036203172674e-14
7.788107822091916e-18
1.7453729491653292e-19
1.0356220601922638e-17
2.985527375679682e-13
1.6277860510622333e-17
3.736555534984501e-23
5.262417559874932e-16
2.2100098889581907e-12
3.8588491812516415e-19
7.635482015274781e-21
9.990976282308472e-19
2.2521107343434713e-18
1.0823274375794051e-14
3.4580148889792236e-16
8.633280649251265e-12
1.1417931908346729e-14
6.358129815832315e-20
3.7234576044725233e-19
1.6811709281623704e-13
3.897865887305625e-20
1.1410663536650028e-17
4.80486930925133e-13
1.4226586178193305e-15
1.458842005787522e-14
7.255579965169714e-19
2.619645133173085e-18
5.936982948941939e-21
3.3196745001676974e-15
2.8727039177869074e-16
1.9322211502876188e-22
5.996800057889578e-17
5.184990036477252e-18
1.1908348846692896e-23
7.266808180573693e-14
1.9002002211856753e-17
1.0826492580907427e-16
1.5757206903796063e-21
5.587317899515141e-19
9.684103138904654e-18
5.3081380031932275e-18
2.5657505497622947e-15
3.334143013284922e-19
1.0718121216224549e-13
1.7112766284254683e-14
2.1229648415303863e-12
1.9412426957919196e-12
1.8369905565998517e-12
4.6507746919434536e-14
5.893222128921473e-18
4.6103068897519055e-20
2.6335420883270093e-16
1.798685067083388e-20
2.3513511244672975e-16
6.552610458572124e-19
4.699334140590881e-14
9.953779335041867e-19
7.150360177929121e-13
4.808785942978745e-14
9.519603390919959e-14
4.755003505602471e-22
1.4927364711470262e-20
1.0161749133347383e-17
3.542528266971893e-13
1.6291873562593488e-13
5.230761040248487e-17
6.333960273279287e-12
3.493511148378401e-12
2.9196011756845986e-14
4.6316509185778474e-17
1.1940535604435125e-11
1.0025912443920075e-13
1.5038491541895783e-17
3.107545134968274e-14
1.6888986549419053e-21
4.9660765444535606e-21
1.828688067748292e-12
1.744158024017937e-14
6.5567106660005325e-24
1.0772413316339075e-15
1.1363611230136877e-15
4.3316625590045914e-14
6.673314291809064e-17
1.2136863741904935e-15
2.2642759521844897e-17
8.2976041030288675e-19
1.1491116168801456e-12
1.5829314894464374e-21
4.521475100669984e-19
2.3836758689292786e-16
1.9561068291962825e-13
4.884073076444155e-19
1.2461705528621028e-17
3.175477880771106e-12
7.035752668816847e-19
1.918054466175336e-16
2.8339010204699698e-15
9.255367142807639e-18
1.5896887849732296e-22
2.4674528805544984e-12
9.017091588767944e-8
1.7595436080500447e-14
1.7486028167426658e-9
5.54914203138467e-19
1.964964624516933e-15
5.839738284489059e-16
3.8494990245706114e-24
3.3021043440322457e-15
2.335017005574232e-20
4.1125081763047106e-16
1.8492192130025247e-22
2.334504971557683e-9
2.202569274036511e-21
4.631635584108573e-17
1.121430673230599e-14
6.8144503699977944e-15
6.068778665061711e-18
9.227155244017102e-7
1.6397794259392824e-15
1.9066024658684672e-7
5.139587894029611e-19
2.54064984146503e-16
2.729252605701273e-15
2.6512771632449394e-21
4.217341959743361e-16
1.5182338115732948e-19
2.908960418446285e-17
1.0571927744844755e-17
1.2510380254729137e-20
4.581068941345715e-13
4.0807552040928636e-16
1.0939782913259767e-13
2.5808991852809874e-16
8.94355194456497e-21
7.803494758872126e-14
8.149508662513127e-15
9.410818439333972e-19
1.3401907438707898e-11
8.550807142430501e-13
1.0626053570767668e-18
6.534882978645032e-24
2.8016801012638336e-17
1.0160310970392113e-20
9.173302715263621e-18
7.157544490623412e-24
1.437585392519797e-23
1.7890279749583487e-17
3.64691066334445e-15
4.9047711785070973e-20
8.242690862907031e-17
7.158348853759504e-17
5.023459531208754e-22
9.512094788049439e-23
1.1737495541605895e-11
1.227430619532416e-15
1.795469163325109e-20
4.430413081396133e-12
5.949314471365478e-20
9.551709017598388e-17
1.093130581761812e-18
5.532831853374747e-15
9.290745516715947e-18
1.3967029705886882e-12
1.0723523139577571e-15
1.4945292926374032e-15
7.063813258696386e-16
2.602974504327243e-17
1.7487505507663791e-15
4.85568564130598e-10
4.548394252310285e-22
1.8901744438829643e-9
9.30990318298264e-11
2.1932638191156951e-16
5.0483877761658924e-20
3.655044304796722e-13
9.427842318070122e-12
7.843259066298009e-14
1.743269421820712e-24
5.405108626437919e-17
7.829623723920321e-12
3.2006368380879052e-24
5.341277845081087e-21
6.6846164391321415e-18
8.291557111955039e-14
1.0607830860843353e-14
4.161577249070045e-12
9.866618468143576e-23
2.3212822136197688e-17
7.475753278765696e-19
3.015456161732084e-17
7.853112639710856e-16
8.167640066484668e-22
5.3136554942034213e-14
8.704225790797303e-23
2.2746790190160955e-18
5.732639957685979e-16
1.5390888391454056e-12
6.9955317324424816e-12
2.5975443525440254e-22
8.82573861529023e-23
1.491665171828888e-21
1.5675839958360962e-9
7.972434673099212e-13
1.4636242736694949e-15
1.8283793442226908e-14
2.9445832274961696e-23
2.020647010889123e-13
2.949478994267245e-17
1.2754915902902335e-23
2.0242459214256069e-13
1.2533765187537198e-17
6.2125875291438995e-18
2.917060603120545e-17
1.6671377226127229e-16
1.0308679953723727e-10
7.080833355809763e-14
4.100777740181809e-12
6.079602832959511e-19
7.417921649429793e-22
1.3269278522619494e-15
2.922231221548062e-14
9.343538706959706e-18
3.11423344351177e-10
4.224167190588368e-23
6.900583404181888e-20
1.8506783414736514e-13
1.6901374976695187e-6
1.4331008919224815e-13
1.1758146971898988e-19
3.017803022111818e-15
4.293548779804381e-21
8.585402621198915e-22
2.0926842429769813e-18
5.368414925467387e-25
4.1564487132175463e-19
3.0216421834145713e-23
8.239751428188425e-23
1.631637046841558e-24
2.2537004743880667e-13
5.510800283432194e-19
5.475521982632849e-20
3.159471570540456e-23
2.7293608475833334e-21
1.4425384262305234e-12
6.650357049001203e-15
4.108504113696052e-18
4.934191040490493e-10
1.99982862718896e-22
5.678750530693471e-13
6.541876239912024e-13
7.219476460592636e-15
4.370716709780714e-14
3.958821151451216e-18
6.171449934614786e-15
4.290083691012965e-16
6.010567688113063e-16
2.9714932229556316e-22
1.061635924979058e-19
5.808059235723957e-20
3.2060322704276673e-10
6.65581382576305e-24
2.764189611949797e-17
1.0285695908739465e-11
8.381106573065847e-17
5.589158140237347e-23
1.1715023065593858e-13
1.5337394484787643e-16
9.107437250260965e-21
3.9648883285347487e-13
1.8979906616950275e-16
1.815799115094027e-17
1.6188050910588991e-15
4.906202526854749e-15
5.508293150235848e-16
1.2256666121751953e-15
9.240641683944684e-22
4.3000381800356294e-16
1.2865425579105443e-16
2.125652173263844e-14
8.081563070464138e-16
5.872954751896614e-16
3.252075922391078e-7
5.057269274813932e-9
2.155363647388175e-14
8.458422739217281e-22
1.0038948595152303e-21
2.1164166404410267e-16
1.3349399385750036e-16
1.9282282159427176e-21
4.969309991256772e-18
1.7090373406247715e-15
3.9495309945677965e-16
6.288208161634579e-22
0.005718486894884413
4.1160224872649106e-20
1.6621916113310053e-12
2.0713195665133063e-23
1.9996617089712737e-25
1.7499355700255386e-11
8.987598033939618e-18
3.864008219510964e-16
2.421593112212798e-22
1.388023333008939e-7
3.2497688187132167e-16
7.023921796822018e-10
5.821210124180028e-22
5.0118943481849975e-19
2.213203859771457e-12
6.828544464647273e-15
7.940051749917781e-14
9.490276811924644e-22
1.1355852549189246e-24
5.1674477745003664e-11
7.707599226489108e-18
7.640858812283208e-23
1.8869569834774788e-11
4.742465689998235e-15
8.31785808498945e-18
1.4034523615475695e-15
1.0500143850991504e-9
2.331133652500965e-16
1.173382312195877e-15
1.37852762974569e-22
8.36181395560973e-23
1.8528661560594625e-13
1.5768624864707842e-12
9.019683274451314e-15
5.707892185900631e-21
2.4547293305882227e-11
3.0901672760916254e-20
4.578821112005412e-11
4.935331544809075e-24
1.05121785421306e-15
9.087054596727063e-14
1.4363484033731655e-16
9.885438189961457e-12
6.594525322764001e-19
1.7355125603020014e-19
1.199252989250442e-15
7.21800296784774e-18
2.195823726179783e-8
2.912249786166975e-21
2.466289339685202e-20
3.88133824061746e-18
6.106377849217331e-11
5.487376925594017e-18
9.933413406639332e-23
2.0903526909720166e-19
2.1531157888942323e-20
1.44456076069098e-23
1.2566694695095186e-11
1.7146095001478289e-25
1.998151600504142e-12
5.172108902955749e-15
1.262023439719899e-15
4.9850194697668296e-23
1.6078863078714286e-23
5.688958340633165e-14
9.366864442037536e-11
5.727750994115783e-13
3.4856129231011627e-19
1.7232161874624787e-18
1.0438463935230083e-15
5.763358179473382e-19
8.81808915115672e-25
3.5058964014813e-19
2.6978981841075706e-25
3.570000585184322e-23
9.509394705976641e-21
2.55994718528309e-25
4.644695489123112e-18
1.0018851316996346e-16
2.7310988823538013e-21
5.03933612437102e-22
6.295028682260944e-22
5.3738738951673657e-17
4.060545506175383e-17
1.030493291556312e-21
2.49100817647134e-22
1.4589423950731114e-24
2.3361959543682708e-11
8.43575468817753e-16
2.4231780162577783e-22
4.63328891988082e-18
2.775893868017052e-25
7.492022729381776e-24
2.804190240858412e-16
1.880565495251147e-19
8.743226736279196e-13
1.0959750402798805e-16
1.6313933236257107e-17
5.378331390085332e-18
6.468814246139465e-20
3.4517274373759087e-17
5.105258365097086e-13
4.039708034512712e-12
7.116689230326488e-15
3.241981812298625e-17
1.9041136646306077e-23
5.7664156231717124e-21
2.5837917767513032e-11
4.612187989848288e-22
1.015516892869069e-20
4.91078038644601e-16
2.7155154215568563e-13
1.98542543550208e-12
2.6051742473827033e-18
1.7447188627065414e-16
4.4432521765740226e-23
4.7683875521964576e-17
7.4929350229313275e-25
5.926040353196363e-24
2.0539529826330137e-23
3.971361938132368e-20
3.2137346443325167e-18
1.096697829409359e-23
3.738332454014713e-15
1.2020760274812474e-14
3.1072237902690094e-23
9.58195112151304e-24
4.710035824490624e-22
5.392134120332223e-18
3.1208139039869963e-18
3.070359181812379e-16
6.776383348960324e-20
2.442207605185392e-23
2.7674851151182026e-22
6.613312953535799e-13
1.5551226187340446e-21
1.7874479127721263e-18
2.1035623167264342e-26
6.07231648544139e-20
4.7586488359813024e-14
4.395371143444039e-19
6.253817282683651e-19
5.669435396757646e-18
9.164230809427592e-15
6.571172097863992e-21
2.048837653194849e-14
1.3547483438637007e-22
2.3053907124614698e-26
2.0803195627676092e-24
1.1573240531927801e-23
5.328709372624095e-23
8.71049513801739e-17
9.241232193718483e-15
7.204420143906166e-16
7.810017252222801e-21
2.9330184693709713e-15
1.2172834514758176e-13
1.6707701573764072e-21
2.957049943821881e-14
3.887804445269236e-21
1.897599360777162e-15
9.750457884673683e-22
6.584298402224723e-17
4.080977243922272e-13
1.0306754993125744e-21
6.411585685549433e-23
2.2100048846501645e-12
1.2577116919206215e-15
3.7885495217641673e-16
7.689697418492289e-14
3.416731515903103e-20
1.0919133458342864e-16
8.507812080681444e-17
3.196235274572484e-20
3.521644202083891e-16
1.798887714616651e-21
1.6521402315958015e-13
5.206448768159746e-24
7.338125124978904e-15
2.439257534357533e-19
6.607698248454646e-20
4.0820816423468325e-21
4.8314008643906435e-14
4.231944464665002e-19
9.499553861563675e-19
2.10845433749456e-17
1.7717314404849778e-12
9.477390397872022e-25
6.674278953274096e-23
8.092481604946314e-17
8.003217504210212e-17
1.0473026082725746e-14
3.790604446770379e-24
6.507431229758783e-24
2.0739497370350567e-13
2.015939114451955e-18
2.9121750935686244e-18
2.634532377841394e-20
4.4459235007326596e-10
1.1096784058996371e-21
2.6519551490596033e-23
3.8956252531564243e-16
4.486703330068548e-18
1.6373038159228504e-21
1.6904253112952323e-24
1.7592241074599836e-7
4.5650508073843796e-26
9.324213471852486e-14
8.629281273620251e-23
3.361185128190798e-16
1.8150548174680678e-26
5.837915367744522e-26
3.690459799497155e-15
3.654898835529105e-22
1.920747185457537e-22
4.470740447554077e-20
3.6544226411133997e-22
1.3895834594741467e-16
2.7369331599921837e-7
1.3934773469750633e-25
1.1646742253729243e-20
1.621938709449009e-12
6.303136308686282e-24
5.759838041675382e-23
5.776111604992415e-12
7.594265447976767e-24
9.487051255573562e-21
1.2576488470144273e-11
1.6110678768938972e-21
7.039674787727451e-20
9.098543549402151e-19
1.627858767703154e-13
8.144483073031181e-18
2.949457868344108e-23
3.6394317556732464e-11
2.7643922653634445e-14
8.779242958691044e-14
2.8564245294180338e-18
7.615621106023434e-11
6.05870794698862e-10
9.607137235668133e-22
1.5530223123993977e-22
1.9188343005175715e-25
1.1325630221754461e-21
3.0631817748245935e-13
1.765498911776532e-19
3.3043739854331025e-24
5.596580429023539e-22
5.355414760653774e-15
1.404795325171031e-24
1.273085491696846e-20
4.802112185625702e-12
3.1780522367766424e-19
4.3306915357271106e-17
7.073083470544851e-21
5.433610524396729e-18
1.6931867536501085e-16
3.405017855269039e-23
7.412959417254038e-20
4.2681864080178965e-10
1.0030680112978327e-16
7.133919676714216e-23
1.7471116062088163e-14
1.6436911648608804e-18
2.1301765365983714e-14
2.618799755417845e-16
2.941602752702292e-16
6.056105875150033e-17
4.816518092677349e-25
1.7998594397972368e-21
1.1333809099335876e-13
8.370776972179803e-24
3.1075798868864337e-24
8.058716361231716e-23
1.3001392546101986e-22
3.469433723213581e-14
3.1535963598773957e-24
4.926784991867191e-19
7.458124272963455e-20
8.032662302567964e-14
2.433586664386763e-17
2.915707648713754e-24
2.7277073344352848e-17
3.240148842388014e-20
6.962867941881287e-17
6.348291955682113e-23
1.7227921313412272e-17
4.347627622370738e-23
4.0846158619862985e-19
3.954232408509504e-17
2.1528499051370288e-21
1.5152713689504792e-17
2.207851819796099e-15
1.663781820902274e-17
2.1999562143752727e-25
2.0866997194462708e-20
8.919242998135916e-20
9.109073876670287e-15
4.656955880060511e-24
8.742722862406888e-21
1.5110806801861289e-12
6.176711230758656e-16
1.5883274980916657e-25
1.220989194010977e-18
3.091490174367156e-20
1.3990516316205138e-19
4.872297669703719e-25
1.1794540831714584e-14
1.1569317137791282e-16
2.6061030560690458e-23
3.1299444121706753e-23
3.8539736771140436e-23
6.325112104316416e-17
1.143838564179167e-12
6.497551998732844e-14
1.469745630306788e-17
5.425886014685094e-13
5.333528570390128e-26
1.660068307889835e-18
2.0168536079080534e-23
1.7522088932720492e-17
6.547115227500663e-18
1.2825008518063139e-17
1.0305200192986982e-17
5.124020948805525e-16
3.104820118192385e-17
3.1886197908670334e-17
1.2270741831188892e-18
3.4767062176502854e-15
1.0241935905339677e-25
4.447887333030343e-16
2.5325009913730273e-9
1.161065519883282e-16
7.942956243526421e-16
1.1611765301336997e-13
2.0998500638903955e-21
1.0517712957531304e-9
7.885537136059383e-18
2.2476948000606312e-14
3.374561627198482e-17
1.235197055185861e-16
4.0519608755498213e-10
2.155560874783884e-23
3.0997222187198254e-14
4.8334930751892153e-20
2.589037224925316e-16
8.877883127806266e-22
2.119928090171359e-21
3.9420902852784557e-26
4.045526194546066e-18
1.2603456855660943e-18
1.1222509155011127e-20
5.270239635999659e-23
6.395181683942088e-20
1.9034248835863837e-23
3.3452897638574214e-14
5.177719788773118e-11
1.2061754678459706e-16
1.4092290576499924e-19
2.856795399574421e-18
2.678234593668138e-16
2.502165994066521e-17
2.046925675521453e-22
5.457326252084633e-13
1.8622300063916444e-15
3.2358112803068535e-24
3.1752093364933404e-17
1.6946942212879728e-20
1.2374198488906289e-22
6.02534701564028e-17
2.6540162699519365e-25
5.558078953678852e-17
3.0395134908954988e-21
1.024159442307531e-14
3.722663263852869e-20
1.3306782228966977e-15
2.187086194919317e-14
7.235388011698807e-19
1.8993516901084763e-24
8.754171492414236e-9
5.158794610117977e-21
2.1152307444831237e-21
1.4160556295340998e-17
3.6108912546427093e-20
2.689914162905455e-13
5.8425356702598985e-21
5.2808681547997985e-21
9.786872793269029e-22
1.0547045037731153e-14
1.066799005131107e-21
4.10775918541145e-17
2.5785358702143146e-17
7.640724348863428e-10
3.446426223404482e-18
6.222298868514261e-16
1.5490615371608071e-19
1.21410582474568e-25
2.9634304179586485e-15
5.534270509061371e-23
6.097325698377314e-20
1.0749870879149019e-20
1.805242779897578e-15
1.5873862634946803e-21
1.7505245759041266e-13
9.712150022210562e-21
3.965300254349329e-21
7.809011721771499e-24
1.196389794443807e-19
8.506449363915067e-26
1.935530084932609e-11
3.1316811975782295e-25
6.1103004632489744e-18
5.897921356240035e-18
1.213430767603845e-25
1.07803268868608e-15
1.1125386728219266e-17
2.4419080120874967e-14
1.2805573161909888e-12
1.987065783219636e-20
1.0684644925317239e-16
2.7061066529510053e-10
2.56988279968854e-19
2.401026588487151e-22
1.021602910042993e-11
4.800814785850707e-15
1.8346695598043752e-21
5.3543355537530237e-17
6.2436356771929316e-24
2.539589804572793e-23
1.7008334656612802e-20
4.200457424139381e-25
3.18891572452611e-14
2.2465314470112897e-18
9.160932450955117e-10
5.058053361402852e-24
4.8989519058713485e-20
1.4159406958614075e-23
3.921337792970747e-13
4.1641938397732587e-19
1.3674487379014593e-26
2.636365804202886e-25
1.1051442063806921e-20
4.0281499426060254e-18
1.641175749996751e-20
5.842526741029335e-25
4.1677304169487606e-24
3.620040105344215e-15
1.20954596401612e-22
2.8185280304363832e-24
2.191288819490091e-17
4.566233549863678e-20
1.711532005410634e-15
7.334275667378001e-26
2.787808758115656e-23
3.992567537268982e-15
1.76090767372473e-22
2.8820957621895846e-19
2.4880531799556055e-23
1.6027260020519915e-16
7.736108632711307e-16
5.355403387674324e-13
4.87095212721099e-15
4.865161330629875e-21
1.066514212519854e-13
7.032475332178148e-24
1.888081968560699e-24
6.639800783757506e-24
3.2059943335275496e-23
6.430441969233018e-20
1.0617637176698298e-24
1.6887818933389835e-16
1.4530487093207088e-15
6.254237339248573e-26
1.2806727050399218e-21
6.4588569268085e-20
3.1760724601321013e-23
7.330142809446924e-10
2.005199935731155e-24
1.9619372393067335e-27
2.3852000826947756e-11
6.273983336196247e-20
6.701926222322874e-25
5.9626558240075415e-18
4.774520797426296e-17
7.245845595502826e-22
2.933190551740543e-25
3.991860296622982e-21
9.103685984357439e-22
1.841271398615067e-16
1.1397914095730212e-16
3.67576480915561e-11
9.071149249710655e-15
3.438949764439584e-20
1.4916354949120174e-20
1.9164992421501512e-17
1.3165207390280206e-18
3.090434087819657e-17
2.8726517124471065e-16
5.5611024764869e-17
5.704411722090936e-27
9.506078774148017e-12
1.7317730738092747e-25
8.44199201774151e-19
5.226850752309308e-16
2.47758866618157e-12
2.112475053312147e-26
1.960886867291622e-23
1.4142472975811856e-15
1.458966728075272e-22
2.603073145489821e-16
1.7850874556385762e-20
1.4662839702524832e-16
5.590634490480723e-19
1.823864335832793e-14
1.2458470445783794e-25
5.0804675132422004e-26
5.1645612771988e-19
6.661156208867798e-16
3.244443453829404e-20
4.466919222844686e-10
2.6262411667054913e-17
1.8644070693676646e-23
2.4098424686179705e-10
4.735636900285516e-22
1.0835666482600116e-14
1.4307631815489728e-15
1.0061717949315652e-24
8.764304657099898e-13
8.340401126279488e-23
1.2960840164501951e-19
2.4834218286054903e-16
2.845008736619605e-13
2.536353540553629e-16
4.8544318597334125e-24
1.5261206611074493e-25
1.8450501137243912e-20
1.1857589175255948e-15
1.2901221797884496e-18
6.916153927788594e-17
1.942729915390969e-16
2.1568642051483676e-23
3.079932303661282e-23
4.675192301754321e-17
1.3757080393597691e-19
3.9662338659334766e-17
9.13448197014059e-23
7.382705629490266e-17
9.126799413497025e-25
6.280581772402124e-17
6.157658764220198e-19
5.517349260098513e-23
2.2851694287453864e-26
4.7709447441929175e-24
2.5870441219842244e-20
7.934945630322915e-19
7.948088878408001e-16
7.108826909826715e-19
6.636688334988061e-24
2.0807766492837697e-17
2.7814830365648143e-22
3.800985180689058e-19
6.144511309470601e-22
5.236095438093386e-21
4.846612762772568e-26
8.441011522779293e-17
2.1400050007726688e-10
9.870719997802977e-14
2.0733549777200425e-21
1.428741794296999e-24
2.395888475161463e-17
1.6134289869728731e-15
9.759303227386225e-11
5.128226687016469e-22
6.650242804893405e-20
5.361937287590528e-14
4.349017486330027e-25
8.757501239942643e-15
1.651942442350403e-22
3.975525546453505e-20
9.252078173984839e-20
2.2320941213575814e-18
8.2418025996901275e-22
1.013403424391156e-17
2.7406224435048957e-25
7.006903620014747e-17
6.567419304353861e-19
5.269290022926198e-22
6.342676972978181e-21
3.797914919554926e-18
1.689578791148956e-20
4.668018701354798e-22
4.689193754462026e-24
2.1400743690702168e-14
1.290265262566416e-18
4.235079702829903e-21
5.119320197228258e-15
4.177819632458147e-9
2.778412441663274e-17
5.239235459505247e-23
2.4391771766359765e-22
2.8293515063238266e-17
1.285171797423876e-22
1.1375870715186947e-8
1.1708169857444334e-20
3.9544369342661204e-16
1.5043636804260477e-14
2.706497784420737e-26
1.860964954508145e-26
1.1844520985099011e-13
1.456802005109337e-20
3.6659921096682486e-20
6.327440893940314e-20
1.2155915419897431e-11
2.5602781425930834e-22
2.709829449410784e-22
3.731580253865792e-9
3.526048866963076e-24
4.0888011801428616e-16
9.007719090808693e-8
1.104872540315049e-13
6.200908496568791e-19
2.6154282118634513e-19
5.37328400383785e-22
2.007951465980538e-17
7.880283177853229e-19
9.627019301276852e-17
2.5099233369670435e-16
1.744187571563777e-24
7.336245028647497e-18
7.869628697545772e-14
1.4771728813084203e-8
3.946180195272721e-18
2.66818104974281e-25
4.521055772503504e-22
3.9471981510007526e-25
7.008157331140008e-22
6.279010974003946e-21
6.816485811623886e-26
1.3342543997948181e-18
1.2960460212522374e-15
6.151325477968155e-23
7.914449625804394e-19
6.69310951719334e-20
1.244325102390973e-10
1.9997668872204564e-10
2.894022526901216e-16
2.0673694543587606e-21
1.3863011995830923e-20
1.0611118403877314e-24
3.2908118813356223e-25
1.960259674267346e-17
3.3190500578474304e-21
1.6699580371625494e-18
7.058965141095367e-17
7.664941417617008e-26
6.624515586809372e-25
1.2270998205974827e-21
3.608543271311046e-10
1.6511023457376332e-23
2.2115436990687013e-18
4.822913421086647e-16
6.152991523152433e-14
1.1036207589602849e-20
6.0028686261146115e-15
1.5178184008640205e-17
3.647195306241236e-15
8.186316503788552e-22
1.1583758364138059e-20
2.606922541902059e-26
2.915270303579855e-22
1.2621350604261697e-26
2.2102671570491615e-17
5.291847834600573e-23
8.633274379023142e-27
3.14651776759415e-18
2.4814168965758173e-9
6.070405080809461e-22
2.0086909248160607e-23
2.104780730184198e-14
4.421231789652335e-16
4.9303538689796615e-24
5.92472203818493e-19
7.765168813441247e-25
1.8121461203396324e-12
3.530960942997216e-18
3.33222175899585e-24
6.348372570166294e-25
4.2335166995074006e-15
4.147109178656131e-18
5.825391847968718e-19
8.090957126805186e-18
1.6137045088180913e-12
9.541504847292534e-26
1.5453141184447905e-18
6.465554721170691e-17
7.753068155102561e-22
3.559909545417368e-24
6.513240451370233e-25
1.549096322265327e-11
2.6473294417023636e-24
1.7120997138268492e-17
1.0400874923027242e-15
2.0025657635230777e-15
6.012937093763909e-19
2.5361133770897052e-17
5.163372762994997e-21
4.5971248062296725e-12
4.9383104835756205e-18
8.091469761968038e-13
8.498545202098732e-21
3.524299650496356e-20
3.0697943299377135e-17
2.6485983698722466e-13
8.911435752613402e-17
7.340997133617963e-15
2.690531795126767e-19
1.433166590996127e-23
1.129787405609804e-19
3.6220731194343444e-22
1.5299417006820147e-15
1.2456177246954497e-17
4.0174743073778464e-17
3.605337336830153e-23
4.726960036484615e-20
4.2496154694145416e-23
2.388761318281113e-22
2.579889074592538e-25
1.5459584308404212e-21
1.884704115538894e-21
6.278770293305695e-13
1.4394380834821664e-13
1.5047100404235504e-17
2.8619610377973748e-15
2.9885981113724882e-24
2.4619482380863527e-22
1.5182038742802911e-19
1.1540111852671785e-17
4.8980479486692665e-12
3.311628860699144e-19
2.5415928226532634e-22
9.945955021458586e-17
3.204099761700466e-13
2.7681266495883698e-18
1.1270599846920254e-24
7.546108859413358e-22
5.347293602877748e-12
1.1520216026138144e-23
2.0376655608631074e-11
1.5652121391833788e-11
3.244707490630886e-21
1.8090207894094128e-15
2.0832306101108217e-18
4.081964212433531e-14
9.70812164344678e-21
3.161663693871161e-17
2.418009044303786e-22
1.9321175954129019e-22
7.1947815336243e-18
3.1433686109769203e-13
1.3912785257250908e-15
4.793811787449903e-21
9.302051470762883e-13
5.14194403336644e-15
1.7497689730119663e-22
1.6197213624956717e-17
7.266706680321259e-23
3.111604647528975e-17
1.7470409724579477e-15
3.75018652368634e-19
3.374167324959835e-25
1.1761409401899098e-17
1.309740246428171e-20
1.7270761158610957e-17
3.653028012496243e-15
5.58494706566886e-22
9.011776169335094e-21
4.7013955337181787e-23
1.7957829039997605e-26
1.2902531518586068e-20
1.9854815701925966e-16
1.4509861002241498e-19
1.012748098016544e-25
2.1326762806770723e-21
3.559801481796565e-18
1.3942779212517587e-26
1.025057482429967e-18
9.954932716840579e-27
3.3683621741608573e-15
4.8227119939743475e-25
2.0364046055334025e-20
3.061315798492801e-19
3.025156293117731e-14
1.1356327205602908e-13
2.3275831871837966e-25
1.8761949594029604e-14
7.761344102099141e-18
2.8821059087508634e-12
1.522121221771311e-18
6.853334501999019e-18
3.3383840167714644e-22
4.825621201730572e-18
1.9334994304101262e-22
5.582873822330621e-17
4.860179256074907e-11
7.94075609247405e-17
7.065660554955069e-17
5.9205033628075264e-21
4.9315178866011956e-20
6.04412914557244e-17
3.0668944844821634e-16
1.0697067527139754e-23
1.1738472027893223e-16
2.7470735537588255e-21
1.1250064104935071e-20
3.546726832339104e-13
4.115810564746651e-15
4.131199183941947e-20
4.017551322613628e-11
3.0803757595700646e-18
2.3775712412260545e-16
1.8929735467231662e-23
1.606044632376316e-21
6.7337332757079525e-21
6.918300492941561e-23
7.5843573919157725e-16
1.050698818773795e-18
8.072309801563916e-23
4.560726873184213e-19
1.2440713769679338e-22
1.6140826498791095e-20
6.898933097914142e-23
8.758083500063932e-25
4.6018496126579934e-20
2.938760518365855e-24
1.3608459352839782e-15
1.3501884952744096e-18
4.827256573201351e-19
1.1115716016952992e-19
7.458854011225434e-15
6.830356829148683e-20
1.4290856089037755e-17
5.161564541121728e-12
3.443370680862731e-15
8.328658761369836e-18
6.441306527210787e-20
8.305137931589012e-20
5.768414466641705e-17
6.664989084702745e-25
6.927702979740717e-16
1.0731062586912277e-19
1.7305554622682652e-23
3.754206779509996e-19
6.924181419896913e-23
4.555941652072862e-22
4.2890173034923385e-23
2.784326890741269e-17
8.578399383421029e-23
2.654640689982259e-21
5.834937974048905e-27
2.2309825210265197e-12
8.206165958129257e-24
4.329491697122425e-12
6.065436782421633e-17
2.0232148431385178e-19
2.0269632211819534e-21
1.1678023139619489e-24
3.5865877073969013e-14
1.0640329798199012e-12
2.7889012869752968e-12
1.2519589015879269e-20
2.1571700813988974e-14
2.9147551061669684e-18
6.4249857054611326e-18
4.214456236038983e-19
3.6805687217828586e-19
1.255540749869412e-19
1.1547559649215618e-19
3.3147518226383235e-22
6.265586378620688e-19
3.1762426170714805e-20
3.035187791888783e-22
2.052440034755067e-22
2.5847476943775185e-18
1.1518085120649878e-23
6.006588416049681e-9
7.992636947554136e-17
4.111832903376498e-21
4.1729386267078805e-14
6.4456655117745205e-21
5.5044767822727754e-18
6.027444694620598e-14
1.2903122964538009e-20
3.617236088842127e-21
4.175044086156968e-21
1.2656569838251811e-23
9.14510962134981e-23
4.572067702779703e-19
5.346298443374105e-15
2.4610343262799992e-17
6.539802318158499e-20
1.0236688609958905e-24
3.022664099043382e-25
1.0887191324984656e-16
1.5870058352598751e-15
2.591858230898063e-7
9.991023010320136e-13
1.6113477123887156e-16
1.104139190231622e-14
6.649880704226413e-23
2.024840218987936e-21
1.6142323343627998e-26
1.2308468585093811e-23
1.3716418079556663e-17
4.904983830854783e-25
8.013231070804054e-26
3.1904188433455083e-15
6.683228166043092e-25
1.3911893553663611e-14
3.339332523149506e-20
2.906740063926335e-7
6.968041378966084e-25
3.606756155487368e-21
7.003258563602767e-20
2.3364653778443913e-18
6.5634060172967625e-22
3.1237092610423056e-24
1.235761962976982e-19
7.285570415741885e-19
3.588930076172528e-21
4.6217399148606684e-21
2.5988872721773684e-19
1.1162719072127004e-19
8.929789091634626e-19
1.6998599590278968e-6
5.437573117739574e-23
1.9697741595115276e-19
5.036901335985699e-23
3.916529656460183e-21
1.1489500840289285e-24
4.489524963183563e-20
8.102473963546362e-22
1.9807651235007652e-15
3.0833996098252114e-14
8.354967870478827e-21
1.561049299395219e-18
5.0631050589802124e-23
1.3667532693200152e-20
3.604560466437123e-14
9.25586888463358e-21
2.161021093693684e-22
8.069311142858965e-26
3.0893142953433864e-18
3.373240501146044e-16
4.9832597845807034e-21
1.959136401292462e-18
9.062178967522263e-25
1.148981157308304e-22
3.822250795963894e-18
9.094414877815908e-17
1.609382052044069e-16
9.132756108993066e-17
5.456263130818638e-23
5.161703690931622e-22
2.9020422830326047e-16
1.0596365636875333e-18
4.1389631486744465e-19
7.817320640489439e-15
1.2835160104517e-18
1.6128044198246867e-18
2.293443899107628e-12
5.2116317491104715e-16
7.802786200346746e-23
2.4705739632737546e-17
8.856152243038422e-24
3.9861598936989586e-20
2.1517730165327572e-21
6.231925685556994e-16
6.2930150619590764e-24
9.744598401425553e-17
1.1527698582754846e-15
9.948914141626922e-19
1.0867111703764799e-20
2.6449899723732064e-19
1.9757897839440228e-23
3.326283381368365e-14
7.766936636503121e-25
1.4049062170739224e-18
7.770188556837235e-20
5.557731316745463e-25
3.4312380170917457e-25
6.0066962475433485e-22
1.7909795554646504e-17
5.128277925861619e-12
2.50069288097791e-15
8.721252779909916e-24
5.470967195427258e-16
4.775254165912314e-12
4.83575363893987e-17
2.7433704122790604e-18
2.8625914654421446e-23
2.934684593096786e-19
4.2161656344078704e-18
6.650372786553305e-25
4.5056648232033956e-23
6.809166022971042e-18
5.824325941883751e-20
4.284277608865359e-20
1.2655427624030617e-17
9.935813833369706e-24
1.348788655872845e-16
7.54302388056316e-20
7.530273749284713e-19
6.151476545720131e-19
2.0920035961712458e-22
2.1257647535642365e-15
5.282419841629066e-19
2.0188475773370498e-22
1.0324539270572147e-5
1.129602978348895e-23
5.819708679517056e-17
1.6250884838664092e-21
2.580845683438595e-10
1.332170584408923e-18
1.2118389276611147e-13
4.4327379268984e-23
2.9869628488703844e-18
1.3881532061441042e-22
1.3310153859425376e-23
7.758609383348381e-15
3.9158048326393843e-16
3.009977694768985e-20
9.794733310692358e-14
2.37368806341074e-25
5.044906921740126e-23
2.719422545355857e-20
2.184495722521632e-17
3.249460071667246e-18
3.51099879413662e-20
4.379251784079839e-21
1.3088333289042221e-11
4.534301218761506e-17
6.151124424734041e-16
2.278920125871253e-25
1.0020126598560166e-18
4.189731552462444e-10
1.2896718250422396e-11
6.493914713629492e-24
1.1567260453593666e-17
4.865235143376818e-17
1.2801464992521587e-16
4.749326882826756e-15
2.743109063149606e-20
1.3838976877818692e-20
1.1757240795596324e-19
9.792364937059953e-19
1.0332801825745225e-21
5.198984772489824e-13
1.0445001931401526e-13
5.374164487356972e-18
2.099853237606511e-9
6.666867838182496e-26
9.734651424275318e-19
9.864270376837958e-26
4.526375885352959e-14
6.731142958407342e-16
3.819949942211893e-14
5.181785809888307e-21
2.231590880499046e-18
1.2728773121693009e-21
1.425103153687525e-18
1.7729391209324735e-17
1.4167058254222894e-22
1.776387782268508e-24
2.6031704490704943e-17
6.256653536491969e-21
2.0946244900484324e-20
2.953496256554585e-24
5.981124512055063e-23
6.708222044487026e-18
6.250220457887671e-18
9.212010039151322e-26
5.283188417150022e-17
2.8006366329871703e-17
9.888123608910692e-19
1.7762041742075384e-17
1.7171517435631193e-25
1.245965576561676e-21
3.419721531555711e-12
9.431433178080342e-13
1.791706502372215e-25
3.4121906904432798e-18
4.809653828646221e-22
1.7668816665390704e-18
1.7565507693771016e-20
4.0848320153897283e-19
1.972229804048429e-18
4.1887206695033903e-10
6.421184008216816e-26
6.019412404027938e-12
1.2181842410060312e-15
4.824956059726859e-27
2.9724480620916494e-19
2.9377329905650994e-9
3.3488600274389975e-24
1.4669361407876683e-23
5.678369596358846e-20
1.776125188285278e-19
1.9990684391831005e-13
2.10047721950051e-21
2.248848790028487e-17
1.7697963831148424e-27
4.35997688439426e-23
2.3254279760604284e-16
5.104471620519146e-16
6.350653118332232e-17
7.111222620977777e-24
1.0368493975741523e-24
8.709054192255649e-24
1.2652490574612339e-12
1.1454544799240185e-19
4.371419593280016e-23
4.458107689328301e-19
6.4246761666636445e-19
4.2492177629046044e-15
1.1671870445173315e-14
5.695099891369872e-14
2.352674283611955e-16
4.0707774555349495e-16
8.871818734309971e-24
9.768033053653547e-13
1.0951231803529588e-14
9.276090615537618e-22
3.6072550076437034e-16
2.8068799231053687e-24
1.2515317189007787e-25
1.6216895041491663e-12
1.0961575358403743e-18
3.0040021294142202e-15
5.527176110582069e-20
4.9699106506618135e-24
1.512904122793911e-14
1.39699686430293e-18
7.094900989495935e-21
1.9560554245490456e-18
1.159850695850355e-24
1.7751583185312004e-19
2.5939317502891013e-23
2.5633331784718995e-11
5.512850061610406e-19
1.1010228338529196e-17
4.269955842042467e-18
2.3602552020481498e-24
7.687273891843462e-22
6.543545432009419e-23
4.358139836123939e-22
1.235031943522008e-22
3.5918367051659932e-12
4.804218774102903e-24
4.811250325336691e-21
2.1122045019594852e-19
1.7042665204577886e-13
2.1372168691429194e-20
3.3508983067641227e-23
4.2395312537218016e-17
3.480839260626506e-22
5.078000747107471e-22
3.285477861136543e-21
1.198418953151152e-25
3.0524722082606525e-21
1.7161152630902164e-21
1.9337763220916575e-19
7.237169070765542e-8
3.246472549609611e-25
1.2505885806116507e-18
2.1898653288529908e-14
6.749629486172728e-22
5.362668235089599e-19
1.1334678061620256e-23
1.0229339424510238e-24
3.494889459248207e-22
5.405244367928055e-19
4.463734813565167e-16
2.8413455709845036e-18
2.2173687270750818e-17
3.609275466899653e-23
2.990112815075337e-25
1.797574791873199e-18
1.4353896584354723e-9
1.8989191744684396e-22
1.3788545246787576e-21
2.9897616417074964e-20
1.5696319066596073e-21
9.685275308332011e-23
8.238300727035091e-20
7.932440438573755e-23
1.431200163744003e-21
3.545917086119636e-14
3.4495490618522643e-25
1.967854273890895e-24
1.313848084124644e-16
2.42774300269127e-18
5.475179799988766e-19
2.7413732337883723e-17
1.4867057806287234e-18
3.4406153044567435e-14
3.4731843626210453e-22
2.548582580171607e-20
6.601455993448219e-19
1.6935089714464514e-12
9.110403501787052e-22
5.188385025630597e-17
5.705515609686761e-21
6.857094555331344e-19
4.1800029993935795e-19
8.31215021733234e-18
5.338223697107815e-19
1.1644077615190964e-15
1.8822229073965984e-19
7.187557945152733e-20
2.055102263036444e-27
2.073882174178515e-17
4.500711883263715e-22
8.445400069831475e-14
2.5224805740846503e-16
1.1960420305894387e-19
6.556376069901152e-24
3.1565107269931847e-18
3.6320716672144897e-16
8.480222698383114e-14
4.246915855984014e-24
1.341557925990417e-19
4.9815751011979416e-18
2.774722402470183e-21
5.2436280908797326e-14
1.6345109282197157e-21
1.4472360742910594e-18
9.611141393737683e-20
2.2453390129738038e-18
6.128951969526561e-22
1.7042779400195593e-10
6.170514667551284e-22
1.0020414507377537e-16
6.169942446510541e-20
8.288676724356497e-17
5.4473382502170025e-27
3.2187096719415477e-22
2.059944600210411e-18
5.417067635483007e-13
4.103119664077814e-9
6.28526686987196e-22
1.6175922071827077e-18
2.5761630397912923e-20
3.57070635544299e-10
7.638421107798615e-19
1.273900698063681e-15
6.862741871268409e-11
2.1973686694247692e-15
5.293847461779917e-25
2.6224150095407872e-20
3.1609907338486796e-13
1.4069354586749037e-6
3.254954143585077e-20
8.888403308513852e-15
4.191360192220481e-11
2.0344889936076475e-22
9.933339872380052e-19
2.563236203707607e-11
5.2645478242194904e-11
1.7264008397446908e-16
5.054405107838098e-22
7.121424311513791e-19
2.515546392374783e-22
5.565994604236449e-13
2.4443602585023692e-23
3.2379285297987483e-21
5.074643372743699e-20
3.182268775309531e-10
1.8658565307246373e-22
8.677327558684523e-9
1.2240158828470362e-16
3.871524486338884e-16
2.447663628086697e-17
1.144787819412405e-16
3.501847443152849e-16
3.0521374442591588e-21
6.386595291268931e-17
5.19345742749221e-13
3.742213606003695e-15
5.726115109930252e-15
2.0521907912164495e-22
2.0709908729198882e-18
1.379627337281461e-15
2.940242703054719e-20
1.1368060343453434e-21
4.255222977532288e-22
2.875213706092422e-25
8.027160921325647e-19
9.033953557421347e-17
1.66829614999804e-22
1.4882657428323898e-16
3.2484212993671273e-16
4.898730972396722e-17
2.002188573067963e-12
2.1647932284360327e-18
4.810458349404506e-19
1.0276706478436798e-23
1.586017327998894e-15
1.6326476538282865e-17
5.210016774515459e-19
1.351440607274164e-10
7.308870401186264e-19
3.9770689317162845e-14
9.10800645183562e-22
6.790907144491745e-20
1.6980551481737842e-18
2.831916343329938e-22
2.588938549229647e-23
6.146487608960402e-19
2.6641558455684438e-20
3.777628828602712e-9
4.629223874852288e-18
4.632212021083095e-27
3.71550517013447e-15
2.938405449570819e-23
4.162302113663452e-16
3.3425532748157152e-12
6.533699399431627e-24
1.7588422175825683e-23
1.8572491534531504e-15
2.5692253619896294e-23
7.415507908338991e-20
6.2805813075019775e-22
1.0032810319451525e-14
1.2637038589905265e-13
2.2435112381405034e-21
1.788846038612244e-18
2.0697598412064776e-21
4.676786486243043e-24
1.6179417700556737e-20
1.2038464247085651e-17
8.775594563646395e-19
2.9067279627377734e-9
3.4133885935641046e-18
5.0098599645065606e-14
1.229492055919298e-19
1.7103133501910594e-18
5.310940659407496e-23
1.4718702024633686e-13
9.256466585133184e-24
3.049346008105387e-16
7.337317578711802e-18
4.050261288485207e-21
7.347649109132574e-16
2.9500427260315205e-23
4.171822648521721e-12
2.644146516250106e-21
8.755519359216128e-23
8.890668915551897e-15
9.456068842943764e-18
3.9625998615220417e-17
4.5794314857482925e-20
2.7489991325122955e-17
1.7423756900985602e-20
2.1984031436325205e-15
2.4835472412182054e-16
7.246867486294049e-20
8.097929626851675e-17
3.850256626600819e-17
4.505463333317756e-18
1.3295745084665463e-20
7.971971244310541e-16
2.4689280620867805e-24
4.411620310419659e-20
9.727665443062711e-23
1.1251744794146364e-17
6.81220595111566e-20
2.432349556198439e-26
2.3163907159862665e-22
1.0545871727200224e-19
1.1070209924047704e-24
2.636588158180861e-11
2.0533492221777884e-25
6.946050376400823e-21
1.9638501776938812e-16
8.760934251518777e-17
1.2502767562161777e-21
5.753215236234365e-17
3.7850020132052596e-15
3.92824280283965e-18
4.379872234724252e-17
9.399159624299659e-17
1.2120895563291327e-17
3.5774234453180894e-22
9.766376703634536e-24
1.0437040499493034e-19
4.236432910787922e-24
4.725484640456897e-16
4.919072523690751e-22
1.181652680983768e-22
4.820296815731619e-18
1.3847237915344289e-5
2.9735087040582713e-21
1.931951560177e-18
8.277313766077063e-18
7.40779196595221e-16
2.9918599813193014e-23
1.0988816387083497e-19
1.8670308701131386e-15
2.7343581235914503e-15
5.146926833226631e-23
1.0976639355199045e-21
7.598429707004352e-16
8.764207864754344e-17
1.0039900489879802e-20
6.783165496674783e-25
9.736094492617633e-17
6.247337436004246e-22
4.73447844884469e-19
1.2257580111875966e-15
4.74214020347107e-20
2.5015739825710795e-14
3.5173465094416578e-12
5.025845707550593e-25
4.292597408627919e-19
1.0808689366983014e-17
1.5868219462673796e-19
1.5423755311909123e-13
1.1542049812726531e-23
2.7235388006848947e-16
8.377853242483084e-21
3.660267425046969e-12
1.4014378191937511e-14
3.4722836007648494e-26
5.425669485179957e-18
1.368123877828686e-10
7.4728099392310095e-22
8.499189435915426e-19
6.933966197529533e-24
6.130326455909719e-21
5.215745988275201e-17
1.3433647774690303e-23
3.8339698416047296e-18
1.185879755429714e-17
2.613858416202947e-21
2.0172124373512678e-23
3.700258956451389e-26
4.579095116937031e-26
5.327509044937368e-16
1.825092493308823e-21
5.345006950533802e-23
3.146606209351481e-22
4.017638067536576e-21
1.0954508304187713e-15
7.572675947257571e-13
8.607544175270446e-23
9.284301809976953e-11
4.0982608458761256e-19
8.09025969951541e-24
1.0929038899966745e-18
1.9978258339715154e-15
1.369137529726977e-19
1.2280763665505348e-22
4.80719359799315e-21
7.441365529645615e-21
1.5924896132287362e-12
8.575339331269261e-18
9.095433078936493e-17
8.735799355126813e-20
1.1247682771110528e-23
8.222603253517399e-24
1.1617302470743177e-11
2.2996972566641644e-15
1.4014235599045505e-12
3.091553058736178e-16
2.982887968334493e-17
2.1895618794407834e-19
7.608768947224562e-22
3.627045441110573e-9
9.196406793704499e-18
8.955209419099258e-20
9.20541016037242e-21
1.869989854730942e-18
2.6684738815135214e-15
1.0074238255989228e-21
3.2677834754247806e-10
1.2128226470514256e-22
4.993745977371247e-8
1.598189170157493e-13
5.369981468225099e-19
2.5370309281547006e-19
4.0914255940327864e-18
1.3909062939949132e-14
2.5561260209739756e-19
2.4825183052254488e-18
5.804456307400959e-17
1.1185036829271204e-21
5.1197551656478145e-25
1.4292609581801675e-19
3.2451428873916396e-19
5.366424237757929e-27
3.8753584856077694e-18
2.1307776614820897e-14
4.046699319297876e-21
2.3071006810635506e-17
6.3584232985391655e-22
1.289915114092611e-23
1.312119755213759e-21
1.0227557342113783e-21
8.173335146026161e-10
8.098111362406451e-15
1.500219091873437e-19
4.43744446256133e-18
5.905377135762585e-19
8.030614208796615e-14
9.880742265174011e-13
2.233659371346757e-20
6.790918499839433e-23
3.8617428483781233e-23
1.3001718510385174e-16
2.467904778652961e-22
1.2929264254703824e-16
5.2911469935123556e-23
9.078366275851494e-14
3.5880925276578065e-21
7.59299215128164e-18
1.568051298707341e-21
3.1307966191152506e-20
5.644360267132729e-20
1.5231986996801684e-13
1.8893623068021425e-15
5.090775883933906e-22
3.8111305182641133e-22
3.782184536781978e-16
8.225811033256043e-19
1.8297632694703993e-12
4.318591532618386e-26
5.943034546287915e-18
1.597955241375569e-22
9.423940323635901e-21
2.1981667796278266e-16
1.481335042982665e-23
1.9052844916100557e-15
2.1858877551856771e-23
2.6819608836371014e-18
1.339435330259798e-17
1.1731178136591684e-23
7.878290277476194e-18
3.797145696112141e-12
1.0572329521464416e-19
1.7362735586656185e-25
4.8565646591413645e-21
2.3640636881722074e-14
4.297088098767759e-24
1.483364093161721e-16
1.6979605809945957e-26
1.8339202213258588e-19
1.0080483572308853e-13
5.804750705081385e-22
2.060514447391867e-17
5.252529584385597e-23
3.505539709559208e-21
4.3890764313089095e-24
1.3487473745858983e-21
7.666481723453782e-18
8.891564902519186e-19
4.962552162281138e-15
1.9928193059379458e-20
1.6931947758069398e-13
7.49530536307409e-20
3.2496110969907792e-18
7.599481792311045e-20
4.012714633911905e-18
1.0431543270793827e-20
5.322472623573867e-15
2.5410142409414867e-14
1.2341801518492292e-22
5.664712612508244e-24
2.1908508467457937e-20
5.875722371998557e-10
1.7148731846471714e-22
1.1928788216735183e-21
1.888079600327559e-18
1.6666269297912848e-21
1.257952691193612e-13
4.483968820506332e-21
3.129983741369166e-16
6.614538170664341e-13
2.1067846936871597e-22
5.608654608667448e-22
9.215835869559129e-21
2.3607858191712165e-13
3.899354293263153e-25
4.719875842990934e-21
2.757353377825922e-23
6.072767918303758e-18
9.909142521684038e-19
6.259714132765512e-13
8.923718949098772e-20
2.207989716435707e-19
2.1990714156651733e-23
6.730266203277243e-22
1.6835515402922624e-21
5.0134554126244e-18
4.622754634710772e-17
1.7563611332732304e-9
1.3993334699297548e-10
1.1227318697347142e-17
1.1818385755671641e-14
4.8250959302545266e-17
3.851095355695963e-24
1.719509182121591e-13
1.7208747201815442e-19
1.6848595014742344e-23
5.931567675809655e-19
7.304547121196881e-25
1.347393120396467e-21
4.2340376679241376e-17
2.8916402245475265e-20
1.4353469059218688e-23
1.3968202357121433e-21
8.301630033996874e-21
2.0150247291415186e-19
2.5198895318039338e-17
1.7221637994885379e-13
6.2597248511385e-9
9.072559908367027e-23
2.969890631959668e-22
1.4713009285420142e-13
3.2607891143250755e-21
3.737764883704073e-25
4.869666915891231e-15
5.833004406932417e-18
1.0651009283155422e-23
9.812735934810758e-10
1.2924109194456933e-15
2.498284995308455e-23
1.7183792497369417e-19
1.6349844398638087e-21
1.500074971206125e-23
2.2502161663535993e-20
2.844550743672877e-20
5.389902024961631e-21
6.167566600476854e-19
2.5528867301139307e-21
2.2693394161165022e-17
4.327428186614498e-18
9.118751645960844e-22
6.755900610212465e-19
3.677145747310168e-24
9.285634360701145e-19
2.7597843583442513e-17
2.1409548006644346e-21
1.0484247770758555e-20
6.005273061321292e-22
1.1760923156458804e-12
2.9008320406873535e-20
5.363047383932986e-16
1.8803201330956397e-19
1.3366540133651538e-22
4.5917835636747644e-23
2.206416574292842e-19
1.1742336157309007e-21
8.557942888047722e-14
1.53157017180462e-15
5.406936982887572e-25
6.836193501495199e-16
0.032687064410363086
8.442781332983357e-20
1.6539482466714274e-19
3.07721629680658e-19
1.0288309750628212e-24
4.337938909738579e-16
1.0731550207586445e-22
1.2930456059704377e-12
1.0468192586276712e-15
1.925417240991734e-12
2.592468921669962e-16
1.4669587471771356e-19
5.825415486258608e-21
3.0445219753281477e-15
8.663769746485685e-21
4.5024634046584665e-12
4.7548169016626356e-24
1.937908452111055e-22
6.690123310589687e-24
4.76900306783937e-19
4.376009997534582e-9
2.2976183679467915e-23
2.176660022614084e-14
1.8224601138451293e-20
6.549978351907143e-14
9.396125081514446e-18
1.8159934990858947e-22
3.8563430489005136e-16
9.282899909205487e-18
1.0409917555818513e-20
4.576639497850582e-25
2.7946056770176487e-19
2.2715152510369057e-12
3.501221980458251e-17
1.0643256790210009e-14
2.971589393679523e-19
1.3463973012727347e-17
3.591968040634137e-23
1.246399445066442e-12
1.745820828575507e-28
2.5208083982266974e-23
4.787610715219849e-23
1.2857074352522374e-17
2.8571583747293566e-17
3.145569949641665e-23
1.6918893456602846e-20
3.075451935327763e-15
1.5235180935027548e-22
9.357653145795187e-24
8.866504819672474e-24
4.939804578622005e-18
1.113992990769496e-22
1.3027468229644231e-21
1.3399759350901454e-21
9.132693628569936e-17
2.4101494723557424e-21
1.0746528740508341e-24
5.220636309522237e-12
4.827330734329845e-11
1.169042949233401e-24
1.2354914451659796e-16
4.783377712034066e-23
1.0427494045541464e-10
8.095983035870401e-19
1.7430079611675588e-15
8.331899942490562e-13
2.412542154705514e-20
1.6073327764518884e-14
6.006450478264363e-19
3.6030940685416885e-17
6.1637853275862266e-24
5.554531512038804e-22
1.963764653430869e-16
1.4917586276582605e-25
6.992078663473077e-15
2.792079532084072e-20
3.2077994524667397e-24
1.4884836217053758e-14
7.901015845758799e-22
1.1584754243066952e-19
6.103757752387649e-16
7.703680366347757e-20
3.8220195240092563e-22
9.142095537993887e-27
3.812708251456244e-24
4.0890925305465812e-19
3.793397123665948e-15
1.3058185243673966e-24
6.325866544759037e-20
7.95202046748233e-15
7.238286254744896e-15
5.43424900662455e-23
3.678662996536276e-18
5.264043562649735e-16
8.594791957773117e-16
1.5847341175674227e-14
2.4302979097570273e-15
8.655141013802646e-21
7.100083696321537e-19
3.346554005781642e-14
1.7840924851255532e-19
9.016405236369632e-23
1.266896578769382e-15
9.883661530169556e-17
5.411398329840296e-24
8.409934794676024e-21
2.2495813332102362e-15
1.084535992372853e-10
2.7306588858706408e-17
2.679299845729345e-23
3.0917597508605954e-23
2.0971234171418234e-22
9.34757719939855e-15
9.295541715973179e-21
5.031468050103337e-19
4.557130452942302e-11
1.879673540325591e-17
2.090561567724072e-21
3.4061781576231337e-17
3.304692052821086e-18
5.423295931499169e-17
6.877514379413487e-18
5.901407026399634e-13
1.2563478158300298e-24
1.4515416033760806e-23
1.426739495345491e-19
3.810587148543849e-21
3.68477349748298e-21
1.1536237197923463e-18
5.252976170860431e-22
2.0272158488806548e-14
5.611603861246856e-19
3.007396642217562e-20
2.404110375794672e-22
6.616750577917651e-15
8.840582720331666e-22
5.267397572559263e-26
4.360055244512067e-25
9.446675797732226e-10
1.4694684591167999e-13
5.422223427653595e-20
1.353487016280002e-20
7.590210888300109e-23
3.330451739764372e-18
9.077664562732798e-25
1.9823506806578908e-13
5.270645551395098e-22
1.2169497542794945e-17
7.785960695368672e-24
2.01657527054369e-24
2.1887508285328464e-23
1.1334617339800285e-23
5.784440607873637e-10
8.852544499435928e-18
8.860628395434418e-17
8.903663829771815e-22
2.7308120945091433e-22
6.620728318296747e-23
7.266828712512856e-21
1.4346795744889702e-17
2.7743005735889453e-22
7.614501023593514e-19
1.1161751244098932e-14
1.703240537813776e-22
7.435709554563148e-25
1.1226295277743155e-20
2.653945395559628e-13
7.9889453393799515e-22
1.1725706115586974e-12
1.4840016874061786e-23
3.811775809348024e-21
4.7879517406901705e-18
7.195874918558604e-23
1.4944471232964686e-21
3.198478810463737e-14
1.944337708985877e-22
3.480662832768835e-18
4.518093779495146e-18
1.7639200616997734e-22
4.4301950005431737e-23
1.0028625696620525e-22
4.2799155342833824e-19
4.2427730316905696e-20
2.9207360420581573e-25
1.1165023102480425e-19
9.405441031884561e-26
2.6865144816346716e-24
1.2691774809399994e-17
9.541584433952541e-19
8.054840418997401e-21
2.2098142404060363e-22
1.2654020376862868e-22
3.522797792614097e-16
1.868045833754947e-22
4.387672417907596e-20
2.051459945188704e-25
8.118988354216808e-21
1.5396166321327134e-22
3.085902279571614e-12
8.67797847429041e-22
3.484232376403572e-17
2.899072158329239e-13
4.186940679202235e-20
9.294190265814423e-22
5.628579699483437e-18
6.716760710669374e-23
2.0527443912375721e-16
2.780090178050516e-22
4.633226590659186e-19
5.097793479651514e-15
1.1956808044987442e-19
1.272322490615747e-22
1.1830137156880003e-19
2.6154236351706385e-22
5.498989128868537e-17
3.692855745536562e-11
5.85215689871142e-14
1.906249173475257e-12
2.481643702843739e-23
1.383639117705722e-20
1.843792978560733e-19
2.8311592180380716e-21
1.0885200459964914e-23
1.4255394304131167e-23
4.9386379741991465e-9
1.566607655974448e-8
3.6583494993444674e-20
3.383810063349415e-11
4.266456389916084e-22
1.7304180672179026e-21
4.613466426782912e-11
5.858721417720303e-15
1.928061823550678e-21
3.0627993189780864e-21
4.661396469144424e-14
1.0068822261189875e-10
1.7153933466751664e-18
1.8744992776930313e-21
1.5220436454653685e-19
7.132240600973971e-21
1.1655351385058484e-18
1.5992139218325374e-23
8.900755229541904e-12
1.4098422168799339e-22
4.8925237915007244e-17
1.4821055699098948e-18
1.775803437219918e-24
3.2633668186293587e-21
4.6225095694114364e-18
9.503426158025163e-23
1.5292960753214707e-10
5.631955547511576e-25
8.3936188127614e-25
1.6019447379377083e-21
5.239609804694551e-21
4.4266997670565223e-16
5.906815894542568e-19
5.640584258816926e-23
2.576802730879899e-14
5.413506919520634e-19
3.3804842534409387e-21
1.3008092874245961e-16
1.4121877602682758e-21
5.942039650119817e-18
6.848167127187359e-22
9.255510095322465e-20
5.792331858316667e-18
3.8630591906917605e-21
1.3788297136372345e-21
4.589257209697276e-13
5.875610872091201e-17
8.883105781269109e-19
1.4445030633443552e-15
2.0383816273081675e-23
1.1000950084997834e-23
2.6407390681085975e-21
3.4957415930614384e-20
1.2040339190751062e-15
3.48289893345088e-21
3.039660716409272e-17
8.738656142889416e-23
9.087756941455558e-25
1.0440058280351579e-19
1.4123788566840322e-7
4.203252998625679e-24
1.7606933276057427e-22
5.2676948691066506e-18
4.0304308498875915e-20
2.0917290469033537e-19
2.397461149185611e-23
3.3103362705233582e-21
3.887422927464247e-14
6.589917614587951e-19
2.0415893436612524e-12
1.389278500169613e-26
3.746972548000056e-24
4.292379580839569e-18
1.0203621917464052e-20
1.1305902623260893e-16
4.450964422957357e-18
5.051525348648493e-16
4.6310096117830295e-25
4.5917245261709095e-24
2.950031147362148e-20
4.385715422556551e-22
1.7699947947482764e-25
3.359038905611996e-16
5.542853620705877e-12
4.670539254163676e-21
1.761404400313367e-17
9.69868852000058e-21
1.4211858799538535e-17
2.0564381168529327e-20
1.4341294615329325e-16
2.1304138172759102e-25
1.5877506959507868e-22
5.417159690112789e-17
2.0101415302887602e-22
1.0370285963042053e-22
4.746179997669233e-21
6.6331779176409e-16
2.338675051550569e-23
8.509431550440701e-22
3.436217379698715e-17
6.293818296668854e-11
4.943985151417364e-21
1.3234461893223496e-14
1.2961002279695471e-14
5.605225710272194e-24
7.554034656984432e-18
9.33861335083863e-24
3.499518213156652e-24
5.182222365088844e-10
1.3405121142397985e-22
3.83195411181882e-14
2.2301322066312795e-22
4.364602125762501e-22
1.2393460581501478e-16
1.397970957107788e-22
4.501172991440528e-25
1.5699994204426726e-22
5.177851150928866e-25
1.912388492733283e-17
1.386821071031626e-13
2.9670489679952016e-23
1.040170145144892e-13
1.256858108141206e-21
7.236743443717458e-17
2.1649731688811507e-15
1.6198738786925398e-11
6.549804220748289e-15
1.793556640389919e-24
6.790052523376467e-15
1.326110950960944e-22
1.0430024248523767e-24
1.1199508756093999e-12
3.7286491119875845e-23
7.788684815706887e-25
2.2670861521085358e-20
6.520129437600818e-20
1.5967130440959938e-12
2.2877698707264012e-20
1.8099841753960856e-11
7.24578253837699e-23
8.102342241049223e-19
1.1183623484196606e-19
9.583965811381284e-20
7.295612283971984e-26
1.4035484870958436e-23
6.110644497864632e-22
4.24439217922419e-16
5.390632680467686e-22
6.419210161093863e-23
1.1087789984185473e-23
5.34538320397808e-19
3.988584166693242e-17
1.87194656973062e-24
5.707071787611896e-18
2.1221716883774207e-21
4.599091789645612e-21
8.171369729782005e-12
5.198936481697825e-20
1.120989062020638e-21
3.151177272263442e-18
7.715912205948363e-18
6.600890924495001e-16
6.553636551533197e-18
4.0842878629067036e-14
2.0937696307242265e-19
2.3764655178789546e-21
1.1311950852706515e-18
5.322609518623347e-18
9.852367271193703e-8
5.617508428650355e-23
6.5004042643297675e-24
4.039277082046627e-18
1.802106567944069e-21
2.8463772947358095e-26
1.0490059102743545e-24
4.011780181449398e-13
1.5049084018712514e-17
2.3033752377422805e-19
2.168906704935889e-23
6.162860840845793e-15
4.870766346233752e-19
2.285340720864273e-22
1.5520443597897767e-21
7.777682493064954e-22
2.2875221372517713e-14
7.789728925560009e-15
5.374254012088452e-21
3.1962288543045374e-24
5.044036022044334e-24
9.482114768919678e-25
1.3582531912600319e-15
2.4873036624771943e-23
2.998956484615735e-11
1.0813851752991778e-13
2.2145887528382018e-16
2.743210662199835e-20
1.2402607496806774e-15
3.5052440637856684e-25
4.702775963381589e-20
1.0503542361507904e-7
1.268730529003935e-21
1.3271321109993458e-12
3.068024301975695e-16
2.460496498330931e-18
5.4361637216871034e-17
4.097938234472967e-20
1.4234917210848253e-17
1.1434093815957375e-14
1.587141050593591e-20
1.6138262777750465e-15
1.3931017178738404e-22
5.762737734259832e-20
5.715874675557569e-11
1.0423079813650437e-21
9.52427833267138e-22
8.405978226331709e-22
1.9827218446502826e-13
5.0530697628716826e-23
8.200944785993039e-24
5.786522201695603e-22
2.3377763141595053e-25
3.1111334742725844e-18
2.0305446118425145e-21
2.9815298157091563e-18
7.529616717514196e-26
4.130634716416338e-23
2.5011288132137105e-22
2.7597130756626255e-20
9.805312335793848e-20
8.355450160852436e-12
1.0743882732447358e-16
1.7002767034210077e-16
2.5204480232198618e-17
3.7450306902899467e-16
3.4341466016606044e-16
8.929059444915033e-23
7.364061190272178e-17
3.785293137938419e-26
4.534429733030703e-19
3.5992442345661205e-14
7.104921382898108e-16
7.129612721534294e-26
2.5379505008993654e-12
5.188050078949243e-17
8.034911619581119e-17
1.0718641185407829e-22
5.732726791101406e-18
7.64622822829893e-23
1.9260416893497844e-18
4.982361977748943e-21
8.973491522679094e-18
7.06458994559831e-24
1.1561228729411186e-19
4.827262413523647e-18
9.29732855027119e-16
5.269549335740357e-11
6.885435311289297e-17
1.5476175440515335e-15
6.744094834422356e-24
2.8067139502662755e-23
1.180099997801774e-21
1.0367593518198192e-16
4.131124934286286e-25
7.844823362077924e-27
9.640896408946436e-27
6.231727374783121e-18
5.850412863639591e-23
1.502671760408008e-24
2.0855388962500503e-18
2.0864966538625618e-20
5.4771798634808074e-24
4.769085064341056e-17
1.568936825461886e-16
2.9200757581514715e-23
9.83643747758475e-23
1.0743015905071766e-18
8.880902138454454e-18
2.6159576697933324e-16
8.037608126913355e-20
6.415585021984072e-22
5.798129845026525e-23
5.118184028793509e-20
8.491826230761286e-16
1.005703709370275e-24
1.202471571218437e-23
5.598218549781569e-19
9.696006087866743e-17
1.597710717404716e-17
2.7238590189698223e-18
2.1232509443882694e-23
3.8968692096450334e-16
1.9777723682688714e-21
2.3140469402736377e-22
4.4296314340414074e-11
1.2466423691716376e-22
1.4642702474491628e-22
7.322579466360461e-20
1.1087855976076672e-18
2.364521809076097e-14
4.791622227979912e-17
3.193821168390883e-16
2.4109453429214555e-18
5.703508207305132e-16
4.275949984576494e-19
5.616321577821575e-20
7.313539500549867e-23
1.846838524382919e-11
1.997569207727837e-21
1.144377870547832e-18
2.392455686884444e-10
1.5071017445302415e-21
3.59901881439903e-23
1.3551784836823826e-25
7.020862508017742e-25
2.7914862141008958e-11
6.955859820560565e-24
5.0758737064973506e-15
3.4938993613902725e-19
3.1889587233208434e-22
5.140052596978345e-25
1.4224935598883586e-6
3.776552587165798e-16
3.30235987723029e-10
2.918245843448561e-19
9.639551319829288e-24
2.41086125876466e-24
1.849180597355899e-15
4.688554722327766e-22
1.4254432328622697e-22
1.968434592063552e-21
1.950212284753482e-24
1.3521527279109446e-22
4.754589449758745e-17
3.2497423631983915e-16
