5.598777490356224e-6
9.00333544725752e-6
1.2344836987006235e-5
2.489970589548287e-6
5.034336862095854e-6
2.515924422171548e-5
4.866567039257904e-5
8.79763976211717e-8
2.1050209987209126e-6
3.060353996404225e-7
1.2777835134857102e-5
6.717385382440409e-7
1.1137314316698808e-8
2.3111346125969233e-7
4.3163964218121533e-7
2.241894138676709e-6
1.651349922933943e-7
4.377628389988019e-7
6.748216864855637e-5
7.759674727554939e-8
5.245566988351505e-7
2.926230703130893e-7
2.8185843245957404e-5
1.0150764875581043e-6
6.295198471958537e-7
9.264124771647988e-8
5.236726106714455e-8
3.665087393665745e-5
2.2365834843527428e-6
3.236252675169166e-6
1.7424519038750096e-7
2.5541928938086162e-8
4.883751338280169e-7
2.755253131076245e-6
3.5929370506677642e-6
5.721874784446854e-6
1.0910511040604359e-7
1.0527243639401216e-7
2.2381645096835394e-6
2.61110151517856e-6
1.0495443825440307e-8
2.5442878401208284e-7
2.246140690080369e-5
8.707524095419126e-7
3.50622317548958e-7
7.213827396118178e-7
5.02005537471193e-7
7.669531405487466e-5
3.508098780434025e-9
6.910255847314239e-7
2.823864032642184e-7
8.14145507496893e-6
2.4143089549915172e-8
4.067870493215158e-6
1.1483258001240023e-6
5.240787640702903e-7
1.2260109765378198e-5
2.8121786720558415e-8
1.7737077658925071e-6
3.9171269432583965e-9
3.5306597411067443e-6
5.073421115242372e-5
1.1730648397056219e-7
1.3241330211576326e-5
9.393990307910824e-5
4.9356674623515694e-5
6.5236530846527435e-6
2.2714584232787186e-5
9.744914238202822e-8
3.1128895178788764e-7
2.0374452588712176e-5
1.0354973901392771e-7
3.4224193002000086e-5
2.737169308492559e-10
4.353164985312956e-9
6.798625123859868e-10
4.777150075137873e-8
2.34930953198664e-10
2.018438922156934e-6
1.4219443066381307e-5
4.1521909863093244e-7
1.678386601786792e-8
6.645478603632751e-7
1.1788679997738915e-5
1.491795390943204e-6
2.1501097526257443e-9
1.2381336930454533e-6
2.6403553207290455e-8
2.715654468885049e-7
1.9072911275426978e-5
1.0603764899205316e-9
2.4591173900959906e-8
3.954080527714289e-5
8.879128402184688e-6
2.467590906747469e-6
4.661655306032653e-5
5.9153292491075774e-9
3.812240445337616e-7
3.4784278206981543e-6
3.6440386529090677e-6
1.2510377662446874e-6
7.623517066790502e-8
1.715930984177834e-6
3.1228574843352918e-6
0.003677149120076358
3.6390197569386296e-7
4.076588564487868e-8
3.040041670092246e-6
5.368769085397381e-5
3.976142786413116e-8
1.81114019753896e-8
3.056302410837524e-7
7.760968793613014e-7
5.212251617994079e-8
7.053259846026902e-6
7.726729098329928e-6
1.061409607686709e-6
3.6636151583317363e-10
9.391075435679752e-7
2.3970631470356196e-10
3.05989788977488e-10
1.3751149601517001e-8
3.830415590403839e-8
1.608045790246879e-10
6.168003600070632e-9
2.9590092690010255e-5
1.1041774166550741e-7
2.917382728105131e-9
1.0206744635294886e-6
2.713261491863673e-5
2.178860324519679e-8
9.458382603637694e-8
5.553414332053424e-10
2.368836924919198e-7
5.7664474179415354e-8
3.369632603368961e-5
6.384983365831543e-7
1.4838649177276928e-6
3.011675492196046e-5
5.363221433357062e-6
1.3210317772410341e-6
9.248107302872786e-9
0.000118521365219751
1.4870356689095528e-7
1.0174556020452494e-6
4.412641033070241e-6
5.671053884524191e-8
3.301662803743393e-8
6.0102174778394265e-9
1.750349184359074e-8
2.0255590768466453e-6
1.5526545040381402e-5
6.724946712309707e-6
2.3984192151838368e-6
6.767129477529885e-9
2.1321788962638446e-6
2.1620462750474185e-8
9.67742478795939e-9
3.6218428284148774e-8
2.552749760243769e-6
1.3359457091987992e-10
7.997523035139944e-9
1.2922624814327048e-8
3.194021716276084e-6
1.4914905125195718e-7
1.2313819221470257e-6
7.346899061572706e-6
2.6607855940179386e-10
8.967262446319464e-6
1.0196036897872802e-6
9.978756052470675e-8
3.34100877377521e-8
3.5717184350268685e-8
1.629186065803301e-7
9.890278357181299e-10
7.39413624375426e-8
2.0403318338687437e-7
3.931081112722171e-8
1.5024925949051256e-9
1.8157007227968663e-6
4.415914334916264e-9
7.727552445572028e-6
1.147085106921938e-6
3.7398116090708937e-7
9.843329202098428e-8
2.7334503061441642e-8
4.619244694638391e-6
3.428126144658247e-8
2.0439380116283734e-5
9.193104239318148e-7
3.411506795886845e-5
2.850230888350287e-6
2.7456259544945533e-8
5.572991512219288e-6
1.4069743158033093e-8
2.3368386392468766e-9
4.781713824496554e-7
4.979118191875486e-5
4.175430630813372e-9
1.6416524299080274e-6
3.028677799605863e-9
3.471893213231662e-7
6.828537220491828e-7
1.7740999355919784e-5
1.127158792362553e-7
8.816992109154922e-6
3.822637675662953e-7
5.40471106627733e-8
4.60375370651443e-8
1.991799075325094e-8
7.727336542961083e-8
4.7270220413865794e-8
1.499215143660099e-8
1.3237269048092884e-9
1.0101954935854049e-7
2.765479000936654e-7
3.609754572285675e-5
1.8224084195198394e-6
1.633180496678315e-9
2.1024822867846266e-6
1.244931629091748e-8
1.882527479668986e-6
7.209477640079438e-5
3.6400709415038196e-8
3.1208085843697334e-5
3.3448407773419914e-7
2.0727317698702777e-6
3.203855267724896e-8
8.144826817606577e-6
1.1049997531065592e-8
1.815007395157581e-7
2.1188410592366478e-6
5.2684226353477294e-8
1.689385883531029e-9
8.132191461777212e-8
0.00013707094633061138
4.853926978640153e-8
1.3694300544859676e-5
5.769773867642854e-7
3.0166771556479643e-9
1.661206487260173e-8
2.8942458478053033e-8
1.4357721804846869e-8
2.015720433326574e-5
1.640437070198539e-7
6.988333318212885e-10
2.095358347488498e-8
3.906766125696106e-6
1.3859867036061472e-8
1.4649121940951204e-5
7.886440287106165e-7
1.2486514602404158e-6
1.2635803646637586e-7
6.088365520569862e-6
5.391876907069227e-8
1.2364179204939163e-7
4.656871468127169e-10
3.461563096651974e-6
1.8041373915799216e-6
9.29835658939477e-6
2.748463763307977e-9
4.1984696469650396e-7
2.5031325435405782e-9
2.4137353250619423e-9
5.93953403356748e-7
1.4642170836402231e-8
2.0637022043252464e-6
1.5221021778155651e-5
1.0034023859532872e-5
1.0398501003027228e-6
1.690389314910288e-7
9.757072876179454e-7
3.269240249754532e-7
7.067850088653299e-5
2.314887833899729e-7
4.0836170453545513e-7
8.717003126332973e-6
9.042580938195724e-8
8.992650003214066e-6
1.3613060796041839e-6
2.3628870154800943e-6
1.5469817252057325e-8
2.375845586507103e-5
2.2083699167068406e-6
1.67717193030754e-8
3.7809811820597276e-8
1.6930693689326152e-8
3.883796937300463e-8
3.0758579452771016e-7
2.3590029332199864e-8
4.051861940713312e-7
2.389902170730735e-5
4.2513618167062105e-7
1.555640061829728e-8
4.273991736454326e-6
3.9986463066841084e-5
1.1649820195850516e-9
5.233938438975438e-7
2.7705228426611376e-6
5.164411500466882e-7
2.273989641357997e-9
4.8275819751666946e-5
2.284565723403839e-8
9.884672664530862e-7
2.111752038044153e-9
8.760347982289521e-6
5.176749188223733e-8
6.262443816363715e-8
3.865488426938728e-6
1.1332055653589344e-6
9.048964774557432e-5
5.765076566714827e-7
5.024535021437523e-5
3.389870835024304e-8
2.2657148650286045e-7
2.0847309305289925e-8
5.343850357036154e-10
6.550308912264671e-9
4.568724368796067e-6
1.350951168192134e-7
7.127019683872201e-9
1.130942433029606e-5
3.335125960021609e-7
2.354991995028158e-6
8.372437830042886e-8
1.096752445813589e-6
2.7310331591718825e-10
7.651209871530645e-7
4.992869841075165e-6
4.510046946057571e-7
1.5765242591108567e-5
1.2341413221143435e-7
1.4546359171079717e-6
2.084014183261134e-9
1.2168372984515975e-7
0.0004113928854032019
5.298972206292524e-7
3.7489341635918987e-6
6.145218241893722e-5
5.131368553035667e-8
1.5193838434562884e-7
1.0328535944623261e-6
3.3619105178795663e-5
2.1008161647274163e-6
8.347470234202933e-7
8.697976746340528e-6
2.7144362841768534e-6
3.436596907670405e-5
3.676628716192084e-7
1.0106109513606092e-6
5.0863251595632034e-5
9.60631084960388e-7
1.0033813656473573e-5
4.180944495590062e-9
2.158504231758456e-8
8.421490987866298e-6
5.737720211384201e-9
2.193848683978592e-10
1.8144835039507546e-5
1.1529944020557871e-6
5.483618433478794e-8
5.3067145913983237e-8
7.89158790956685e-6
0.0001332268370453812
1.2972691575143115e-9
0.0010859353486982932
1.535840323408651e-6
2.828597269171092e-9
7.309135558367127e-8
4.68343970888512e-8
1.6692740117737126e-8
8.622844954589211e-9
2.7843780236420954e-5
5.698240290902494e-8
2.8204203044386992e-6
1.0503673929034392e-9
4.454940624307362e-8
8.445044082852574e-8
5.996114721311593e-9
8.713541318271814e-8
2.2122493256381723e-6
5.068042850593509e-9
4.270006524176832e-6
4.17323436236523e-9
5.4492651343659976e-5
6.616107863080681e-9
8.447482919678975e-9
7.517167943450182e-6
4.3167180896989266e-8
1.3251276607956585e-8
1.2169227992637842e-7
6.818674235964407e-8
1.1227273368820681e-5
1.2318621138969725e-7
1.72396518822236e-7
1.780125859699467e-5
7.820426836595726e-6
1.1967590881185964e-7
1.6408671518320062e-5
8.061447399814644e-6
5.77449525779341e-8
2.2327702268449656e-7
2.578837663619179e-7
0.0004109936744367995
4.867430052489499e-7
5.653010655766192e-7
2.3654419629000995e-8
7.199573778077097e-5
1.4528838518630165e-9
7.247176664371318e-9
9.193163905128702e-7
4.173663874093731e-8
1.755861764099504e-8
3.3311768991021414e-8
2.31896091103715e-5
1.5575396509685917e-6
5.48596128719567e-7
1.8776357757360477e-9
1.1092586697211564e-8
4.794899364496343e-6
4.1160588270430124e-6
4.870752050157415e-10
2.5251967190379474e-9
8.029409051768424e-5
8.959179175723038e-9
3.9978876981291323e-7
1.03217074266581e-5
7.004135406859648e-9
5.01577295783081e-6
2.0769072330162277e-6
4.775427260594204e-7
1.9957920639808756e-9
1.625604616890081e-5
1.3697804114910394e-8
4.240906364004919e-6
7.403159174137824e-7
2.1967435933718095e-6
2.4747504265563766e-8
3.202656884644159e-7
2.5748695819227274e-6
5.3116214539848874e-6
8.636270324698007e-7
4.834559314077153e-8
0.0008805157283248094
2.8890510359566727e-5
1.6261069164895605e-5
4.4382442518072107e-7
5.14932055645587e-8
1.6426758973707972e-7
7.144794546731402e-7
4.8537667817889446e-8
4.4114406281852553e-8
1.1639501082665681e-10
5.381305878320823e-6
1.0147008838895709e-6
6.102991285449987e-5
4.728953385741941e-6
1.542989994759866e-5
3.685643874249685e-8
1.3061464826426704e-5
1.075390514998913e-7
1.8997453549259552e-5
4.9962360237400693e-8
7.34836348721704e-7
4.027027318773954e-6
1.9399736325308442e-7
8.08975549521776e-6
2.7865974077880084e-7
1.141162791096453e-8
3.5404629026185674e-5
1.4079801621244172e-5
3.460465539085544e-8
6.119546857592655e-5
2.0978539649168056e-5
1.3053049442632196e-8
5.459208794284555e-9
5.985511299283964e-8
1.1122544423588925e-5
4.08303478658789e-6
4.0700497951497326e-8
1.950789008172529e-9
1.5386118376389778e-8
2.647266671407153e-6
1.7348406955781963e-8
4.4010391791205436e-5
0.0001193910914577734
3.911529235203011e-8
4.146354167159848e-7
1.148154585745765e-7
7.456111272640335e-5
6.917599474011686e-6
5.9198843177810724e-8
1.178440974253814e-5
1.3585866257830223e-7
2.5155817839834733e-7
1.4620848719379514e-8
3.389346167026484e-7
5.353077308254648e-8
2.939229152200676e-6
9.510140504406462e-6
1.8787263975899427e-8
3.442208822848811e-9
2.7210764320421995e-5
6.584519067700765e-6
1.5436920116080666e-8
1.1536681512480802e-10
8.904056736068771e-6
1.711990851188363e-6
1.570463250171732e-5
0.0005799236808082532
6.944308175595768e-7
1.62527411981938e-5
3.6184405904512246e-10
4.853444819853141e-7
0.0013223725020362117
1.2742933941867417e-8
2.1436855193357046e-7
3.233828831912991e-7
1.2449724655524121e-6
0.00015657800631840288
3.694307419180881e-10
1.2265852265392955e-5
2.3433964195805357e-7
2.051253254566654e-6
4.2771083217759257e-5
7.186748622535155e-8
4.0843088990128795e-9
2.6866195912257783e-7
2.8095373702252254e-7
3.141108627679677e-8
9.659117208910878e-8
1.2062261838947524e-5
4.458775271531686e-5
9.859022709667326e-7
2.1012341037025238e-7
4.318591795511772e-6
5.0899478535676784e-5
4.2860208307921154e-9
3.4255491089618667e-7
5.253572951476148e-7
5.366771460195106e-8
9.830046592727523e-5
1.0770993979496796e-5
6.951861564689899e-5
9.599727871875648e-7
1.8422022791585485e-6
5.067524729058689e-8
1.037312875663619e-8
2.127596427249691e-6
9.006110665497848e-6
9.273191738927723e-6
1.6484137703109525e-6
7.72170500782564e-6
6.39013954830109e-6
9.902333850425432e-9
1.731643075135288e-9
4.7336870993282185e-6
3.436643756728438e-5
4.715728572712722e-6
1.0897448105823132e-6
4.011316918507257e-6
1.0017073954223213e-8
1.489736925761206e-7
1.366981797567889e-5
5.6397698809788984e-8
2.927628826720107e-6
3.6505042722815084e-8
2.8826709898124313e-6
5.595461938109823e-7
3.785249841081861e-9
1.0320426909306223e-8
1.4405958204546338e-6
0.00047682590947460517
6.353740113232846e-8
1.0168054649890181e-7
4.364499657833782e-7
3.3570026364995284e-6
1.736193405737679e-5
4.070916923172952e-7
2.1443026958775542e-5
7.204865090123146e-7
5.232436147672061e-7
2.6109594791523738e-8
5.442667310576645e-8
2.0087205429218876e-7
1.6964390980213755e-7
1.2000757785025463e-6
2.3767005158370937e-9
4.729992410706482e-9
2.752736459575354e-8
4.332361120371452e-9
4.118484700516587e-5
5.031843045621676e-6
2.2936858046806985e-6
1.1164146287212967e-7
9.635859208387142e-6
3.3064336310519294e-10
2.2972601243001595e-6
7.631991545127204e-7
3.9822340018035616e-7
2.566820143801142e-5
8.228267027511944e-6
1.8002805434655675e-5
1.333099765985737e-6
8.080106201149734e-9
4.863621270719803e-7
1.7982297028774263e-6
9.796463763863903e-6
2.9963695707108145e-6
6.361387914844483e-6
5.90880962968823e-8
5.015973648112951e-6
6.147489321996896e-5
1.0680291053701133e-7
9.781140750070771e-8
1.7926937044176994e-9
