4.814143633251928e-9
9.935565578013301e-11
1.2985546547252063e-13
2.990818711684825e-16
5.25845241929685e-14
6.583171526559086e-15
1.1536907464548639e-14
1.0757407568847103e-14
3.54004474667749e-12
4.401057551404212e-14
2.1864848685974805e-15
4.470941141067114e-13
3.317143811267555e-10
3.1653020164575544e-17
1.6877742423371608e-5
1.2462470040290436e-15
1.6251513153750108e-12
9.082326498413222e-12
8.961496190811919e-11
1.5286607558060786e-16
7.143198471789462e-13
1.9144551378327682e-10
5.309685711887012e-13
2.2853087175895104e-15
5.919706372398522e-14
2.3994139585957243e-11
4.312814206382525e-15
1.7944231000391668e-13
8.328254102712817e-15
3.55047754447941e-10
1.9200549814669563e-12
4.217464863753414e-12
5.303952107745877e-9
1.0993812872076593e-14
7.244209858408909e-10
2.0290468904519543e-12
4.0655541373924427e-11
7.162756786987364e-16
2.744394204014592e-13
3.1523606018056578e-12
1.197238439907862e-11
1.2012607674680523e-14
6.277639481691895e-11
5.889109953064739e-10
2.754173801499204e-7
9.495263661121685e-11
8.216654987111236e-10
2.6466016521748584e-17
5.6602771109062235e-14
2.5014215323477546e-12
6.751907187591975e-14
7.733302397836005e-16
2.2238569964377802e-13
5.810574499812411e-13
2.662719318417107e-10
5.240493209748247e-14
6.415372792851906e-8
9.305801227767291e-10
5.084225015157717e-13
4.45356164906869e-12
5.12648427243764e-12
1.174591409089108e-12
4.4220019666442745e-12
5.163807508079579e-16
3.899060126399056e-11
1.914783106332118e-7
2.9751342861426673e-10
1.9941166794057334e-9
4.0459345008675976e-9
9.46934040353615e-12
1.361594078941976e-7
9.756346881443709e-12
3.274135890126572e-15
1.4771036595834055e-12
2.5447564922832985e-12
8.980983534648915e-10
1.5634225101519235e-6
4.904920583123244e-11
1.6118771978774792e-12
2.295519516523888e-10
7.196912447665892e-15
1.5673832961104913e-10
5.616774724850677e-11
2.277075955667624e-11
2.762054750530273e-14
3.425091713524475e-13
4.1586043858751186e-10
5.22715645759967e-12
9.001334755964458e-13
6.579434718045279e-12
3.1370015431906135e-16
8.34858712358526e-12
8.088424809682712e-11
6.178433581528829e-10
1.575011673157581e-9
3.757748010131077e-6
1.1006396880373793e-5
1.4313254101374947e-12
4.492836748227209e-11
8.72091277841433e-14
8.728454462497545e-11
1.6174934529822529e-12
9.784672845620805e-13
1.7608738050100268e-11
1.2179969834729238e-13
8.491672342884842e-11
2.830671243674697e-7
6.587286479338503e-13
1.5481119749997715e-11
3.2609803265142666e-14
5.224785672446647e-14
2.2446915517379267e-10
6.99667934565379e-14
4.321737975443897e-6
4.9429656294363336e-15
2.3079583683243395e-13
2.059822826785833e-8
1.564402740633691e-14
1.330037057695899e-9
1.4625527684700974e-14
2.6556677136094707e-14
1.350739220109036e-11
3.670708721647157e-14
1.2450101522988427e-13
4.2341181647317957e-10
1.4393145235852023e-15
2.76494062025512e-15
8.155463778031469e-12
1.4436771053776586e-10
9.163193194872702e-12
2.199720717316778e-13
8.650804568746357e-8
1.6896907117060717e-8
3.66375948532206e-13
5.187021050616777e-17
6.490858742069099e-16
4.203296956816548e-10
4.789592530700419e-7
1.9604848315021996e-8
1.6645591641684494e-11
1.416530859963845e-13
4.648631933121014e-12
9.509247288260648e-18
1.0126520375856717e-8
2.324936524362173e-12
1.2252981956046527e-8
8.534432223474629e-17
2.2289003744066693e-12
4.15872827429637e-11
9.807948543933049e-15
3.5837925057497043e-10
1.827387245559161e-13
8.480452134937081e-10
1.1781007254917235e-14
1.6705819694421845e-14
6.377444833913335e-11
5.854665820882503e-8
2.217190940275216e-11
2.8305629138506846e-10
1.0938382398939402e-10
9.333818123941364e-11
1.7746320211159136e-15
6.2321299784403456e-9
6.389071451117184e-13
1.0454743711736189e-12
1.7669848897715026e-9
4.442064787795532e-12
2.8286254035279143e-16
1.586204730861271e-10
3.1929036203180447e-14
8.809949076720693e-16
1.309035726953453e-11
1.4018436422899336e-13
5.369178633786678e-10
1.6987511071227861e-7
2.3582432256660566e-13
7.487966331312976e-16
1.9454206145646273e-18
3.955781373569585e-13
1.5696334844233562e-10
1.336342438375609e-13
7.987795109611868e-12
5.659818609456232e-10
1.735411641229542e-12
7.981968969185453e-9
1.2435189448301737e-11
1.0816318160199051e-10
3.0658291518242243e-13
4.41038370998127e-9
2.327962900289514e-13
1.6488319767564503e-16
2.7487851487616583e-15
4.419351528501623e-14
1.0819285118915525e-12
2.249062271726753e-9
6.721962608281109e-12
3.0353882425946236e-20
6.834353601912179e-12
1.2509696340627933e-14
2.1795935002425263e-13
9.45020474040177e-14
3.1914231494119675e-8
1.6519844199797743e-12
8.06753459753537e-15
2.0648251832850612e-13
3.4148804712640966e-11
2.487706311329257e-12
2.636577985950983e-12
8.987989524258933e-12
1.2630843743510477e-14
5.665458566692179e-14
4.0814672802268e-10
1.0519051910524246e-13
4.10523266114845e-17
4.212420328374807e-12
3.7053289039276686e-13
1.8762056758812713e-18
6.84470944712272e-13
2.0434916437144816e-16
4.038026525548741e-16
2.402500911950945e-13
1.1333723173423021e-11
1.08967741707301e-13
3.040783628124897e-13
6.843479703161974e-12
1.7800554844617448e-17
1.7365924817787644e-11
8.748903998566967e-7
1.2966711981967398e-13
3.810502891224036e-20
6.50303362067345e-16
3.628162275767869e-15
9.875317865738646e-16
6.360706704590082e-15
1.4872067990933853e-13
1.5024756818405252e-9
5.907625254185649e-11
1.0933850285268896e-13
3.677551951136094e-15
4.91115845756592e-11
3.861141590150116e-10
1.5459792216471228e-10
2.427562925632182e-14
3.566253124224601e-14
1.634971308107014e-16
6.404886557019891e-11
8.37683423840063e-16
2.181918292108496e-12
4.887170926623241e-12
1.649130982974054e-13
8.80762547063694e-12
1.712777225866857e-16
4.2988237797652196e-17
1.9775486585343837e-11
6.06061798581208e-11
7.1812253557838435e-9
5.409478069009691e-15
1.0440613724243652e-12
1.1038642512582373e-11
6.152574801625903e-8
8.464021214639973e-11
2.546417976164902e-10
1.8342041493677924e-16
3.8590072697079664e-16
1.8461391110159544e-11
1.4820872484294685e-15
3.67879386195506e-12
5.959510482507567e-14
5.526275363553204e-13
8.10251491865431e-12
1.4599909912574882e-16
1.3006298934891614e-9
3.490408330369728e-11
7.696597390463355e-15
1.8405563509288063e-9
1.7156738802946793e-16
6.764885594712723e-6
1.6295060040217053e-17
6.0664151006829944e-18
1.759576047487618e-12
8.711943586148734e-17
2.4956991490258907e-11
7.398147537423842e-15
4.384341362003255e-14
1.229299754449533e-13
3.773115926738807e-10
4.8407934397790027e-14
2.0985018905064173e-13
7.565680702724337e-16
1.9896123183045953e-13
9.908071509752595e-12
4.082675229664673e-14
6.844040807280089e-14
3.1841428289698723e-10
1.1492735329310186e-10
2.106886782852576e-8
4.582913896890145e-17
2.9020558337260457e-15
2.8512988915976193e-10
9.042823596629567e-9
4.377219452492834e-15
8.654847630628065e-13
4.5064437555495844e-15
1.6662779392584382e-14
1.4226616245021924e-9
6.987697750218986e-16
8.838073589335431e-9
1.0163559583229668e-14
1.1517955195428668e-12
1.83531603781827e-15
6.511445032380935e-13
4.2982262475647764e-11
1.3752121406067379e-17
1.5868616859720697e-15
2.5187505518540184e-17
5.474954927706459e-12
6.240661156068622e-17
2.3153746977164326e-11
2.5136584039705894e-14
6.210444384372396e-11
8.734933432056159e-14
1.3844141636707313e-18
1.1290985011639826e-15
2.662060132379047e-15
8.406701600576794e-16
3.2867284927938565e-14
9.787878115619118e-15
2.5569021255662746e-13
4.4536340079636267e-11
1.1509650452762244e-12
2.8621707452193823e-19
3.484932701216828e-12
1.2800684327818211e-15
2.2115547116033652e-16
6.338215207929183e-17
4.145298047651642e-15
8.157556235302523e-8
3.0073769394115466e-9
1.0503549401103032e-13
4.889042971307945e-14
1.2658987852373263e-14
5.397330077819891e-13
8.620680693937167e-12
3.2654466685804153e-15
2.5891251535943503e-14
6.116813469020149e-17
1.2500372071692993e-13
2.38334098606744e-13
7.021358517096188e-14
5.01262369207984e-14
6.107847431531803e-13
2.5927175057533418e-15
3.3364608694553045e-7
3.9378065695173465e-13
1.279464815680088e-15
1.313567076753743e-13
1.3873766410406093e-11
1.7326286238516943e-10
1.0648384239181466e-17
5.55812194695378e-12
5.686656091866525e-15
4.7354827701787585e-6
4.073710075632622e-10
5.137825948079835e-12
9.107143580048316e-10
1.1963594721103539e-14
3.8386131137952004e-7
6.285662625616749e-13
1.4236329590244086e-12
8.764922351164776e-12
1.1149773542696986e-11
1.492393812965125e-11
2.2872730617030416e-16
3.246096671607482e-10
5.5709649589683355e-9
1.0245178297209305e-10
5.4713608115188635e-11
3.8890784351513155e-11
1.9350848375848234e-12
6.1536987908679015e-18
2.9385359026790153e-16
3.343620930772977e-17
5.297181586457336e-9
9.09751311405843e-13
1.9423599371644453e-15
1.438270488634012e-11
9.181351791189976e-15
5.929919052648456e-20
5.051995900742549e-13
1.4459760040128333e-14
8.926454150100113e-15
3.877165886447393e-12
9.284478684746819e-13
2.9623688164654826e-10
1.5971631440242247e-15
3.5325309040319745e-18
1.4445499452774968e-14
1.50963166427683e-12
7.648044198767683e-18
5.3830273361062756e-15
5.279633846924418e-18
8.12462839248912e-17
3.2812079066268572e-12
2.549077432089707e-14
2.9277203333403394e-11
6.251896087564412e-11
7.935623238176364e-16
4.1574142350559146e-13
6.21442946414065e-15
3.5331269381081085e-15
1.2734844419187282e-7
1.4865270706547392e-10
1.0969412705679726e-9
1.0679386321654811e-12
1.6056629630478532e-10
4.2339004448669207e-11
3.470745086892034e-18
2.010508903813576e-17
3.4431714797134076e-17
2.4061116518268537e-14
3.798692357287927e-7
1.237802985460129e-11
2.552515011494615e-18
3.360075962782455e-15
3.2434715893886963e-13
3.734998951527027e-12
1.9272026532745233e-13
3.4120619280448125e-12
6.6606086108289e-17
5.3352675581436356e-11
7.55414898333326e-12
2.0435018207130366e-8
4.038558473561752e-14
9.350751034256887e-16
1.7704553065903072e-14
5.793065144951405e-14
8.214914643371994e-14
1.8932198088274932e-15
9.446127363024892e-12
2.453319212128048e-8
6.405261346833598e-14
1.7488893268996872e-12
3.727250754954354e-14
5.945739807979458e-16
2.0478110408091644e-11
2.2285878919835834e-15
8.700609444190472e-13
7.282754533813368e-12
3.401628472837231e-17
1.3853437297332979e-12
8.983193334261266e-13
3.5070668567242756e-17
1.226363360762027e-10
2.572436704444153e-10
3.644878906613647e-16
1.2563628804943917e-12
3.725407995836794e-16
5.592648280339316e-13
5.596580419759768e-14
6.758976827070069e-9
6.440329686146209e-17
2.471552221847876e-16
8.882526403221238e-18
5.723132358341768e-18
2.4575040586688665e-15
1.541666377552972e-15
1.2084453707551094e-16
1.7405449568706418e-8
1.3776912577977262e-13
3.923100784521962e-15
2.3226598363466904e-11
3.844648375092691e-12
1.6315065340398286e-13
8.844948849388761e-14
2.8970991314649926e-14
4.896226616830154e-9
1.0845554944427317e-15
1.9553816164393934e-12
2.6942861663959675e-18
2.1742355968059387e-11
4.5763107979829367e-10
8.079346109279469e-11
2.2103774640531543e-7
1.707104393136289e-10
3.11666709866442e-17
4.106902233392173e-15
2.3586295272357014e-10
1.80856487001199e-6
2.57135110584799e-10
2.963607396175972e-13
4.0444232256242824e-18
1.9187223528813696e-14
6.849917941513451e-10
1.4607810781080674e-17
1.470695399747117e-13
3.5919580666140813e-16
4.019347411113054e-11
2.0412178014705387e-14
9.963569120212765e-14
6.015568443667889e-11
2.200296328211965e-15
1.409045564115113e-12
7.355042277395374e-16
1.8120421717012233e-13
1.605243255526305e-14
2.2793154584414726e-11
7.087327442090029e-13
7.99851355801187e-15
4.088591508434074e-17
6.931999347967264e-10
2.910945911040968e-17
1.953548831489389e-15
2.6870687108812353e-17
5.233660528234804e-15
7.131127249921669e-15
6.191798056372322e-10
6.508304708110682e-12
2.137984847787937e-11
2.7445255406601836e-11
2.2354739722422095e-13
6.98597068694764e-18
3.3935587871370704e-15
5.656532213345219e-17
1.820910656131711e-12
4.6314819670696355e-14
9.741945532289186e-16
2.9707802340087743e-16
1.03767473170326e-9
1.502650206288457e-12
9.843328324466492e-18
6.7035013560250715e-12
3.6270887381571857e-13
7.947819308476411e-19
1.2465192444068508e-16
1.5713184063888295e-13
1.9447262315258434e-15
2.947251583438022e-14
6.6560557841329436e-15
7.132375001973685e-16
5.252592994277467e-16
1.441043367311688e-12
5.866428438532054e-17
5.358760741590527e-13
3.158524129386114e-13
7.122106984838576e-12
6.698983066596961e-11
3.1450203027079287e-13
4.106265879239161e-12
9.56420530933777e-17
1.4277070056784191e-11
4.410140992861132e-19
4.537598100748601e-14
5.725731219425424e-16
3.638436456759581e-15
2.64385047774518e-9
6.594510906107937e-14
2.406780029816621e-16
9.823903756571674e-13
1.7617680720512746e-12
5.3596875419810284e-9
1.3178368430165286e-17
1.5909749519304486e-8
7.085878685937792e-15
5.366147640912163e-16
1.152576445841939e-14
1.2817571496109855e-19
4.357878152257751e-14
1.5409342860788232e-16
4.118610224513859e-14
1.1040724254944192e-14
5.086270910620366e-19
2.8298505063817322e-11
4.529836154557113e-13
1.3471087990295773e-9
3.015108663987404e-16
4.529194697626225e-14
2.295003384910555e-15
2.2715029643915765e-9
5.076573078119765e-12
7.412585684731052e-9
2.6051208737372513e-15
6.538879791320361e-17
1.544715883722852e-14
2.890456909480278e-17
1.0002718827556422e-9
3.2413466028987565e-15
9.307684657074163e-13
7.738357223945667e-15
2.9616898925544566e-18
8.361227388730228e-16
3.3812127111296725e-16
1.0897771457361006e-17
5.758347526193008e-16
7.736790120378916e-10
7.220776527270215e-13
1.4374670919417998e-12
1.8270724065480488e-10
7.077690569689101e-15
5.850763816563627e-17
1.2441967979450572e-16
1.2484447471329047e-15
4.696852552306797e-15
8.771987788169822e-9
1.8179657360781171e-7
2.8606206313386455e-15
7.60908489864958e-12
7.545364573651764e-17
9.016558724049086e-13
2.1003410839445828e-16
1.635264910198566e-6
8.897886301431954e-11
2.530856852139166e-12
5.8870458339104575e-16
1.9804484233786656e-13
2.162318209479957e-13
1.4365077379890825e-12
2.898032231277413e-16
6.078865364404965e-13
2.918160582728636e-16
1.1213453654152128e-9
3.3959917559711495e-10
9.293828199785002e-13
1.9054318832889368e-10
1.1428586949083893e-16
1.801693442698442e-8
1.5990301203803372e-12
1.3590679372089568e-12
2.098772733032026e-14
1.9212613917001085e-8
2.508437882045434e-9
2.5194318677310177e-13
1.7527969426439881e-9
2.7649012470373875e-9
2.3400411696328567e-14
2.504914161100267e-15
1.676717294530748e-17
6.934163429225552e-9
5.4990001638786286e-8
5.666555959570036e-9
5.797563414506404e-15
2.3210329174454395e-13
9.795362826556195e-17
8.991949136452601e-12
2.745396684269647e-14
4.1617613471831963e-13
2.0902484515564337e-11
6.047108254732254e-12
2.1713847031552582e-14
4.4885259532490805e-14
2.181729329649102e-14
5.671238029607653e-10
2.0514044228727177e-12
4.770018920811778e-8
1.8669004941162494e-16
6.540021584352621e-18
7.171531945495508e-14
4.351210199046967e-11
5.41798090576027e-15
8.642105162214249e-16
9.576851840864923e-14
4.0636596397098116e-11
1.4452371730253016e-13
5.043738207966097e-16
1.0454197135841992e-12
5.720567711917388e-18
9.30054023651769e-11
8.556531924858754e-17
1.5906892233392903e-17
3.78995149439074e-19
8.071663339103227e-12
1.4402450373134308e-13
2.741427815700445e-16
1.344341746685215e-14
5.403990944451412e-13
4.963901777096358e-13
4.476749471701184e-16
1.228585197261444e-14
1.39203622209499e-13
1.8845390325272873e-16
3.4305207546182323e-13
8.448756652102769e-9
2.0269609261672013e-11
4.776506261884917e-11
3.4802286984350337e-16
3.006573923832049e-19
1.8031313196256125e-13
5.592718421857439e-7
2.126283685752955e-12
1.4979713155336423e-8
9.773367462609019e-15
5.261341631027787e-15
9.090485280168813e-19
1.6340064026565828e-17
2.496478100997036e-13
2.458036514730036e-17
2.6987167770994325e-14
1.0007188240627967e-10
2.860758788559828e-14
8.958509332274125e-14
2.1935699429048683e-12
3.4137781758802353e-14
1.6667923970617523e-11
3.745718446063515e-14
2.0535087051327606e-11
1.9519941133414626e-15
2.715213162736684e-10
5.320946062388466e-13
4.0882136420081217e-14
5.05458509570456e-13
1.970963377288185e-12
1.5956277563927728e-9
1.550413688246183e-14
1.148080778098138e-13
4.097394551245302e-16
5.5423776250048684e-15
2.0580917246593873e-11
1.6629068966352108e-14
3.798200535439068e-14
3.5582483758810215e-16
7.992128990557511e-18
1.2317733333835308e-14
1.0498949394091362e-14
1.6554386770070083e-12
1.0978178124765475e-11
7.273022236643653e-15
2.6670175252559745e-11
2.1349776245173747e-10
2.1019453560134492e-13
7.785325344083951e-14
3.846409982974309e-15
4.832744950499244e-16
1.4581797663220739e-12
3.8357476293017876e-15
2.4117527009261226e-13
1.1217772381560626e-15
5.4187509682309304e-9
1.0925411399232541e-16
3.559496353021465e-15
1.198296395877901e-16
1.7924379657839986e-13
2.498936199304092e-13
2.1188658945486708e-10
7.049439224551732e-7
6.104932468349781e-16
4.298700862688963e-11
1.4109799734078238e-14
1.7160068929477407e-10
3.5871420685697285e-16
5.394286972770057e-14
2.749976595754747e-13
2.4845550716744624e-16
1.0333021133507945e-14
2.4000966688144236e-15
7.535263230713877e-16
1.603774374182805e-17
5.6127238823628103e-8
1.252491748221373e-14
1.7542519037936294e-9
8.19318242207943e-12
7.043607431982621e-17
3.1119665678078263e-15
4.63275460350347e-14
3.427302440351074e-16
2.943346880528119e-11
7.53621648428752e-18
1.4468976362287664e-14
2.1481655524236785e-17
4.19296372027561e-18
4.192380222651039e-20
3.834457537881129e-6
2.882385987307481e-13
5.8274892304836906e-15
1.9940898962202635e-13
2.681423993566077e-18
3.4762828339397046e-12
5.031946897800475e-10
1.5497829856156423e-17
2.082129906399583e-12
1.8115530656526003e-8
9.161030646051462e-13
2.338767406498388e-11
2.054828591128597e-8
7.360036894791401e-11
1.2352531624209305e-17
5.579134702412212e-17
5.803036120958598e-17
1.209532609910692e-14
1.1355823017204343e-11
6.619650053353629e-10
4.98111693496682e-11
1.7684802762155366e-12
3.671527587528746e-7
1.0962251054570411e-17
6.27493758608923e-18
1.5362455853410238e-12
8.515733031950775e-17
9.802544587176688e-15
4.995130857084529e-9
9.202680024899916e-12
4.4756772383968994e-12
8.86789973622475e-14
1.342984626853237e-14
3.638192520079175e-15
8.310717841700287e-16
1.7132433544345658e-13
7.922597713463709e-17
5.993425294456764e-16
3.4964328223459246e-13
2.940447048809962e-13
4.391783640856126e-15
2.3736585971925923e-11
3.4042977672163854e-12
2.430504516561013e-10
2.8001550771242968e-12
3.644637486150503e-12
7.478361159545193e-15
5.69690414596454e-13
1.987418609199244e-14
2.5954401287902267e-9
2.4668419796657212e-14
9.9318089451755e-12
9.530368892228649e-16
1.4781315211957947e-15
1.2532347925223802e-15
1.213662756979175e-15
5.451513165391656e-13
9.896190648663206e-13
3.7226991293718865e-17
2.7630299241084055e-16
3.154010414295983e-9
2.3374531193638844e-14
3.791410017533736e-13
3.131441805111901e-8
1.2977888226557097e-15
5.158958270948765e-12
5.041673568203055e-10
1.1373705315657315e-12
2.2156035334551468e-10
2.60890915142376e-9
8.356436884559248e-14
5.149211939604271e-10
1.854105834185842e-9
2.4747455462674077e-16
1.9990900945924444e-14
1.6983874880015185e-15
5.929470405066163e-17
3.6203558004792636e-14
8.468712445531243e-13
1.3173765068073465e-16
4.043251722505927e-15
2.1012728728925896e-14
3.683953541672673e-20
2.6179261922345974e-12
4.7645673285354766e-8
1.528081996323853e-12
2.632430394526898e-13
5.946261541207353e-11
1.1322705795279852e-10
1.7462845357243286e-16
9.547218065402852e-10
4.389727622915557e-12
6.129512311144596e-17
0.0003936139015710897
1.2474601270176013e-10
1.8491267658024216e-12
1.0345795121920196e-13
9.471150536956609e-16
1.6488668722447919e-12
3.959725949845396e-12
2.017339950033482e-16
2.2841594701754864e-13
1.2163536979148434e-13
2.342363625907829e-14
5.813722930608129e-15
1.2149732422662564e-12
2.6883650766169808e-14
1.4072904279148793e-13
7.312167567564329e-15
5.79292197480515e-13
1.5953653023363652e-16
1.9414814991120474e-15
1.3947318896525783e-15
2.9334155998060377e-10
8.510024457813036e-14
5.251814579191769e-12
8.667681074740447e-14
1.0576931098457327e-13
1.6238089070908474e-7
5.598396397187119e-17
1.5347303844265358e-13
7.93099027439419e-16
1.473679932070425e-15
5.876990435515885e-13
6.712524303053387e-15
6.357160789023059e-16
1.9398644925986004e-15
5.277241502688199e-15
1.2620722847573016e-11
6.990031632361755e-11
2.2270870740706908e-14
1.1057106399251105e-10
3.935272692931178e-11
3.1030116221425155e-15
7.256156507787765e-14
7.963397565996565e-14
9.465340233529508e-16
7.79921345749256e-11
1.7172805403455867e-13
9.107189074349036e-14
2.469661309885542e-16
8.731952055456761e-18
7.676793598533064e-14
1.4181872293397978e-18
1.295448615544306e-16
2.716623126519299e-11
1.1985622716076279e-14
1.9048239666867252e-14
2.936206835864113e-14
2.5073336342606178e-14
3.0990005264826174e-12
1.8969152995566963e-12
4.80406319668872e-14
2.201297051031178e-9
2.5463300159778602e-11
1.8480607729866866e-13
9.168663671578472e-13
1.333026798988265e-14
1.5286490030392482e-15
2.57806058279388e-13
1.8661203487447116e-10
3.939031469119005e-12
4.4733103593568773e-13
9.14730459951782e-15
2.106633925941725e-14
2.328829769107006e-13
1.9971891891235923e-9
3.002210676385852e-14
2.1321742860868238e-18
4.830354930206268e-14
3.450928484383495e-14
5.435299519928233e-14
6.6148044518567585e-12
4.986476812395899e-10
4.5852504045079063e-10
7.620556414592734e-16
1.582232484938349e-18
1.1693434695199925e-14
2.245554387954778e-16
1.2062901624245242e-12
4.588399555734178e-8
9.260637577093851e-14
7.032807653929494e-16
2.4030013590795253e-14
2.5746326677180813e-10
9.434560599883721e-13
1.7857941294998595e-12
3.3167608137504177e-10
8.7725525895923e-13
1.411246459596453e-13
5.177715313133379e-19
5.260009240638216e-16
1.0421689119683443e-8
2.1177096772117676e-11
7.727290307053983e-13
7.797286920989686e-9
1.8549493473679244e-11
5.958825052209139e-12
3.1249846925314046e-14
6.952483788800861e-14
3.86485137777009e-15
4.6199950087370615e-8
5.457073541428464e-18
1.2048556720963912e-12
1.7289131146609147e-13
2.2131515795241897e-11
1.925657838837654e-14
7.542607608917237e-14
3.348025075230049e-15
2.4594776236368183e-14
2.637859446595494e-15
9.565351807623622e-8
5.202700426900969e-12
1.2448873277724888e-13
2.8029036161616104e-8
1.1472731160106512e-12
3.42428987547249e-11
7.375447561813872e-13
1.3188732076626475e-16
2.336156645111237e-15
3.404558295453965e-17
2.7217478723356126e-16
1.1855277040712985e-10
1.4014358133720239e-14
3.969537981144513e-10
7.391937431823769e-17
1.2648492922699427e-14
2.5143510581543007e-13
2.6242732245586604e-10
6.663055566844022e-15
1.1777690489698944e-17
9.647710041323774e-16
1.928746184694784e-17
7.615505275538308e-10
2.7037403719294355e-12
2.8067692005524505e-10
4.978480441206909e-16
1.6134816089426914e-14
1.304760485859003e-16
2.011355006661065e-18
9.416980592155309e-19
3.1049369659458743e-15
7.730003678327828e-9
2.5301972989496934e-14
1.805229144978231e-16
1.4822332387215292e-9
8.048220571109877e-17
1.5868122384707374e-13
3.577497454961347e-15
3.993055899893575e-13
5.673508553995904e-14
3.692988735496537e-13
2.1594579361565898e-13
1.1658532684744105e-6
9.522968870954424e-15
7.209985686317297e-15
4.9893628069916713e-11
1.9519037928555462e-11
2.126182265805874e-10
5.924282247754311e-14
2.268332529204165e-11
9.764931635342282e-16
9.201355940540131e-18
1.2435162295979525e-10
2.0846241882687668e-10
1.3387136791596708e-14
1.7610394084503074e-15
2.4014984053697884e-15
6.693939205492163e-14
2.4249146908597882e-12
5.611026504451579e-9
6.198118103607797e-14
2.5070657653494026e-15
3.230719028171706e-13
3.8181750037342276e-16
2.7433791567439736e-13
1.4382278373658626e-14
1.1806226857597564e-11
9.435109122837241e-12
7.374205200905935e-15
1.790761824730257e-14
2.4512856180299472e-8
2.377252338840267e-14
3.4374622268514357e-19
2.252154225722934e-16
1.9843615260875685e-7
2.352782484476425e-14
1.5639557802905306e-14
1.588033991760143e-10
1.5733075606188536e-9
5.792123295737837e-11
2.9822664736942733e-16
6.425141621552182e-16
1.0637934132196773e-13
5.1855885342022684e-11
8.441308940149255e-15
2.188955692147996e-14
3.7403044974378e-11
8.059903366396466e-13
1.545627855093251e-12
5.036367491220725e-13
3.1249791974993766e-13
6.674734756629148e-16
1.9153277336954985e-15
6.3172965570329176e-15
7.322344780030202e-13
1.0524781205235796e-15
6.984875773294424e-14
4.231006819286181e-11
1.6384863881196652e-16
6.027465247142934e-15
3.4482877761607855e-13
2.6856852395681568e-14
1.9444277938440844e-15
7.04063363102226e-10
1.7653641590748092e-13
6.718175481119534e-15
9.110660256993658e-12
4.828629535948637e-16
1.834098085333391e-12
2.2360405499606782e-13
2.9288563780235406e-11
6.121181924259542e-16
6.629438402792539e-11
1.0181153651196257e-12
4.991279815740992e-16
5.434782228154424e-15
8.351296982862423e-16
5.184100458001079e-18
5.614776829776449e-10
5.870244699646552e-10
1.433221862899754e-18
6.637719718890502e-8
3.7032080718539647e-14
1.1231765614831927e-10
6.335509058978205e-17
2.410739628151132e-19
7.795187237865615e-12
2.51189697862598e-13
4.8210071012078255e-18
4.923656682078756e-19
5.288320902311336e-16
2.629044678978012e-13
1.1977498929343322e-12
8.054214416193514e-14
1.1837379128616212e-13
3.137240634408739e-10
1.6191161954078545e-10
5.775411043397584e-13
1.9087931840619367e-11
1.0237397139835842e-8
5.432177821538439e-13
5.025625506252625e-16
1.0720283690570325e-16
1.074522901878864e-15
6.17521693840878e-19
7.704471459180047e-14
2.5127203582411286e-13
2.2755861877674223e-9
1.7760950634286566e-15
3.987372763109937e-16
1.4773262076676008e-14
1.9693967771364154e-15
5.623660954900509e-11
2.6002853470055154e-10
3.1504928679571345e-12
4.36428848407357e-11
3.17629325203207e-13
5.377462150967238e-9
1.0514143927334814e-17
7.469004011201293e-15
8.312506629227691e-12
2.8758365618739667e-15
5.0664945983158365e-11
4.754371674298472e-15
2.588222046596821e-15
1.2249102835795765e-13
4.665749767653965e-16
3.850906319394085e-14
4.753383616505694e-13
7.111297405726734e-10
7.683614864674405e-11
3.45458282111108e-14
1.1335555741036517e-10
6.318100801815942e-16
1.660834977875135e-14
1.620059005963221e-10
8.916747923856611e-17
1.1035352422402554e-11
9.157797267529832e-17
7.416459415409529e-17
8.649989632445672e-15
1.6573352983827343e-14
9.953571329657328e-16
2.9401392150127084e-13
9.98886269565965e-13
4.846229528987626e-16
2.3658452119696627e-14
2.3466625238601563e-12
5.1409794781776065e-11
1.1893567210821718e-9
8.110390268446491e-16
4.415561487878388e-12
1.353379407391658e-13
1.67247416217879e-13
1.739007927389898e-15
2.942784946682273e-10
2.4736193309651558e-12
1.1342505915791196e-14
6.448547197994436e-15
4.999934551845581e-15
6.7081386602321856e-12
1.209605679446231e-10
9.098585670096476e-8
2.6291168849618113e-14
4.439741457816248e-15
7.45306864824377e-15
2.103317449668812e-14
2.0073069163541234e-14
2.3298097138366361e-7
2.326740837467655e-14
2.541761048640693e-15
9.717728535006133e-16
3.247257868571772e-16
1.1693621060198757e-10
3.3462883058786568e-18
2.036290930821977e-13
1.3355529247258352e-12
3.139901319483417e-13
4.703243463228598e-15
9.154597795511018e-15
2.7562036934910672e-11
5.581675589876351e-17
5.259754921002382e-13
3.588395388692495e-13
3.941331502324097e-12
1.7456976551734738e-11
2.940637368786736e-17
2.269059170900638e-19
2.8491530244730533e-11
8.895901325086548e-12
4.054492531490431e-13
9.549281773473223e-15
2.5551462362495084e-16
2.257361935152028e-12
5.544011317684767e-14
1.8293570992302745e-13
1.0116523311618034e-13
1.4129875114997846e-13
2.4964505880655514e-13
3.577453909957309e-6
2.189232557037609e-10
7.971493136618617e-12
1.0848856449820628e-12
7.983604961200201e-8
1.3487473358843583e-7
4.27450409972663e-12
5.532518072964841e-15
1.5352347564100193e-12
5.3605419125719545e-18
2.189257927389254e-13
5.295658006520236e-12
1.6492253913167478e-10
9.44284130083808e-16
3.5783814211220734e-12
2.060145877544806e-11
3.4321914211854863e-18
2.0481392695408805e-15
8.997236456402215e-17
3.5504655536915127e-13
2.6803099414892417e-11
1.7892795142807156e-11
1.5172348557002464e-12
4.619993953806887e-13
2.4584290700211744e-15
1.0812728759592388e-8
3.3661425100395043e-19
1.6780621412592676e-16
4.9972259771172805e-14
2.401341560408786e-16
4.501664282169685e-15
2.8270888437357997e-15
6.966437322412514e-11
1.8209792324448268e-14
2.5097811684980914e-17
1.1668898065471878e-12
2.2343933218772436e-13
2.5687601709369493e-15
1.554157818088418e-11
1.503083713931135e-15
6.032434040707009e-14
2.1748128546658326e-11
6.511746615265802e-16
1.2857999588372638e-10
3.3663616192931076e-12
1.0612354745155983e-15
3.8673579007402834e-17
5.119745708742251e-6
1.1690643664195963e-15
4.947670680716457e-11
2.1909908938120648e-14
2.2711368170536993e-11
1.8401213677160556e-13
8.299082425164046e-12
1.8888704229309643e-14
2.2979999018397893e-11
7.082882893836925e-9
1.600146549491508e-13
2.1703272747177527e-15
1.7013121882135727e-12
2.0774309686862323e-16
9.544774097221539e-17
1.390880903068913e-13
4.854487471445765e-15
3.9168597714651364e-14
8.336861595760591e-16
7.694361578180997e-13
5.3456886425367074e-15
1.5643612730903613e-14
1.3340481184996146e-12
1.0171629198210228e-13
1.5798575406200763e-12
1.6479804412018893e-11
6.788963670864601e-14
5.858552546697115e-10
4.9850414936499415e-14
0.00041128220492633096
9.174740753828746e-13
7.89483693852542e-12
2.6101165235678433e-15
3.306657393569751e-14
4.472630259593262e-16
1.2058161992162289e-14
0.00014717167214835244
1.5192608457584758e-11
5.173221311082764e-9
5.65147036947655e-10
2.7780715375192575e-16
1.1422680045194406e-12
1.3947350540025917e-11
1.3003110862619895e-13
9.448893685867556e-12
1.250158781907181e-9
2.477006725816015e-14
1.2191339176394174e-17
5.3641115134648936e-12
1.008978724858616e-10
4.698998970379662e-15
1.8725788579023957e-9
3.21445767641532e-14
3.153774448279496e-14
9.234884661785195e-14
1.4262713840746258e-17
1.2554715936802156e-15
4.75622375328746e-14
5.126096121715471e-15
9.312481174943162e-15
1.9823636137712228e-15
9.411990402067946e-15
7.886044700081281e-13
1.9028384168320743e-8
1.2944152170843791e-8
1.0715907344696728e-11
1.5574933008967694e-14
1.9064316149382013e-14
2.8560342751768194e-13
7.792389735196846e-10
2.8374076335638033e-13
3.3448128839800037e-13
5.812831472538632e-15
1.7237059545496527e-10
2.8814452198172525e-16
1.7422437943766863e-9
1.4532033517283274e-13
5.238384488383982e-12
4.290062770239831e-11
3.925844351370556e-15
3.56354483301424e-14
1.881089739430331e-16
1.14596942755463e-12
5.824652049048536e-15
3.677028131334274e-13
1.1459124896602235e-14
1.341795808502402e-10
6.147751934957532e-9
6.870356678692562e-12
2.3906714272548847e-15
5.043263544742887e-15
1.7938932986149283e-11
2.3975141936401556e-12
1.9040323511375653e-13
3.0649199987288345e-14
3.67404848687607e-12
4.163084820812767e-15
6.3817444577069585e-9
2.360032038916621e-14
1.1758576601871762e-11
1.168534657747012e-13
7.815460923456911e-13
1.862977365204858e-13
5.383205525641496e-16
2.076984707438898e-12
5.792487261932675e-13
6.008428922273606e-12
1.5873925183606815e-8
9.190556651314709e-10
1.2445939794801104e-11
1.0133054862680571e-16
2.562464346863744e-13
8.28873131145223e-11
3.3934140804176148e-15
7.409515926230063e-13
1.574165105161954e-18
3.2140038054448982e-12
3.7719080980957314e-8
7.2143612383965e-11
1.250674657820076e-6
1.041954908662737e-9
2.87463418318526e-12
4.756381321613542e-16
1.717896321594837e-15
9.167832885297728e-16
1.8069460059940732e-11
1.3597898997445288e-13
1.0149492032338753e-11
1.4309991161705487e-18
1.5162504118512307e-12
1.045329744162297e-8
4.209114243235868e-12
6.150430963961625e-11
3.0307973591718447e-9
4.2059258855758753e-13
1.1102202885543121e-14
1.1224805240489825e-11
7.667746844585844e-13
2.258276877838891e-16
1.7523226642564106e-19
1.640977352729927e-8
3.164013690402287e-14
3.754403835034203e-12
3.197994574579383e-14
6.914882506194771e-11
1.8036776951932404e-9
8.646576441857751e-12
1.1693982580995646e-12
7.647925557737485e-20
1.841280925719946e-13
1.0283036544308764e-13
9.930058582538084e-9
1.1880991102942104e-14
8.084727830167544e-14
3.5756105959085797e-16
1.1630340794058393e-11
1.4998484988891574e-14
9.835516885050159e-17
2.6323921619374177e-15
1.875642636950602e-6
1.0561913520811133e-9
2.4352312895521757e-11
1.0188993627347733e-14
4.7484662457847484e-11
1.9941649144328297e-17
4.706964533474632e-8
2.925069879299319e-14
1.4730634431789032e-12
8.099296613224632e-11
2.770660466002657e-14
6.323937189121027e-12
4.946699701769114e-10
1.9193973587172263e-14
1.3485898983748815e-10
6.931639820259701e-13
1.0418538571944385e-16
2.36145198491316e-13
1.1057448988321888e-10
1.6897103182696946e-18
7.33339748703945e-15
7.502680490306117e-9
1.3771869329862422e-12
6.486955072806659e-15
3.0847335029707425e-14
6.706142584312621e-10
2.052186486281346e-8
6.493307224418389e-9
5.44685692602113e-9
1.8422699617201758e-11
5.997248198573148e-12
9.5937133141604e-14
6.088061864611589e-11
1.8411043727792426e-12
5.98839738588677e-14
3.8957480693379677e-13
2.4687154280086703e-14
1.0796256645004775e-10
1.6463775938652909e-18
1.6488046041918164e-15
6.672752311715138e-15
4.751100146274108e-13
1.431788279269363e-14
6.680075029731137e-15
1.8706118484487673e-10
8.50550380286935e-12
1.9137000978646786e-14
2.2380908777185098e-11
1.5814534204995395e-12
8.051431585299451e-13
6.654779245929853e-12
5.648656015902198e-12
1.016485867094696e-13
1.6396587884533196e-15
4.550976573554833e-8
3.8117155696459645e-12
1.6439799885875665e-14
8.744198236142532e-15
1.9933113444137274e-17
2.0834519924573765e-16
6.3642017883835e-11
4.8142725809978084e-17
1.2817307483391979e-18
9.093140423158248e-13
9.688968321520615e-18
1.3522245188782202e-15
1.538923793105444e-12
5.00313801745538e-16
1.8979016824090544e-10
6.9939175908786154e-15
1.4630201110827358e-16
1.5400830176971747e-14
1.4849404058081365e-15
4.510261752540767e-14
5.055328257803636e-16
7.518839943205401e-16
9.460425749050598e-13
1.4635646868693517e-15
2.3495593417847147e-13
2.3101266908086215e-14
1.2857338113033837e-13
2.735137147808513e-13
1.478661888631036e-13
1.3370455384687382e-16
4.7288200524996534e-12
3.134032198474483e-12
8.036185185560237e-11
4.269247305813095e-14
6.546280826661456e-14
5.412379099402934e-16
9.100862299041922e-14
1.7891359449042842e-11
1.7239582373197812e-16
3.760261048901831e-18
1.4199046460895823e-16
5.700961475580616e-13
8.091892485459696e-13
5.5418621624727975e-9
6.084907929547519e-13
2.369644262810966e-12
1.510191995640351e-11
2.3495535735089219e-7
1.2104907914615831e-17
5.110528287169319e-14
9.090370422250134e-12
2.6740307954724214e-11
4.05000997355698e-13
9.121573200483731e-11
7.35748758448553e-13
5.181945496342835e-10
9.488460485640797e-14
2.0887724803734763e-12
5.62543601793762e-16
2.5700868349557427e-17
1.8689328239055076e-15
6.026630337519181e-12
1.7023442828170795e-10
2.5472494278676744e-13
2.8054869436144075e-15
4.897537386402277e-14
7.479568472637676e-18
1.0020919263390788e-11
3.530904879885721e-19
7.933046974362726e-11
2.826587968851637e-12
1.630840496866269e-10
1.9762455565669167e-7
1.0779776710732095e-12
1.4517525826195877e-16
1.656927153243514e-9
2.582034205311288e-15
1.466233640970839e-12
1.5459856099873817e-17
4.545022382023828e-13
8.025800426553032e-12
5.597280014313626e-14
1.430066090445317e-16
3.653530481150197e-11
3.831415895296912e-12
6.531960582684279e-16
1.3626949181756017e-10
8.935612417045756e-17
3.5503476315547898e-16
1.68508667588906e-14
5.696293040425733e-9
3.632823965139929e-16
2.5418398945114254e-10
3.9992185298639443e-11
1.508800422388942e-14
1.2460395025084399e-11
4.4212709487860653e-10
3.07042187211635e-13
7.09098542466477e-11
3.101636272410488e-15
4.6559249932377386e-12
4.5757421106503965e-10
7.204448916341161e-15
2.4791090637406995e-14
1.225832583367666e-12
5.355056477888036e-16
1.351838171032604e-9
3.842968786744974e-11
2.9015659159468837e-16
3.2902696518065003e-15
2.004108527640973e-18
5.3738120367026226e-12
1.1488833872520745e-15
2.7029609029484316e-8
2.6559248427697505e-15
4.636814857416566e-11
6.516690171879795e-15
9.243607595508048e-14
2.514155941115134e-10
8.920326549329613e-13
1.3192232772990256e-15
5.196406130227198e-14
2.314415250722743e-14
2.846998665608608e-12
1.3285341595046484e-15
7.850404974125221e-15
5.3994254515746206e-14
3.763771148527676e-17
1.2841744264024536e-15
2.232427194778964e-13
2.418543978904325e-11
7.900727317386607e-18
2.3292147473874635e-16
3.648822762485814e-13
1.1896494877105725e-16
8.360965702637723e-13
2.340718474129219e-16
1.0781155862296014e-13
3.553039771775439e-10
4.1108029668453344e-14
1.0656009100524883e-10
1.347020559560244e-12
5.377089482955293e-13
1.7814576441627487e-13
7.588629695105869e-8
2.1995657489121673e-7
1.2406491980979202e-15
2.521380104902499e-12
1.1149401202821293e-8
7.002283518451229e-10
1.3211347998754234e-14
1.8609364732411595e-12
2.4169793672223218e-17
2.1492573869911143e-13
9.68419201329392e-13
1.9306972912751627e-13
2.13407333555158e-14
3.2596041360837057e-13
1.2933936173045321e-11
1.640461643604252e-13
1.4338444549294086e-10
1.3535053078796925e-12
9.664226234620525e-15
2.0275874015582324e-18
2.1905379152892555e-12
4.605767927070482e-16
6.0737392230726376e-12
1.5347196917965547e-10
1.829527224481664e-16
1.94442701795713e-7
4.0342624890067717e-17
5.010120984860164e-14
2.2621043805531283e-12
3.4936304775386926e-16
6.323174707170035e-9
2.1381926166391102e-14
8.251383538993946e-18
3.0877620474900455e-13
1.0426459411814715e-15
4.7211032862455226e-15
5.130776474510715e-11
1.7205557636316986e-11
1.7569608863292646e-11
2.549696440763593e-10
6.437743371071849e-12
5.882588606064015e-17
1.734634583350386e-13
2.396341979340479e-7
9.563859392278253e-12
1.7964607789956484e-13
1.7474614578602001e-6
3.3886686315399927e-15
2.317710675153586e-12
1.7395076278016525e-11
9.071074554941569e-10
1.4808845845182776e-18
9.148179283262114e-14
3.6081284121922336e-17
1.384565161278339e-13
6.943106371282354e-14
1.5382656452790347e-13
3.3514488117453763e-17
1.1994170220303607e-10
6.288693277167981e-11
2.6705085833517223e-10
8.760177515098198e-18
4.743333403607455e-14
4.220983480011084e-18
5.1210888865672226e-17
6.10694070082169e-14
1.5967303482654481e-6
2.214445770431752e-13
1.011373072624205e-13
2.1521493879892445e-14
9.181342266315874e-8
1.7846085160483833e-14
2.8143289644966116e-15
1.3596335282539639e-14
1.0937601126593325e-16
1.3196512197412896e-14
1.8576637799573035e-16
1.4637205285712174e-10
2.608979017295475e-16
2.6743606340400484e-8
9.00066373500632e-13
1.426317773915934e-14
1.3144641434822766e-19
4.627210360010573e-15
9.534559047148327e-14
6.627217817190803e-14
2.3067068435059037e-11
1.0562541261017662e-10
2.25345424161256e-15
1.3267097842041905e-10
