9.716381197908959e-8
2.6902243084306294e-8
4.539435956015824e-8
3.277077888598622e-6
2.943316417259694e-5
2.916672810087224e-5
7.908320628369326e-7
2.800807541238369e-6
4.5545070431720345e-6
7.693105791873667e-7
4.617813449771523e-8
3.083228247541839e-5
2.9010510789524893e-8
1.5506893542579107e-5
9.012279653613448e-9
2.0620244593731034e-7
7.832348941019414e-6
6.375603989903268e-5
1.2954753874741616e-7
3.6023063081048363e-7
1.0853597519642149e-5
9.917481622846375e-9
0.00011683173607603904
1.942771345003403e-7
9.749335434398317e-9
0.0002492569656855647
5.436814288086534e-7
9.715688004457482e-7
2.109145275708527e-6
1.773434186632708e-5
2.2205821453769914e-6
2.4635956927482906e-6
3.049303766572119e-6
7.656946607915435e-7
5.372817704443531e-10
1.9257774525794146e-9
1.2928919635467688e-6
1.6558452043881893e-7
2.6036111254913654e-5
3.742501962964894e-5
9.069797679709764e-7
5.652198834427728e-7
2.0728075388552533e-6
9.416697823903198e-8
2.7250075025668116e-6
6.408800426192636e-8
3.3492077266196966e-8
1.9002269780985302e-8
1.7260287536177799e-7
2.1309303984883407e-8
3.66671074045889e-5
1.400490709662663e-6
1.3843444220514996e-6
3.9084564382014516e-7
1.407066525954719e-8
1.1381249642602592e-6
6.235580097792321e-6
5.5472315411025714e-5
1.615458892349977e-6
3.1554128505470114e-8
3.936606306404334e-8
1.1262418056014909e-7
2.2612444304223098e-7
5.42286792802573e-7
6.1880812976209975e-6
6.322221974315241e-9
0.0002916347748645964
5.439067056728021e-10
5.377329951734195e-7
2.421266449553417e-6
1.7538544550924685e-7
5.039486762946469e-7
4.240998652790985e-6
7.274766488125912e-8
2.0983743231984042e-7
1.7776668308643775e-8
1.596491358149292e-8
1.0046498139267461e-9
1.602472684212955e-7
1.4446887655467584e-7
9.883222861011979e-8
6.465110703228747e-11
3.2883565481264086e-5
1.454601926555202e-6
1.1138121473853e-6
3.827437522439212e-6
8.045556278486555e-6
4.156828674863299e-9
1.6749602245440023e-7
1.0968919432121955e-10
4.6660493406724866e-7
1.7138692684995404e-7
1.6361784672918102e-7
1.9882073588688778e-8
9.948900009458589e-5
6.584636923221862e-6
1.3542853699780008e-6
3.5517763278758433e-6
4.403565326025505e-7
1.7316004953939142e-7
2.582447425226192e-5
3.6960364343737125e-9
8.511899930093295e-10
4.804162103713801e-6
6.100409609133383e-9
1.5922759661365773e-8
1.0328307024739352e-5
1.500575322592292e-9
1.6880999946706364e-5
2.9367310901767555e-6
1.025606661169913e-7
6.9717603373844135e-6
1.2359890212010898e-9
2.167042425088366e-6
1.4787853782301847e-8
4.965095769193465e-6
3.0033865119923277e-6
1.0953255703070447e-7
9.247976721031866e-7
6.590554878625723e-11
1.1157853285144019e-8
2.3480991392968367e-7
1.0289464472617777e-8
8.989642112929297e-8
1.7088059930841207e-5
2.225102080621444e-6
7.17625155358694e-6
1.2466969497819697e-6
6.069960373465174e-9
8.196492586191587e-7
3.1875983226183476e-9
9.781291276405898e-10
4.989516248226308e-6
1.5999497309062538e-7
3.987455907259498e-6
3.074825108114769e-10
1.394410247791298e-6
2.8887263266201687e-8
2.4030551818872985e-7
1.6407801972271337e-6
4.126678628226098e-8
7.09274568315729e-8
6.682224972993596e-6
2.0326129801649875e-9
1.7254703712675062e-8
3.131689873600065e-6
6.473636766746745e-10
4.176828964052594e-5
2.6093577392666057e-8
3.6968870564487426e-9
1.2324927873040001e-8
7.883763815062181e-11
4.470820282602989e-6
8.043392269998338e-9
2.6849312658086484e-9
4.986685785795956e-9
8.818207702661916e-6
8.122860718958477e-5
5.331953816934887e-6
5.089798939698597e-10
3.6854494016841687e-6
3.8479253488293256e-7
2.6481191857426253e-6
5.58059402211381e-10
1.7617341486652704e-5
7.818045508486084e-6
1.6648245783986017e-9
8.29436484404204e-8
3.9429792731267766e-5
7.12482227584694e-8
4.028517995904034e-7
2.899551346438453e-8
2.589560508314729e-7
6.092671501065813e-6
8.671507869349623e-7
4.854146301157177e-10
8.413794096508235e-6
1.2575974431222466e-7
7.286492683414477e-6
1.8615983624526202e-7
2.696652088568541e-10
9.348648362631215e-6
1.0236438645196316e-7
7.281089377329859e-6
1.7752086368569417e-8
2.5189642918074645e-9
1.64713279895129e-5
1.213401430413469e-7
1.2757306041259085e-8
8.8812094478835e-9
1.1536473853499095e-9
7.987988642241908e-10
2.668718225762037e-6
3.3891364607787544e-8
6.654819588770601e-6
7.297261865113989e-9
3.669170702136849e-8
1.1524841850200893e-10
3.3395160475558596e-9
3.5109479379356497e-7
6.083535866412462e-8
6.603440828045953e-6
4.9021532516258306e-8
8.060615949780522e-6
6.470008622262022e-7
9.558200301405876e-9
1.890762835200919e-5
1.1734511362722987e-10
6.180152761053392e-6
5.868295942821326e-9
1.8981462873931745e-9
4.0577250225568207e-7
4.116907497798101e-5
2.370480984471932e-8
4.1472396413188445e-8
4.756018191862558e-10
3.5122076207475665e-9
5.116830119279782e-7
1.2542551923888747e-8
1.93294786985009e-9
3.068285575355109e-9
2.4395366138906685e-7
6.9263541498656095e-9
7.668348108366391e-7
2.9986016916355837e-6
5.304183944208583e-11
2.670052715945459e-7
1.0836363088584284e-9
5.318904890364523e-9
1.360067485472431e-5
3.069139275402903e-5
2.2270404772006073e-6
2.0831300435215875e-7
7.99108431035352e-6
0.00018662777844473567
5.4738012705807654e-8
2.4114457793391433e-8
4.740140260529979e-10
2.5028389622325437e-7
8.421027260173813e-6
5.515453772806829e-7
0.003365648830428975
1.4280532223625611e-9
1.6220456762085634e-6
2.4543116356409713e-7
8.123659468849896e-8
4.5413628221703824e-7
5.764245580741621e-9
1.9024694048568146e-7
3.6784114125816696e-7
8.144010287866604e-5
3.5953920165506597e-7
0.00021167758323833668
1.2081582272573545e-7
9.90677835700226e-7
2.0892899391579345e-6
2.417357875213616e-5
1.0970203832473564e-9
1.143634912123201e-5
6.737820188693096e-5
1.0778470171540868e-6
2.395346803497933e-5
8.676018205035954e-8
3.109942377986547e-8
9.773066856644018e-6
6.988788597080166e-7
4.5984437390358754e-8
3.709444876317054e-10
1.1215173142324478e-7
1.1871780585972309e-8
6.1634437471384674e-9
3.2800869078408977e-6
5.335561915794334e-8
5.6924983100005845e-8
1.4504085532627688e-6
1.2857474300443851e-5
2.0634362115779545e-7
2.046854516307154e-9
1.686399965021361e-10
1.9163433484420224e-8
3.728463049263538e-5
1.9369190035934986e-8
7.205841290904996e-10
2.52393687852998e-10
1.9176841192064744e-6
4.535011200129071e-6
9.39187432052848e-6
5.840473242624266e-10
1.1892325460366542e-7
7.160963050104752e-10
4.1038385790183625e-9
5.390906409119314e-7
4.4058861349988604e-8
6.434938593283941e-6
6.779281127062869e-10
2.6786426501542565e-6
7.303738925590518e-10
1.5459132820820122e-8
1.454607919839519e-7
4.8570269894632805e-8
2.8918702010813383e-10
3.6280439639160307e-6
6.201799754860739e-7
6.11978779324364e-6
1.8625070101159476e-10
1.7625737484563803e-8
4.1441232584664685e-10
9.458985403919189e-5
2.805205649639045e-9
2.600119812325969e-5
1.0288902542456878e-7
3.891845976090376e-7
8.832987567699026e-5
1.4911821521608108e-5
1.4966491679628505e-6
1.9991928077858277e-8
7.423052082873065e-8
5.886562715290846e-6
2.0550495468119836e-9
1.4715686068727191e-9
1.2634502960112858e-5
1.940679516288282e-10
1.8952422770850995e-7
1.593656800449181e-10
1.4390344622697364e-7
1.1553137546365336e-7
9.107067399756216e-8
1.9457951096871797e-9
3.2252753068170524e-8
7.400361423139412e-6
1.0769371647629245e-5
1.3383678893088328e-5
6.866522147578148e-10
3.1064524315314898e-9
4.403514823198491e-10
2.1912747955054604e-6
3.708284930110973e-10
4.38523038439915e-9
0.00013896063072810807
2.128375559100568e-5
1.5293239442494395e-6
1.6828894608666618e-5
1.2497462501127451e-5
2.4615502787277976e-8
3.6171226320452866e-6
8.369085075654308e-6
5.2688894982776e-8
1.0007051795505611e-7
7.945307948648936e-6
9.898057830127442e-8
1.2885753659293083e-8
4.3781518255783985e-8
6.798024628047295e-8
7.573744824411747e-10
8.83723181366084e-10
6.9075110626620545e-6
2.4614180001881124e-6
1.3451584443770867e-7
3.367826723941484e-5
1.9935604127104027e-9
4.374660404521279e-8
4.0492349161906234e-5
1.1108040785500038e-5
1.8306821896326267e-5
7.888434899948427e-8
6.324748592257977e-5
1.846663745456961e-7
1.1390755276515156e-6
1.0535863524358172e-7
3.9211451750276933e-7
5.209023460022333e-7
9.073101765363837e-7
6.100780491968387e-9
1.5259633541099418e-8
2.4510066359490656e-7
3.645679893091474e-8
3.016930826705536e-8
9.509944511019714e-8
5.5634864389145956e-9
1.7226643619476492e-5
8.068971591227932e-9
5.42810273389623e-8
8.151967538233433e-7
1.2530403436618097e-6
4.164883773734813e-8
1.5009538482503904e-10
1.1424852613375194e-5
1.6255234436907418e-6
5.30978071030693e-7
1.486238913493921e-10
5.458640272922207e-8
3.4924208700303383e-7
6.148018500555339e-6
2.9345378759233437e-8
2.440231396006184e-7
6.951591535476556e-5
1.4130181222839483e-5
2.7892098530141827e-6
2.6553537024867956e-8
5.453130644433739e-5
9.927763541519976e-8
7.2493842983412326e-9
1.3727569888137913e-9
3.7566877784204376e-8
0.00012399155996136693
3.7046149293977105e-10
2.285130003393272e-8
2.2865414477275918e-5
4.122005097186943e-6
3.1154149684896165e-5
5.666855764900928e-10
1.9424956096912522e-6
2.3943216485442075e-7
2.2111222322730903e-5
2.846154734444331e-8
1.0589329663477627e-7
1.6461114695479331e-9
5.330464419598197e-6
6.495502753398382e-7
6.58339603307868e-7
4.2925298240825875e-5
8.295332440827459e-9
1.162166911644755e-8
6.3272006836202765e-6
1.5371436417374254e-7
2.4222336636801687e-9
2.981214947386351e-6
3.7318412294777024e-6
3.6205900679440294e-5
3.6861831638854826e-8
4.069322188489524e-7
7.454545939286778e-6
3.0184489206518955e-8
4.4407092405025296e-6
1.020447102384273e-6
4.902684619029032e-6
7.117800959502206e-9
1.7221858198497777e-5
9.385790380054762e-8
1.5164368658758674e-9
7.675146154470258e-10
4.1125963168579687e-7
1.909755203410445e-8
4.0841801882092964e-5
3.0396907100233533e-7
2.65642741055992e-6
1.4068348787569125e-5
1.6913900504157948e-6
9.53935881560219e-6
4.036959412575501e-6
6.3227804852608625e-9
8.820695067533e-6
9.38176897699219e-8
3.7289931795743295e-8
1.4422753230780608e-6
8.326735248270306e-9
1.1593609834705106e-5
4.748623761282386e-7
1.6821945106951485e-9
2.3110562026235432e-9
9.785845335035575e-6
5.791906981437007e-6
8.415571974866575e-6
2.805111469457718e-7
1.3482022474591965e-6
3.828958656992224e-7
4.111940888240235e-8
3.217175519498221e-8
1.0709500228095791e-5
3.3732981237278004e-6
5.113991886764667e-10
2.583243029903036e-6
2.748834862263587e-7
4.658682657873224e-6
3.0578550059421526e-8
1.1034107955982705e-8
9.130347345180765e-10
2.8215098419884773e-6
5.734292912554972e-7
3.92197901997823e-6
2.524285778937687e-6
3.5189667727452245e-9
0.00019583330784657494
8.746784273798642e-6
6.013720384798395e-5
5.518858964750794e-5
4.78538636581454e-5
1.1679812934026846e-8
9.132837739779443e-7
7.103191978495262e-5
9.508430590266614e-7
9.271142049637322e-6
1.46491078104164e-7
8.887802343999955e-8
5.119517480874709e-6
3.0494219524730523e-10
3.2095036724685657e-10
1.2817795330266323e-5
6.311251959628615e-8
3.226317185031359e-7
1.6500522043223823e-5
7.634293047677741e-10
1.3924680270781432e-7
5.774779067568591e-10
6.083940359019597e-8
0.013306709353319466
1.0502085155721749e-8
2.1893578449701e-10
2.7849800330023995e-8
1.3464848844055216e-7
8.434288445351569e-11
6.791632732043248e-8
9.498368981174664e-8
2.1055927332643838e-8
1.7749392044725613e-9
7.269780123691525e-7
3.7773210679634666e-6
1.6501878453775736e-7
4.243019204425684e-6
5.844974344133074e-6
2.3402800458687764e-9
4.197235043200072e-5
3.5369983502749875e-6
3.5333662404441175e-8
2.459191192000497e-9
4.144083940562428e-6
1.0275694171133857e-8
5.825401033297437e-9
1.1532460749388417e-8
1.698320956742407e-6
1.1374861095036062e-5
3.990113210193356e-6
1.4662031156654355e-5
8.575656283199086e-6
1.2200703353575372e-8
3.742578250016704e-5
1.3349711606330394e-5
2.1386344036428898e-11
5.5055809859843496e-8
2.4985226630817695e-5
7.91826356768682e-9
6.697691632273876e-7
4.0110205690264605e-9
4.8828801327306696e-9
5.6401770053131773e-8
4.2670143605536755e-9
1.25114453336168e-8
2.3009794186459407e-5
6.303727510129002e-7
2.226296426107858e-5
2.232947203110337e-6
2.163866934754873e-5
2.342583770773569e-6
8.8538906779444e-9
4.008722634980115e-8
1.8401556488827467e-5
8.186720602609263e-9
1.965726428552333e-8
0.0004126515566054697
1.8222213905511953e-10
5.8151700600069654e-9
2.1175756537372613e-8
6.42058200341654e-5
2.2896314829577995e-7
9.517318549555449e-7
2.2217659800119892e-6
7.304937120076215e-7
1.380669947269485e-7
1.2375342969377675e-9
2.1655671625460183e-7
1.169062579229917e-8
1.8662162816317298e-5
2.050745994375115e-8
9.511211192661969e-8
1.7866503427804622e-7
9.016528362829791e-7
6.504882992822953e-6
1.0040526096464383e-9
1.0578061662054714e-5
7.652697267755547e-8
1.6008816434238166e-7
1.7891031565488928e-6
6.051425808568851e-7
1.1582606667781155e-8
1.2086905546604399e-9
2.2541000953043495e-5
7.406767723820078e-8
2.411463054127844e-7
5.4499233739460344e-5
6.627748496069434e-10
1.0422020681248872e-6
7.602503713391097e-7
7.997753254015909e-8
2.5998940675052973e-8
2.3828044392111526e-6
9.05957306842709e-6
1.4789218966126224e-8
3.0828316702620186e-7
9.973387073151755e-7
1.0353447425999351e-8
1.6011289857811774e-5
0.00036310633462352965
1.2250627830019018e-5
7.584090481852181e-8
3.0039040947268525e-8
2.4835002389972024e-8
1.9409980164904004e-5
2.704487202533518e-7
1.2109354984349867e-5
8.695971782406679e-7
2.6287539585987576e-8
0.00038293623121382853
3.881296234211051e-7
1.4985759212486728e-5
5.63358402145018e-6
2.2530734795716707e-9
3.982947249674041e-7
5.60510526665177e-6
4.87044275546692e-7
5.1545419154258476e-6
2.9529677224324385e-9
1.8224244944984294e-8
4.805409529426268e-10
5.830507977503317e-6
2.154965650323267e-9
2.9733992969078696e-6
7.86522097152063e-8
4.5008854353432315e-8
1.7566753680209768e-10
7.883188787595673e-8
4.290842182469598e-6
2.4097867947033866e-7
7.045987412814624e-7
3.835424427623668e-6
1.649589025269458e-5
1.683169673707972e-8
2.048265504626919e-11
0.00039302244834946127
0.00022112735213104223
0.00016054153872149333
1.536505527552802e-7
9.26072717328424e-9
6.505246095263139e-10
1.1479189927613111e-5
6.998801868480932e-8
4.811989701007182e-5
1.4078245311465562e-7
1.95664753438092e-5
9.65986575205205e-6
5.45187207004318e-7
1.5481724027532585e-8
8.745291446004875e-8
3.404462584652515e-7
2.3870237528343043e-7
8.679705072227087e-7
2.0213341119303422e-6
8.158198949163872e-7
1.1669904761489183e-7
2.4161190679888553e-6
7.714798607133801e-5
1.1745769570441782e-8
5.630367547391702e-7
8.398065367763584e-6
1.2969012992626164e-8
1.9726661542730316e-8
7.94466580272266e-5
6.533983586549762e-8
9.675404591696048e-5
9.209780993690052e-10
2.36877509457528e-5
8.094054035318927e-8
5.528223977607982e-7
1.8390006266254386e-6
2.724888118004694e-8
8.686248401413687e-6
1.446936898071759e-9
9.038322585542969e-9
1.1046112572963587e-6
1.3907901297381443e-9
7.1191760877534745e-6
1.991432098511527e-9
7.635339300292356e-5
5.953067367685879e-6
3.6020157046712736e-5
4.290022904507466e-6
3.8345450695861443e-8
1.128500377493485e-6
4.995412153892808e-6
8.097915043532306e-9
1.6739238535128295e-5
1.5320899250270072e-5
6.639883197478515e-5
1.2811053747197726e-9
1.0706323298671505e-8
9.447697967525363e-7
1.7338989376942513e-8
9.458021178302738e-8
1.0380050996436975e-11
6.891784055507281e-7
3.32241014340297e-6
1.033121846062796e-5
8.949332384679419e-9
2.770230898765648e-10
9.447843963532112e-10
6.371076929401364e-8
2.740667553638557e-6
2.7866427201440333e-8
1.9317285465998836e-5
1.5409298535482492e-5
4.087460607738886e-6
9.72174241288886e-7
9.887059962785936e-6
7.602705130040315e-9
3.977016333330051e-6
1.5472086504109114e-7
1.72348616872428e-8
9.825415612867147e-7
0.006470399712082882
7.534226081575727e-9
4.363492364674797e-8
3.675733484041367e-7
1.917808692324928e-8
0.00014616660076126293
3.9223526167437305e-7
6.129720085910822e-8
1.9086531393409736e-9
1.5046263307622498e-6
1.7209201901982398e-5
7.188091672396906e-7
7.508083941104638e-9
0.0001091231065682474
6.854020227450702e-8
8.494054370654118e-8
7.445050484935503e-9
2.1657448861151947e-9
3.584282485009853e-7
1.501397207095791e-9
1.9028467244719825e-5
1.7516396424126701e-6
8.085500788292673e-5
5.933388492185729e-6
1.8843606434038763e-6
2.638727155949029e-7
6.59553088935954e-8
1.1137461951921782e-6
2.2846788866986807e-5
7.260616737344801e-7
3.250670577676547e-8
1.0634081572964725e-7
6.788624743041735e-5
2.9660173020093194e-5
1.2704972685571431e-6
0.00023040305138353928
1.0971732115837849e-5
3.0382372039218387e-5
3.4555593493804017e-8
1.32326020357696e-8
1.9360100343228048e-5
2.4085602814187055e-7
7.535188114932545e-6
1.6490487399685142e-7
1.6135156866112135e-5
1.3228616761563277e-6
2.5224396273050234e-6
0.0001787146450431879
1.4867987895843951e-5
1.1287941304648996e-7
3.987921076672174e-6
1.856016156501014e-6
1.0694450364880588e-9
1.5468617001969012e-5
2.9368027545789568e-6
6.717383518164949e-10
1.304249159298568e-6
9.846970382775535e-8
1.871493771282807e-5
3.5563084390999483e-9
4.16305841803572e-6
6.933489901333526e-7
1.2755649808249608e-5
2.5309100600994596e-8
2.0555729161258694e-8
6.928033568284591e-6
2.2211082711718652e-8
1.0485978907127732e-5
1.6469241959374626e-7
4.954930254110401e-9
2.500805682012125e-5
7.552031238979574e-6
9.85700162677278e-6
1.0651720931266575e-6
2.3304015712004555e-6
1.4858442514519406e-7
4.717248771380776e-7
6.869275661994112e-6
4.8028240079244666e-8
1.3785979463592908e-7
1.2230089396743038e-5
5.51400908877915e-7
1.3773324447904638e-7
4.673801860633557e-5
5.9424048403108135e-6
7.333524148325192e-7
2.649195747978508e-8
7.542467922924413e-7
9.076402407899433e-8
3.8468645180117846e-5
6.291766468517082e-8
1.3148836330052256e-7
3.285250352962831e-10
2.672128191967731e-7
7.970434210368505e-8
2.4827767106936123e-5
2.058734759276357e-7
1.0536453150178613e-7
5.547888560603487e-8
2.3459386180156216e-5
5.179448292046845e-5
1.2575887307916102e-7
6.92570514689135e-5
6.185932234477342e-10
3.097620990668178e-11
2.236501315021009e-5
0.00012902065827159685
3.9494676162740414e-10
9.593555847715662e-6
2.7970013621581316e-9
1.9366192213720863e-7
1.2925533975734003e-5
1.6832686335693587e-7
4.685437166178661e-9
6.727331186036339e-6
2.9536711744923494e-6
5.53849924142466e-10
0.0001047288040744639
2.0158372307391455e-6
1.3009504076734572e-7
4.014317049298104e-9
1.0538702147594288e-7
8.999070333583553e-7
3.5141937535352203e-7
1.7528055264902638e-7
4.175081422221006e-6
2.3249950202919912e-7
3.2461560368405486e-6
3.972634090998055e-6
2.952965971159015e-7
7.127855875177814e-7
5.394250647259459e-8
1.5204338464972925e-7
7.220898083792401e-7
1.4164364945442388e-5
8.914107037039573e-5
3.99960675739036e-9
1.082578032794435e-5
4.239339640782154e-7
4.856569077957739e-8
7.603927100848088e-5
6.687810269640145e-10
0.00012888239830791674
3.902947863499562e-7
6.877436540945734e-6
1.463466121227381e-8
1.357916543092978e-6
1.0594208168814727e-8
5.436739077667626e-7
5.935801237241711e-6
7.3069370063692175e-6
4.161132525888719e-7
3.965953822165315e-6
5.414539008369763e-10
2.3986345591838935e-7
2.461187500621538e-6
2.5276646430682047e-7
9.553510950371137e-7
5.9559899393931174e-5
3.176854281405409e-6
1.8173672299656248e-7
6.126819991116665e-5
5.216439290054705e-8
5.683725980391004e-7
0.0001309689105949071
5.938450824411031e-10
2.8705670787590564e-8
5.138231590495832e-7
6.427456673200436e-7
3.959823241366904e-9
1.8341898447592266e-5
2.2619570341184512e-10
2.6196835316866525e-6
3.6807086764827117e-6
8.55523209060434e-9
3.251835626354451e-9
6.246936382207705e-8
5.447357678510967e-9
3.049461958915044e-8
8.84262953744176e-5
5.094289409004531e-9
1.0118761220653488e-6
4.760565260354984e-10
3.177247181949434e-7
1.1749984539725133e-7
1.7789909611370022e-7
6.422131197346545e-7
2.5004345436044626e-7
8.788527013256967e-8
8.650648906775372e-8
3.10093097363614e-6
2.2969049255788732e-7
6.704179952458968e-7
1.567036092532441e-7
3.493762109302432e-5
4.1473468363647205e-7
7.554871101022541e-7
3.4839303275137083e-6
5.894966053044781e-5
5.770856294043223e-6
2.9455542282610493e-9
8.824971506799245e-7
1.2924697570600596e-5
1.1163032501211599e-7
2.7892227373019073e-7
9.90987809470124e-7
1.9066936033759385e-6
3.643919440698803e-6
2.2662921408119235e-8
6.6826448925691804e-9
2.680124321685635e-8
7.371540651204732e-7
1.473851796632167e-5
3.4475616584130504e-8
1.034214947361824e-6
1.0265720562914079e-5
4.002255869748006e-9
2.814796850800776e-5
2.8307304588052675e-6
8.682143206168596e-6
1.3284093438403955e-5
7.921070324603287e-9
5.835864405611559e-9
1.4684629655110707e-5
1.885953461273735e-7
1.5598615174238524e-5
8.893097204136244e-6
3.046777524175859e-8
1.3414382970475365e-7
1.6475381424019487e-6
7.208011839499203e-7
1.2066250507034603e-5
2.54770941707937e-6
1.7564249031127977e-5
2.3410913658623156e-8
2.4866981962959988e-8
3.4885966073044394e-9
1.203816248379597e-7
1.4204534121306444e-6
1.7968654141345323e-5
1.1818987604639707e-5
2.0198984139319865e-6
1.1699014267746385e-5
3.7723512013803327e-7
5.2194007162833246e-8
2.979957007112712e-5
2.7369609254516897e-7
1.0579066710562993e-6
3.712323075184926e-7
1.0798754914651408e-5
5.856749015188672e-7
8.048490486231696e-6
1.6832691166964329e-9
2.1325252605522207e-8
2.564611487498488e-5
4.5756743586783515e-8
0.00022316578212818892
1.2402755539368581e-5
2.0090754459158892e-6
1.4840044583565555e-5
4.209292399979656e-8
2.040243186445041e-6
8.7412740989273e-7
2.7145418388479185e-5
8.874279893599824e-8
9.551645311908055e-6
4.625142920670841e-6
1.3132615381380068e-10
4.894133288555759e-7
2.5394309436052082e-9
4.1233539945618594e-7
2.5023540780132093e-10
1.8330830324993064e-6
1.1509087531701452e-5
1.8932395446606597e-6
2.4635040281527522e-6
3.3333517320089172e-9
8.170298844116323e-7
9.723186348336928e-6
3.5286544611313e-8
1.749928085870447e-5
3.4885005262291704e-10
5.5859974013161465e-9
5.1345214100949165e-8
8.94763826764964e-7
2.8889716685124205e-5
1.0663769489508545e-7
9.444105988458825e-6
1.6293659183596594e-9
2.1528443547683268e-6
2.0211010628388298e-8
6.950362287798195e-7
4.617850224554139e-8
2.3370887992791975e-6
1.550955232107574e-8
4.628764262784383e-5
2.61724046239739e-5
4.965501958685729e-8
2.1645822958253153e-9
0.00018956006525825954
1.7952283270650217e-7
3.962832336760134e-8
4.730650061678638e-8
1.9475368699579088e-7
7.727856716041306e-5
4.739654678682043e-8
4.975028115892021e-7
1.296450223579461e-8
3.0630217148556987e-9
3.036727097164307e-5
9.424572315084171e-7
1.5889224086515442e-6
1.1046384573876737e-6
3.675845659043877e-6
1.05150971646779e-5
5.023481438039905e-6
9.56867436321801e-6
