1.1075647781727699e-6
4.0706221093888e-9
2.847768075060064e-10
9.795469267562829e-8
1.0458439178829197e-13
4.830595882357595e-9
1.4037923549064015e-6
3.559041721637236e-9
4.4069773649022563e-7
2.9170384494051273e-9
0.0003154515113720632
2.9842007755310425e-8
2.8521900014642835e-11
2.930911551061891e-9
2.44600873133457e-10
5.982202340447008e-6
2.8687084037671e-9
8.772246056667407e-10
3.06612545446781e-10
4.6899530027718265e-8
4.191816497263464e-9
4.64558634241132e-9
2.3857845960942325e-6
7.531171816167377e-11
4.7601936845607667e-8
5.544641761844223e-8
1.7133156960009122e-8
3.3043136681780094e-11
1.6291445375556189e-7
6.89083233361341e-10
7.730080888598438e-8
4.9021068597954036e-8
9.979934071207517e-11
3.515696410292958e-5
6.228045097788824e-8
2.4167283985312904e-6
2.729479256744556e-8
3.871780393968735e-9
6.47396187196174e-12
4.668215645156144e-9
4.0861117462278566e-7
9.017146372976109e-13
8.012243035941097e-7
3.30225927143714e-6
3.2264765910848934e-9
3.8387557008898326e-8
1.770115659859198e-8
5.801265565271484e-7
1.6598394442693446e-8
2.8122989646530156e-11
2.748208417354558e-8
8.293222475563605e-12
1.0845935551652113e-8
1.2533504076731309e-8
1.1208821129857794e-5
2.9953877451328346e-8
1.8279093070468927e-7
1.0936267891389132e-7
4.056554236607546e-10
2.6644400675556346e-9
2.686898896469986e-10
1.2184722510508372e-8
1.8927113873707303e-9
9.588442313563971e-8
8.665977092479807e-12
1.5613116998509526e-8
5.994245072483133e-9
5.3332205125172704e-11
2.389301837826149e-10
5.1406726144276945e-8
1.6671696727888467e-5
1.9358481555003287e-7
8.84032225171744e-14
5.033779726966411e-9
9.939832389133761e-9
4.9333925061063613e-11
1.4212847807326917e-10
2.872351397078914e-10
8.913227412395756e-8
5.515943450630651e-9
7.47093811920712e-10
3.4532454039070913e-12
4.264740470417747e-11
8.170650392105021e-8
1.8048686988267442e-9
9.880865430249213e-10
4.7765691999000415e-8
2.8322337244868017e-10
1.0792348200343286e-9
5.857116825238794e-7
2.914071856230592e-10
4.1740482631171924e-7
7.668794081040995e-8
4.0433171141561586e-10
6.468323943726442e-10
4.402811042028783e-6
5.592783979579185e-8
1.959823388718394e-6
6.449873727614649e-8
5.729109634141484e-7
3.5285430444364804e-9
5.305455749492375e-10
3.216235441988152e-8
6.95565181883488e-6
2.1954464026253e-10
4.711214110403631e-10
1.1158473706728865e-11
8.443726246185048e-10
6.75921699694853e-7
1.751497612139871e-9
6.135932101738699e-9
1.4955810071184533e-9
4.595277420767682e-12
2.5637829201877574e-8
3.9040459682630557e-10
1.7158740471324558e-10
9.026309878869402e-9
1.0246369075948272e-7
2.1159791611678178e-8
4.288501634084718e-8
3.3468967429417444e-10
7.007869335376481e-9
2.821783658407122e-5
5.4367753935860756e-11
1.1567557141881118e-10
6.960096104765788e-9
4.982086822117808e-9
1.492818306118306e-7
1.1749179410517779e-7
3.530330725398285e-9
8.652000809060639e-8
8.701690781346657e-9
2.5908402655905366e-9
7.242375943044315e-10
1.3492139126483636e-8
7.018091800889338e-6
8.769025075566009e-10
2.465142292920039e-9
8.252054807376477e-11
2.8505063329978465e-6
1.0904482989285278e-10
6.392170013499639e-7
4.262400379977713e-10
7.77535330916101e-5
5.947947879546057e-9
3.964032869950716e-8
1.6478062738282006e-9
5.692695841501671e-9
1.7565740944645778e-6
9.467686189266478e-10
1.155212620786531e-10
5.771367126626859e-8
1.0853613010284315e-7
9.27744338077791e-9
1.0767928547101954e-9
3.06955678941844e-7
4.9525560320985655e-9
3.256938952741524e-7
4.725879618148307e-11
1.078271721476577e-9
2.371244983193632e-12
5.876883814808438e-6
1.9114057523004133e-10
3.604564954006511e-8
2.71880757588231e-11
4.709345761528386e-14
4.9957069828965476e-9
1.390784304830321e-8
7.114492801091104e-11
9.053756106314685e-7
4.0860566368067694e-7
2.4108869100683394e-11
7.633312248527963e-7
5.779897681305969e-10
5.775109090436485e-7
3.4074148735275526e-9
1.088322679010869e-10
7.246595106164215e-11
1.376159203455742e-12
1.6843690858946432e-13
1.204576782135873e-12
7.070502158091615e-6
5.75267894016704e-11
3.6143264009387216e-10
1.0258178076078066e-11
7.682230730053819e-12
8.662731518894554e-8
2.9953682469920407e-13
8.648213117983955e-11
3.1945066208874817e-6
2.20635922635183e-7
1.0909885171011041e-8
6.590069940149202e-12
4.923081555685845e-9
9.598692938390828e-10
1.0011181892979564e-8
6.620021816812731e-6
3.438022273303065e-11
5.394872986418438e-10
1.547601121702025e-7
4.7013261376476046e-11
6.462829015027269e-13
6.848319435843286e-9
6.080025828056485e-8
7.539560617570931e-11
1.7293794379013676e-10
4.024345125647486e-13
5.715861175650008e-15
1.4052067058759923e-10
3.6287087380367716e-14
1.791219052307548e-7
6.237136512237666e-10
1.3113715522917265e-8
4.603251225197205e-12
2.9318749904922566e-10
4.4071340323129557e-14
3.434703668253166e-10
5.627214926597596e-8
7.007558096909034e-12
4.1335570454498723e-10
5.7330919033665916e-8
1.8946952578764264e-12
3.439486888342234e-9
3.3232095295614523e-11
1.5516480506629226e-10
3.7703045945732716e-11
2.7499094002841264e-12
7.53483996103488e-13
3.5769638571764606e-12
3.536675369066828e-12
3.647784371467671e-15
4.886310874248381e-9
2.5783785912280765e-12
8.765220222811344e-11
7.877370539260084e-12
1.0608626529800517e-12
9.44850202164035e-14
1.0004221253155975e-9
5.247178021494892e-13
3.3286326542740608e-9
1.1267768021818424e-9
1.2856807028832255e-12
2.89453961461091e-12
7.483391386161817e-14
9.50370834816388e-15
4.17741112636638e-12
1.7550065452127926e-12
6.503731312093952e-7
1.0423292650487827e-13
1.296189783942671e-5
3.254283316060387e-10
1.1081445284413481e-7
2.8993461159895933e-14
1.5236513001777071e-9
8.361315732407525e-8
1.0341549370762244e-12
4.212367204462578e-11
1.4695359583991769e-9
1.1934833770012943e-13
1.2194839540960597e-9
2.067585016772888e-10
9.469116580172142e-13
2.6791396445737402e-15
1.2347940343881044e-9
6.9015731092989385e-12
2.776422657941096e-11
4.1358798393285614e-10
5.027944012465889e-13
1.7835854727619476e-14
6.048464163154864e-15
4.660117795312582e-9
1.0763505706627027e-13
2.0879347188090088e-13
2.5642766870127118e-11
1.9934426793991505e-13
1.4167990719720472e-10
2.1734767271266281e-7
5.794785144694928e-10
9.674160092055954e-7
9.956785535769438e-10
5.755872947074564e-12
1.3739902131993825e-8
3.668667842293233e-12
1.7070818446411197e-10
9.298841266443638e-9
4.309412773785884e-15
4.764022457781167e-10
6.540735844959975e-11
3.765791313645461e-9
2.4214215895079412e-8
7.402039379668584e-16
8.815041477552579e-11
1.6999643183986976e-11
4.519289056408829e-9
8.642536435902773e-11
7.066189582202745e-8
3.589181330860533e-7
1.6309291222931003e-8
5.331745439380624e-12
7.802317042497816e-10
3.3790515460229586e-6
6.1521625437186104e-9
1.6790818874248683e-6
3.276680222761676e-8
1.0012198379435748e-13
7.244467832224555e-12
1.8873619070459055e-13
2.4101208391371588e-12
2.684283109363025e-8
1.9582405222757718e-14
1.108725426304602e-12
7.070608822753602e-15
8.040587297431733e-10
1.6658037650034912e-13
2.2160537455210362e-15
5.143107529233663e-8
1.0020637837553011e-12
1.1611189168789937e-13
7.836058092197589e-15
5.8633547984518806e-12
1.7711904012691476e-9
4.042536204771778e-7
2.5682152432404726e-13
4.1135336701159945e-13
1.672290182717744e-11
1.0971911160898359e-13
3.0871436066545885e-8
2.769297105709141e-14
1.9669097498924185e-12
6.794186013208987e-8
0.00011887556986511297
3.1671917264570147e-14
4.6253723854599245e-12
5.4844865547457513e-14
4.194762006858126e-13
4.299107042360162e-14
1.5908936969084316e-10
1.4460016112807706e-10
7.871885629365858e-6
5.592021643528858e-11
7.604802164185626e-11
1.6957429485442872e-8
9.581383083772106e-14
3.0979065357846327e-15
7.517030563181021e-10
2.767252034304995e-8
2.8713007689137927e-13
1.6374411383362285e-12
6.69481674635329e-14
5.822957038231457e-13
2.0211669971923053e-10
6.112456601001453e-16
3.6249801447907076e-14
2.9263465516140285e-13
2.8452559542753537e-12
2.5441816178570863e-13
5.1781153811421485e-11
1.3036912469982912e-11
1.0540348118932366e-9
2.545369238384389e-7
5.70312832857759e-14
1.8315989388889688e-6
0.024358099886544513
5.1513432692366964e-11
1.2376861515180043e-11
4.090952283799276e-9
2.3163115808590105e-14
1.9472819638891762e-11
4.181815317179947e-7
1.726231233552559e-13
6.002289398336639e-9
2.2354070218591475e-12
2.2228099252199972e-13
3.91407841726737e-15
5.361114223348857e-11
1.554232565273593e-13
1.0913516541076667e-15
1.6912538629966376e-13
1.0134089873534766e-14
0.0002153510632927591
9.280819755916753e-14
7.567268982706261e-9
1.8527447770139983e-9
7.985558839222095e-12
2.249664070275803e-8
2.0914291364173613e-13
2.88099633265388e-13
1.993308113825885e-13
3.136199603524413e-10
3.2431067314625534e-15
1.0936869394460888e-13
3.7408712618799896e-13
2.5333795135149122e-12
4.609740445380065e-6
1.0727557612048537e-11
3.2130268606566275e-15
2.8400629934425924e-12
2.3229629861074867e-14
2.1899435112211864e-14
3.223958812216017e-8
4.4413592223634454e-11
6.208520479032998e-10
3.9096161007746834e-13
1.1364111318892597e-14
2.0625751202024954e-10
2.358878881427604e-10
2.767019827534224e-10
2.766527497607922e-7
2.772320739915805e-6
4.3943650179527997e-11
3.846845972636028e-7
3.581780571809979e-14
1.5722587842132513e-8
2.287667798037712e-10
9.691745946085598e-8
1.8578194670162845e-13
9.018629823236758e-10
2.3865802204130994e-13
3.239270257645162e-12
6.327968153597636e-11
5.3490749859383885e-11
2.8993184821311916e-15
5.950824328398074e-10
3.235036654133858e-8
7.976997668473115e-13
6.38992433336371e-15
5.866845025586646e-13
2.3519185561718405e-9
3.4559160438148366e-9
7.335769923088138e-12
2.319958388227159e-10
8.593164917575219e-10
3.281021236077773e-11
1.5856600834837632e-6
3.0262696627835816e-12
1.4049224792208275e-11
6.843594241847871e-8
1.370469581932711e-13
3.5998450217958366e-8
3.908017212371775e-11
8.779125065614353e-11
4.3106475718274517e-10
1.0396184122330493e-8
4.814539637903999e-11
2.510033169532286e-8
2.6227215822698934e-12
3.46479381378288e-8
1.86675378414474e-8
5.245297065311066e-14
3.9573838382252615e-15
4.118668110009223e-9
3.2363439660690345e-8
1.0297316216577413e-15
9.525849084902678e-16
2.984636247557395e-13
1.2862046774835853e-7
1.3910992402418086e-12
4.09522156932031e-14
4.803721456806944e-6
4.13191385230945e-8
4.226965107987029e-15
5.319449434971802e-15
3.195894597641928e-9
6.014327494689881e-9
1.0128406526869904e-10
3.2674077644450345e-9
2.5991960299604125e-10
4.425003344902453e-15
2.734286044498629e-11
4.5174166447693936e-14
2.8194751641479276e-12
1.661898829195773e-13
1.5290672467621802e-11
3.65238346184298e-7
3.7794172796563075e-11
3.0945616624975372e-15
5.948262970776338e-13
1.2358358707620432e-8
9.522068533901984e-9
4.515782052057728e-11
5.834826817495544e-10
2.2594173846229233e-11
0.00011698470068202074
5.1568422671128127e-11
8.999866958540507e-14
9.273290440079308e-13
6.951986898871157e-9
6.381864557152088e-13
6.782785032872169e-14
1.3517670601190182e-11
3.0417247067439676e-14
2.7516593896353618e-9
1.1813888208791484e-14
4.789573579061981e-13
4.1789585140036294e-14
2.5598583671366888e-14
1.2301704562378458e-9
2.8195509380625833e-9
6.069504403205531e-12
0.00021265966339057882
1.5612476783696376e-14
4.848363924076069e-14
2.752795985842531e-13
8.289033826506802e-7
8.470501216339122e-12
4.427981995887373e-14
2.2294995437696026e-14
2.9872886894079464e-9
4.4995891027769e-12
6.924141219415354e-12
1.1216490375796284e-9
8.765014743062171e-13
1.0568439399093888e-8
2.654750554303656e-9
4.7394750431182256e-7
1.2112500018577763e-13
2.0962207524221224e-13
9.459356121719718e-13
3.5363737386417826e-12
1.5833725417073231e-9
3.0200180467963317e-10
3.0276163658219485e-9
8.441006333383063e-7
5.914677307294965e-9
6.250865278793939e-7
3.8754894585500895e-8
2.735879098317832e-9
7.088331671654559e-14
2.9041381371169126e-13
2.2292334310501845e-11
1.7839425439521524e-10
2.0462010274256873e-11
5.863181019820101e-8
3.268561609613929e-9
5.287464359218678e-13
7.212977352279745e-8
6.849486260256156e-7
2.409086876508057e-7
1.521195979772244e-10
1.6443479193064294e-6
5.8320708963107854e-15
3.2706278219552814e-9
2.1482921232459514e-10
3.9412069967086846e-8
7.947466620372049e-9
4.114437069752263e-10
8.889138879845164e-8
7.363691912508808e-11
7.217467347158179e-11
1.275967219332236e-15
8.480843632119073e-8
8.23577837755206e-10
6.1986471235877855e-15
2.3297325021655447e-7
4.125666128275562e-8
1.9253281940265292e-13
2.7611575859071803e-12
2.0444597783657143e-7
1.9762997359284926e-10
4.352894360688741e-10
4.2508908032820764e-8
3.928074223448564e-9
5.362495837617076e-10
1.2850704142229983e-13
1.0434201483517885e-7
1.3929752681420468e-8
1.5255938573564393e-13
5.407174013964691e-13
3.215205670246172e-14
1.1583870745367969e-6
1.154273413662987e-13
1.591770193096021e-7
3.5980367971085754e-14
1.2745112293668683e-11
2.729856785935579e-14
2.1180795647657512e-8
3.956398729376334e-9
8.773030027846695e-12
6.48611300606132e-8
8.27910043578352e-5
5.439030078110666e-12
6.041393760376461e-13
1.0590570440833467e-8
3.746598420890528e-11
5.5888018931767513e-11
3.604124999598749e-14
6.382027051724098e-16
3.6932031145634673e-13
1.3242450763783311e-11
3.2613230290087045e-12
7.068173765716313e-14
1.0378997304711092e-8
1.4101523701790745e-8
7.427087272100168e-12
1.0556334232845552e-14
2.8297004974586367e-10
1.5044181843283802e-9
1.6651477793428028e-14
2.2837104076831544e-14
2.3393605287396536e-15
1.4734686898015327e-13
2.4725088281663325e-11
6.730798501521086e-11
1.907990796589216e-9
5.82644215841602e-12
1.584572093479845e-14
9.886822923549755e-11
3.728687151688953e-11
3.3287989629556504e-12
1.8954025697141828e-6
5.849984548384832e-14
3.061893568881012e-11
4.8656452765363556e-12
4.728028254183484e-14
3.1229188641994463e-9
4.256415895928145e-9
3.0458472780956318e-9
1.061428216274326e-12
1.2951747861705455e-13
1.0841165134395349e-13
2.4098733049207125e-12
8.721995664731104e-10
8.850233527954096e-13
9.327349004650397e-13
3.641707564408711e-11
7.451002268451271e-11
8.073720061940636e-10
3.7263302041153796e-10
1.281752510107544e-11
8.707949544898405e-13
8.552375827879e-11
2.6555164002480505e-11
2.616340281562538e-10
2.8050621001121314e-11
4.92563614997144e-10
2.7048556281214852e-14
6.510601176376448e-6
3.409848171841854e-15
3.398253475894312e-9
1.8081197894895138e-12
1.9850129631568524e-9
9.348123151195902e-7
3.8522674649935035e-14
6.668099648960904e-6
9.507607971244076e-14
7.074310883147362e-8
1.3457777769908656e-15
1.3669286614922176e-13
9.310325043325934e-11
4.447222581354011e-6
4.597618071356708e-9
1.1513210325321657e-10
2.3539896002425735e-7
6.953534661243279e-7
1.7172415322226378e-8
9.909994923790246e-7
2.1061063456156338e-11
5.712768581488347e-12
4.5815860059204016e-7
1.7412250325786865e-9
9.419213765000552e-8
3.8156766943806554e-14
1.9396187935516213e-12
2.93031182167595e-13
2.0200576559028872e-9
8.243176724991007e-10
8.70041820970819e-14
6.849564928960605e-14
5.059443382999564e-14
4.952162154352413e-11
2.6517057354787264e-8
5.095874655261733e-7
1.3972048421881429e-6
1.4538266321256322e-13
1.1734306303786972e-12
1.7158207627841586e-8
5.632394352934171e-12
3.082929973722248e-8
7.505846350698711e-14
6.940023646480412e-13
1.8006313346982433e-14
5.864440373686691e-6
3.8443074289768035e-9
2.718510234129088e-7
8.838309906184431e-11
1.1208482315858786e-7
1.8022365258876596e-13
7.985535053837978e-9
3.5338272105121136e-10
2.738625406203193e-8
9.651747477191673e-10
2.5285299750583927e-8
2.878287447323499e-14
7.741343801319626e-8
6.775900749635448e-7
5.305486439025018e-12
6.100914462197432e-7
6.077318730823862e-14
2.8143132211481698e-11
3.2114541601425894e-9
2.561389367764335e-6
1.6458210357734755e-9
1.0216392186422894e-11
4.953921383506972e-10
2.980275679890311e-13
4.58880398437016e-12
4.045371374858515e-10
9.974205496330177e-15
1.2788647240311391e-11
1.0750054069239654e-5
4.8698740297631244e-15
1.3897343402092379e-12
4.408821257921721e-9
3.2129570547081838e-6
5.447989697814551e-9
1.4964114694550316e-7
1.0514114073431518e-13
7.842948517187052e-16
3.819609170671703e-9
5.890847837127012e-13
1.751380143660861e-11
1.3032638263627124e-8
3.1877003104068905e-6
9.245406668559372e-8
2.4599202593224476e-14
4.489724664282715e-6
5.2153433920865887e-11
2.925381374549448e-10
1.2922238899902979e-9
1.7923592928215136e-9
1.807299031713716e-9
3.607905992838942e-11
9.407182536429123e-6
2.3762104172689296e-14
2.2230735152005145e-8
9.812065222314898e-12
1.8518212645555305e-9
6.763078389275712e-15
6.83690705262727e-13
1.0836644984608098e-12
3.5840060825837375e-14
2.7164113060986218e-12
1.7376016726004823e-15
3.6537386783436917e-13
5.514173513686887e-11
7.258550859382298e-11
8.387716808736339e-12
2.233327912742158e-12
2.34572749286427e-10
9.86850611776071e-7
1.497882693751027e-10
3.817832143312578e-5
2.9615197263535283e-9
1.460475145787409e-12
1.0249672001767331e-8
1.7314929452850406e-11
4.373603858617974e-9
1.4722017254143984e-8
9.000853510277138e-8
1.1318371515208995e-8
1.062624497504623e-12
2.2510547170295274e-15
1.2352703196491269e-11
4.607899513159234e-9
1.4918794940202149e-6
2.878608719395591e-9
1.8696649370526616e-16
7.686320978612673e-6
1.9996250500943996e-8
8.709221635624195e-5
4.4067666532888117e-10
4.5247043378082095e-8
1.6949708829406268e-11
6.60890033183657e-10
9.069076652326867e-7
4.151229324961653e-10
1.020042635939297e-8
3.673406156802253e-12
5.726935729536679e-9
6.456104046644227e-13
1.1919899800324936e-5
2.0871835208538808e-10
1.526700265225643e-14
1.1452972993151301e-14
4.894501457731031e-12
3.638927470151149e-12
3.1386508263426595e-13
3.79159004808029e-8
1.1495856168323432e-10
1.2033005174547667e-12
3.022020437310702e-14
3.746449200843033e-12
6.00791194422419e-8
2.6629710127321378e-8
6.677122222088878e-9
3.07935383875495e-8
1.5656715130121273e-14
1.7762727546659014e-13
9.41105152774017e-14
5.331994591571173e-14
1.1369031480916739e-12
8.748002352897304e-9
