2.5116228616944492e-5
7.030265959553144e-6
1.861926238612149e-7
4.603255116226915e-7
7.556746874426914e-5
2.057011444635323e-8
4.925780711009076e-6
1.498005621292104e-6
1.1918594088104257e-5
7.88221170429642e-8
9.769891560093463e-8
2.814943041191337e-5
4.876073726174987e-7
3.3627522756207376e-5
7.218182646495434e-5
1.6772693554326394e-5
2.8256353920484867e-8
3.5428349390609845e-7
9.983743913797709e-6
8.48527534414346e-9
3.8630118088968387e-7
2.536212833181655e-6
1.5824550013769914e-5
2.0234212790159902e-8
2.6721651384848766e-7
4.782818956772769e-8
1.9242195042334527e-7
9.714552986038628e-8
6.53685837372066e-7
2.308389273074623e-6
3.3683145044226057e-7
1.3984024144144517e-8
1.5694188520671094e-7
3.0100409716492206e-8
5.956859872976376e-7
7.045411984342797e-7
3.4709747939481236e-9
4.944288533564866e-8
9.837069024271337e-6
1.711172437883161e-8
6.14994471953901e-8
2.3307105005883612e-8
5.043485744938376e-6
3.016775346888535e-8
3.5100557847556015e-7
6.635558250536728e-6
2.7304274037383903e-9
1.128352072222314e-6
2.0229485222324442e-7
1.5912060995293098e-8
5.520236073956392e-7
4.32012777886618e-5
1.1064033048061405e-7
7.354708341583208e-7
1.3201676905520873e-7
6.72023567018862e-7
5.0647947368726436e-8
5.1046994386905e-8
3.168838760031232e-5
1.9283294366059358e-7
1.5437401092733018e-6
8.435052316276106e-9
2.714336330069796e-7
2.5169139481598624e-6
5.0507858196953364e-8
1.3789219812454368e-8
1.5909752318944236e-5
7.179158291696042e-9
1.7014802061814253e-6
2.7633157163154335e-6
2.0397562116474299e-7
5.953449380489976e-7
1.8817067378440244e-6
1.8559516522763586e-5
9.967374115058078e-9
3.011422473556129e-9
2.3170253561629575e-7
2.0900791626578583e-8
2.2907407211778514e-5
1.3369171179564666e-5
1.9031028114685735e-5
1.377356985778574e-5
2.729436414286941e-7
2.425399992455019e-6
5.430777776537904e-6
1.650138493233082e-5
1.607384287250043e-5
5.732601571576238e-6
1.2067933267205802e-7
2.1234559786674584e-6
1.625190336737523e-6
2.998072747587222e-6
1.550557253580883e-8
2.1383809502484076e-7
5.9660303196831224e-6
1.969636971628449e-6
2.5922514121698404e-5
1.3544064907521994e-5
6.91235585952187e-5
3.955445680981196e-8
1.0054699490280053e-6
3.104579364509152e-9
3.6400128722525924e-6
7.21376947369818e-8
4.177679725180629e-6
5.61526288966636e-9
1.0135901703620327e-5
2.0472323537911013e-6
1.6012230157270498e-6
9.47347817464856e-6
4.4970589182145996e-8
2.15343934550266e-6
6.33337779405513e-8
1.0441929959186938e-5
2.9266763226014824e-8
1.0078323953520823e-7
0.00013288079745636176
1.26330373680606e-6
5.349549664397933e-5
0.00015048600971932162
2.477707248196235e-6
1.1132900044731554e-7
1.0365283591358618e-6
5.087981790862531e-9
3.1964425022668224e-8
6.646726706233557e-7
3.6044183491927683e-6
2.6341698554521014e-6
4.681459611882352e-9
1.0422565748090247e-6
5.736283708544127e-5
2.9794037189689902e-8
4.727158290339584e-6
5.096484496283549e-5
1.3296958771615056e-5
1.9338657621579396e-7
8.464647683933196e-6
3.4213401477792125e-6
5.583211777966537e-8
8.631580921713407e-6
2.103254963059291e-6
6.280623732971954e-8
1.1197753839684598e-8
1.1948119966665833e-7
4.9434546409308356e-8
5.014656173041798e-8
2.120477573525644e-8
3.786379120040368e-6
4.55819207611564e-5
2.5005131231051397e-8
0.0001307081981588114
4.918559233578994e-8
2.444093699705477e-7
1.623560601092592e-8
3.163387921149186e-6
2.12393557602716e-6
5.030666341575341e-7
2.0503988321213988e-6
0.0001516022856180414
2.253774209218032e-8
1.3521562967413652e-7
6.245883434702038e-6
8.992082285593598e-6
2.5531316870958664e-7
1.0022457649646843e-7
9.584386675233418e-6
2.5429073819745933e-5
5.291977116992808e-9
1.5370375218096897e-6
8.757010430163375e-6
3.9459004977846373e-7
2.118602755075439e-7
1.0466737419156973e-6
6.623798818466833e-7
1.1637016781879807e-6
2.2995205491839296e-5
1.0273309242754418e-6
9.956482672695003e-6
9.025597890961255e-5
1.0758612042477207e-6
1.473841928336356e-7
3.661752344148727e-5
8.733732928769933e-6
0.00028601814861632224
4.009363601262365e-5
4.7762702645370714e-5
2.5902062152447887e-6
3.6668688618390773e-7
0.0017392995649913106
7.135232557043767e-5
8.938119135891051e-8
4.584380282029797e-6
4.0065084996578743e-7
5.816006882626923e-6
8.590611074098231e-7
2.2664314476371207e-6
0.0006125616201088349
5.206935170175248e-6
1.204827078154018e-7
2.6588707030024087e-5
1.052797032609492e-8
4.7547449222544196e-6
2.447543280147944e-7
4.151200282096532e-8
4.643523515956264e-5
5.2972728229855115e-5
3.32763492754213e-7
9.853900422575354e-8
3.5574031933125374e-8
2.2247888792876895e-6
3.1780236349404834e-5
2.8050852733283627e-5
6.6194554607412755e-6
9.65028015985748e-9
6.4669976172168805e-6
9.130875078777827e-8
2.3123694623362504e-5
1.0421398258046035e-7
2.4505938340087644e-8
3.397075448677957e-7
6.03561569622228e-7
3.407149774800764e-7
9.565315544403406e-7
5.1922902220855605e-8
4.469631441193271e-5
9.648192147562913e-5
1.5134217447422874e-7
1.8149607145048337e-5
7.812879227728025e-5
3.021702148279285e-6
2.5455146149994797e-6
9.555005773391826e-7
1.4832997927655105e-7
5.135387052419256e-6
1.2338779079453784e-7
3.133044326379719e-7
6.136199692037963e-9
1.9575745908685852e-5
3.1136001196743037e-6
1.525932820426484e-5
1.1748936061842966e-6
7.372063433839905e-6
7.634635168662218e-5
2.546986778738516e-8
2.306381515892856e-8
4.532639201765207e-6
5.690454047945796e-6
3.1805857013759367e-6
3.4181485155726835e-5
3.418229412262086e-7
2.4657242601799255e-8
2.3055444734757624e-6
1.443266499463797e-7
4.799330488213715e-7
1.4155593856405987e-7
8.152361150715049e-6
2.61155815200186e-7
1.128517824179713e-5
6.2694556151946985e-6
5.85504059401334e-7
2.1195179729802193e-6
2.265735452965881e-5
1.2084966097315373e-6
8.796322101638481e-9
2.785478878893534e-7
7.268157322873548e-6
2.2366919650059728e-5
1.78934659544267e-7
1.0339881546456552e-7
9.498212269258199e-6
2.2632158166425093e-5
6.144968592369137e-7
8.940043892217288e-9
2.6900232513266877e-6
2.1289195652780608e-7
8.884024471311455e-6
6.936725125258932e-6
2.887154626449794e-6
1.4409336730803314e-7
5.139171382992396e-7
7.749785902968324e-7
2.339943811693742e-6
1.2374680719293542e-8
7.723446337365768e-8
7.984740961796712e-7
1.0114661367033208e-6
2.2978866083820017e-7
1.899521400329085e-8
3.476764354392383e-6
1.3170490429975516e-6
7.158366581959428e-6
2.974221105711453e-6
7.909230654136864e-6
1.0201278262165048e-7
5.0191166000914044e-8
3.360995934663443e-5
3.583023444289727e-6
2.034816938931747e-6
4.127566811709963e-6
1.6640221302250612e-6
6.9893846901740124e-6
3.103267827357848e-7
4.782716716785192e-7
4.313183534048448e-7
5.730864817598292e-7
6.601560471709773e-7
1.797311823550677e-5
8.630566479437162e-6
0.00011520433209489987
5.9133465268867234e-5
3.9782873727717885e-6
1.8399052667753138e-7
1.225295392518061e-8
1.9090576773867957e-5
9.971310727147153e-9
1.4824693342616692e-5
6.464747982084054e-5
3.3939217689493384e-6
1.4790674506924609e-7
4.96833468660776e-6
2.9123173342663236e-8
8.22500836921768e-7
7.454820149964606e-8
0.00014776046582015478
0.002485795057125095
6.550236541612431e-6
9.471908106197306e-6
4.213409540553671e-6
1.9220414790824166e-7
3.924200255664828e-7
5.844161858118142e-7
1.0674729741790837e-6
1.280207786054924e-7
5.103507731877097e-7
2.4122643395301296e-6
1.050359627805845e-5
2.9967421427593286e-7
8.584711014917878e-8
3.1009167058931973e-6
1.8198528725342883e-5
2.9835109467569244e-7
4.684681418986307e-6
8.807974254356081e-6
3.7500539919628777e-7
6.449561408572834e-5
8.149044837080803e-6
4.642828884705889e-6
7.724364285401264e-8
4.957317153281473e-7
8.262031093507809e-7
4.972005527198244e-7
3.4311805448677755e-7
2.229347275571926e-9
6.163367958862658e-8
1.0246863155004376e-8
9.755594478062333e-6
3.6905042251356697e-5
1.235904744028004e-5
2.5367140625241462e-5
6.056761272613446e-7
2.892076026690254e-7
2.411158590356769e-8
1.1587880697108896e-6
4.054692163626227e-5
7.041931718550265e-9
3.874775772599833e-5
7.10623618040372e-6
7.992764385530904e-7
0.00013243766736360408
1.0109938474108289e-7
2.301602089116976e-7
2.4518525382238197e-5
4.9756077292875366e-8
4.065781468077658e-6
6.019015303825292e-6
2.146832417513637e-5
4.744258351145718e-6
2.6731852370202676e-7
1.7474389269018232e-6
0.0001235013890012255
9.334161926468648e-8
1.0568291034027687e-8
6.061054176667883e-7
4.709118544949166e-7
1.720475263421789e-6
1.648323621703478e-5
8.573442106091637e-8
1.7543344405013916e-8
3.893461307089963e-7
8.826803400907446e-8
2.5678957077011366e-7
5.890910758320613e-9
4.562995659753308e-9
2.4801219309008505e-7
4.0588420997587735e-7
0.00010301394120694707
1.5751853290576016e-8
2.1752851562497535e-7
6.63513843466652e-6
3.979987867651119e-7
7.053479300260269e-8
4.264330512560354e-8
5.851453877671224e-6
8.614478956494736e-8
7.0537392758681175e-6
7.869134151054435e-6
0.00020179361246186838
1.0265333012149744e-5
1.864083790271702e-5
4.7372117214371746e-7
2.4734119082842687e-8
5.865491904211791e-8
3.135192737895089e-6
3.201832256101357e-5
5.653392072467887e-7
3.90882665196033e-9
6.680446522763985e-8
1.1472281774819832e-8
1.9197380211974616e-8
3.958410264820376e-7
1.0283872913668694e-5
9.135235491615623e-6
2.1398723595232155e-5
4.5348570359237724e-5
4.158603745840839e-8
1.6529846666977791e-9
2.4261331415521468e-5
1.06922714391883e-6
7.569140989798205e-6
2.266202232003174e-6
1.2303963965983564e-5
3.371356665108184e-8
9.663378809069899e-8
1.2794878056895641e-6
2.126631680579022e-5
8.81173711441473e-6
3.845732958887707e-7
3.513558590433512e-6
4.2584006563432826e-6
9.537359821549662e-6
2.6745163904539984e-5
9.040235952252813e-9
1.0519020903427115e-5
4.2534730152369945e-5
3.0069943390918786e-6
2.942224366260511e-7
4.502030063990484e-7
7.803735073257353e-8
4.786860321072299e-6
3.071637310400216e-7
3.7570508073807737e-7
2.481378758575265e-6
1.2463608778460842e-7
3.0548996498315293e-6
5.876078783299891e-6
1.978637231949111e-5
1.1135290287572162e-6
2.605984747282987e-6
6.847622881840458e-6
6.2714795380047545e-6
1.8690576028487437e-8
6.643293516723012e-6
1.5530820859664486e-6
1.6784668763442126e-7
1.2226121337388993e-6
3.214477133156333e-6
5.716583016245808e-6
0.0004371261613280896
1.13412104826496e-5
8.238602217272248e-9
1.1265074558163106e-8
1.5426145562535232e-5
3.0257134639850798e-6
8.661426991957619e-5
1.4554012430080252e-6
3.764004153658282e-6
2.4714845637078703e-7
2.33108415023321e-6
1.4129154985580508e-5
7.461976474741762e-7
3.2922683101232415e-7
7.617021681293611e-6
4.212846608838537e-7
1.2484409907748811e-5
3.0225578893625925e-6
2.1785810531154716e-7
1.2766540566864074e-5
8.353582249117016e-7
1.9606618377401424e-7
1.2905835033031048e-5
8.699211481832551e-5
2.2431916053538483e-6
1.1232422496968783e-6
1.2398242945123904e-8
7.606617469810419e-7
6.628204280499329e-6
9.453280048011471e-5
2.0573608051285763e-7
2.424519863671709e-7
8.997793005452531e-8
1.9511672426922012e-5
7.70166380473171e-8
3.0279784498410406e-5
5.745620845843929e-6
1.3908021439061507e-7
8.64127117557686e-6
6.119072904037144e-6
5.115382475032448e-8
1.727299493193372e-7
1.5743999654645274e-7
1.1340112144737088e-5
2.2606829345931624e-9
9.562896960862668e-6
1.5229682923520892e-6
1.3407139831269596e-6
2.8197561910569782e-5
4.804059308252998e-6
1.5887696638163597e-6
2.2551670475948505e-6
2.9896047730760844e-7
1.0977952099693157e-6
2.1873476487111346e-5
1.3899275716359597e-6
2.378986454757124e-5
1.0839032584267421e-5
5.426982683088765e-9
1.3642439392345977e-6
3.0887304484402806e-6
1.4340347050208613e-6
5.122417249862187e-9
6.1982321851448585e-9
6.804657513251518e-7
6.375799955434956e-5
5.524650311587365e-9
4.4916881428929445e-7
4.26197922138898e-5
8.688108717997958e-7
4.634571554440435e-5
0.0004929771616411031
8.306617987091904e-8
1.0204209272103043e-7
1.1761325683354997e-8
1.0304919177942929e-5
1.8465213831788272e-8
6.020648547411105e-5
2.8019706238447776e-6
1.7144722252733722e-7
2.2038925712480193e-6
1.2184244506831323e-9
0.00018995768155315474
1.2612895196083605e-5
3.284767050480667e-7
6.073359946267293e-5
1.8194201971486674e-5
1.734143749560032e-6
1.3570288970345513e-8
1.9108235023710563e-5
1.0023493433992112e-7
1.6040423785636788e-6
9.404045610957953e-8
1.2333141678249592e-6
2.1098013389979633e-6
3.1545376640859187e-6
5.490781556424305e-6
5.464814296552172e-7
2.0972102857225485e-7
2.541740973287106e-8
1.66949187225407e-5
7.219875638191531e-6
1.3777242798698446e-6
1.0144510328318063e-5
2.6606917474071995e-5
3.222056858548334e-8
8.598646291421668e-8
5.911019274271348e-6
8.934278212324164e-9
3.5733005720109365e-7
8.612461315745427e-6
3.020032667821558e-5
7.61269564474963e-9
5.106395925846649e-6
3.3080804668450007e-7
1.1913816516609983e-7
2.1536183071415485e-5
2.614371620408319e-6
2.7713294805923575e-8
6.7287456349972904e-6
0.00023093689947053573
4.591734245802152e-5
3.24868079180997e-5
3.032170153362896e-6
8.952581284304248e-9
7.772147427204943e-8
1.5098213162718562e-6
3.251106571028254e-6
7.640879475561514e-7
5.45087761124079e-8
7.481396092500042e-7
9.442778152163193e-7
7.880111694814455e-5
2.296984274641764e-6
4.059527741461256e-6
4.3405535899435023e-8
3.897441262279245e-5
6.766340096888054e-8
9.055854569178387e-6
7.87055896464109e-8
2.2370413470735475e-5
5.5512441432280205e-6
6.949319238436526e-6
2.1350286964689693e-8
1.0323371359957224e-6
6.369414027949092e-6
1.1169125285491058e-6
1.9973429629851896e-6
9.936081031631142e-7
9.257871498302926e-6
8.996933767337968e-9
1.699105180889686e-8
4.571821564847279e-6
4.6451872680113014e-5
6.360695339727118e-8
1.163602485291332e-5
7.484577167357151e-6
5.165567816359607e-6
6.249374668599911e-6
7.398059576146878e-6
7.77276847331455e-7
3.8125099479975707e-6
1.616794684875481e-7
1.0789644510288271e-6
0.00044286719845966895
5.785699280871128e-9
7.553340339284812e-8
1.8677264001704222e-7
1.0294759389434354e-5
7.003203148530007e-8
1.8460485916790204e-8
2.9126862702971137e-9
4.189823933091602e-8
4.20838244497205e-8
4.8259310340926826e-8
1.432632508559682e-7
1.3402255464695424e-6
1.376611334435946e-8
7.166177036378708e-6
5.345644757321507e-7
3.828019561227316e-7
4.5906139854449e-7
7.442426701079252e-5
1.8983072972999728e-5
3.5714377729231944e-5
1.4674399533954836e-6
0.00010474929409172403
2.5547073281100952e-5
1.800051267675009e-7
3.692747643068435e-7
3.4429943755170374e-7
5.847637254791858e-6
1.2559806437180063e-5
2.6242815473773444e-6
7.028259490953569e-7
8.51479159280611e-6
7.007367657996734e-6
3.7043027187304695e-6
2.8513879539026615e-5
1.715683664348522e-5
1.9787412175216653e-6
3.1835487949059416e-5
5.836297377521269e-6
3.861969819872571e-7
1.0901155918251095e-6
1.381202172005631e-8
0.00017581945194933358
2.9852030882197314e-9
5.740812110536418e-5
9.381107338716332e-6
2.5718716208946706e-5
7.841495692462019e-5
2.480494555612023e-6
7.092161841062648e-7
9.166772204997056e-8
3.2583613225137766e-5
1.02258137381674e-6
2.9239183818259675e-5
1.3659540113129656e-5
5.3109514928225955e-6
1.0616278470446518e-8
6.144681604202203e-8
9.036750579267572e-7
4.206515763075082e-6
8.216534865107931e-8
5.1712130705199765e-6
8.94723665056989e-5
0.0001646756147106158
1.5546834775389923e-5
2.8459238505535064e-6
2.22952920266971e-6
1.043404710697119e-6
1.8041221817763666e-7
0.0001508504533211541
9.449351212405948e-6
3.557918631951539e-6
9.821596448750843e-9
5.5535137358736765e-8
3.3184877239018046e-8
9.572559757414127e-8
2.6586093760321904e-5
1.632920525364871e-5
5.671373760300921e-5
5.954914755681112e-7
7.366314326644969e-7
3.3389450649664103e-6
2.065971684928355e-5
7.904311593753391e-9
5.206695573672619e-9
5.371955386384645e-6
1.2204243181125012e-7
1.3386768864150905e-5
2.292067938545878e-7
2.732055035358975e-6
1.5517568091463106e-7
3.298507362765956e-5
3.8370467121769434e-5
2.2473621611693113e-8
1.3296758001411609e-5
1.9559832074716912e-6
2.3103117857773318e-7
1.9495575774139418e-8
0.00022239884563294798
1.0146347364046377e-5
8.97810810557313e-8
3.1656530374666694e-5
2.9048111286797314e-7
3.6475845883825997e-6
2.4054571003164887e-6
2.2362695784238524e-5
4.901583741748938e-5
6.5792315588990196e-6
2.256669589303174e-9
5.07239245579103e-7
3.495995123064447e-8
1.3352475211782158e-5
9.945980571836048e-7
1.942459432334253e-8
8.426640422198054e-6
3.227055949391521e-6
1.1366197228204632e-5
9.530757374033667e-6
2.4056268966833355e-5
9.967841139710055e-9
2.7293992893643634e-9
1.8193768673578256e-6
1.0427078015940952e-6
0.00012432937084498738
1.2102167159385458e-6
3.734308582580012e-7
2.181810061356765e-5
4.652978087957579e-5
1.7690849337549152e-5
1.0216246166384245e-7
8.307367111780577e-5
2.0974808140050646e-5
5.21605064438707e-6
3.497314198422904e-8
4.4387768689886263e-7
1.9086525968894713e-7
3.5422224808022524e-9
1.5012870256663314e-6
1.9853485308964788e-8
0.00011678001618838119
1.650100466985312e-5
2.3540162400295453e-5
2.335052666505387e-7
6.745572305049605e-6
9.044754420064797e-8
1.588510978227362e-5
9.366831002946035e-7
1.4668396224420765e-6
2.6044924245950784e-7
2.0822318085447147e-7
7.772117945305498e-7
8.665611367194804e-8
4.28261288138396e-5
1.3340943914811037e-5
4.621080075007019e-6
4.0580024326766953e-7
8.980960693437566e-7
4.028532892912817e-7
7.420840969547044e-6
4.046731931369063e-5
4.580937582825791e-5
9.045857451406484e-5
6.657758948726382e-6
1.3045362313236017e-6
9.839498157368258e-6
9.779286527440966e-5
1.6263203250186558e-6
7.09704281444788e-8
6.177002507800718e-7
6.763174448778508e-8
1.8600868498237552e-7
5.814896368572798e-7
5.197772479825718e-5
1.2153937961365422e-8
3.653250158673552e-8
6.887573441383967e-7
7.404505098287223e-5
2.1050791481344247e-8
5.721984673854645e-6
1.4113732094053166e-8
2.9401333284084852e-6
1.8863819326606763e-6
4.386248221986103e-6
2.7610534829318774e-6
1.434037475593782e-7
1.7006339580901155e-5
1.0053477899694144e-8
1.6700141523375782e-6
2.1016791415895124e-8
4.665442683704533e-8
7.3098591981806e-8
7.614327955593772e-5
1.0410335019815492e-7
6.232283866635385e-8
1.0045470762176774e-8
1.4000387806879537e-5
8.354109902728191e-8
5.297131862940051e-7
8.351828872651906e-9
2.1557094934252054e-6
5.018511480977464e-7
7.413323920933969e-6
1.7630734902944868e-6
2.2475742478232658e-5
1.1629439824069876e-7
2.6194851621203282e-8
2.9936239735314716e-5
4.915822630811719e-6
2.1585762295523187e-5
2.4089503077853948e-6
7.760234187769161e-6
2.1019297289898462e-5
3.296192689464221e-8
1.807535067094819e-6
2.23677299275387e-7
1.686687208758992e-6
8.632067254021498e-8
4.800850759932891e-7
3.226551418042176e-6
8.05741273405522e-10
4.26042280214285e-6
6.904522651852625e-7
4.790809965039169e-7
3.82162308904718e-6
4.995748125488803e-8
3.0031754803848574e-6
1.061839049750751e-9
1.815525884129871e-6
3.7758414421269386e-7
1.1358050101482532e-5
0.0002762165652290441
4.981412604357308e-7
1.4279621169158919e-5
3.590787477014514e-8
5.818566808461954e-5
9.70241844362256e-7
1.0489270832362025e-6
2.4652863807677397e-6
2.393620721830186e-6
1.7174152195191525e-6
2.5593242324548228e-8
5.9913326856680875e-6
4.515638296552332e-5
1.3074510551808915e-6
6.955450239329039e-7
8.406912000334575e-6
1.9359650292631242e-5
5.292609606602583e-6
2.621662537899701e-5
5.136044820735521e-6
3.2921029972971665e-8
6.133753305787667e-7
2.2606705127985104e-7
1.891584179119956e-8
6.1647127470581e-5
1.6924035189764034e-6
5.4629477870903535e-6
5.137739554407594e-6
5.110652769523866e-8
1.0191645105258535e-7
