8.255920667910761e-6
6.498622700318248e-7
4.033045224078958e-7
1.1695650023520665e-5
4.3556821805077975e-7
1.398053677854881e-6
1.6085208432118364e-6
3.853652090189846e-6
8.069325315579449e-8
1.6337030966028506e-6
9.440103727281222e-7
1.2842103575957986e-5
1.3597117864478944e-6
1.3747796556822985e-6
1.9531260697894848e-5
2.201996205874196e-6
1.929206150123094e-7
5.433128204285457e-7
1.961219398790521e-7
2.0114917313968602e-6
4.266936450166202e-6
8.731856137736578e-8
4.828763946748601e-6
1.7854300122861756e-5
8.359096186761066e-6
2.342294778676847e-6
1.4335781467401541e-5
3.8803921242936717e-7
2.700060453653029e-7
6.639146088166491e-6
4.475873130850112e-8
3.1476329534657514e-6
1.0356129387159382e-7
5.989851676545276e-7
1.5155786328920659e-5
3.054337504157101e-7
1.7673491291362572e-7
1.7782967464357299e-6
2.0675243531989763e-6
1.6422243359765292e-5
6.063617185968721e-6
1.0933195986331642e-6
1.2400811868239165e-7
9.041275453440303e-7
5.806886060540417e-7
6.482510413431612e-9
3.279459511913349e-6
2.7225965986646605e-6
5.393602819228449e-6
1.871201689424895e-7
2.099681105016056e-9
1.810147029239231e-5
1.0521479716456298e-6
9.957301982949786e-9
1.387082752689822e-6
1.5893716171973274e-6
2.3866676236786794e-5
5.4583467826616585e-6
1.4182719231191677e-6
5.267443094524213e-8
1.1118040407306023e-7
1.2607297208723791e-8
1.9038037619830201e-6
1.193962646874117e-5
1.965521369581174e-7
5.029368709954941e-6
2.1409958720769214e-6
1.1163939822976317e-6
8.239235906518681e-7
1.5289498339351533e-6
8.308073172527605e-7
1.0073906485641727e-7
3.9939305427018465e-6
8.323444487318334e-7
6.244099823539249e-9
2.3285624851519284e-8
2.1673533228766364e-6
1.952280352331228e-6
1.0013272279341852e-5
2.3135309446019782e-6
3.503467865923957e-8
1.6747296574011417e-5
3.941857041088629e-8
3.111638951857674e-7
7.518360470128825e-9
1.8774678993274491e-6
0.00012278940193466252
5.9477919300892995e-6
2.1008986589859284e-5
5.273473755338753e-7
3.003411050081138e-6
2.2310463042752083e-8
1.0447915804005786e-8
3.820834787050601e-7
5.653541525534083e-6
5.211808048192054e-8
8.55256692834619e-7
8.185003983765136e-6
5.512410643230083e-6
4.009253198269604e-7
8.071878757343628e-6
1.0386370025581302e-5
1.9594994980997345e-5
1.0840954722449457e-5
1.1186392506560958e-7
1.9010494276640314e-6
2.7851764777358097e-7
9.823406099726104e-10
3.3050877191991107e-6
6.1725120092420156e-6
4.355804306105183e-7
1.209988648970311e-7
1.6086545422902073e-7
7.840981135274018e-8
1.4637991562599582e-6
6.546526606931836e-7
6.074102579378019e-7
2.8277177501408866e-7
1.685329531247046e-5
1.707441083096207e-7
1.5746429622175923e-6
1.6128634745937362e-7
2.6482299357029803e-7
4.800887767473064e-5
0.00011835054728053457
0.0006661375652406617
3.295758366748437e-5
1.0057981149597907e-6
5.8325994958865576e-5
6.476268792966577e-6
2.8509211184121654e-5
1.6363800170901679e-6
4.076295994440382e-6
5.461805167199023e-7
1.241613096779826e-6
2.854789733426176e-7
4.939208417592429e-7
8.972046721504249e-8
5.035034900909653e-8
6.173370642889638e-6
9.352831773605487e-7
1.3962982977101015e-6
0.0001537684389301594
6.430243885624566e-7
1.981718659536863e-7
7.3204727451796245e-6
2.4427183146928646e-7
3.0282543486860004e-5
5.126505812521122e-9
5.439608197520539e-7
1.5585642291788424e-5
1.347234050709912e-7
5.649124247702367e-6
3.730766019827199e-8
3.2765588981955035e-6
1.8790898505624074e-6
8.862965854154033e-7
5.0199779199909714e-8
4.8491701941422936e-5
2.9611425969041134e-8
2.318859861020101e-6
4.886119587363134e-5
5.468287972395662e-8
5.904539130581951e-6
8.698769960223551e-6
2.576036505590375e-9
1.1254146621840773e-5
1.8200605238453849e-9
8.835812791697466e-6
2.4028843664694334e-6
1.4337457677454453e-8
5.368000180888302e-6
1.2135747826486992e-5
8.666225000202435e-8
4.061988965666708e-6
6.957035364601624e-9
2.7465501466127304e-9
1.353127379088281e-8
2.7705234786843493e-7
7.587759780814273e-7
5.9268673412949385e-6
8.436892907022441e-10
4.4844221764643534e-5
6.305631601074383e-8
2.0646199963819153e-5
3.413756719332719e-7
8.862299206211417e-6
9.865681575204727e-9
3.2826292060193636e-6
1.417667783944471e-5
8.400942639590406e-7
3.6045879387692236e-7
8.309925116437596e-6
4.0553549449140966e-5
2.5061411925655647e-6
1.3032964142422319e-5
9.808242290702494e-7
1.0412493712586988e-8
2.792421178838375e-9
1.796090907600994e-5
2.0142234622196713e-5
1.3621320004542604e-9
2.46702663055818e-6
9.852174744985166e-7
1.6921963636835235e-7
4.3115799342413754e-7
4.3940314428409543e-7
1.5147788401782045e-6
2.8145957798782304e-7
4.703590889237573e-6
4.994653285814809e-7
3.5044758459736335e-6
8.572229002048644e-6
1.045916183403987e-6
1.8930098776303143e-7
1.0282238131992593e-7
5.418192637692356e-6
2.1378691969593254e-7
7.549467888937702e-6
1.8349361962985687e-6
1.8853008494593085e-6
1.7810135510263433e-7
2.827570604837343e-6
4.5695719109132635e-6
0.00019212408532681178
8.147031358341947e-7
3.7439556925793336e-10
1.5919485365046987e-5
6.429433972628947e-7
9.234503070768812e-7
6.010524795287018e-7
2.4505415780337563e-7
8.972908593554368e-5
3.948908656123866e-6
3.0970038728798045e-6
3.1256373102544925e-6
4.0267398735381154e-8
2.2150652738339593e-6
1.5171573765339174e-5
3.314364065953112e-7
6.280119040278579e-6
7.641812715335726e-6
4.547573317379461e-8
1.0941501683540963e-6
4.840244539757109e-7
6.29457624652897e-9
8.568763458611625e-7
5.8980425236968696e-6
3.5719839328152735e-6
1.2955546734434933e-6
1.6616015760159493e-6
2.6538411904920224e-6
9.545471117136162e-7
1.0720718113402993e-5
1.4074009289467886e-7
4.213224727750337e-6
2.7916799114697535e-7
2.117193781735137e-8
1.059389049391576e-6
8.565566579688301e-7
3.810835603029911e-9
5.5089913258627034e-5
2.396431366090075e-9
8.280721079572049e-7
5.4583693225911845e-6
5.068580667300003e-6
9.772155244036696e-7
3.579777823430411e-8
5.598130166042258e-6
4.865785490295258e-8
0.00013105430635542708
3.3432738270135274e-6
2.3803615448659937e-6
1.5678439603215958e-7
2.3305820402781934e-6
1.5769223044310749e-6
5.823544282139524e-5
4.863923923232443e-7
3.0631894981921214e-6
2.3763158604218724e-7
6.35702637569269e-6
1.5525367690861653e-6
4.560973372523445e-6
5.22905904597769e-7
1.6805463629129538e-6
4.600973781419767e-5
7.771183621979863e-9
6.225349102394887e-9
3.9898170193299925e-6
1.4049251233623654e-6
3.5020524431751442e-6
3.0975573852722755e-6
2.7505503103890528e-6
2.685450392927153e-6
2.7231933214670976e-7
4.8781510399995575e-8
1.4758887908713776e-6
1.6784362408432057e-8
1.2211653510077214e-6
8.329988887391123e-7
8.363613592695207e-7
1.9328642488649184e-8
8.861579894162471e-9
7.544751543061824e-8
1.6185454149664574e-7
1.1780048294473433e-6
1.4484226473780092e-5
1.6986534924004482e-6
2.580030467979384e-7
4.4380290365637757e-7
3.826120847326757e-7
1.5615621273260397e-7
1.4162122714380431e-6
2.9176826562650616e-5
2.5940845039534077e-6
2.6752119825909737e-8
1.7328848050829767e-5
6.457219977203918e-6
1.400851855972975e-7
1.929663321614889e-6
7.815091969083459e-8
1.2428053502629545e-6
2.9949303213077445e-6
1.1653888652378073e-6
1.0965942170428007e-5
2.1879330097778994e-6
3.090993514052162e-7
7.397160744370501e-6
6.9310693419783704e-9
1.9374172860086066e-8
2.127676021505834e-5
1.6692720607772682e-7
8.463620432131784e-6
3.6902361119275794e-7
1.5508682431173535e-7
7.929469827819176e-5
2.2283566975549244e-7
2.205589060313238e-5
1.568143297997936e-9
1.5931232697076042e-5
1.7408760815396115e-6
4.1606813752531116e-8
1.5829071257504495e-5
7.087550122655533e-6
2.0442584237598226e-6
4.218186670951028e-6
6.330959960748316e-6
1.6071587657913852e-7
5.777843256427007e-7
1.530316783956871e-7
3.197808577312415e-5
1.0821705748374307e-7
2.4115816353181607e-6
5.131450106572552e-6
5.376827588927e-6
1.494788163148041e-5
3.7049205411471763e-8
1.3700217471141225e-7
3.707318098539987e-9
2.6727004949153726e-6
2.6868803755038877e-6
6.5513312241064916e-6
1.6579089994578507e-6
3.9895367893812104e-5
3.023780176534295e-8
5.7401347255759096e-9
5.0068402097933714e-6
2.6671446731728494e-6
1.4244593353037037e-6
5.521192869193235e-6
2.95066341812057e-6
3.3106353887532374e-8
1.1076736918301242e-7
3.392713238358349e-7
8.970920522061836e-9
2.693640186987464e-6
1.1156804726106203e-9
3.4103665108050475e-6
4.456441003852071e-6
3.672542162338592e-5
9.213858326893846e-7
3.334483287459104e-5
5.7580768266153554e-6
3.577806784885315e-5
1.021497685054374e-6
3.4105063703131765e-7
1.2428846569113583e-5
3.991759999768282e-6
1.8219659020331157e-6
5.030050025729488e-6
2.680068969190387e-8
3.904260701814935e-6
4.253368304405199e-6
2.8498980241379317e-6
6.827868196775701e-9
2.226293266336917e-7
4.0793356014316225e-6
7.877560176603367e-7
1.2858298163826151e-6
2.535827894424905e-6
6.746805477139064e-8
1.2267737031410586e-5
4.469583585276458e-7
8.116565032603543e-5
6.032991557265196e-8
4.776197037348834e-7
1.9201066901326496e-6
1.1428705658274482e-6
3.03265046880909e-6
2.6016682900901543e-6
7.057903652249124e-8
1.49607474235084e-7
5.935285684236382e-7
7.710994667926761e-6
1.0086027699661722e-5
1.240671413253839e-6
1.2042668849594796e-7
3.5820064480840624e-6
3.193062465080242e-7
1.2884364646273001e-5
1.1761782794042863e-5
3.0379678346252454e-6
2.202300273541502e-6
2.0367972382526563e-5
3.897782882424821e-6
6.554305904896108e-9
6.713260228656857e-8
1.3235454605715175e-6
1.0918558719233858e-6
6.912970403307309e-9
2.3093055692359318e-5
1.1216413257076063e-6
1.490636817836369e-6
6.709805232223861e-8
2.716171329921821e-7
1.1642027407868216e-8
1.2918447638684622e-6
7.732295206980385e-8
8.257964408092931e-7
3.364772874805803e-8
1.2173993393026332e-6
5.427829692739136e-6
4.997451016083072e-6
2.4562934131854617e-7
3.939788189904653e-6
2.1065900089772985e-8
1.3291231497019434e-5
2.721656100945541e-8
4.55825759175886e-8
1.0701516457383416e-6
4.792356722012615e-6
2.8273896138194144e-7
0.00015923688166661132
1.1764063799910811e-7
5.077897235050544e-8
2.475529189322239e-6
1.3333361153598771e-5
1.4969903392594674e-6
1.9073776953464544e-8
2.8907086146275443e-5
1.3828270723800022e-5
2.1425021578497617e-8
1.2678587375126546e-5
6.722016563074475e-6
1.3540145622341474e-6
2.481608050403091e-5
1.5220781450896604e-6
1.6338780339727873e-8
2.583299755574263e-5
1.7116843216210963e-5
4.726711394252525e-7
8.92867009837245e-10
5.549465973242904e-6
4.364326004087009e-8
1.9042859908238888e-6
1.0451382186559502e-5
4.2160291227901115e-8
2.4538437722419473e-5
1.4537250442485083e-7
4.361502595722582e-5
6.174848424490585e-6
1.6257097485841875e-5
9.093921796663069e-7
7.924090101542752e-6
1.9457314571286137e-8
1.193549217941955e-6
1.0413114442767537e-5
1.3751715968325926e-5
2.1306403752665716e-8
1.0208296136123657e-7
0.0002718342703758758
1.0465396175880563e-6
2.5910864926321283e-5
1.0042354231541213e-5
9.08970994705285e-9
2.2394735078336755e-7
1.8513570293433259e-7
1.685036314468945e-8
1.438378805744724e-6
6.849697908194681e-5
1.4330285826586382e-8
4.673619105903367e-7
0.0006173143800956984
6.978398515683605e-9
9.9775256449971e-7
6.985307592032956e-6
4.202533874386305e-6
5.080933442492555e-5
6.010602114481941e-7
5.448853261789209e-5
2.3252503560413581e-7
9.821505667350487e-8
1.2292758997841263e-6
0.00011698215054081473
6.97348569086072e-6
1.9273967821646195e-6
1.6193714172949819e-6
7.2767427609586e-8
1.0830191816279293e-6
2.3161350274025157e-7
3.380971676221812e-7
2.0994275412916563e-6
4.351776886959377e-6
3.655157900697135e-6
5.811144002861339e-7
3.6675958684833955e-5
1.1046701820041687e-5
2.142732660811755e-6
1.0437929817895927e-5
4.5898682808027074e-9
4.764845100697355e-7
4.2945551699063505e-6
1.4841155541917666e-9
1.7991768575966181e-6
5.418256679682286e-7
1.1680407807442262e-6
1.5899421412686002e-6
7.661068076780858e-6
0.000397458364478359
3.6264543703063713e-7
1.4601605183370204e-8
4.334863101061742e-6
4.047580024798154e-9
4.03502657514381e-6
1.7697281603824342e-5
7.11256312563321e-6
8.302175862833249e-8
3.4716271884717733e-5
1.84342978193962e-5
9.67644267177153e-7
1.0457037866705788e-6
3.9495854353445956e-8
2.179416686613043e-6
1.1017539222958324e-5
8.920949735508204e-6
1.760013316082618e-6
3.1391008538865387e-6
1.7022802672331493e-6
6.617573857439261e-6
5.083203843011472e-6
4.331865878978045e-8
9.57142975940125e-6
1.962565755628384e-5
6.827177823502518e-6
1.1672064524645423e-7
8.822136761455387e-7
5.37771711521451e-7
3.235242597056816e-7
2.522134984666758e-6
1.7535768199634827e-6
4.685831082992938e-9
7.51390524652151e-9
1.8913632162676715e-5
4.161442623510298e-5
5.747471267376413e-5
3.028161365544326e-7
2.514745853539599e-7
1.2598129995925817e-5
2.114209954447813e-6
5.885838728027858e-9
2.223886999270948e-7
2.559857042618569e-6
6.54073532747771e-8
6.249537538010613e-6
6.406587715103779e-7
3.3801185691450632e-6
5.81450938593952e-6
3.595887688804449e-6
1.1458776484736197e-6
1.0053671641883264e-7
1.1436119929074318e-5
2.52188864994598e-7
8.980439860193668e-9
6.90981618188323e-8
2.8140973327456418e-6
1.0466271765777063e-6
7.215350215820544e-7
5.041140943594363e-7
4.447311638149027e-6
1.5414937908031508e-5
5.445391921124814e-7
1.574036937527592e-5
3.0510346712633743e-7
2.60254041988509e-6
4.285928196623825e-5
6.653568158503952e-6
2.8423348820337494e-7
3.731110552642503e-9
8.825275576144954e-7
4.0262987174363447e-8
3.0393267642044107e-7
1.7604225543561708e-5
5.688950257552165e-7
4.5662969475955004e-5
5.9940216329589576e-5
3.7796836260683026e-7
1.2908553726198282e-8
6.826427702682069e-7
1.04173862882742e-7
7.743385688097835e-7
2.966373642031711e-7
3.371542726220095e-7
4.188913193149819e-7
2.327894860622565e-6
1.868167607093616e-6
1.0960323179834555e-5
1.0915716225873346e-6
5.180540007446518e-7
4.849001043464751e-6
3.0991397842683703e-7
8.728215930217483e-9
5.583830847961429e-6
1.149856909657076e-9
4.465996725235597e-6
1.5190373218282007e-5
7.626943807691312e-7
2.389142710051707e-5
5.056907186401125e-6
8.159396619424392e-6
4.34563022624772e-8
3.4477680805525565e-6
1.053104926732804e-8
3.64612432123834e-6
2.7223013669522594e-8
2.393362360442417e-6
8.236290579035744e-9
1.642747492339423e-7
6.596689497661541e-6
2.3904175796268975e-6
3.089591883534913e-5
1.6917619747128402e-6
2.2719933703304516e-6
5.8299054235416425e-8
6.611420381900092e-7
4.877594536974247e-7
3.4887380095176597e-7
1.8240982730709185e-5
1.8035518362740774e-6
2.3372279323843802e-5
1.3862919571511934e-6
1.5732470808496637e-8
2.6884291010045354e-7
3.0836547891057495e-6
1.8784920109795274e-6
1.306700563459955e-6
2.6133172294820235e-8
9.701682013917072e-7
1.363569266952676e-5
1.61833974887672e-7
1.1753372592597355e-5
2.10140289191461e-5
3.349029919055099e-7
3.077385220647893e-6
5.784255248813486e-9
3.228691865832109e-6
3.072070763265151e-7
4.0229725809187587e-7
3.0447112606196166e-7
1.1068347292611429e-7
1.944660825611416e-8
3.578798068414435e-6
1.0423030050935732e-5
1.388310422852561e-7
1.1594168512096804e-9
7.037653133538505e-8
1.4926107952058271e-7
3.0680607019496e-7
2.7029408220260706e-7
3.818519355930491e-6
1.4327164858576517e-7
2.828248770209624e-6
6.192568827660911e-7
7.496200818430472e-8
4.1856004933754896e-5
4.667238216944491e-7
2.204032193417318e-6
2.2181422518784736e-6
3.27015060584146e-9
4.906066343051285e-8
7.928236964846366e-8
3.2110705795088976e-6
2.6586373601563256e-8
7.530244809774664e-6
5.462378398786828e-6
7.117063687280937e-7
7.826961965776858e-7
3.001639452158624e-8
6.090096390870482e-8
4.781285827748571e-7
5.189933054070239e-7
7.102483592460622e-8
7.55338218765928e-6
9.50395353714943e-7
2.885998833352887e-5
4.5115945361467143e-7
5.090238699383193e-6
1.0112748314392767e-7
6.545226219479495e-8
4.348683816056422e-6
1.1151375358305319e-7
1.3290836033921693e-8
0.0001623643316534405
5.400527484798972e-8
6.106542024611834e-6
1.0996030225111488e-6
1.4522878739624558e-5
1.0448687362033045e-8
5.674582940122392e-7
1.5749962922075353e-5
1.3893648205761055e-6
0.0001611870904376775
5.694300096413614e-8
4.213592826985547e-6
4.0162672466458365e-5
3.528937272287186e-5
9.28403399677136e-6
7.1201678394426e-6
0.00020955739582521405
6.536375780145524e-6
1.834389239638249e-8
1.307717635989609e-7
8.539691604886852e-7
6.64674231618684e-7
4.2158641309920663e-7
4.735494663520009e-6
4.240345825859465e-6
9.118521129869056e-8
6.477609052948558e-7
1.847961756513858e-5
3.1031665696086e-8
9.402801445027095e-7
3.028604214824598e-5
1.646430825905291e-5
6.41973527073056e-6
8.34800920387891e-7
4.433183776577853e-5
3.0018832430856646e-6
2.4114082992629123e-6
6.803519896371335e-5
3.365207136027293e-7
2.4265369486873147e-7
8.612021738153016e-7
3.943372854628277e-6
1.5607487222486834e-8
6.0261489962449755e-6
6.738703950440297e-6
1.6004633180246982e-8
4.392792715822993e-6
4.643964466736923e-7
5.4507556865482924e-8
2.9686983089708142e-8
0.00025956130744390595
1.5346465126884916e-5
9.690437218986917e-6
6.891876303259932e-6
1.174086198163345e-6
1.6501279537273303e-7
2.408578755639128e-8
6.27779975275302e-7
3.092162712879959e-6
6.125947825921334e-6
2.5435699196270334e-6
1.5160754084498895e-5
7.767961007643302e-8
1.4638206659268104e-7
1.514895234128434e-8
1.5950125709831342e-6
3.017545149987069e-6
8.358724858760705e-6
2.959945299022189e-7
