1.2384885602768027e-12
3.539387237593932e-9
1.051965210473196e-5
1.3345640654857987e-7
1.763859518306393e-8
1.3683764937944863e-7
7.968414470410059e-8
4.3117938311064687e-7
1.7242406354754438e-10
4.203680468080899e-5
3.445751831502487e-6
7.261028965568528e-7
1.7213654072636884e-7
1.1845591286645073e-6
4.1315618821867067e-10
8.80092168295165e-8
3.763892075777066e-11
3.0576269981071105e-8
2.322646685173696e-7
9.641031471739884e-5
8.112178988866015e-6
1.491945539222338e-7
2.345285801506934e-10
4.3554694595298336e-9
2.201175247473306e-6
1.1166756038019932e-6
2.904094828342459e-6
1.894883878942061e-6
0.00013606477070869923
6.656523029576994e-7
1.4227662117954084e-8
3.171437692605671e-9
1.3380581537447328e-8
1.669897276102645e-8
4.310208644727086e-9
4.6408857129867356e-8
2.209915136486748e-6
1.762603123806748e-5
1.90372608324929e-9
5.675733522416868e-6
8.30612113778386e-8
5.6923875937308925e-9
1.0417233449900325e-5
7.318789256695522e-10
3.08120512714742e-7
2.237810394867953e-9
4.231114471462322e-8
1.9773923685545497e-6
1.9114185815865752e-7
4.6786162797487547e-8
1.8756547963244407e-11
1.612523703846384e-10
4.985035801080901e-8
7.032961767225448e-7
6.76772046836177e-8
3.9161316654247145e-7
5.9215385976867355e-6
2.9472221387100107e-9
1.3568024044053921e-5
1.1903145318135656e-8
8.836378163311395e-8
2.7279282721664714e-11
3.993801343952015e-10
5.697942257442219e-9
3.7852575055638785e-5
9.691147159052358e-8
5.043530859127524e-10
2.42154931449198e-9
1.668610119402499e-7
4.895918755200631e-7
1.8035486293410105e-10
2.9765467203581186e-9
1.8880732643208673e-5
6.346459230264283e-10
2.8906117445559353e-8
6.156329333100462e-8
4.675190551630615e-12
1.434958172905237e-7
2.452564000211955e-6
1.49636973428582e-7
3.197028873273086e-10
5.074456935359457e-9
5.394342504321922e-6
1.7710273613201394e-9
1.1905252946740897e-8
1.6471873133776067e-7
1.7145103669093691e-7
5.5727578614070086e-5
7.363521409500554e-9
2.400227399924979e-5
2.3998299294289554e-7
2.7949928495973146e-9
1.9022863337910302e-8
3.782750357867553e-12
4.034544836061235e-6
2.606876305391502e-7
1.2893442465004094e-7
1.8045028306900023e-7
7.38111872617196e-8
1.7884986385052105e-5
2.5444679671048476e-8
3.1946039929865735e-9
2.2037027841864683e-9
3.6673542357153984e-10
6.657191006957783e-9
6.810581922387579e-8
7.915778208952566e-9
2.1562325490840289e-7
4.2616116805000276e-10
8.622052434321698e-11
1.5593816451216863e-7
9.144613602927763e-11
2.5489327526488625e-9
4.472843504104316e-9
8.291026512822059e-8
4.027115564965574e-10
1.0499936823149663e-7
6.094873542259894e-8
4.347676981108052e-9
5.322091023504012e-9
2.2418267499435937e-6
3.2618776339611873e-6
2.0955782408521737e-11
2.8510336524417454e-12
1.3742435304649659e-9
5.5724566873332604e-8
1.482318746551116e-9
4.227861950765026e-7
8.864674313262222e-7
9.089573751038892e-8
3.449508842958394e-8
4.41883685263529e-6
2.8160268448984195e-9
6.299934408667593e-8
4.840696246679344e-7
1.6182808139185028e-6
3.1316899315511156e-8
0.0003134141900741043
7.594669662663788e-8
1.0790665883377556e-11
7.130199814859252e-11
2.0093302032626227e-10
1.596586395154642e-7
2.108434699091971e-11
1.504136568512226e-5
4.141317657344078e-8
1.7094017300969354e-11
7.97933673283932e-8
7.949948855980557e-11
1.4252915101849364e-8
6.011819811514585e-6
1.861864783256752e-8
3.6283979501482316e-10
6.253536629015483e-10
1.574697081519631e-8
7.30765989802528e-10
1.159768682203356e-9
5.15896396299463e-10
1.0240798807449988e-7
8.518522213375e-5
5.270273328565255e-11
4.993311508879288e-9
1.4022365317122001e-9
1.5371254637291404e-11
3.955413128196886e-7
6.239199405869818e-11
4.966362947645056e-7
8.24658805917306e-11
4.269951616461305e-8
1.5439768435623838e-6
1.7926239535289834e-7
9.844362475574706e-7
4.989299700084311e-10
3.3823685330933346e-9
5.412029685200024e-6
1.1548635279330882e-8
2.525812669051106e-10
1.2153785681774098e-6
3.3099386301964154e-5
6.149888472120793e-11
2.7961416128414603e-6
4.225330099992981e-11
1.2732703441556237e-8
8.261820407571917e-9
4.632448094112571e-7
2.0966294274831396e-10
2.6899989251967413e-8
1.1026755870707118e-5
8.775315245041381e-9
1.2766841429680772e-6
3.6207197009242613e-11
9.890961758707487e-8
4.6462643235619765e-9
1.1073650972257833e-5
1.7460763065934336e-10
7.974276277821364e-6
1.9245570846210896e-8
2.2535395926976727e-8
1.5850094163819128e-11
1.6272125450586882e-7
3.5348360199533373e-9
9.484704670008366e-10
5.052584001729242e-6
9.360944027571512e-10
1.2115920332852392e-10
9.429372865360202e-11
4.415396120784506e-10
7.5405792444199275e-6
1.279452419282435e-7
1.0782500871139708e-6
8.870705471654271e-7
1.2740078736918957e-9
1.1881700688067416e-7
3.484900719670141e-9
1.2649874172071994e-7
1.0565441766995115e-6
6.757611309278632e-5
1.7934866714608665e-8
1.6403254030380332e-6
1.3572936823079094e-9
3.9908764043694735e-10
1.6824013664901157e-9
6.319254470151119e-6
2.7726541034784806e-9
1.3415867367254983e-10
1.5760816372496801e-6
1.4374417465017164e-10
3.583347341583945e-8
4.518881027674533e-10
5.7148720110761054e-8
1.7238909320969787e-9
2.895195602565291e-7
3.7948488580016065e-6
1.491024094841369e-11
5.162188103495136e-9
5.667039669586116e-6
3.0958583173064676e-9
1.6775999193336443e-11
1.0188954558332936e-10
2.417699529080081e-11
1.9097588420435144e-7
2.124129454702277e-5
2.4040710376211e-7
5.095950495332306e-9
4.4061180596488777e-5
1.4969137232079286e-8
4.716547626501697e-10
3.1337628186762916e-8
7.100588529165894e-7
2.808524938821776e-9
4.786856789154791e-8
5.965503494431401e-11
2.1625998213063328e-11
7.383510750314418e-11
8.86852866048207e-6
4.735455856992729e-8
3.01110944745039e-11
6.856871406200523e-10
4.946972586279481e-7
7.653394877045377e-7
4.961728380214085e-6
4.638147501801457e-11
9.246819635758143e-7
2.901056171115482e-6
3.988917618531397e-9
1.9075879177189207e-8
3.1133379781015666e-7
7.346262193472991e-5
1.6941440822842327e-6
3.136062549592824e-6
1.2113966354327981e-11
5.6491403979093224e-8
1.2449572298256095e-12
4.446357068807352e-6
1.2964622962807197e-5
1.5626162331493726e-6
1.8447205441254758e-7
3.909603792831986e-10
1.7155713992599e-9
4.74090473313852e-12
2.1219937331358702e-6
1.3565923935953736e-8
1.7067983351502369e-7
6.900068509369694e-9
1.4508425354255296e-5
6.245872473806698e-11
7.3084880768138545e-9
2.2153608376251493e-9
1.4295814262960045e-7
7.418437735144745e-8
7.917241271071533e-10
5.353246910679345e-8
1.188940161509167e-8
5.396777206733701e-6
1.091942368198583e-5
9.479178586764267e-7
1.4005723284422766e-8
3.6090172266428745e-7
3.989198830514651e-6
1.0835125765179646e-8
6.222750083118914e-9
1.5805540098863152e-11
1.0208836074005759e-7
1.672483519970738e-8
1.2849166049511726e-8
3.219438694960259e-8
2.1762030680264856e-10
8.125616561953307e-8
4.6201970797984455e-9
3.3932343077424904e-9
2.3796489784481283e-6
9.411172652305187e-9
2.594454684274124e-11
6.132529894614218e-8
1.497121918158567e-7
2.6368301364150012e-11
3.391945004763357e-8
1.941413408930694e-10
9.210181070327027e-9
3.677083878778053e-12
1.175093314428844e-9
2.2805261288174813e-9
2.8844681337920267e-7
5.191842305554063e-10
1.5236764013943799e-10
1.3207699363097784e-12
7.333008855960783e-11
7.745340398751644e-9
1.885166532975137e-8
1.4617022135211326e-7
2.428091351284362e-10
4.5266640227638245e-9
3.3741516365968705e-11
6.483171637244034e-11
2.552852030006679e-11
5.177857827565121e-8
2.216596286405192e-9
4.392883322171771e-9
1.918913023210227e-10
7.601364019985038e-8
8.252080399024065e-10
1.2191001813271383e-10
1.114325427087296e-9
5.323394994692839e-10
1.655031382778616e-6
1.4332549952546665e-5
1.1597590199791586e-7
9.399728109763752e-13
3.6305015885565636e-10
1.9059687592145304e-11
3.2348664141366885e-7
4.596274292288664e-9
5.0536912772171675e-8
3.056243191108404e-10
1.8732198406196317e-7
1.3477280641661053e-6
4.281825151456648e-6
1.97907100729657e-8
1.3036598230994156e-5
7.504957159404884e-12
7.582516421805044e-10
9.798722740298819e-5
3.4501414485994104e-10
2.518238926849209e-6
3.620660792725706e-5
3.3599051301042032e-6
7.801290253757587e-12
3.9692657129088853e-7
3.585117281769921e-6
6.884157963697482e-12
1.4896490211549922e-7
1.8729321899672996e-10
1.4785337246461805e-5
1.2133323123545765e-6
1.1668581362982834e-11
3.1475946353147116e-10
2.1873570676433345e-6
7.735874451311251e-13
1.55469688577781e-6
1.1027670796302543e-6
1.99749061630647e-7
2.6180836767573635e-9
2.7484563197613932e-8
8.196281686911628e-13
6.449495977282649e-10
4.8763898105880125e-6
1.6298550120457328e-8
2.3992346590284216e-7
2.440073418166813e-9
1.608197272756687e-8
8.223155372289595e-13
3.921136924820356e-9
2.0026547728176813e-8
9.288271410909533e-6
3.406006590249174e-6
9.084609725124869e-13
1.1319312381777643e-7
4.041334600421033e-6
8.086318876503559e-12
1.3276768364554387e-8
7.50309682226306e-7
7.08103513773192e-7
1.8941373435944783e-8
3.1444795427011102e-9
3.56934434959115e-5
4.6666828135940564e-8
5.355794173665655e-7
2.3554334783352785e-9
2.087032226216595e-11
1.9372086706896226e-6
1.9927544534332941e-10
5.770432984138131e-9
6.28705066467886e-8
1.0966645231638704e-13
2.8776118936494158e-5
6.696851380075397e-6
3.068360060814526e-8
1.2908611066260944e-8
2.5478295501809667e-6
1.1430041454331317e-8
4.325315766789519e-8
3.849944031659184e-9
3.266413971939109e-7
4.357512011864804e-6
2.088731501221342e-9
9.130123532912897e-8
2.278601553846955e-11
1.4327475092722248e-5
1.8668595425912015e-10
1.2865821580100597e-11
8.330894589000796e-9
1.1414101572637926e-8
3.34536924907682e-8
5.723432405104417e-11
2.5228516338773806e-10
1.3095183664263013e-11
3.0774324300409037e-9
5.497659358910808e-11
8.00475950438492e-11
3.369161593624132e-7
3.014343333737842e-10
2.044383834246412e-5
2.947074937383984e-5
1.7208916193710758e-9
1.2183430704708466e-10
9.079678122988816e-13
1.339033188389015e-6
8.717677809377342e-9
7.225404047214022e-8
3.038301081733398e-8
1.153703322609057e-8
2.482395382186568e-9
1.1727252058233307e-5
2.1301646533643084e-6
1.0384279693613514e-5
1.555369111663512e-9
4.144272307121282e-12
2.060240268709508e-10
2.806892482818474e-13
1.8427559227544837e-6
1.5502314093599585e-8
6.440582044830331e-11
1.4153303325527246e-9
1.0618786213091675e-12
5.660667042669914e-10
4.664379491914097e-11
2.0731238901514426e-8
4.5344514811846173e-14
4.62140608328962e-10
1.985992959123701e-10
1.3442044978693682e-6
4.484310429430203e-11
8.687377209680643e-11
6.043493113323303e-7
1.112175431846829e-11
1.3618110408215983e-8
1.5454596106422896e-8
1.3995754710571448e-9
3.7939489363152326e-10
1.2276815823768512e-7
1.2590782739535564e-8
1.9156161269704607e-7
1.930524570754627e-8
2.9551195981931546e-10
2.0787198943552664e-11
1.5715503807604966e-10
3.18357572897895e-11
3.770087299009651e-7
4.044618222631982e-8
9.48763089811986e-10
4.150073858213794e-8
1.5404447198426009e-10
4.2391743558655645e-8
4.3548602250296066e-10
4.264930455728869e-13
2.732186495557847e-9
1.8539361848203495e-8
1.0737399739495387e-8
7.184471830139356e-7
5.810265911947076e-9
1.522859235122258e-9
5.623646339076077e-9
4.857418302661779e-11
4.834356199283418e-11
1.2489222930606624e-11
9.520081295110346e-7
3.843665456336991e-11
2.776759318404304e-6
1.609491820818629e-9
5.411565278648447e-8
7.34927376111898e-14
9.765848993119231e-12
1.1579193946613907e-9
1.4668043010669744e-13
7.409717216779743e-9
1.3723306707717815e-8
2.915039612661851e-10
6.458709852760495e-12
1.5537342925978786e-7
4.4146436800982735e-10
1.819814098204692e-11
1.1099293316016032e-5
1.4485237817075017e-11
2.959607288273141e-11
1.609156501349081e-8
4.1775896739895317e-7
1.1916624632855905e-8
4.439787754865237e-11
2.002969278625019e-6
1.0242407914391847e-7
9.32010967597237e-6
1.4465026380380839e-5
1.0914709597004317e-10
9.449229817231406e-7
3.911255358709481e-11
7.409631796051982e-10
1.4620040431747657e-10
3.288693718476307e-11
4.982519387007168e-6
7.629643279752051e-11
2.4703664514678447e-8
1.1385444400487876e-10
1.3974386634091318e-10
3.2318090171028977e-6
8.609648384051901e-8
0.0002165821500444991
0.00017986020969794995
6.574751197898487e-13
4.740648546357227e-10
3.8450051850838795e-8
5.911851991459938e-8
1.6574363676149558e-6
1.1241594125838926e-9
9.014557651501509e-10
5.047748485217208e-7
1.3143078925078352e-7
4.1420474728142986e-10
2.8551246078298292e-9
2.301015477582279e-9
4.547556596780173e-10
4.534256680631013e-11
4.876956847615668e-9
1.653400726534902e-6
1.3781946459613376e-9
3.0122292035301247e-8
1.6722065347375603e-7
8.06122842578294e-6
3.92694229019778e-7
7.816177733747802e-10
1.1684370419806438e-6
9.551470419564465e-12
6.310836167289867e-14
9.657421712964827e-12
8.202517465904556e-10
1.4910960394938156e-13
1.0509674296539965e-10
9.419800783938243e-13
1.897629852578118e-13
1.0164738065243625e-7
2.2765311776121737e-9
1.721203944142439e-10
1.480388858552322e-11
4.807158771243574e-10
1.4667766281598931e-6
4.4710201541249086e-8
2.1460779856991747e-10
7.721339041210403e-5
3.826969048736944e-9
2.7517954126762597e-8
8.280125066088483e-6
5.472170950105741e-7
8.481407512759128e-9
2.019471087962938e-8
8.531075757864755e-10
1.5548469549076626e-8
1.3852094882431317e-6
6.3294047910821046e-9
1.771027557554133e-5
4.173191534447485e-7
2.1841914294135822e-7
5.1485559046109956e-8
5.2020076149636976e-11
3.757004861410353e-9
9.675596066484e-13
3.088789771972753e-8
4.7588736157465185e-11
1.3550675904435443e-7
5.324176033063657e-9
1.729042697946083e-8
8.299157216228456e-10
2.1859765681146503e-12
3.79553511171041e-7
6.783713130201078e-5
4.719050259787166e-10
5.566570090802679e-11
1.092835443124084e-6
3.875900840813306e-6
4.2066612799648817e-8
4.809342645592401e-9
2.146537725205886e-11
2.7010212309363657e-7
1.4585077390847187e-9
1.046697567243164e-10
7.938293033477173e-8
2.403643646419176e-9
1.3392889125219653e-6
1.683664980466849e-11
2.2255815157793807e-5
2.4965939201375386e-5
2.558252726149384e-11
2.19455972397417e-8
6.067826938226039e-8
3.528270834421219e-12
5.8438764351180885e-6
2.2826338462436682e-6
1.0172709387804537e-8
5.6471710332836274e-8
3.2331947832332624e-9
3.097147001462676e-10
3.0498376331229216e-11
9.009673333573022e-7
7.429396994153093e-11
5.4246700322460294e-9
3.2918963729046125e-8
1.8838638140698077e-6
1.1746578610299063e-6
5.242175968200537e-7
8.595899498178926e-9
1.6315698783702093e-7
7.655468565367861e-11
1.3419056462170582e-9
1.3622397713579345e-9
1.9494016485407776e-6
4.5638250758124966e-11
4.2039727442605264e-11
5.609767271553217e-10
3.0749716211195846e-11
7.885157995819814e-8
1.1568066220338182e-8
3.32146557525037e-10
1.250621769291319e-8
7.759986519296645e-8
2.4639333267085924e-6
2.3946312131241836e-7
7.21080587402221e-5
1.195632507729941e-7
1.3793996211572283e-7
7.89247488027399e-9
1.1731073561340902e-10
1.7168368681164554e-7
1.6671933233038183e-12
9.317070552616062e-8
1.3570904938358278e-6
1.132784280311576e-10
5.596745439286106e-11
3.507959209259929e-9
2.7553261665197186e-10
9.657203327260648e-7
1.1687914198873204e-12
2.477458221653921e-9
1.2603105670014406e-8
1.7971579429881518e-5
2.6460543622375706e-11
1.1061334113774585e-10
1.0005616362031906e-8
2.0016755420466696e-8
4.531192033857138e-8
7.949385685423546e-7
1.4483596296874587e-11
9.722853334803072e-9
3.35665545946057e-11
4.999133179393617e-7
4.3416733473309956e-8
8.088781236113588e-8
8.528825783562403e-9
9.222246506811234e-12
2.1610877412592797e-8
1.7510656923225645e-10
3.982522310215469e-7
3.404070406431606e-5
0.00016523519474786547
1.345974539608924e-10
8.718279629003305e-9
2.0087047343323546e-7
1.3528906177516137e-8
1.4894164748418755e-11
2.1752185150289114e-5
3.8189466014929134e-9
1.6913953221607857e-7
9.381804081496235e-13
7.951837599324173e-10
1.3621584863388194e-13
7.44660237320416e-8
1.1493807021626608e-9
4.5161618222360973e-8
5.285235806285867e-9
2.930665463714135e-7
7.931542060285176e-11
3.629775353613531e-6
2.3807136417526423e-7
7.148017585468144e-10
1.3071517330482823e-8
1.2593158981622321e-11
1.699425681558476e-11
2.5602409631904216e-10
1.3863794465759146e-6
4.5001930063212225e-9
1.8818838767863045e-9
1.5712562028073071e-6
2.6389088764041197e-7
3.6054802606472844e-11
2.0358473444722186e-8
2.537767811187974e-8
0.00019720066957006446
6.685361784894265e-9
2.7421172056580305e-10
1.1213284595788956e-5
1.3967440925792798e-12
3.43233296986925e-11
2.7411862033131017e-9
1.268384711710708e-9
6.9815713930480515e-9
3.752795999045796e-9
1.0832997588956433e-5
1.8686269549239145e-7
3.7972625337813504e-10
8.64624026402419e-8
3.0811721332998855e-9
2.7311790616954707e-8
1.883775765752246e-9
1.9674505773357582e-7
1.6734575213337343e-6
7.512368290942541e-14
3.160939244134803e-11
1.4287680100016685e-9
3.5322574657233892e-6
5.895946849406636e-7
7.368996498295226e-12
2.95757110369815e-13
4.27285721378506e-9
5.3908601344244895e-9
4.5848911591097025e-14
1.7581321616121783e-6
6.999682587698385e-11
7.714891654060111e-12
2.968524801872767e-7
1.1487458391390772e-11
2.5170749876544996e-7
1.354289795976598e-9
1.6453553635217316e-6
2.0053608688357385e-8
1.542476412155671e-5
1.7792146328857998e-7
8.062372866554137e-7
7.951560592678983e-9
8.909280189879305e-13
1.6104010998885195e-7
1.423423131311175e-6
9.345721814965007e-11
2.881861608530219e-7
1.7643419394259324e-9
3.445348882010391e-8
4.70360339481276e-11
1.7018796998857804e-7
6.895731367861441e-7
9.463882674113699e-6
7.529173783058074e-9
6.1102032875138e-12
0.00039953172827111795
1.9399702163755743e-10
7.341593579408204e-11
7.103170413036215e-11
7.187751754874095e-7
1.647413726391897e-10
1.8404962058275277e-7
9.341219568890729e-6
1.613038931399011e-5
1.676980073407503e-5
1.2420907524483327e-6
3.261795480712625e-8
1.1575717556009944e-8
3.4001749615091874e-7
1.54759696716713e-5
7.834912253514398e-8
9.264702622379015e-7
3.1142740610724474e-7
1.2413048521858326e-5
9.381619250943484e-10
2.1384899345840988e-8
6.228449036910414e-9
8.891396062565391e-9
4.953726852113837e-7
1.446246954348795e-10
6.089967872519179e-8
2.3829769517272517e-6
2.210209681404668e-8
1.9287541956586812e-6
4.524041765983919e-8
1.1261399356177313e-5
4.210503681742834e-7
1.1378910224158632e-9
5.008150685174885e-11
1.9516949761635776e-6
6.622840941679742e-13
1.3613450004296467e-8
3.2372644306524747e-8
8.598528055679519e-14
4.651368848021129e-8
1.9206772985672001e-13
2.441256984348526e-5
0.000681708133349681
1.2587925891175062e-5
8.46949893179321e-8
2.225228898440245e-5
6.523001730277333e-10
9.252946511652246e-9
2.7410307325418803e-9
9.961464469542933e-9
2.4441402241766668e-8
1.7275694811757316e-9
7.365349841025571e-8
1.225860686866059e-7
2.755229355525752e-8
2.088805348025583e-10
2.1589656630118055e-11
9.331469669285484e-6
2.348933698100652e-9
1.063666103800409e-9
8.185263230726206e-6
2.9729153647065478e-5
1.8918548150567163e-9
3.384196901571821e-9
4.6993020366633985e-8
6.739917692409724e-13
4.771066041081938e-9
5.593822566619416e-8
2.2943370271994567e-12
3.954412646037913e-12
1.1923116815537489e-5
3.560407080442384e-7
3.5911826729091835e-7
1.4002900194574207e-8
1.895681648650426e-5
8.04292859123095e-11
1.7476306667551386e-6
9.756699962325994e-8
2.876122952341448e-8
1.5904085415058835e-9
1.4543867071195542e-10
4.346991224110471e-7
3.5153217362190133e-10
4.033637780023828e-11
6.956748575896344e-10
1.2085832165429535e-7
1.3983522373606478e-5
9.220430132013225e-8
3.010409531707207e-12
1.8844675920646501e-7
3.9696326756121615e-7
9.935805925219703e-7
1.9318977946273516e-8
1.899436354497817e-8
4.6821176053813916e-7
1.429927707592545e-8
8.241243448435935e-12
4.9642242104002255e-12
6.341081673910255e-6
2.7378585044657945e-9
2.198093695730837e-9
2.861661297945703e-11
1.9552283285607637e-5
6.741918897115941e-10
2.2165348066205982e-10
2.252994843733352e-9
2.8084889359631986e-8
1.2170491325215527e-10
1.4116335121686513e-12
1.0353090863714504e-5
8.869668237165089e-9
1.853368301441347e-8
6.256351726147873e-10
5.0312785136979604e-8
3.848338432995632e-5
1.5458897171164133e-10
7.028671448605405e-12
1.033593947243966e-11
2.7780829866394994e-10
9.01440330096409e-10
3.4117179074514585e-7
2.273053819682494e-9
6.497763903782743e-6
2.160062749231892e-9
9.175645318095896e-10
3.0328046545296203e-7
1.180760990314269e-11
1.0409395308303952e-7
3.106496806421308e-8
2.5228050587796615e-9
3.576186611005752e-7
6.811709020210147e-8
5.394086616479469e-7
1.8630111617682012e-5
1.1127849597677845e-12
3.283338976905907e-7
4.760671148593313e-6
4.929850901877389e-12
7.2462416116701e-9
3.05210479656788e-11
1.3472808471852421e-8
1.738493972091467e-8
2.4913109936728966e-7
2.210429607371075e-6
3.150560821977622e-11
3.587005940058097e-9
6.014077708402779e-8
8.583969213281066e-7
6.591563879668542e-10
3.1767472180966585e-9
2.583910266731294e-6
2.7791222465643597e-10
7.818139135187237e-10
7.117603542337267e-9
5.407170269511294e-10
9.024963367011179e-10
1.082582740494893e-5
1.6084305211694655e-9
3.024960017754275e-9
2.6994509102205183e-10
1.3131961608559309e-5
8.595095888620081e-13
1.3870159235183554e-8
3.4882690754445046e-9
1.4249417229677834e-7
6.9807535733072065e-12
7.188522300649502e-8
1.057471464189235e-6
5.876183859055745e-8
5.804873957109079e-9
3.3045101044491015e-11
1.4439061911301572e-9
6.162510713744856e-6
1.5344094630798543e-8
8.948665815239045e-8
1.6830027152305975e-8
1.6146332226459668e-9
1.7809707341335144e-5
1.1871394905457419e-11
1.0653030945916935e-10
6.013970500729698e-13
4.677045415560334e-14
2.0214418095015803e-12
3.4685095079481524e-5
8.815766768637065e-6
1.1508062221963463e-9
7.387643911951873e-12
1.558232287348958e-8
4.15220146684085e-6
1.1916694932794935e-11
4.024690682870874e-11
7.009021476169285e-10
3.103373176743629e-11
1.1173813903587855e-12
1.834310495709322e-7
4.0756311524793974e-8
1.798761404336653e-9
4.6093824130047006e-8
8.615461385718642e-9
3.806769321354357e-11
9.680525307675078e-7
1.0891767333511222e-11
1.8914418579417784e-9
1.3576311963421245e-6
5.264175673987113e-9
4.896415473808781e-8
6.648830921278509e-12
7.67739016713869e-11
6.632749492976045e-7
4.462016236332676e-6
5.901712771629167e-6
2.2570362386960645e-8
1.5708782263876616e-10
6.642685046454356e-12
4.314636556966987e-9
4.0439296844582415e-6
3.2624788098671984e-7
1.396824277165503e-8
8.5254594581158e-12
1.5371308450531734e-11
1.6348920279598486e-6
3.757523217996962e-8
2.608091915758219e-8
9.091033319930656e-8
7.41701414641427e-6
8.443823444921962e-8
1.8171310003130373e-8
4.5257293643227375e-11
8.220254108940784e-7
2.3460850609487005e-6
9.105583441133442e-9
6.075291610952731e-12
1.7311574837095812e-9
2.0864073184615633e-8
1.642470427725153e-8
8.697789729749823e-7
8.468472300477603e-12
5.279671820570812e-8
8.979447020443805e-11
5.62966017036226e-9
4.003495788970729e-9
1.0468449084544374e-7
1.301870131869781e-7
5.913237205253011e-9
6.474381871008228e-10
1.5841951096020417e-11
6.812455236826561e-10
3.1564346110214805e-11
7.240774109628861e-11
4.342409973614431e-10
1.3148156298904019e-9
1.875779314781443e-9
8.428677319577928e-9
1.863086661196842e-9
2.8605764036633035e-9
1.5858694899541335e-9
7.913369407910223e-6
1.1107448528709102e-10
3.691216545528765e-8
9.302125796263493e-9
7.419269367298547e-9
2.4676956711538735e-5
6.707317091920661e-10
8.065953497657831e-7
2.769086336048236e-10
4.753254978296258e-7
2.0484563797889335e-9
2.8572702224520447e-8
5.5064831320317195e-8
1.2789550768301494e-10
9.40073830174835e-10
7.097603494495388e-8
7.724081068641851e-11
1.3950681546098863e-10
1.258881786284216e-5
1.5911345410099617e-9
1.3628678040521008e-11
1.903303521846457e-10
7.867587463035241e-9
2.0752950873610693e-6
4.556868479728892e-9
2.6285196569014617e-9
1.3590990697576546e-8
1.590524572847422e-5
4.983623791434597e-10
9.069718036874061e-9
2.42490193701854e-7
2.3501046945631465e-6
4.367040597380417e-6
4.2697412897642836e-7
1.7831719622398926e-12
7.431659912800389e-9
5.191543798299852e-10
2.0457260220237377e-8
3.277670790537255e-11
1.1280474301956738e-5
7.222225707616317e-5
1.5105885044104873e-9
7.5479260263745e-8
3.573217842059779e-8
5.890548986777571e-8
3.5416897397197844e-9
3.1058237717012634e-12
2.517123811915807e-8
8.339430132689805e-11
1.2035241043996908e-9
7.617096693661163e-9
8.25579444468331e-9
4.421279077412045e-6
4.347449384536764e-6
9.177983901134994e-9
1.797111812317768e-9
2.5580561740147974e-6
6.086283565903976e-12
1.977206795818482e-9
5.341033917832644e-8
2.8797382716643834e-7
5.594482716252326e-8
1.1250007360858745e-7
9.734891773349666e-6
1.2515946131949467e-5
1.5873522033999648e-8
7.771003921410232e-11
8.707709338712096e-10
1.8012173787631353e-5
5.91549934954784e-10
3.4302925238792754e-12
5.474549118008686e-10
7.2535619276958045e-6
3.913243448937096e-5
7.830492338385052e-13
1.6059453519780106e-12
2.9376621317165226e-12
2.2844729393644616e-8
5.409217026943006e-9
3.1040488246411183e-6
3.3515030797361124e-11
6.4872130189734195e-6
4.63451159299985e-8
7.456324054832393e-6
1.7260071795728614e-5
1.3848035423209235e-9
8.718599666877502e-12
3.3098553091950856e-11
1.84952525664127e-10
2.1556156413066186e-8
2.1926364351600528e-9
3.7019364317195597e-10
1.211808977412264e-6
4.595329678699096e-9
1.202275331822003e-7
1.8894347761042194e-6
7.330047849640182e-7
2.875089617203642e-9
1.5521613850515656e-6
6.475683987837222e-11
4.531475174965442e-9
1.4318306679641363e-6
4.330210182317517e-14
6.225443383500892e-11
1.8411136466312754e-6
1.4271225225942348e-10
5.896940705061157e-10
3.331513363404459e-7
5.4165463099869685e-8
3.923153555880877e-6
6.715815805142671e-9
4.09760018345323e-5
0.012171857020701221
5.253262163193199e-7
2.0862325435620638e-9
4.106863931315887e-9
6.592955363291172e-8
4.2755101224136097e-13
8.145357925481342e-13
1.6202262947465564e-9
3.259718049536884e-13
1.6169338871314345e-10
2.4000230623682038e-9
4.308748822450137e-6
3.2451388247281986e-8
1.491888860654284e-8
1.4509390574844446e-9
2.3827280315394282e-8
1.8837000583313468e-7
7.978525122072115e-7
8.307934190882987e-9
5.42412187171861e-10
1.4383615744811598e-7
4.621225056085758e-12
1.5904182738599846e-10
1.0095971326717387e-9
1.4854254796582469e-8
3.0364390199224505e-11
5.871419776011556e-11
4.6647731947130744e-6
1.6280861562946342e-6
0.00028867359672421136
3.7979797547711725e-8
6.637592853445434e-12
6.4544071556795e-5
2.2763368116960694e-13
8.567358312522769e-14
1.621454993709871e-10
2.7467631359106576e-13
8.017327881637894e-7
2.4811291729704908e-8
6.515932391131908e-6
1.4382832345908102e-6
8.949223163921807e-6
3.3622469581219624e-7
1.5761724651032838e-10
4.127984491584175e-12
3.980075525431898e-7
4.2655467113731833e-11
4.443694019922361e-8
6.584911755811921e-12
2.4169783019339003e-5
2.309555554027899e-8
7.146614489035594e-6
1.6413469974830562e-8
3.5346838490986217e-6
5.968745226313227e-7
1.776543292352163e-11
4.2162191204381827e-7
1.8221696328688917e-8
4.8117192391927096e-12
1.8082332317464606e-7
1.9803814620847883e-7
2.051617247955602e-9
3.4070787136571325e-6
1.361481344677309e-5
6.195988504462912e-9
4.200224986136911e-8
4.822387357351849e-7
1.4485582237622939e-10
4.993041712610483e-10
3.3406283343141056e-8
1.7158983972229439e-10
1.6811173220030574e-7
1.5054109404965106e-11
1.3581408896252578e-8
2.120019058020495e-11
5.468696718262519e-9
1.0200674619557475e-8
3.4316604752405192e-6
2.5808941499990014e-8
3.929987435589653e-9
5.571457625617103e-10
2.3309165320408215e-8
0.00016248252126893094
1.0142457590347288e-9
2.687946791964316e-9
3.165450990245419e-9
5.8652147645345587e-8
1.9581080604395404e-7
2.557446146030702e-10
2.6499350822673428e-8
2.8626818340877176e-5
1.571753622807823e-11
5.0470811816348245e-5
5.42063927845567e-7
9.507646761323083e-12
2.7688026498331114e-6
5.4869446648100526e-8
7.780490426705739e-11
6.552978424366517e-12
1.2013994702905846e-6
5.761031946513861e-9
1.0000458687721939e-6
1.1033409873804282e-8
6.342991918475633e-9
3.947076195505945e-6
1.6744431555992193e-11
3.750186880045547e-6
6.43939657806765e-10
6.30360313554832e-11
2.7931447311161094e-10
1.1061639855021757e-7
2.5593458439792384e-8
7.42067586036374e-10
1.2630529146563972e-8
3.271261289385298e-10
1.252304381733034e-12
7.486867761269817e-7
1.4247048304684803e-13
8.52231585834319e-5
1.9947589212464437e-9
3.421347623158849e-8
1.8322824614842723e-10
5.72222920843626e-10
2.249384602079205e-5
5.347715743966736e-6
7.776449600452856e-12
3.729106757739972e-9
2.557267133693697e-7
4.2735563215730674e-7
1.2269936821440416e-6
8.064469911732306e-5
1.4600693612917282e-8
1.4750693210973883e-6
5.130362968910547e-10
6.802525063798036e-11
4.52111860537182e-9
9.986517315271093e-10
5.4695063262468986e-11
3.2616971130413563e-9
2.4096352048358626e-5
5.874593381799899e-10
1.264961376049843e-6
1.883586322960958e-5
5.260072549961331e-5
1.2503495876087804e-7
7.478003109230266e-10
1.3681034669505934e-5
4.029949441363367e-9
1.6454087893129315e-8
9.419710191656052e-12
1.8280408368647592e-12
0.0001374140521242358
1.4910203593598184e-7
5.064390806895551e-10
5.46673222293258e-6
1.624706530112276e-9
7.304218516494899e-6
2.1482396224534413e-8
1.047788397307172e-8
1.2956744388719784e-10
2.3095936728383265e-6
2.987973001427816e-8
2.1856704847136003e-10
2.1990290965548473e-12
4.924442948801037e-5
2.78767850384351e-9
3.4611572540697294e-10
1.9469495770914257e-11
1.424199561365994e-10
4.507095028747562e-9
2.709623318109152e-12
1.637101857128416e-7
4.603763432332363e-6
1.9247436336293824e-10
2.5209973207336693e-12
2.6389824068645053e-5
1.460982846544625e-11
5.46490065589431e-8
1.3030318081149962e-12
2.0792206101747195e-10
1.2866213513656538e-7
1.329576192894202e-7
1.7412304573782456e-9
1.097150920454676e-8
4.802700465777101e-5
2.948678857126996e-7
6.940236164469855e-11
3.808307134220522e-12
3.590201678514413e-8
6.944606637839432e-11
1.536694538994505e-6
1.0265725050907667e-5
4.317478036189019e-12
1.636374142276638e-7
2.0685943353885407e-6
6.23025057165261e-12
1.2766675892571824e-9
1.4717672320606058e-9
2.267991057973142e-6
1.2380276514031202e-9
4.609746585207119e-11
7.2691642652483e-7
1.277750291616883e-12
9.168366083288451e-11
2.1568675328437837e-6
1.1358873883229048e-6
4.65586482669562e-10
3.0233769900721336e-13
2.9402869781899167e-6
7.3747006660991114e-9
5.644502541183393e-10
3.2366937857002373e-10
3.003746149562917e-10
8.253583657355761e-11
1.0155387540655682e-10
2.8559384778164587e-12
5.7281485591012144e-8
9.739784345516958e-10
4.8156838997092616e-8
2.8644558755714996e-7
1.9238390928455387e-10
7.976137074853619e-7
3.870381185039451e-9
8.408345264539122e-12
2.932669751512128e-13
8.86749650700809e-6
3.968725126509972e-11
0.00023289480025077126
2.866247243297808e-10
1.4933766958640418e-9
2.115561487191322e-6
9.963493511994445e-6
2.7067577330345612e-11
1.570572132960084e-8
3.4631863597259284e-8
9.256551559640754e-10
3.796024546880679e-7
1.136890796041137e-12
6.288829911621617e-7
5.9785917435667635e-5
2.1399534946084404e-10
3.9246872347408165e-11
1.5071986991841784e-5
4.839493488249593e-5
2.47868522824992e-6
6.423199251642963e-7
1.3166147284827268e-8
4.788418418580753e-12
2.1470005156413134e-5
1.436013206809316e-9
7.269067275903682e-5
3.092429844075373e-5
2.8919612896914987e-6
1.105308051476639e-12
1.2575955172210756e-5
1.0939640092830293e-8
1.8141764765143366e-10
6.598020875181228e-9
3.3709406555101873e-9
6.14517529162187e-7
4.1870944132229513e-10
1.1030556243145696e-10
1.5727070420726478e-8
1.7353335125419547e-8
9.347416681846603e-9
1.5426835813625546e-5
3.588284545032564e-11
6.865957976834534e-6
8.319918890735613e-10
1.8253954405875355e-5
5.332274546872018e-11
8.962221350651205e-7
1.461643517026679e-9
5.33045335814866e-6
7.311131507367295e-7
5.780676198330284e-9
4.3694540128238453e-7
7.822652457888688e-11
4.740264384210558e-9
1.0307978396103129e-7
3.5572032468422705e-10
2.0264196272188385e-10
1.983936296960424e-10
5.320816071818029e-9
1.0047653926200507e-7
2.0837533711487636e-8
3.639214328721929e-10
6.991910853281043e-11
1.0004259143745058e-8
1.1658526694884255e-10
3.1268843678165955e-10
7.597039032866314e-5
1.382818148996942e-7
5.947779723327994e-9
5.376974746066647e-9
1.03000569707765e-9
2.580197998344568e-10
6.432903436891231e-8
6.422753997608765e-7
5.59152085348678e-9
7.082951548687028e-7
3.43847976741476e-9
4.823263651279458e-9
2.2183954752026526e-11
4.900328897855328e-7
1.0891837832964273e-6
3.446697723755477e-11
3.015188952713382e-12
2.760128526935709e-8
1.1204663140163497e-11
2.00548316672194e-11
2.5324707393839985e-8
4.975005763605147e-9
2.0441767472138234e-7
5.2972416014777806e-8
3.6840074798657018e-9
2.8586666446340783e-10
1.314003003413917e-6
1.3721848840494218e-10
8.879384986315496e-9
6.122585821335711e-8
1.867040995257265e-11
3.8565743031878107e-11
4.767965649909661e-10
8.240395760312688e-7
1.6603829549503163e-5
1.000512996558603e-11
3.845460310504248e-14
2.0365632361932113e-8
2.8081800194135456e-7
8.580485250971719e-7
3.1665795820800374e-12
5.738261240838963e-12
1.7614830660136726e-10
9.018569707552902e-12
1.8101072544849304e-10
4.750511228400558e-11
6.097878669076178e-9
7.571977982480453e-12
4.377402218152605e-8
3.524444906327922e-12
2.2950570688417477e-7
1.2816550977834184e-8
4.239097602850793e-11
6.898345507009304e-7
8.07950963410507e-11
4.6150641005548437e-7
7.598275221046381e-11
1.039265074552075e-5
8.837687180532982e-10
8.573347979064516e-8
3.626114791687887e-10
8.339276517329204e-6
3.5242125528635195e-10
3.6419824435521894e-9
4.195096017033848e-11
1.522885921327714e-11
6.872607998228729e-8
1.9475253497292027e-10
2.8859348620678055e-7
9.22384252776089e-9
2.014822939261769e-10
5.039851898287933e-6
2.76378947039794e-8
1.709082438321506e-8
2.1560633974788487e-8
2.1086560457746093e-12
8.948321768595745e-11
1.542009031774425e-5
1.1521476511759771e-7
5.067355544009079e-8
2.153743866128469e-8
1.5797532659886887e-7
6.753984976002663e-10
7.653993169916934e-6
1.5244212629920787e-10
8.903869542008654e-5
3.9550015225353083e-11
1.705697760799671e-6
2.0500155537108482e-7
1.1066419679466036e-10
4.1641054882434475e-6
1.8184693552206373e-9
1.3027135344436772e-7
7.005439738897415e-11
3.807841827623007e-9
1.136832690345899e-10
9.642386292010406e-11
1.6346205084916343e-6
7.318191104752434e-8
1.9901623536415506e-9
9.958628330510787e-8
6.201823580297184e-7
7.4198377817552114e-6
1.985944980116329e-11
1.4012677059374974e-11
1.7208282745388e-8
1.1357870882662658e-6
6.171366639176156e-12
3.8294825147029094e-7
4.3564585069741165e-10
1.6246699806684166e-9
2.426188724025127e-6
1.1662860231351232e-5
9.90755372708214e-10
5.611411674557825e-9
9.37101574370494e-10
5.070955519245702e-10
1.3013475885607615e-8
0.00010840297572771844
1.0479782276552039e-5
9.01306191468438e-9
2.6896750488151416e-5
1.3394372235800569e-8
2.585190574002711e-10
2.5996376396189683e-8
8.415379311910988e-10
1.5927650236151294e-7
1.199299131727972e-12
4.6141121981474415e-9
2.1782852909818697e-10
7.659098947106711e-9
3.020191304999819e-8
6.147964720959331e-6
3.423062288557464e-12
1.4544053868367292e-11
8.342381651161947e-8
8.201528745683664e-8
2.1827033376464192e-11
2.3602943658704436e-10
1.5230221257283657e-11
8.508174003452741e-9
1.6031501906152952e-10
9.801851288444614e-7
2.5706686585404066e-8
1.931530349075862e-6
2.4811315534659882e-6
1.555938280895984e-7
5.749629899237294e-8
0.00020289403121007767
7.452518627812991e-10
2.290067371871787e-8
3.985402896832281e-6
1.580410632848822e-9
3.226205887792126e-5
3.8907209746852233e-10
5.214629814564279e-12
4.039864004466935e-8
2.483760726947671e-11
3.9719316319893685e-9
1.4452378431435051e-8
8.378210539683908e-7
1.7380599320091984e-6
2.030454028405902e-9
2.8005816116332468e-8
3.8329941820689165e-9
3.32647437829544e-7
2.629922964216065e-7
1.2276259210595341e-5
1.7193943219516268e-9
1.5027072296924217e-9
1.95813658686187e-7
4.41424148082737e-9
1.3005907042727818e-7
4.891552625233422e-11
0.0003313170527489086
1.8412267349988047e-11
9.53553463875243e-6
6.989973097172525e-10
2.6381291118805064e-12
2.83668800466156e-8
2.431750754929353e-11
1.2873448889598468e-10
2.945403149661121e-7
1.995109999567165e-9
8.931051758678686e-6
5.816551792902719e-9
5.025503159272635e-9
2.0985734662309287e-12
2.5206446651401317e-10
2.384066513516748e-10
2.6759318880771034e-13
3.2047751717597e-8
8.810227375769204e-9
1.2761651221819196e-9
6.648577250647299e-7
1.4818365514442619e-6
2.5219915957989976e-11
0.00010108017325928432
1.4599638414968075e-6
4.685625180923989e-9
5.9426094064999895e-8
6.136886500822149e-10
2.3011048432927498e-7
3.812917939063285e-10
5.276821281067123e-10
1.3665423152050045e-6
9.279855000611545e-8
7.17177846519733e-11
5.763980725779182e-9
2.605004862697187e-8
6.425600839642331e-11
5.841221826606721e-10
2.6598299589527123e-8
8.871379659576733e-9
1.7024700096483447e-9
2.4018968849309882e-8
8.234782858464389e-8
6.796671295171078e-10
1.6345768897470925e-7
5.6001883563852745e-9
3.5867744987885853e-6
4.6089669708861196e-10
1.0433912634919439e-9
1.4103116760565972e-5
1.7216462915775459e-6
6.175909036500394e-8
1.4978467534503713e-11
9.143429240013458e-11
1.7117130300894125e-6
4.160062009471706e-8
3.959292513923386e-8
7.846657297520861e-10
5.484946302125258e-7
3.252907633658027e-7
6.736505583386907e-11
8.391698430608276e-10
1.3644804894383584e-5
1.5287597938827896e-9
2.4569244145558282e-8
1.1837544394729589e-8
2.645102237982705e-10
5.022670385282091e-10
8.309917410438728e-11
2.306829793496358e-9
1.706955857503497e-10
4.46484362376926e-9
4.937767567541796e-9
4.075092685640226e-7
3.989113687381181e-5
1.1588990787162209e-9
5.654249484893876e-8
7.743791084295788e-11
5.494865752606172e-6
1.3224644335225115e-10
4.259681484356127e-6
1.2102662984182175e-8
3.2358210699968395e-5
4.3811194570429585e-12
9.903229941455959e-11
2.1474704617415244e-11
3.4525635437247493e-8
2.1322350473342912e-8
1.5815845878685255e-13
4.0761973584536794e-11
1.5496232066686326e-12
4.045032978543386e-8
8.872958656770422e-10
4.325923955401104e-9
2.2305376766233738e-8
2.1335108336493704e-12
1.3933335504574238e-8
1.4358655573966956e-10
4.0859003449123154e-10
8.224687228772547e-11
3.297661724148015e-7
6.319021706023292e-11
9.033175982652564e-7
2.3415414231664897e-12
5.17931696100078e-10
7.096109556475626e-10
6.185768044199242e-10
3.119271140502939e-7
1.6870599926346286e-12
3.5449722711819964e-7
1.0853501550878379e-6
3.531293903454545e-7
4.026909741987244e-8
6.474818414388361e-10
8.177320779822752e-7
4.761753907660432e-10
1.7625779136817333e-10
6.329062997221982e-13
1.7972941899129218e-7
1.2948049429370324e-9
2.872894858297338e-8
6.15024560318878e-9
