3.046199387814083e-11
2.9807532920912628e-9
1.6009594266793785e-9
5.053865113012488e-16
5.3835829524995345e-9
3.332640526412911e-8
1.861134772386787e-13
2.3048994682218584e-15
2.5435418714983953e-11
2.4591480789467714e-14
1.7825100870189438e-16
9.646757747134093e-16
1.140387681934893e-13
4.1875742514580485e-6
1.041717155074845e-16
2.7197531581495357e-15
7.573685868086072e-12
2.5146787539012192e-15
1.896222589698994e-14
1.6804790995215888e-15
2.905376282037311e-14
2.943500075077406e-7
2.821390384878853e-16
1.7186472454885103e-14
9.801869337668763e-13
1.6052137779772093e-16
4.086489878634953e-16
1.1195413745262003e-11
4.875101520217514e-11
1.0872051882550128e-13
4.7297698648174717e-17
2.4394949713342612e-8
1.1634213264251328e-17
4.311458253566159e-11
1.6258958410748606e-17
1.764798840647635e-16
1.0629150435474672e-17
3.402860638095484e-16
4.27401251072459e-9
2.2224560922199955e-8
7.195609546884048e-11
2.300964080602141e-13
3.254314502662809e-10
4.728224089612417e-13
4.8088708858212494e-14
5.932407376616738e-12
4.742533777759401e-14
4.471752262418483e-15
4.3480162207292603e-11
1.2011977077973612e-15
6.676797788618511e-16
6.673966093414947e-11
3.3404247986663197e-15
3.2440990715709455e-12
1.7432820070565101e-15
8.886710852047297e-6
2.9468237438952277e-15
1.1040739646059399e-14
3.0184977986667963e-10
8.308256056205075e-13
1.6903021205311792e-9
4.827353926460188e-15
2.1260198551303485e-14
2.0923630744127768e-11
8.489936311420459e-16
5.709227998308939e-15
3.466790652146064e-11
2.3805870594151567e-15
7.525110404020558e-13
1.3354980892203118e-13
1.0400393165143386e-11
1.0797450539893805e-10
3.551025448896762e-14
3.5570257783066913e-9
1.86776872837755e-11
4.50596742950252e-9
4.349485688763121e-13
1.2309222875245867e-12
2.5779469159251585e-11
3.650407071657624e-11
3.629711210142135e-11
1.4709770204984215e-12
3.057627731192571e-13
2.1255940498409198e-16
1.609726067960505e-16
5.5290619886699036e-11
1.723612713948012e-10
2.1112772357503873e-12
8.57898569814015e-14
3.888671281444712e-16
1.984375061741661e-15
2.660210361888162e-10
2.554358035808778e-11
8.08371565270388e-13
3.194079728177201e-12
1.2997479249776138e-14
5.3933156670589e-13
8.772987807328176e-12
1.3523112886706165e-13
4.816618577320444e-11
2.12157776234839e-12
4.1441328353535004e-15
1.5013216582709287e-12
9.0892338591229e-16
7.412421202100746e-17
3.6121782880037472e-12
4.4465971149970967e-17
2.2956898396829035e-14
7.28183947664587e-11
2.2070003090813476e-16
6.732507779291754e-17
1.7997243089815283e-12
5.3572010083364726e-8
3.283323758976e-14
2.8107493801738266e-11
9.807831109613187e-12
2.6201119480109636e-12
4.1306136743057457e-16
5.406157874570312e-16
1.3347132683731134e-12
1.72338176290441e-14
1.2397816250203473e-9
5.69513647210737e-17
1.506461338495127e-12
8.018607404446812e-11
2.7013077341391694e-13
1.5981249953682774e-17
1.8783028813113958e-14
3.487010394441556e-16
3.7442559226712183e-14
2.337286991707912e-12
1.5478289540500245e-17
3.2591996022970193e-10
5.3011837986172175e-15
1.7784091378466397e-13
2.4830931403102916e-13
2.904997081439751e-10
2.7330403671877824e-14
4.97016324972855e-16
2.0425076563070242e-13
1.3651134413391561e-11
5.2513261231537796e-11
9.477575056384492e-12
2.4869611261822882e-15
1.2610716523244768e-11
3.3828530198783873e-13
1.9168269429102537e-10
2.7043688260398477e-16
5.1122258294110315e-15
4.358295716503202e-14
7.29937805358499e-16
1.1005703069248124e-12
3.2273318736811237e-10
2.786717582482596e-8
5.6123227033422836e-14
6.360296617933658e-16
3.2054241787828936e-14
1.7829595351126707e-16
2.3104206234084763e-15
1.120670772593626e-15
3.4693662753132334e-16
4.2991523111886337e-13
1.321211810802649e-12
7.413517801749043e-15
2.744440280010565e-6
2.104469877614676e-11
3.737874690360462e-12
2.3234202459447074e-16
1.2384689534772955e-12
3.1633233387755643e-8
5.182922797602599e-6
3.322245980095628e-16
5.540138941296844e-16
1.1378477949021857e-14
2.1437253811062295e-13
3.2787641536184125e-16
6.842993004932768e-15
8.68126948314498e-10
7.21702461107257e-10
1.128566478339164e-15
1.4881517697097723e-13
1.0073317982326168e-13
1.557681700517532e-14
2.804578318240053e-13
7.861140312765594e-17
8.211567356504074e-11
1.437871067825668e-8
6.453918875093888e-16
8.642286852400356e-17
1.5478434368796054e-15
2.171155068009556e-9
1.1152622389009683e-11
3.0879501921851787e-16
1.6543176609957594e-10
1.404531708586827e-12
3.3585666172887775e-11
1.6357540778836186e-13
1.4256237284613957e-12
9.378793036767395e-13
1.0187111408280774e-14
6.695675298373107e-14
2.1073162669857995e-14
4.5779572876323725e-7
8.181447286195828e-15
7.222963651256494e-13
6.615045052646532e-13
1.6620231824359527e-12
2.4405374529353877e-14
3.3678146058287474e-18
3.080540421387942e-15
8.57481805692671e-13
1.3082926002485938e-17
1.3380487760304193e-9
4.202015827732127e-18
8.554305344490769e-15
7.589991736200348e-15
4.0382627624868894e-16
1.361130974976235e-10
3.976257918941934e-9
1.2966553687952083e-15
1.620936388171484e-12
4.365648363926231e-16
6.319892338904506e-10
4.410527744291314e-13
1.1859378925782736e-13
1.8486332775766044e-14
2.068346688007524e-8
1.6644381630031888e-12
3.967649101714809e-14
2.0430939125011777e-15
2.988924330663478e-13
2.111834026569596e-15
1.796565988923286e-11
7.959123284195343e-17
1.0115690399503262e-15
7.768053671498399e-11
1.3518693853301579e-12
4.430955755259975e-15
1.6963526377839245e-10
1.8642503330965415e-17
4.26029801110623e-14
3.4560298890398028e-9
1.9774610961688642e-8
2.960206671695119e-8
3.4061014803763725e-16
1.96262037294051e-18
1.8461443369876436e-8
1.0653166917037864e-15
1.1201170897806851e-14
4.2129491293599485e-17
2.048099290605205e-16
1.1772728206983646e-9
9.641069085355365e-11
3.798809351027255e-15
9.947589028707694e-16
3.448492677506123e-11
4.89462128707843e-12
3.386766864431191e-12
7.64369044300379e-15
4.0303843162792693e-10
1.253502380351839e-11
7.643327572008988e-16
3.6255524291969904e-7
3.8002841644236037e-17
2.2363138238925968e-13
1.4562775712133418e-17
4.861274118035217e-16
6.555886574731688e-16
6.791998745750104e-17
4.0699400025013226e-11
4.419025658345279e-16
1.0283622080913573e-12
1.1020961914282851e-12
2.4259198996265574e-15
5.108571276997133e-15
1.352720116362728e-15
1.1678305724826787e-14
1.5968578241557138e-13
4.227483754972764e-12
2.0588982558473874e-13
7.468046234632592e-13
1.2368020190937315e-8
3.1850999138172014e-10
1.7561021448376786e-11
3.8837629694316114e-14
5.991941300322607e-9
2.3649503142341386e-11
5.285050827110474e-12
8.121893161763352e-14
5.817751762041341e-7
8.046251468482041e-10
8.17513873526906e-18
3.6928134809732115e-16
1.11829059912607e-12
8.920628909948086e-17
1.8805494948629806e-16
3.5154896831782273e-13
5.112435259093036e-20
4.968981529725481e-16
3.9917552886441614e-11
7.865229144853584e-11
1.4020353381391847e-15
5.1388066839299975e-17
3.131868419957969e-14
6.165395597972876e-14
1.0692567065947033e-13
7.431768814310142e-11
4.839357170494776e-15
7.027919028303082e-8
1.744709695057859e-13
6.150847073025174e-16
3.0375155768058665e-17
1.4153500799934306e-14
5.592370358448465e-18
1.7298277449894659e-16
2.311369579453103e-13
1.9634821477767316e-13
3.8501566451001984e-16
2.7610194796531632e-14
1.3917964127624933e-14
4.742780920670846e-13
3.0343117138812524e-7
1.804146627809346e-11
2.548480486485312e-11
9.192501748468652e-14
1.4541319828653715e-13
7.155254860753782e-18
9.346537784855895e-9
7.77631547308516e-15
1.7011078978332228e-14
8.76195058852176e-18
5.427761008625741e-17
1.0171754517592862e-13
1.3107499175794247e-15
1.0501995953757014e-11
4.68323817357757e-15
5.801061834933391e-12
2.8927412416051782e-11
1.0016117021435021e-14
4.696192524394351e-13
5.1794845574015256e-17
2.1386640240654786e-12
6.515929824341064e-14
9.796608903836261e-17
9.289629257933301e-10
1.3299807250105453e-15
1.9777268493099533e-9
2.9599506348530637e-17
1.685334083140968e-10
5.082965446005947e-15
4.606993938724314e-17
1.4990563147984889e-15
2.86207700155977e-13
6.563558325667285e-17
6.243680046216673e-11
1.5292956198719381e-19
9.706902766257705e-16
4.451247940845609e-9
6.917600973075308e-17
1.165157399637124e-17
5.757756659169247e-15
8.568399649193315e-17
1.8005453621225062e-17
1.2388896043533686e-7
1.4542670724521024e-11
4.681464353203499e-15
6.913622860917524e-12
1.3083992686814375e-16
1.9370080326611898e-15
6.044960148681779e-12
2.7167004709277136e-14
6.571037882667534e-14
5.542001474733395e-16
9.275087994992753e-16
2.2884759642215223e-14
8.593291723211826e-13
2.6507264656527893e-13
2.940763668448915e-11
8.426004629787139e-17
2.301662056570009e-16
5.3026888103312065e-14
3.107392730735176e-13
2.100689068961675e-18
2.904162630864133e-15
2.4570654018351935e-13
4.739888429499157e-17
7.850542491599118e-16
1.486004048691817e-8
2.8987691843981485e-14
2.463146382235347e-16
1.3886085280764222e-14
4.234774700850122e-12
5.3784059411163367e-14
8.676403312304907e-12
2.478307810990165e-15
3.3335164440663806e-17
1.460245843371021e-11
6.295071188310298e-13
3.9791992582027434e-14
7.103307796622824e-10
1.9987986827986462e-16
9.722489104696588e-16
1.46958608988704e-15
4.09579657999489e-13
8.883518161508592e-12
2.108072489616576e-15
3.4292527001260995e-11
4.472732122753574e-14
8.063814006925033e-15
1.1229541243757572e-9
6.635682296298182e-16
1.6733114026831525e-13
5.554573317677027e-5
8.460899567163334e-14
5.9409192538341926e-15
4.509451759348133e-15
7.430889293815016e-16
2.3983011871256963e-14
1.2814119974740029e-12
9.425346425400401e-11
3.261272914424159e-9
4.906511053818449e-16
6.17482586175836e-13
3.315684196510794e-11
3.6920346653052314e-12
3.6512099016701596e-13
4.3926560663343826e-17
8.371903869216685e-12
7.912973857823368e-15
6.017657939036244e-16
4.5345690850554606e-10
8.470940409525239e-16
9.131892465367194e-13
7.0715365045271745e-15
1.8283865962645656e-13
3.894954643745419e-15
1.1146638662148435e-7
8.348291690268384e-13
1.8835101332754983e-10
1.0278351235442346e-15
2.820229966768443e-15
1.7243370221829172e-15
1.3447966226350506e-13
7.15025210443653e-15
2.375293685497177e-12
9.749762186815638e-14
8.720523097785721e-13
8.58352236311825e-16
5.105453105911756e-14
2.1733260399492992e-15
4.579404792684719e-16
1.2673143676945598e-14
1.1131544130235443e-11
2.9723048797847643e-18
8.64506874457407e-9
3.576424812367462e-16
7.645605903260718e-13
1.0683449678098204e-11
1.4874736822531093e-13
4.956241167372743e-9
1.6012403525037324e-15
1.3162983038146075e-13
3.934014165442242e-17
1.7635429144977864e-14
2.825584519542642e-15
2.143712019193451e-11
6.442737562691438e-16
1.9410390877767224e-15
1.2920083008294486e-15
9.738008653685146e-17
3.9698974118351345e-10
4.574772004026039e-16
1.4824283378371175e-10
1.0717880455385232e-15
3.276775451939433e-14
5.0065186145860825e-15
2.4656751342349657e-14
1.5570098683388833e-11
2.988755961986314e-16
9.433353239377073e-17
3.779617206404148e-14
1.506487509916481e-8
1.75858639222151e-15
6.722509919792723e-17
2.8685405790716836e-12
1.399379855248386e-13
2.9331500786317175e-15
1.1845078972440124e-13
3.3115761834162648e-12
3.8473747201060096e-13
5.16140679418735e-16
4.463747162425759e-14
1.4081510466995367e-16
3.064362356747671e-14
1.9991993673336254e-13
5.484915128690095e-16
4.631714751394473e-14
2.330679407411348e-16
8.069042442048929e-14
7.045421477265817e-16
1.3083702922956715e-12
2.5104527783866306e-12
3.10689206589952e-9
1.1909012764880622e-14
5.6854268891592355e-15
2.3704092177561533e-15
2.7843817974411203e-6
3.2153503276740304e-17
2.5265731982330643e-12
6.246957204502835e-7
2.1655260480816847e-8
1.5354051494350432e-13
2.22135219500994e-16
1.0168750361785049e-11
4.06879383689589e-14
3.324773520563925e-14
4.586638990938735e-12
2.2674857200129177e-15
4.928914109489893e-13
9.10872580198088e-15
1.4955959638970908e-15
1.0364611950732979e-16
2.8160036173004246e-13
3.6334990940868248e-12
6.997409789227253e-16
5.409444727782213e-11
1.92263238765506e-17
1.6520435580903627e-9
2.6455902887215294e-15
1.582701977540063e-14
9.059495127675149e-11
1.22829929953213e-15
1.3908495121294644e-14
5.298975417987748e-9
4.618011680031316e-9
2.853727315822199e-13
5.884987611953416e-15
2.0799468734344356e-13
5.0679404872466445e-18
2.735138685659543e-17
4.158453649833237e-16
1.7999660544633406e-14
3.928766015475085e-15
2.3938314208337025e-16
2.9017139869990595e-14
1.1356086532481576e-14
1.599815739433277e-11
3.734533878125071e-8
7.402406805369172e-16
1.5800660088231024e-9
1.8806387540203045e-16
3.048163301973203e-15
6.38875505523791e-14
2.4449162341286667e-9
1.1422236556756778e-11
4.179566693375458e-15
2.200841215283801e-12
8.100715719485405e-10
1.3294044536228648e-13
1.165736939688111e-8
6.808113322018195e-14
1.0121308640173357e-13
1.0748756805778101e-13
1.0052800587804704e-6
1.0458930301642448e-17
2.233671801331682e-10
4.664882692432241e-16
7.23176353128768e-13
2.516180923941182e-13
7.289477476955597e-13
8.083057424477262e-13
4.450549488864466e-16
9.123935835355516e-15
6.710218118343954e-15
7.23993483870231e-14
5.49690425000601e-7
1.8436078251738233e-9
2.1132553037094886e-15
6.6596451227088475e-15
2.19606719327063e-15
3.57624967463466e-11
3.463040240098311e-15
5.457395667287328e-15
1.160002530620852e-14
1.9445274538414636e-17
6.106291927464284e-13
1.261222006306256e-10
1.204644374361741e-13
6.798555394953231e-11
6.490973782313862e-16
2.2390197765559042e-14
1.3998483514506827e-18
6.638047745577489e-17
1.3386565914548395e-12
4.891932871635965e-14
1.3042229404122872e-16
4.0320198245855255e-14
1.9780409355175142e-16
1.0340310340236249e-15
1.294477897238181e-17
1.8312962791901104e-12
5.215435307828225e-16
6.079931512457817e-13
6.628067063461622e-17
6.712462996629896e-14
7.413840043673351e-14
2.8040123722290084e-12
6.6236722841337544e-15
2.069303083370809e-13
3.59352783759869e-15
5.2644006434268245e-14
7.74007088628612e-14
5.745551812914191e-12
1.6665554203687495e-11
1.3490503739555234e-10
1.6265973589532943e-12
7.024413696681241e-11
1.8019768104081045e-15
1.7128029352299892e-13
1.634915175311866e-14
1.8065091176357404e-8
6.399794484695814e-17
6.271046937116744e-15
1.3926767392951425e-14
1.9650254120639538e-14
3.729068569227289e-12
1.861006149436511e-17
5.481456480340046e-9
7.442466128461834e-14
1.0340038527387937e-15
4.006361293898637e-12
2.0264419699072656e-14
4.563403990659636e-14
4.50043907225068e-15
1.0454849252879455e-10
5.357989788928199e-13
2.3247148845186462e-14
1.8448863975049282e-10
1.0309386299646919e-17
2.203042647583436e-15
1.7619802331142484e-15
4.516744897518434e-13
6.549197564500207e-16
2.6731754637310628e-12
1.4394690378682612e-16
2.1934458244932525e-15
2.57579738779661e-13
3.733494574486728e-15
2.9729723694677956e-12
3.728479832859547e-18
2.9634413248754344e-16
6.544050683012962e-11
9.294398025933363e-15
4.064483531963009e-17
1.6531548877269126e-15
7.651828945896781e-10
2.3624032729510767e-17
5.704097354087022e-17
3.767061277769684e-16
8.460062413119203e-14
2.893252993315761e-10
2.4932263004621687e-12
7.508142832057143e-12
2.3368649027970348e-11
1.8248417225530387e-14
4.1697793061339156e-14
5.215378235490136e-16
9.11196554632838e-15
4.503803097421588e-14
6.046344804784104e-13
1.5555267433099974e-10
8.723100436781158e-12
1.1317625972646998e-15
8.612849103729127e-16
3.401288713588617e-12
4.067781393366165e-14
2.3950174754357664e-13
7.753582408924027e-12
1.0888657078138515e-12
3.1260641322546685e-13
2.730419522122263e-13
5.330215301111029e-14
5.062022282141119e-14
3.004646388776542e-10
1.8577276975050774e-12
6.319342400460488e-15
7.332550909327403e-14
3.792288932480501e-11
1.5139847900444298e-11
1.852390649116136e-16
2.52247238815148e-11
5.839932767237019e-13
4.5018334160678853e-13
4.9645008293277657e-14
1.4599355800018197e-15
2.0576258623052543e-12
8.300820019066504e-14
1.5932634912290103e-10
3.616476810944476e-14
4.828397076550735e-15
1.4941560689625523e-14
1.1700581393940745e-14
3.6539276504907276e-8
3.104029848513572e-13
1.5039539012817134e-14
1.2032261623122747e-13
1.6106008924063857e-11
1.0668976969404044e-15
4.48154063923869e-16
2.447283900703063e-13
8.28817887177877e-12
1.0320300521409675e-14
3.0493617105697967e-12
3.1332411240346667e-13
2.0333117276660992e-16
9.25441732234704e-16
1.647853072490209e-13
8.238914940387202e-18
7.232251821455709e-14
2.995647596537171e-11
1.108523246247671e-16
1.3820317498200565e-14
9.52760065748116e-15
7.500186132894339e-16
9.098070516199244e-15
3.485861761254257e-10
2.9553938798698602e-15
5.092177470204097e-13
1.7612386059157033e-15
4.750849466802105e-14
3.0300877287219696e-13
8.942185665328324e-10
7.187973466295974e-13
1.0093688559981504e-14
5.285642059420631e-12
3.3015901874828695e-14
5.731548694513763e-16
6.89904544290275e-17
9.434842388338586e-14
2.7749018089937045e-13
8.479073593726174e-13
2.0670500421221725e-11
3.90544343445576e-12
5.1287427147731844e-17
1.0726919535085455e-13
1.321513857485323e-14
5.782401306979666e-12
1.1532641108094929e-11
2.9876557936237115e-8
1.0816164486272059e-16
7.966719716663125e-8
5.715906586658258e-15
2.4245061813070774e-15
9.547026154231094e-12
3.868330801353105e-13
1.2183186757841195e-13
8.251863624835397e-12
1.2704944449182184e-12
3.5142575183291158e-9
9.513819240645108e-11
8.69806679004587e-14
3.0691866631918514e-15
1.9910961510862768e-13
4.333511944900368e-15
1.0443613154265042e-12
9.051156730780603e-12
2.955973423734006e-13
1.5248288822617636e-15
8.746311334633681e-15
3.5825184342567386e-16
2.6008616299216085e-14
8.69557246919078e-11
1.0229395220783673e-13
2.382911177807627e-13
1.3411864038912469e-14
2.4044788192934203e-12
1.2106990589001299e-13
5.678569220778529e-10
3.1435409675882155e-14
4.896343980030209e-12
5.28155437042762e-16
1.5014529859517837e-16
2.4993305141309575e-11
3.1994759086422863e-17
4.722730918506068e-13
2.2948528012077633e-14
1.328049752952431e-10
1.7799933845572065e-14
2.516039514389114e-13
2.2313216944959978e-15
3.24005097453478e-11
1.1681046813503861e-14
4.438591945829547e-13
3.334518844776783e-14
1.7776514618323836e-17
3.0214392214605645e-13
2.9105361015047526e-12
8.880569144039131e-18
5.416704073273747e-11
4.193561926727571e-15
7.294412146305131e-9
6.673582598497042e-8
1.4403042066272012e-18
2.118592032018176e-15
7.877663636177623e-15
7.199877893046129e-10
6.094766579844223e-18
3.4379759493000835e-10
3.630762273640459e-10
4.08324244973026e-15
7.126605402784325e-11
2.0320100567577895e-14
2.403353919787585e-12
1.387195664212003e-15
3.023541196681316e-16
1.0704593431462343e-16
2.4874337859847903e-15
2.8706691479325055e-15
2.8413031318118888e-14
3.18207230577776e-14
3.879970646082525e-15
9.651032678580814e-12
5.5122995677748564e-17
3.3342982494230527e-12
2.317768672829522e-15
8.367933191917842e-11
1.2454994014649789e-11
6.797158500572631e-17
9.235275707517513e-14
3.9246732590247924e-16
1.102492767434965e-11
5.576231717980527e-11
6.697136612430592e-15
2.5426699162163018e-11
1.898243634070142e-9
7.762330770819355e-15
4.540280669817995e-13
8.989791155704053e-10
8.126795054169551e-15
1.1383176110783133e-15
1.531788763401914e-14
6.507948392751618e-11
1.3065168205156305e-11
1.2857808482433686e-17
1.248478182495586e-13
7.510996973180328e-14
2.7574378081811082e-11
6.0663732200276525e-12
3.7409471345376183e-17
5.671330985648928e-15
2.3602084505747627e-14
1.3107982674529932e-7
5.547193852930411e-16
6.848351635006548e-8
9.688086534746696e-9
5.082264050436779e-16
4.481304675607645e-19
5.659422867239833e-15
6.5295502717402174e-9
3.040939324867394e-12
3.02809950270227e-16
2.8164873759621003e-13
2.8510474893142476e-9
2.249167103443669e-15
1.1599741854344266e-17
5.911966447465036e-15
4.827060984335027e-10
1.491312740727605e-13
1.1790257707560773e-8
2.1365350701069456e-10
2.0717186954308928e-14
1.543487231421352e-10
3.582612455190762e-15
2.20964776816632e-7
9.872785522792006e-15
1.7815866723838133e-14
3.0642975780923755e-15
5.37401375141239e-13
4.795119750180707e-10
1.3946765139980207e-9
3.7621533862129935e-15
1.0417244820587702e-17
4.028736566790627e-15
5.818238231996326e-14
8.675423614903444e-16
1.5168717313526829e-15
1.1490057887977085e-14
3.3412706678746954e-15
1.156262137602186e-18
1.7804679093081186e-14
1.0851651231194345e-14
1.3596172722306147e-15
2.907804871171349e-11
4.378142835812157e-16
2.0175193991722717e-15
5.415327169019941e-18
6.888275633183203e-13
6.377482978647653e-15
2.9536922991847857e-13
2.0443413008608734e-13
2.3162205482684086e-18
4.914106640733989e-16
2.3488424747213546e-12
7.193590925354996e-14
2.693188938560859e-13
4.141704579727192e-15
2.3212448025130464e-17
6.054362916344356e-11
5.499193137589623e-17
1.8313778014150349e-16
6.816082642339785e-13
2.8587415147066017e-12
2.5875429485834026e-14
1.6845596767595174e-18
1.4285381507614713e-12
1.1033771402085735e-10
4.898798622622187e-16
2.2629723939543572e-11
4.460860222616727e-17
2.1843422983624e-18
1.4861494333498412e-15
4.264369486097543e-15
3.5977119901900754e-17
3.706244653954597e-14
3.364502902089427e-14
5.937419515242203e-10
1.8803363780691507e-13
2.4829422928015213e-12
1.4344682776030826e-13
1.2194381195712492e-13
4.816635833857182e-9
2.89713664635277e-17
3.653599296867039e-12
5.047152279167157e-15
4.0234676113261945e-13
4.9313126690878066e-11
1.6950534512604238e-15
3.3809259066758915e-15
1.5456966243792226e-17
9.139314134773539e-16
1.6544070147737442e-14
6.148400829861354e-12
3.7156615651800354e-13
9.932383876802646e-16
1.7373413699154728e-11
5.700281429318414e-15
9.060212679133399e-13
2.1762163689063227e-16
9.993747572510505e-14
6.550242481624595e-15
1.7409839105482652e-11
1.3902263068749589e-16
1.5437330941873975e-15
1.1525644398727278e-9
2.2549333836427453e-14
3.998779924770182e-8
3.712165743853167e-15
1.3017016414711975e-11
1.9554160282103433e-13
7.887201992884837e-16
3.615396160787951e-15
4.774605221487486e-13
6.822332097057575e-13
1.0665646984198715e-14
2.7787362683833877e-11
4.072718432030015e-16
3.972820935793081e-8
9.983166778056515e-16
1.1342599300150575e-11
5.3542709986060035e-14
6.467673114778138e-16
1.948987901351763e-18
5.326157256582029e-12
2.653274194254526e-9
6.868815467992126e-8
4.0309894003727066e-15
2.280806753842008e-12
3.8592523676610526e-14
1.3456994356558372e-11
7.664627982183824e-13
2.6459012508742485e-12
8.85441163983974e-15
4.261090879177841e-14
1.3502234921236702e-16
4.9098180440933205e-18
1.8408488850462846e-11
3.171137277228781e-14
8.681427607544565e-16
2.4936088473156164e-11
1.1056570780748453e-12
3.58767434340629e-17
1.237837384837477e-16
4.8000126886702065e-11
4.140912663938623e-13
5.787696842099517e-7
2.101636529293097e-15
6.852056868133151e-14
8.924610784241213e-13
1.6779030101698048e-11
1.950872398289581e-13
1.0010896849308762e-15
1.4904125437726886e-13
2.588629944572249e-16
3.761030980243549e-14
8.694772852611816e-16
8.799297785299868e-14
9.692147724110918e-11
1.4100662200795966e-12
1.821785450160782e-11
1.0199877340812547e-9
1.6688837453450078e-8
6.701837771416739e-14
1.137878091909934e-14
1.5673193217246164e-17
8.374987231447892e-16
2.6794628757436306e-15
3.087026300405487e-9
3.420821800608263e-10
4.3266586500092024e-8
1.627082151212837e-13
3.9665861667672755e-12
6.058116163796466e-16
2.7774377202388483e-13
2.765889187087509e-14
4.6657446138769945e-12
4.5650506582224643e-7
8.373371624061584e-12
2.3641693487191302e-12
3.053882346502562e-15
2.3033804652479105e-15
2.1364120256787733e-8
2.810333769975351e-12
2.568570940983371e-13
7.640693416105989e-13
1.928568500941579e-8
5.450391435862939e-13
3.1147399099015435e-14
4.746601768007562e-14
2.1824686290646689e-16
9.293995634925413e-17
1.5166734355155254e-16
2.4561022844973504e-9
3.327791354486974e-13
1.240495798792625e-12
2.2258583117448375e-10
1.667113389837671e-16
6.748124716746494e-17
9.537927473940326e-15
2.5320134164909546e-14
5.2653035751719734e-12
4.277853598291205e-15
2.512619937697098e-6
1.8148624074385064e-13
2.203843531341711e-13
8.145526744229034e-16
2.6420044242750763e-10
2.1669812468159273e-14
1.0449071275156113e-9
8.574194765042064e-10
1.9492868675442214e-9
5.685599141044633e-16
3.7054148903049584e-16
7.600628193992981e-15
7.281116059457254e-10
4.968794808086309e-12
8.5633683170423e-11
3.7074932581781356e-13
4.7422118158166875e-14
2.5264105220255537e-16
1.7515065468180285e-12
8.776653937448879e-11
2.0715646662070675e-14
3.286337784066171e-14
5.092583002802211e-15
1.3616662283568652e-12
1.303351008241612e-13
1.6855075992828993e-15
4.001044202821106e-13
3.166752696734046e-16
1.1761037999505353e-16
2.3521164950805544e-10
2.0197592825542334e-15
5.318189887744948e-17
4.875200967867311e-16
1.6728816764109545e-9
1.0694140253429073e-13
7.504360473454975e-16
3.752582205465272e-18
2.314641134965959e-15
6.529568331104586e-14
5.97872017462102e-12
1.1871951313899934e-8
2.2050640488992018e-10
1.8436403111193175e-14
8.758146617910071e-8
4.2163134148320145e-16
1.7693257829812573e-14
1.3996613693425789e-12
3.152993829108773e-13
1.1811269697213383e-9
9.888480842430439e-17
9.800734324749813e-11
6.382406342512135e-13
1.3705603245838128e-10
2.9745987336084466e-14
3.3271144014966186e-9
9.71579882544926e-13
6.529709695651169e-13
2.3512107231865433e-15
1.199397457970549e-15
2.172688479614198e-12
2.960494531209597e-12
5.724384267985159e-15
1.1901285009884568e-11
1.0750211522128381e-15
3.136224879575803e-9
6.218621727908611e-16
1.4797744195542236e-16
2.923448369160731e-14
1.5802438651237425e-12
5.781710479771288e-12
2.0272097563751188e-15
5.618560883538531e-15
2.3954682591085794e-13
5.714578998325258e-17
5.471316686057354e-14
9.80143825136103e-11
2.972935685709886e-11
4.574609620594058e-10
3.4693049246139607e-16
8.556134086315805e-13
6.170533937514943e-14
1.5139252210564845e-13
2.0703007073818576e-16
7.491576486003279e-15
2.5974849115880733e-12
7.50160195010047e-17
2.0784463606830917e-13
2.496041590193097e-7
2.5334393054079143e-14
5.047965038061287e-17
1.948298134841681e-11
8.486100198562181e-15
5.333855907824897e-11
5.188356720839833e-12
1.3728976221619716e-14
1.1966121941316186e-9
3.279677573261579e-9
1.9838314394465156e-11
8.0318354029241e-16
3.8627137819424964e-13
1.744818813460525e-14
8.743267131397966e-9
4.6994454343212084e-14
1.0172237342775125e-11
1.6953265327523445e-9
5.249912394199845e-17
1.0365073641064592e-8
1.0770460089119363e-11
1.113898314150548e-17
9.092679628738569e-13
8.747751143171608e-17
4.328974435646604e-12
7.743028523849895e-9
9.374930529794484e-16
2.2371576696844524e-15
1.8880767306364238e-11
9.338630394964095e-12
2.4568806564910655e-15
6.132975313635674e-16
7.639580773033605e-13
2.7472401303583594e-13
1.910403151768913e-12
1.082586790793148e-13
1.2215693332694638e-12
7.495611970162255e-12
8.938866647902592e-15
4.2364079592662385e-12
8.884041333119847e-13
1.7447146142809647e-12
2.854924816700593e-14
7.227176264192362e-11
3.2660809727660015e-13
6.6267809374291055e-9
7.651964834251416e-10
7.338536554100236e-15
1.2998678955003636e-13
1.8355744222151742e-12
3.4196563209448623e-13
5.063350626611386e-9
1.1314479659049445e-5
6.826373992803728e-7
3.374823404639426e-14
7.389138901758238e-15
2.4637884534683207e-8
6.395812553083418e-16
1.0403871871721437e-7
1.0080567782143974e-14
1.3748586354180923e-13
2.3138741456115437e-14
2.2094754346499195e-17
1.5893324406194025e-11
6.972517526416945e-17
1.7843393622823823e-15
4.832258973645279e-10
1.2490333727041103e-14
2.2673125248572666e-16
1.6678714981430744e-14
2.580450304769845e-15
9.986200486267011e-8
2.2124150268516306e-17
8.770287441450496e-14
3.798271682494364e-12
7.871370769728251e-15
1.983784670238186e-9
1.4030453669094913e-11
5.086599333850109e-13
4.6325865608355926e-10
1.000211558338951e-8
3.22155601557053e-14
5.786687868392385e-17
1.1608402270126082e-12
1.0326673119052264e-14
1.5719946447130635e-12
1.3752798832136762e-12
5.9899467013408e-14
7.436366603081497e-11
8.255050522142122e-13
7.3049768273853e-12
2.7032747438825306e-15
3.287511427549687e-12
2.7949998670531253e-16
3.638327194131395e-12
3.184597112531312e-11
1.3320563034336614e-9
2.2776651758886426e-13
2.546013067062282e-13
2.200480701682353e-14
7.356761761293681e-11
3.5255922004692014e-12
1.2781590632198884e-9
2.2623729158798745e-18
9.052351316015994e-13
1.1422552446756029e-9
2.0920355609314207e-7
1.0966286465108273e-11
7.443469189779709e-14
5.698372463074546e-11
2.557196558592616e-14
1.0519252134039012e-8
5.821463715878238e-16
1.0349289155689964e-13
6.746520592644485e-14
5.705049231522956e-11
2.5603295356134597e-17
2.9387279062967403e-13
1.5772188484396858e-13
4.2125975710099757e-19
1.0246955857523572e-9
4.013152445363279e-15
3.6465187488444255e-17
6.314657589702523e-14
1.142695126682142e-12
9.064965039265067e-11
1.0886440970454044e-12
8.937905183703828e-17
2.1547621262510833e-13
2.5375622834068935e-12
7.849547589879738e-14
2.5945082792915425e-12
2.439326761817392e-12
1.2897422696461043e-15
3.016684697993913e-11
1.021326996405557e-12
2.4863059347540873e-7
7.139299100824484e-12
1.8865144960503204e-16
4.398256218432782e-13
4.2947284304615324e-17
6.903715254954242e-13
2.3571776455023995e-13
6.092576322268467e-15
1.4068854759812798e-16
7.563559994856754e-9
3.398811954974655e-16
1.3092084896838046e-9
1.2073880031090102e-10
6.412407113405417e-11
1.6513230785851124e-10
2.4505353574086717e-11
1.3586180260721199e-14
2.381537451545819e-11
8.604787418082907e-12
7.185651252670406e-17
3.152198250639649e-8
2.7066413937843234e-15
9.349461290754883e-15
1.0420350529501038e-9
8.840753802299528e-11
3.677198747955491e-18
7.262019780719521e-10
1.4748695868980866e-7
9.066694191226001e-18
2.9046523381314045e-13
3.6118427175089394e-16
1.5312211824298642e-15
2.3520199602274717e-10
7.718788236365298e-13
4.598090078450897e-17
2.9606908514793225e-12
3.3236283124859386e-12
1.0178299127634725e-16
1.8086629975341078e-12
1.6764661932943447e-16
4.120915664126994e-14
2.2339607889024745e-11
6.837297373212476e-10
3.0005713592790664e-13
1.0511877383942305e-13
1.500881647168148e-14
3.698841192534111e-13
6.469884361816707e-15
2.3896984232176814e-14
1.2519325629659652e-11
3.629142225248083e-16
1.6753670752094991e-13
9.124840185758994e-19
1.1545412271763233e-11
9.88992892009894e-14
2.912531248455391e-13
2.3952300323750023e-12
2.662785874769795e-13
7.103908812360438e-16
5.218428403039268e-12
3.438895987546651e-12
4.942472057279675e-14
1.753158244357797e-12
7.537883704613421e-12
1.693651240535422e-6
9.566280817346758e-11
2.613101537076901e-13
1.015688057655656e-7
7.261687641194126e-14
4.70836295250743e-12
6.606905849079738e-15
4.4972386226734307e-13
1.3101810679460912e-13
7.727711827903096e-14
1.2543015061759238e-10
1.4551558468198105e-9
2.3448958179834096e-12
3.205878599428673e-17
4.3786456416846946e-13
1.6681321919533057e-16
3.101928997032653e-14
7.575529651947592e-14
6.46900595647574e-11
6.024425778617461e-14
5.281441901357576e-17
2.1785550910717738e-11
3.991946873098891e-10
6.514680117087986e-14
4.3791567519136124e-13
1.753784376331553e-14
1.1303973210804859e-13
8.133723332854554e-14
2.0707216202153014e-13
4.2881870454811915e-15
4.412890082138675e-11
4.79897159236276e-11
3.896717425991223e-6
1.8275193796144697e-15
3.523349820125002e-17
2.99824799365443e-16
7.222930202011686e-15
1.0991174463094819e-17
1.148132492444873e-18
3.4299030519326825e-14
3.246561640869749e-10
2.4122056988226044e-16
3.6481749027565665e-14
1.568189851032844e-13
8.76154600007314e-19
1.494931146674589e-14
5.845825168694137e-18
7.228075794397884e-16
1.8552513682887653e-11
2.3372121274888527e-12
1.1443909247706503e-12
1.7728203496488193e-17
1.5601249407013775e-10
2.7315721676958227e-13
1.949012331488427e-15
7.805305489285047e-11
1.0035488418356864e-13
5.6362720072181686e-11
6.913946304499386e-13
2.396018449668441e-15
1.3394157697377266e-15
6.532674967260305e-14
1.538101455721554e-10
1.693182517926304e-15
1.4196204081938497e-14
1.6720702961283202e-16
2.617466174480528e-13
1.4074929646821426e-12
5.315523498159385e-12
2.949869422446445e-14
2.7158257237375196e-10
1.2338960859498686e-10
2.0528907406558312e-13
2.0759835241123247e-10
5.395995529930248e-13
2.3139194803095054e-8
1.3633412186566908e-12
7.149688369563251e-15
1.037874045659068e-12
2.0340825015948086e-12
1.6965716091924074e-9
1.541364077038762e-14
1.6539995623866235e-12
1.4061420552882715e-13
7.805246792794363e-14
1.1621436631983895e-15
4.5637355494344144e-17
7.776272694419517e-18
3.973872678465033e-16
1.477699792004255e-10
3.687436126494643e-15
7.210905941317209e-12
9.886361154718927e-17
1.3166848550006524e-16
2.1733686524740944e-13
1.541500681905765e-10
7.608235467973479e-12
2.740476763413354e-13
4.2298869070395607e-13
1.394879474403054e-15
3.6347556778508918e-12
5.398334721618916e-16
4.399553305501233e-12
2.664289074517029e-13
7.553385086122373e-12
1.2160522651781993e-9
4.3029606579904325e-16
1.2524951507006573e-12
1.6781719900116646e-14
2.589749341197157e-10
1.481423315096514e-16
2.7687027365911555e-17
4.621340717314277e-13
1.3839058984092362e-13
1.946698891172109e-17
1.1090518521447804e-7
2.940925532706368e-14
9.560990365388759e-13
2.205857494618866e-13
9.708902494912449e-14
1.2445043805186358e-13
1.3819363002825909e-15
2.903939579191298e-13
2.051399139084146e-12
9.06908790773827e-14
8.018395610203502e-12
2.5192287407197433e-13
8.260343501071582e-12
1.369289449643241e-9
4.3717714740927646e-9
5.478283766994321e-11
1.7525905780012666e-7
7.926877607368139e-17
1.452713102355642e-12
3.141911990655365e-16
5.104936363624429e-13
1.0819812428478635e-16
1.5540463835127526e-14
8.572981277040228e-15
1.9928173838406627e-13
6.5323805127291504e-12
4.3345063623045265e-13
1.1467424270695433e-17
2.7806988998945076e-12
1.4181019255494654e-15
2.4258412191244303e-12
2.153498749953531e-14
2.0736515877700725e-13
7.569515099429561e-12
3.42614117308172e-14
1.0851727102600397e-10
2.8850349146592103e-10
2.854014647977618e-17
2.2597581831459024e-11
1.0664860653974063e-15
5.591469422965083e-14
5.5327239645358175e-15
4.175592067054205e-15
1.336549686041049e-15
3.0400441108953086e-18
4.114926527825889e-14
1.5944743615250904e-16
1.4990226247446329e-9
1.1667604714646259e-9
6.603578474165044e-10
1.2154660385040208e-14
4.0240758942569345e-13
1.5892622861231364e-13
3.4149791529950726e-18
4.254904690862342e-16
1.2518339078620467e-11
9.180015581463364e-13
2.0923527124433224e-15
2.940205040239433e-17
4.3570801409744826e-16
9.48553437411255e-13
4.113963365389699e-13
2.14091617507096e-14
7.815913219885632e-11
7.852700376950119e-18
1.2423832292106252e-17
2.261880868775167e-17
1.6253587603696102e-13
2.4737694990420546e-17
7.535123555138818e-9
1.730028041559915e-16
4.666937619140381e-10
8.008956103697926e-14
2.2210107783476663e-12
1.430132532526942e-10
1.3789837632641566e-12
6.238723173589493e-14
9.701290758115232e-14
2.6069332320613675e-9
5.134997204835161e-12
7.234323624997357e-13
6.336128657376016e-12
4.898318184469952e-16
1.1100047061510228e-14
5.444411018046146e-11
5.462813964778109e-11
4.2295707536438526e-10
2.3968465645813904e-10
6.944432127250616e-16
4.980655629498644e-11
8.653011761376932e-17
4.093438807229283e-7
1.4133963952396824e-12
1.3066594685136515e-15
6.410814824396533e-14
1.4785342225398296e-9
1.1515572110322358e-14
9.03785713125938e-9
1.233929019194966e-13
1.0214482332406265e-14
3.635640787071178e-16
9.454875364975552e-16
3.218746860332689e-13
5.212910828661054e-13
1.6905975608696785e-13
5.898242983885526e-10
8.063968526478965e-11
1.1192591710847295e-12
2.2905802649786405e-14
1.3517637355453848e-11
4.191443393032206e-12
5.439148676720958e-17
8.56993726236824e-17
9.255588782287788e-10
1.899205086184171e-17
6.700708296398683e-6
2.877424690751552e-10
7.159281260371044e-9
2.654075704655784e-12
1.1344774684710252e-15
9.537769014307352e-16
3.459732561272079e-13
3.6240303807552176e-10
3.510335200340571e-12
4.383097158042413e-13
4.3293306603490856e-18
2.3790650133189147e-14
2.984655045975622e-6
1.4918009307933147e-10
8.808245842005329e-14
4.095565798980613e-15
6.446256397339392e-17
9.990299833427699e-16
1.1328294729001322e-12
1.0063920949874866e-14
6.611875696484908e-14
2.5018609105590015e-14
4.708459730599155e-14
1.5109398677175803e-8
3.705857538419129e-13
5.641681737652882e-8
7.283651614783343e-14
1.858872122894535e-12
6.539613518191643e-11
3.377259481211131e-10
1.03330334468639e-7
1.5490122053335496e-15
1.0984500854885984e-13
1.6519358182897787e-12
4.934752860016415e-11
4.0419252807677995e-16
2.7302693522402255e-12
1.3841984152549701e-14
8.422879881041749e-15
1.2266600302908465e-14
3.640971868140345e-14
1.2480921485524036e-13
1.1176121723439553e-10
2.5079327112584424e-8
4.6777553889846734e-14
1.7179993104788197e-16
6.29126877317969e-11
3.215542384981826e-16
3.2056808412593576e-6
8.005905181990281e-13
1.080231854356168e-6
3.4274680938391855e-14
3.941361520003567e-9
5.250813162095158e-13
9.122899860742081e-11
3.1299933244915125e-12
7.3427610618445314e-9
8.829956768674515e-15
7.098770871231414e-15
3.6146962071753974e-12
1.1913055107542314e-11
1.9866539863101125e-11
2.359266857680456e-11
4.23060711917871e-11
2.1074929715463593e-13
3.508727481882153e-13
8.141043055243383e-13
1.3548550205703334e-14
2.9797459770071554e-10
1.5885650158660328e-14
8.20041565842259e-9
3.536632717192785e-15
9.166447973327716e-8
3.4367699270512286e-16
2.0816084337852037e-12
2.2339152078965305e-14
3.655019249814589e-16
5.547763418841753e-16
5.876588962289071e-13
5.475958588143424e-13
5.5107296050068425e-6
1.0596934984759002e-14
8.274253177349706e-17
9.924391636543443e-11
3.111683318257748e-13
3.631250826688216e-13
9.864567767670966e-10
1.803436839746084e-12
1.5955810506650837e-12
9.771046108525012e-10
3.111308182153601e-11
4.879432541099194e-15
4.073181871649936e-9
7.143736379475308e-15
2.577176653256579e-16
1.4085197460611519e-11
5.371389661508562e-15
5.00806052847509e-16
2.9873952204239436e-12
9.82120136120024e-16
5.79947780976007e-10
5.522747141573491e-14
1.4293405707762676e-14
2.532335472312303e-15
3.710795097542798e-9
1.6182602725630287e-12
6.995456730586143e-14
1.7477022972246243e-11
1.9902969035998642e-17
2.10657290761588e-11
1.4578166063183399e-9
3.1936861881025326e-10
1.340681811058148e-14
1.8916948001241336e-16
3.50307151557223e-10
1.4402572472555024e-12
3.39477910356686e-16
6.363874441840705e-16
3.5205490913174747e-16
1.539263687335646e-6
6.099001267312798e-18
3.614448090787898e-12
4.491005148187799e-11
1.3168430833122199e-16
1.3074267679993138e-12
6.098568129376875e-13
1.5015299835358303e-16
1.4929780870870263e-9
2.884202565294565e-14
5.6147172441481207e-14
3.8673569086450355e-12
2.6873553391263777e-7
2.146171565962696e-14
5.239152991310205e-11
1.7848963298164838e-16
1.7680566338908248e-16
4.261348943076145e-11
6.475067150770711e-17
1.2722422625804525e-14
1.0636926727141906e-16
1.7083253354844312e-13
2.0363154909317733e-16
8.424969300053995e-11
7.066254162743631e-17
6.637415455230577e-16
9.296170015244399e-10
4.951373206483817e-18
2.5770552018616766e-12
4.0372931156076416e-11
9.285398235033709e-13
2.520800927196222e-13
4.371519431982534e-17
3.4845601843295657e-9
4.092414395165178e-12
8.063579777637849e-14
9.057637307095231e-17
2.1864226880076e-13
4.3759779293880314e-16
2.2942417791436673e-14
1.603172054596129e-14
2.3144459801427684e-6
1.9012804128503638e-18
6.378942238978577e-15
5.737039283713978e-15
7.084200253006674e-14
4.492649632857309e-16
2.9243683823746352e-6
1.7043104908706869e-15
1.2707947777465187e-11
1.6857146423763596e-9
3.586172553781681e-9
1.1638464560258752e-12
1.3734791635399133e-13
2.887112254111116e-14
5.3324133940501385e-14
8.381500553083282e-13
1.5974009891851067e-13
9.536330227447939e-17
1.1029600221780162e-10
1.5763266161107015e-10
1.5089188120399305e-14
1.829880711938987e-13
2.6567374727739546e-17
2.4467339924058326e-9
1.5908981435111564e-14
3.5494388312381826e-14
2.5473505039924547e-9
4.394190868518955e-11
1.3062319764152359e-11
1.7873553682199968e-13
7.616466923587711e-15
2.552918395531211e-11
7.931466795958367e-15
1.1725282237665877e-14
2.0475755614269385e-14
6.039480151457877e-16
1.0644974971196699e-9
1.492445035471208e-13
1.4980061365475401e-10
2.235331922470091e-10
2.9986684203571514e-15
4.8904054270181255e-11
8.928862161319956e-16
3.345089089241858e-14
3.14130895572261e-8
1.7801068344376285e-12
2.8841993597331843e-11
5.006155487422256e-18
7.299995110092955e-15
8.831309878956008e-15
2.035853966813648e-10
5.367175573546902e-15
2.8283819090796123e-17
1.1522092745277929e-16
1.7564465724698747e-12
1.2340750413906552e-13
3.04505354720404e-9
3.086233793500485e-14
1.7704068502747548e-15
1.6121155353331874e-17
1.2098914788333414e-13
4.7187961373664775e-14
1.0168404523340917e-14
1.4166939088251276e-15
1.3609576109251371e-16
5.099867569601588e-15
1.6556170214393468e-17
6.124567936135675e-7
8.771773226631429e-16
2.260380046540823e-15
1.1030586783012642e-16
2.667571497131721e-16
7.966981616919587e-17
2.5483070983902396e-17
2.9033857979169667e-10
3.794101599161079e-14
2.1108299943840373e-16
8.41726852375948e-16
1.192175185673162e-16
6.033894815446686e-13
2.3951782156693457e-10
1.4392257179467983e-10
1.4604359901568444e-11
2.1996648852788488e-15
1.8145930487524048e-11
9.98699243449335e-12
1.1359946708021888e-15
4.5719395501650966e-8
4.212977578626705e-12
5.332373046812297e-17
4.237196666568106e-15
8.490986578464639e-13
4.3535404733037293e-14
2.7706160256910766e-10
2.971188546333021e-11
3.6609182853057933e-11
3.9317591151100764e-11
9.422863624939796e-9
1.795911938926229e-16
6.569348433114179e-17
3.231082590806797e-15
2.429129282054255e-16
6.6146319245307e-12
4.235306744252737e-12
7.471880059084033e-15
6.684852797112521e-9
1.0498345396641428e-11
1.548812503669458e-10
4.747535109137618e-12
1.9506274377203387e-15
6.43052121594788e-15
2.361395815168787e-10
6.927771958541039e-12
1.2309877186505997e-13
1.8868444563700563e-12
1.7470886972520543e-12
1.3290830786474047e-14
5.083539168605514e-14
1.4371258186794062e-11
1.770217508886176e-11
4.7968136966202036e-12
9.237946435872311e-13
4.340003393175683e-15
1.7835369216407824e-11
1.7066206457181908e-13
4.699758433154857e-17
2.1516647040758455e-18
1.8653462060567618e-10
1.339854161646214e-11
2.5603368418743818e-17
5.852575935163896e-11
2.3623739126913666e-10
1.175324450195606e-11
4.734634834230554e-18
3.891357003794417e-14
8.081806205933871e-14
2.4565153796702778e-12
1.6094363435287926e-14
5.581771406062034e-13
9.237290714773236e-16
6.583529920990075e-18
5.5288683649288055e-14
1.0386955535292634e-6
2.0225361250930496e-13
2.845779141894817e-13
9.078646164978922e-15
9.92393975516021e-13
2.8252718098010334e-19
1.6083229983232738e-17
2.58675566726925e-10
1.7475688299379043e-13
4.751902761110817e-13
3.1873059094559164e-17
2.980933668410916e-11
9.275265748321278e-13
2.328495018094954e-14
1.2786099825000708e-11
2.96660202990402e-15
1.819496097457048e-16
2.065079669832612e-11
1.7956068846179073e-16
1.865805994065501e-17
1.9385810897070057e-13
6.571282871228277e-12
1.5822436417321464e-16
1.7824820882929364e-8
7.612221539441542e-12
2.534440005316486e-13
3.288785556574151e-8
2.348975702698083e-13
4.674419069310125e-14
1.806002216050393e-18
1.0752505680396682e-15
9.835515608457411e-15
1.1223692922738303e-16
1.0840830666829458e-8
1.8790808000867845e-13
5.188760270584168e-15
2.1537612196388645e-14
4.766821015065138e-10
5.945176942625756e-14
6.52562760947576e-13
1.930753193950106e-16
4.982037111679084e-14
7.783517160766523e-18
3.161110139149328e-12
1.186520507958207e-15
1.7699899161370117e-12
1.1885520425009254e-8
5.761538043351184e-13
4.1976721997838905e-7
5.0628098562199195e-14
3.957961390542787e-11
7.548968813852115e-16
2.675075632153965e-8
3.194979046072912e-14
1.3206650384608263e-17
5.723588696724014e-14
1.236368614674282e-14
3.9254855327580373e-16
1.8649203473285973e-13
2.24758082117668e-11
1.0324542552046667e-13
5.652119947974725e-11
1.172042949892583e-10
5.672372056102237e-12
5.8642047726321654e-15
4.96020458958497e-14
1.4026364244762853e-12
7.161812966116617e-8
9.055569764061718e-15
3.4440048201765996e-13
8.982119290840812e-14
6.498723525558531e-14
1.1860416825296826e-15
2.0716592363373056e-12
4.619176339935097e-16
2.2946296717042864e-11
5.116739008833058e-12
1.8051466721115853e-9
3.372624915779292e-15
5.9708238246064006e-15
1.3659823732335338e-8
1.1531401149254104e-8
3.022985441814355e-14
4.371953387590173e-16
1.0504714828622643e-6
1.4590553400650916e-15
1.5025961047565038e-12
1.165877155129266e-15
1.9944891152921787e-12
5.283220978486065e-16
3.793995696373821e-15
1.0728353882413938e-18
9.314194041375874e-16
1.4320684842918565e-11
1.5803364191572098e-15
1.5449074589181618e-13
7.794629100528436e-12
1.0759761063500282e-13
1.6568621066098546e-14
2.710453942428554e-14
4.341566070034001e-9
1.5196440406120958e-15
2.64117336730627e-16
5.447523012936823e-13
5.174884918848621e-15
3.597646484706146e-14
1.3729332845029303e-12
5.8641656234680905e-15
7.74650837456158e-15
1.5043485968977373e-11
7.956867999595685e-17
1.2585916587680727e-15
5.018744825739193e-10
4.160090838282724e-14
4.236753238771318e-12
1.3650016845116804e-16
8.788092808288e-15
1.737343260175393e-13
1.855124309199012e-12
3.1913911237217987e-14
5.05125478821863e-8
6.31314685608797e-15
9.377629333236082e-13
8.673294376535424e-16
1.000882296689085e-10
5.085126710497661e-13
4.167332753928308e-12
2.6654505632741833e-16
2.3187957186505637e-18
5.189999780640583e-8
1.4236166481380112e-14
1.4067673704582945e-11
1.2507792217845919e-7
2.048532117667328e-8
1.308237951187341e-18
4.409473953543397e-14
3.386770016840257e-13
2.0611883598156736e-12
4.088307093243923e-13
2.343963936296701e-15
2.3543416358409172e-8
9.327961791403615e-11
1.7349048599608074e-10
6.321359671781466e-14
6.0401470950782375e-15
2.8448304014679594e-14
1.205693518150881e-12
1.0309323586201225e-11
4.283396232297378e-11
2.3786249641821466e-14
3.912660457053112e-12
7.039287015973684e-17
1.762732270827642e-14
6.544035036335853e-13
2.358880744033669e-16
3.6647987233691886e-14
5.2242732731459754e-12
2.7642060992549597e-8
3.3735616665048895e-6
3.4433464152660156e-10
3.1605189199869864e-11
2.1525717960243114e-17
6.860881016484826e-9
3.64838796176921e-14
1.9738698354848533e-17
1.915354618752102e-15
1.7678943819029641e-6
1.8036741153857454e-11
1.644209160074008e-10
1.8587662594929556e-16
1.90906983119131e-15
1.0333699833945956e-7
8.858569898449368e-16
6.191862164788108e-14
4.549967698340563e-13
1.3609956638764801e-11
2.131829019149558e-13
1.2488597738393845e-11
1.8005825794832014e-17
1.919910118269781e-12
3.560075452507839e-9
3.3868495424892283e-16
1.7315184413074752e-12
5.158128859781008e-10
1.0028759767224555e-16
5.164480112264374e-10
6.562071150730416e-16
1.0631323827878574e-16
1.672377346252846e-15
9.598334960081852e-15
2.572577719387108e-13
3.753575044490422e-9
7.31538870875919e-17
1.109164495985531e-8
9.121978027865942e-12
5.562250297648432e-13
1.4927274385338486e-11
8.412358471753e-13
1.1178880217384061e-17
4.5153929749068063e-13
1.0688210055411551e-14
1.9536256819357925e-11
5.981055893792874e-14
7.194796148602786e-14
1.7720828731073686e-17
1.9780195204030163e-16
4.864021441709807e-9
1.253249298452306e-16
7.514025475872926e-14
1.8300851297802358e-15
2.5705629778674213e-11
7.46751613459241e-12
5.260142972606147e-11
8.045517128393211e-16
2.332398587822689e-13
1.0920767447786476e-9
1.5741192497128015e-15
7.179571357783013e-17
7.452826147476362e-11
6.272224277908403e-12
6.270594111953123e-8
8.509158427655549e-14
2.7701385440113455e-16
1.087430829493848e-16
1.134828042877331e-12
9.70269945636053e-13
1.0969638180056104e-10
1.883568856870942e-12
1.3445837527220586e-14
8.29079371958844e-10
1.3629930762233421e-15
9.599309130930022e-15
7.970660597786194e-14
1.7878408199494055e-17
6.211271207550176e-11
6.259189476803659e-17
1.6378395933657334e-11
2.3260653736773348e-17
4.2092757256332e-11
2.5225824683044026e-14
4.679920404912384e-16
6.167096849104843e-17
1.4540613986915423e-14
1.0136871144151756e-12
1.5591215761929457e-10
2.6730599523734913e-12
2.2819780387333308e-12
1.4479840782912787e-12
1.966045556809659e-17
3.730866971520135e-12
8.618437336429317e-18
1.844496307116302e-15
7.531377323605806e-14
3.318003642728319e-10
5.004544080512371e-10
3.015148521624661e-13
2.3355796108319452e-8
2.935230071579583e-11
1.0001219233814608e-15
1.088573660615319e-11
3.350140206494088e-10
6.268398516466755e-16
4.055595800267718e-18
3.7753383369142286e-17
1.054957886836423e-12
2.0211162922571845e-15
8.279525367678384e-9
3.42419726322032e-8
1.1769173846296634e-10
1.6434150293739464e-8
1.0403603886370512e-13
4.76415440987193e-8
1.0244538116442032e-17
4.921964115330246e-13
2.7598718124202815e-16
8.915137292081332e-13
4.989166184604746e-9
2.455454083863759e-18
1.3601146296930267e-15
1.3048746276002577e-9
1.1558219539785561e-7
9.506854025655281e-15
8.040104015456523e-13
3.805250714996328e-15
4.631527451212165e-8
4.1032178370617194e-12
2.6840248127075275e-11
9.575636692572555e-13
8.01279383745313e-12
3.8506964250804693e-11
6.848097288848912e-16
1.4502943921453235e-8
1.7333410914108085e-12
3.0643155528260686e-9
3.664515963098879e-15
1.469524356051882e-11
3.110490008006754e-15
1.3742947685766496e-11
8.32988283030546e-13
1.7413844592506154e-18
2.3104013680707962e-17
4.020009526264044e-19
3.8724006375793104e-11
4.140427505282589e-11
3.9431367606259936e-16
2.2090460913308757e-10
1.3476605611134403e-16
1.855475026298924e-13
5.381909351689656e-11
2.3328782260896405e-7
2.3678476853015363e-18
1.545154119715617e-14
3.885404147835856e-14
2.4510097991365615e-12
1.4288076892841814e-14
2.366527594561893e-15
4.714798724344887e-15
6.782542499478653e-12
3.8951641436636613e-7
5.1852838455841746e-11
7.463018637149933e-13
8.996538426294015e-9
1.0004828749420495e-9
3.4217975393931894e-15
3.584220041895853e-17
2.0346906638226853e-12
1.9655850964595433e-12
9.044711995769749e-10
6.163493988248622e-14
2.5045574452336074e-11
1.0456220359943018e-12
3.2323325969203408e-15
8.391879374305227e-16
4.372559281630547e-14
1.2726060167520464e-15
1.7546802623235418e-9
5.591129801118307e-16
1.5205663681965066e-18
9.59403035318514e-13
2.026550166067118e-12
3.3879978913953866e-18
3.518934974867955e-13
9.645715194868375e-15
1.6174977281385755e-8
1.4433170374841137e-10
1.9084645262209125e-16
2.7251084924917056e-12
6.63370465678631e-12
6.1961438850493225e-12
2.096355857093439e-13
3.4600728311228595e-6
6.699585972067863e-13
1.4973707536421873e-11
1.1799909838761922e-14
6.986502517186549e-17
1.1140632702173333e-13
8.590877296042628e-11
5.2287020366554624e-14
1.1414781557172351e-8
2.3428023466724284e-17
2.45570497936979e-12
2.337877270401894e-13
7.588746327278105e-14
1.6711188720512933e-14
4.8447994712019566e-17
2.821725788588173e-15
8.151798644377792e-17
4.94240111006645e-14
3.277918857896847e-11
5.749201595104011e-8
3.473870524547807e-11
2.9352479084475087e-16
2.461836967819124e-14
3.477624496149806e-11
1.2615895594975098e-8
2.3635339845516386e-13
5.27404196083943e-10
5.3897064263284445e-15
6.368199155442007e-14
1.0905401478966033e-14
6.606330583320854e-17
1.121733477200427e-16
7.882281816758621e-10
6.258603701985586e-16
4.869016379619644e-10
1.7003192294293347e-13
7.777309707037402e-13
1.3242209899927685e-12
6.663192632173736e-13
1.5334696690275106e-11
4.0609264721817493e-16
7.2389048769029364e-12
1.2377462757982265e-8
9.557380658693328e-14
2.3402709611640743e-13
8.20103219537762e-11
1.896770518014118e-17
1.1960851055857667e-9
3.4885473526729317e-16
2.522850478118258e-16
4.603014548197155e-18
1.396459552094688e-13
5.392430356098638e-15
2.767839723864299e-13
1.1374321478570126e-10
9.953864512500232e-12
9.66666642609843e-12
2.679354726779521e-12
1.4049943757518658e-13
5.537700513116296e-14
2.5710586818720945e-13
4.355738984088223e-16
2.460920977251964e-9
2.0503935478618182e-9
5.66954301293429e-18
1.6191778601943535e-13
3.7631777961746756e-15
2.2893985967686688e-17
3.1507680923908314e-9
6.170638913127667e-11
6.500429320017897e-11
5.446125551795589e-13
2.1430090546320875e-12
4.306908348265421e-16
6.50377643393801e-9
1.3046588118244036e-13
4.836303382129042e-15
2.349346698749613e-11
1.6492562770267508e-10
1.4148304382914275e-12
5.149531033106252e-11
1.8391437992886937e-14
8.497696544756216e-17
5.565673221630966e-13
8.907990852771362e-12
1.5771542728746534e-13
3.577670873767667e-17
1.1058453363018636e-9
6.3814332166199955e-15
2.484470399901027e-7
1.9611742604104645e-14
1.0832818067339881e-16
1.2501178277220414e-9
7.148080012219717e-11
2.2277961405899245e-18
2.8375177864222834e-11
6.878769186832186e-14
1.7111372458459195e-12
5.630107314410596e-7
4.1573949430779523e-16
1.1001391492944031e-12
1.5120570133381926e-8
1.8243876153352414e-12
1.2697975163520835e-13
9.788209679993092e-13
6.629715170433809e-13
1.3577408748935193e-9
9.69078789681337e-7
2.568402388435033e-12
3.454178350836851e-15
1.5782645001809714e-12
6.504924609167463e-11
9.826345803262166e-18
2.0468098466908832e-19
1.1578645324783784e-10
1.962049888406717e-12
4.528509106944245e-14
2.0783359042353812e-10
5.745605361666415e-19
3.0808080143156795e-9
3.97744119598543e-12
9.544734225160606e-12
9.201095901398034e-17
5.501120394742691e-15
8.45827945082575e-14
1.352263189572502e-15
3.2819515306107623e-15
1.0505354370269786e-15
1.019766289723942e-12
6.924647429529092e-14
3.890055376821297e-16
1.1854653927433746e-13
5.930960193483282e-13
3.922082434931001e-12
2.144017328385941e-13
5.1564777447518134e-15
7.143275632689027e-14
1.0205571301914495e-13
1.8366163160376162e-10
1.3390694693563946e-13
7.330048091219393e-8
4.9008810270158855e-9
3.926730864914188e-10
1.8852463328683104e-14
1.719008756341516e-10
7.298076291407218e-11
1.9164825851743494e-10
8.239775540764849e-14
2.3898147136506695e-11
9.75909456004089e-13
3.1726748478006035e-12
1.0035787268051317e-15
2.252999106559042e-15
8.598362351059658e-14
5.894933058866366e-14
2.850049499620723e-13
2.700164014890909e-17
2.0154835500140704e-18
5.236775796005509e-10
1.528278132648895e-13
1.7839309426107197e-12
2.9931349484500685e-13
5.261687298639851e-18
1.024153684863164e-11
2.6627264701490513e-15
4.3759023593173474e-16
3.3120471315852234e-12
3.868557461133546e-13
7.871368778668154e-14
5.937601839760109e-15
3.110191905801567e-14
2.1235686119088379e-13
2.1223106436031294e-10
4.986760806118288e-11
4.732475524003519e-16
1.7673924083954732e-13
1.2354956727539227e-13
1.6273623249991735e-15
2.3313036131457426e-15
1.807001075528097e-10
2.425546642808203e-14
3.201996254164489e-10
1.4338278640293812e-12
1.5209773732629024e-7
1.214122625319878e-8
1.712458777629085e-9
3.334491352193779e-17
1.6223693299648715e-16
8.23018407866942e-13
2.924792129066648e-17
4.639886673511143e-10
7.493989691430658e-12
4.424346003661301e-12
3.669237975752414e-12
2.515352998846528e-11
3.256536573108637e-12
2.5731064935780057e-14
5.025592669317033e-14
1.2321470755113196e-11
3.418500188096134e-15
9.235296301921372e-17
3.931752632139567e-11
2.817064557351386e-15
2.7028735470086654e-16
4.870929913783652e-12
1.6682387055651234e-8
9.613531180517203e-11
1.3980152291145227e-13
3.4002944476533395e-12
2.2751721875422366e-16
5.427916925770791e-14
3.1979197106376113e-12
1.6380079688243216e-9
1.1248619355572289e-13
7.033201006293387e-15
1.0218278251583285e-9
6.7066124826929305e-9
7.614522960184441e-16
9.127839003072208e-17
5.817413652770834e-16
1.724570936535446e-17
2.953476829411951e-13
6.263222187510891e-8
2.3478238274463215e-14
2.6731627192034832e-12
6.088675669077216e-7
4.594039427756129e-13
8.84129691219157e-16
2.2073061988179203e-16
5.957248456345117e-13
1.0260647608800515e-15
6.041831024325449e-8
1.3154523273585922e-12
7.101900449755809e-15
5.711991938478079e-14
6.108056179392198e-9
2.23039624514068e-14
2.4091369495555385e-18
1.8288959012800677e-14
7.031518957009533e-12
9.545997814251297e-13
7.645286977686324e-15
6.99122990575856e-16
3.558155939267108e-11
1.485779932489313e-11
8.492743433748508e-15
1.3165001506492616e-13
3.7703994858283135e-11
4.6427332672173356e-15
5.6436956837930046e-11
3.4531688831136735e-13
7.604337147648898e-9
6.054877843649416e-20
1.1182695198328027e-16
1.1665084073051296e-9
2.2688102148937335e-10
1.5834877951784748e-17
1.846563620486054e-20
1.1717051362965084e-11
6.794973770276029e-16
2.2532089565367177e-13
6.570265654087133e-11
5.662446404451508e-11
3.432984961129641e-6
2.1566616110388678e-12
2.257195515113124e-14
1.4567458598701492e-14
1.1496806027197799e-9
5.8538330521626316e-15
2.6209002027325374e-12
7.929017827946277e-10
1.0570203137827423e-11
1.5845885363132266e-14
9.56784885909375e-17
4.0315053846601186e-13
8.210702240083597e-14
3.795598083777957e-14
6.812698052561729e-11
6.669471512500499e-15
8.585997199549323e-15
2.6824938308736474e-10
6.645291367957827e-17
1.3141296669971957e-13
1.2697763234679464e-18
3.12718438788425e-11
8.191656185249399e-16
8.375794071238494e-15
1.0693112266566598e-14
5.2326916896982325e-11
7.563187329935937e-17
3.8638042984794616e-17
1.8809796442910905e-11
2.3784463855315452e-8
1.3020943142464735e-13
2.3981050066609163e-9
4.230869312621208e-17
4.189129979719899e-17
4.859128375880384e-14
5.724876300734402e-17
6.291828802024313e-14
2.3743506471941254e-15
3.95421205863305e-12
1.369937598644401e-12
4.975688023287824e-16
1.8685596448007627e-11
2.0891997516309665e-7
3.764497869648485e-14
7.435747762466124e-16
1.2423952563271211e-8
3.9790834834475485e-17
1.3652614341911723e-18
4.524984658010098e-11
4.076804557807459e-14
8.093318729188681e-12
5.289540616230621e-18
8.90849071951644e-11
1.654558708904716e-10
9.029021522276524e-17
4.895145094513067e-8
2.025420591894937e-11
5.175482478205242e-11
3.9699236624033715e-11
1.2064604616801372e-10
7.53815870211352e-12
5.118657216511856e-10
3.5815842384909895e-16
1.854731167961703e-18
1.5403443835263097e-13
1.1525091108168937e-14
3.6188602542113745e-8
1.2197864153923293e-16
2.3238086669592173e-15
2.533353896403071e-7
3.774019880691704e-14
6.883890555052733e-8
1.2003334166408182e-17
6.72379556789225e-11
1.115096450200038e-15
1.0861195910972065e-13
9.090624037382561e-10
5.810997704616437e-14
2.7373796375407348e-15
1.2419145204140797e-12
1.3050768247568067e-11
1.3739670220802315e-12
5.236805451528947e-14
1.959483120803763e-10
4.9160538602321906e-17
1.1975889355618436e-17
5.703603454697126e-14
5.792138808418544e-10
7.98693485605751e-14
5.401829628581989e-15
5.755212575335306e-14
6.369645101684091e-12
2.2744761607110538e-11
1.952697663833321e-11
5.404319314546973e-15
3.633448741032918e-13
1.4831192651173057e-9
5.514009111233161e-8
2.567389568151977e-12
2.4185265109483346e-12
1.4927191867507277e-10
1.1266734998884038e-16
1.4407842539766883e-11
5.775094047295518e-11
1.627003511659451e-13
6.067408579685375e-16
3.94268973190924e-18
8.17544116021773e-14
8.680301947454925e-16
1.1717073811100132e-14
3.2209807657074996e-13
1.317472178571723e-7
4.0037214707250996e-17
1.8278877169732012e-10
1.2754559337944963e-16
2.4451743196938246e-18
1.3981277584588969e-14
2.4663845079329126e-13
1.0167828585585041e-10
7.492381840240666e-15
3.209323437711171e-8
2.0322525315467217e-18
4.625651844571373e-11
1.039666241172458e-12
6.698613495285121e-16
1.360960831771823e-13
1.3084332702239534e-11
6.144373414188651e-12
1.0051570918724944e-15
5.20055659274805e-15
3.4832436934341393e-10
3.608688036934937e-8
1.67987866032017e-14
2.6822695521150723e-17
1.4926163381796919e-9
3.5847677336499305e-15
3.018477259815054e-16
1.1901878101198334e-6
6.334209297282888e-16
3.897192438420952e-11
3.985079849812887e-17
7.201081921645851e-16
9.26421906008694e-12
4.7031148709823616e-17
9.177503612396767e-9
7.034596178228935e-10
4.1502583099877737e-19
2.890799221233466e-12
1.5023189437482067e-11
1.9794395488156296e-18
4.901076655013524e-15
2.502148190725987e-13
8.890244686602469e-14
2.097304177592828e-18
9.433225173146528e-9
1.5325906604189078e-15
5.429218208645026e-9
3.05402105742064e-17
1.0450771493007525e-18
3.268777338787479e-17
2.3435094404793097e-6
4.016633293227562e-16
3.124830697162612e-10
8.477591665331001e-13
1.5014336398124867e-14
2.358875121943973e-15
4.207770144187411e-20
1.3770384456218575e-15
5.489707246763682e-16
4.594442749153718e-9
9.21527710776413e-17
8.867316885775164e-17
3.582962782327073e-15
2.600717692234837e-7
4.9372199554309014e-17
1.5426504524525648e-12
2.4912611976869447e-17
3.9318312509885504e-15
7.702452858030669e-16
1.2954640866568365e-11
2.5970197798053487e-14
8.177238521530033e-15
3.1038352767092934e-10
1.389699422801552e-17
2.1127212674426232e-16
1.8110495002937037e-14
1.7749039894796763e-17
6.014289235423087e-13
3.1923174536645326e-17
2.0850435214347908e-13
8.39274102061359e-16
9.237429361160372e-16
4.6107557219573024e-14
8.723738573861498e-14
7.643796882689876e-13
9.19709560480002e-12
3.9834914689514805e-12
1.6540964077621988e-13
1.7519625681602447e-13
3.912148780305022e-10
9.701557996551652e-11
1.780121105631857e-11
4.097966327341174e-13
4.3806162769133013e-10
1.808557484591168e-17
3.0856589437305322e-15
1.0967126668931748e-12
1.655292568839596e-11
4.0976221125906186e-16
1.5249334881443327e-16
2.02375275758526e-12
3.2444451197656105e-17
3.2421153309403706e-11
7.414621159717885e-14
1.0949180345609639e-16
5.392673864292634e-18
7.069357203577941e-15
1.9469918154970434e-16
5.213793389915719e-15
8.327494632269965e-11
1.169820137850003e-9
3.03940100232703e-18
8.686644567490864e-14
1.7466042753390268e-8
1.9372126347461188e-10
7.867843348539769e-15
2.1477227416300505e-13
2.3958423739520995e-11
4.847391021921181e-12
9.845509363536296e-12
1.4284605639215871e-15
7.385655554939384e-13
2.8148797883886696e-13
2.877007366616314e-16
1.3055320410188809e-15
1.187652265336702e-13
6.998064264051288e-12
7.777692321137935e-15
2.056855472500378e-17
3.714817738789194e-15
3.994352767110495e-17
2.0823379518890088e-17
1.6712712935238838e-13
1.9556649222728534e-16
3.891747094610728e-15
1.551134333001644e-10
2.1974036356729647e-14
2.81634741101358e-18
1.5301471595389844e-13
1.106721899628371e-14
4.1875869491866575e-10
2.6232610796626852e-11
1.2391288845859338e-13
2.4930865444250263e-13
6.152014568646959e-11
4.840666620221858e-13
1.9422433355295924e-11
4.2000781089381774e-14
1.6932345501926316e-11
4.0318649911156644e-12
5.908383192368731e-10
2.926117063653831e-14
2.87154444129793e-10
1.1929146509928692e-17
8.798041834871321e-10
1.3779177739771172e-12
4.671173863713217e-17
1.6895012467676963e-13
4.487855808809915e-17
3.8675262553010513e-13
2.2240325041707543e-13
3.540871755986918e-16
2.3507624321177966e-13
1.3862296563483965e-9
2.130460363611429e-12
1.0651644979108522e-9
2.2355502480178978e-14
3.042458303066504e-10
1.1277412993051674e-12
3.9952812711975083e-14
7.46115472856477e-17
7.704827014700379e-15
4.171212300154739e-18
1.7167658213613552e-8
5.901704148757543e-14
5.217563283151694e-12
6.154060186955635e-13
2.3121775937917945e-10
5.328924445879243e-18
9.202086257851814e-12
2.5516338102461245e-8
4.3351955408585183e-16
6.484182642616033e-16
1.610542101672739e-18
5.196824060339455e-13
4.329020233574731e-15
3.4405911984169943e-12
1.487532267876016e-14
6.181274761120226e-16
3.1969142115510987e-9
1.0097460678020387e-13
2.034445627279105e-16
1.2822950480420613e-9
2.8749415890173625e-14
2.790795517054129e-10
4.828001702869891e-15
2.039153059724771e-12
7.54402250922196e-14
2.76184804284452e-11
7.688566270813874e-16
1.9650977859796865e-10
2.3080735592983222e-15
1.0169385377977057e-11
2.0194274152410246e-12
1.2841270851536878e-15
1.008936598910377e-16
1.4497056089236495e-13
1.467858117810615e-11
9.585517509536404e-9
9.508148018081716e-11
3.1345226933128536e-12
4.20800220645789e-12
4.5782416345852096e-15
1.1919997203334813e-11
3.4174205953686183e-13
2.932301355354184e-18
3.333415251361634e-14
1.5693258293592263e-19
3.7655771150339654e-7
1.9392953301181834e-12
2.797596797579607e-15
4.050727277582365e-12
2.6301319313435874e-17
1.745621900274721e-16
1.838609951337859e-16
1.2135569619622203e-17
4.9274990228362065e-11
2.725642154217081e-6
4.244791186064538e-11
3.1696902036618673e-12
2.763082234858058e-17
3.7059324127119076e-17
1.3871823488644379e-8
5.251318824127019e-15
1.824632561111503e-11
1.0928874626642197e-9
7.085982687327494e-16
5.4099610026480456e-11
1.9365004711230974e-7
1.9361064352943398e-16
2.620124738965845e-15
7.213320739962662e-15
2.549181471360495e-12
1.1320600389031127e-11
6.684723467582123e-14
3.901229524338496e-14
7.886642757524415e-13
3.2240551795473907e-13
1.2399635116416218e-11
1.3593509386632808e-18
7.47043302157741e-18
1.6931390404727298e-17
3.816864088215993e-19
4.3938070240012716e-10
1.1760854393571508e-13
2.3847854972628684e-14
4.805216476474691e-12
1.3688529862078179e-17
3.714850449083104e-17
4.38899372904298e-14
1.654435650076249e-17
1.6815246403272372e-9
8.002009096744612e-13
9.85915246470198e-18
2.4657554637725495e-15
1.5614907124454358e-12
1.0883634609307107e-15
4.4988987878138307e-7
1.949859745747873e-12
1.0825063546254408e-12
9.672088917185726e-10
4.039038954893613e-17
4.553241935542517e-15
2.5299350849230328e-17
7.503336142968373e-14
3.5167055704008586e-10
2.623220063835274e-13
1.1693067066427899e-15
1.674549864436659e-17
1.9416201821435342e-14
4.793271934764796e-14
3.369028252825725e-11
8.958233556616511e-9
4.5960856411619663e-11
4.9163815601648116e-12
1.0883607038126091e-16
1.3127893878020918e-13
3.4409927724409766e-16
4.897228657269261e-13
3.456358922869146e-13
2.859958525357622e-13
2.8131930635053445e-17
5.2221393134043405e-15
2.831922626255714e-13
2.068830960230372e-16
5.790224202625234e-17
