2.2565368285475476e-6
6.575260068730634e-7
7.895530499061805e-7
1.9842513378187206e-6
2.7742106043569583e-6
2.0221253665820264e-6
6.001110901411033e-6
5.233247007277034e-6
8.933729753377679e-7
1.0382992243699485e-7
1.92394979360581e-6
1.409445505019085e-6
2.6950971555357824e-6
5.0780175617910915e-6
2.6354057169083847e-8
7.87287042009917e-7
2.3205951654029264e-7
4.6797028058271245e-6
1.5923003073433736e-5
1.4955373822198204e-5
4.444291027573473e-7
4.281397060033671e-6
9.927698176678435e-8
1.848663066709744e-7
9.07846052370445e-7
2.4345935302622977e-6
1.4927017823249024e-7
2.6809077170204533e-6
7.660218186977464e-6
2.8365401821370275e-7
2.2480796539244462e-7
2.0344131903498248e-6
2.4770718378747196e-7
8.44479983150793e-7
2.622125511810563e-6
1.2955372437402516e-7
2.4109548953792423e-6
1.78460451160975e-7
2.3906109740455334e-5
2.5398282600646057e-7
3.203650763226867e-6
1.971109298746816e-7
4.006171659279927e-6
9.754929307536812e-8
1.7384776998454075e-6
9.071020834613438e-6
1.8810397870015396e-6
3.92227276725232e-6
3.2194145317901494e-5
1.164892316571592e-7
5.933662473417323e-5
3.3317096396968783e-6
2.3632919594823328e-7
1.785408861587207e-5
2.8020024198351618e-5
4.155802905451825e-6
2.283852960400488e-5
2.4977678330496752e-6
9.697211404946091e-8
1.951351175660224e-6
4.4273477819157785e-7
4.183735303001671e-6
6.204345472509612e-7
1.0024858195064061e-6
2.1898655233006086e-6
1.0098340419654125e-7
1.8826577125550525e-7
2.57204434253493e-6
1.119352255066251e-5
1.0744152581273885e-5
4.200673074583699e-6
1.9046015364705761e-6
1.391955375836055e-6
3.8696537520109233e-7
1.1548619544496131e-5
2.753927542610212e-6
2.075606607515102e-6
1.986045094933108e-6
1.380274370752088e-5
3.00267741940504e-6
4.4860388134603e-7
4.725104665635885e-6
3.752947889427815e-8
4.644654257638199e-6
2.7887942318110202e-5
3.3997139583657826e-6
1.8333530013528161e-7
4.670088439873569e-6
4.54028276135247e-6
1.2273715704782795e-5
2.4966505781026464e-5
7.396020704974042e-7
1.9542062786515902e-5
8.842716373878543e-6
7.565624274386266e-6
9.940488283347386e-6
2.4049044691508435e-6
0.0007574006076047953
1.1880303005308535e-5
2.2255022777609446e-7
3.802706841103433e-5
2.1294155000563572e-5
2.607937616189173e-5
2.083564039029842e-5
1.3010701338130392e-5
1.789214306286547e-6
0.00011831992687899005
4.203879364571642e-6
5.9002951922767346e-6
2.3495320988791206e-6
1.0255335251657785e-5
2.0245742173920316e-5
1.4826701692125838e-7
5.716213730421312e-6
1.0306338718007272e-6
9.550831676254091e-7
9.462344739231063e-7
2.7685210877064404e-7
7.551882653398461e-6
5.9767970039079544e-6
5.578437893976772e-6
5.445118623819908e-7
3.516593679222741e-7
2.451239243073889e-6
6.948906149022208e-6
5.682465778956622e-7
7.071287303131469e-6
3.870487555547995e-6
1.1189381071807472e-5
9.502660587218822e-7
1.2007163408497722e-5
3.383333344885716e-5
3.1893562526029723e-6
1.4474911330213271e-5
0.00014152621889795995
3.838692269616771e-6
3.545488045274532e-5
5.223851062794612e-6
4.0031221649408304e-5
4.075686542649878e-6
5.757386780146563e-6
8.760701690387589e-7
4.269098560796351e-6
1.0830931758529561e-5
4.086045955179584e-6
2.1750052740602098e-5
1.0661184525236452e-5
1.0149602206772998e-5
3.1563521503127726e-5
3.313346236013131e-6
2.6552205953487746e-6
4.186546788078785e-6
8.200590516263556e-7
8.05888261741206e-6
5.543460499120978e-5
3.815080485948432e-6
1.0686713825793814e-5
1.9902092149666224e-5
2.4166935868731985e-6
1.711104626605108e-7
2.225257661043084e-5
3.0986677480351688e-6
4.265261227553037e-6
2.1491389650481648e-5
2.0653530630647204e-5
5.211541035522008e-6
1.893610471353849e-5
3.6295175977071505e-6
1.0854865271744923e-5
1.6663237887130852e-6
2.2056595410912894e-6
8.407084561613804e-6
1.7221816609443806e-5
1.3114951801622015e-5
4.6349691920209214e-6
8.918433716913548e-6
3.523980320324693e-7
5.291216763315339e-6
2.8454540307113662e-6
7.312448121707841e-6
1.0029001473147422e-5
7.595311632465349e-7
6.850421471024768e-7
7.0910008167094815e-6
1.211868191538466e-6
1.0657184732563722e-5
1.1943002280430186e-6
4.824716185998011e-7
1.7187208483135764e-5
8.283212429930888e-6
2.9561786923110198e-5
1.2596013773116852e-6
4.5725696520495055e-5
2.5541651101641313e-5
8.16945471082645e-6
4.249538560278646e-7
2.941361268630025e-5
3.303198390361282e-5
7.039211899158031e-6
0.00021618934067797667
1.2355413494695047e-5
1.759778318460897e-5
4.208794125554247e-6
7.065057327772977e-6
7.718241038011373e-6
7.572353265251679e-6
2.7658531750141276e-5
1.0671497214155026e-5
4.09512647734179e-6
2.23885325870904e-5
9.60059192995807e-7
6.899687442321777e-6
5.50037984298854e-7
2.493182502397275e-6
0.00011824500468673839
4.8486096942057236e-5
5.575171880635883e-6
2.59522205029685e-5
1.5488341306860996e-5
2.4018569905979314e-6
1.2455430642856724e-6
1.0179885846135819e-5
1.2391084911343434e-6
3.0529227700282625e-5
9.573350456682435e-6
3.3269144628348254e-5
1.6404528498212642e-5
2.0983897050047022e-5
1.1319183157196017e-6
4.6608303343153105e-5
9.319546949874836e-6
4.225361496240814e-6
1.4603447237961594e-5
4.714973309727128e-6
4.379583086524434e-6
1.5098448289105663e-6
7.857671808165614e-6
3.629005511485084e-6
5.146787617822827e-6
2.65518788995575e-6
5.922882763472103e-6
1.1517627441747498e-6
4.026938753157576e-5
2.3138560706041328e-5
5.652176061733915e-5
1.9723777169644937e-5
3.304305901466587e-5
1.9833930942405197e-5
1.318155438699522e-6
6.207840148656754e-7
6.5897724246678405e-6
1.063352349144988e-5
9.103884228409889e-6
1.0059484411516486e-6
6.653510181918689e-6
4.2505651749777645e-6
3.8616010552446784e-7
1.500051327720445e-6
2.7482187760736845e-5
1.95560434370227e-6
3.64485214753875e-5
1.9223305585419262e-5
5.66194127314252e-6
2.8956097052660948e-6
5.950714048098342e-6
1.2095888717029591e-5
2.1100738355914744e-5
3.0792052848365256e-7
1.202425166075006e-6
1.3001890207695729e-6
4.855657342462263e-7
7.488558080723659e-6
5.214514681441907e-6
7.65536613041566e-6
0.0001381170957972472
5.127988132305818e-7
5.2471159129228045e-6
9.861223713511985e-6
6.511547723320358e-6
5.025285791539633e-6
1.2034784490928156e-6
2.638383588316524e-6
3.398853216592205e-6
6.8303951235495855e-6
4.05203047059302e-5
5.241867283063927e-7
1.4380197595828299e-6
9.262229345793601e-6
4.828970770457013e-6
5.039675309728978e-6
1.0719327119993722e-7
4.41983895640644e-6
8.372811498170462e-6
1.178933015073026e-5
5.340124138629672e-6
7.760841517354913e-6
6.0353582759281704e-6
9.415334548460145e-6
3.946986361928061e-6
1.6555911018193677e-5
2.1054365409541463e-7
9.303647691909143e-6
3.4800289961881335e-6
2.953982871668854e-7
3.374334258917142e-6
3.5692952249606726e-5
7.660631248880902e-7
2.2721109640424327e-6
5.350733510041159e-6
5.715534190072359e-6
4.634413598406352e-5
2.611892490258925e-5
2.3159415351341117e-6
3.2359846364562144e-8
0.00012104906289933893
1.0170613146920871e-5
2.1300090730709315e-5
3.3139897324980164e-6
1.4451627133342245e-5
2.5501130736268523e-5
6.240115049537964e-6
2.5623321891442034e-5
0.0009993590735068439
3.835769317365176e-6
1.7415245205056058e-6
4.141362022864155e-6
5.9568833593913555e-6
0.0001331796873708645
8.409144409780932e-6
9.614163910868404e-7
4.276676074892277e-6
8.014214496669507e-7
5.035725119636274e-5
1.0841951683175514e-5
1.371916747638263e-5
1.1952871854801368e-6
3.0592732972011255e-6
4.4097786342145525e-6
2.2861052239866655e-6
4.273901430800861e-6
2.4203445508186472e-5
3.1232878651358134e-6
4.558266299625852e-8
2.1067791103255547e-6
2.7393363934884392e-5
1.1150320227304729e-5
3.7903065140662393e-6
1.9795153116342186e-5
4.259270922749171e-6
7.321344089009611e-6
1.8730235630577718e-5
5.495834163523937e-6
1.307776578916319e-6
4.219541238615271e-7
5.340296207813889e-6
1.2166294019961545e-5
0.000175872200564196
5.641049877299237e-6
4.401244864127312e-6
2.2577707785124605e-7
3.204588085886441e-6
3.969056205276821e-5
5.348420502037414e-6
1.574858328384556e-5
2.2719270878792894e-5
4.275690965803871e-6
3.091396913351722e-5
5.1422173048267725e-6
4.586579572593022e-5
5.424706103923516e-6
1.180809732392599e-7
2.2890865682923535e-5
5.5080662155002236e-6
9.740635340708206e-8
8.513932661351664e-6
5.704593674417524e-6
0.00015630639934962316
3.5676706207748294e-7
1.0628456734525757e-5
8.97020025769598e-6
3.086149169895519e-6
5.55587103458839e-7
4.531085034998105e-6
8.662311006207396e-6
5.606985293118687e-7
0.00017426660094757308
2.07988432366478e-7
1.5158497061568407e-6
0.0001483041266549694
5.777195498953785e-7
7.664739800072265e-6
6.3239364959008285e-6
1.1134520170923185e-6
5.784988561995539e-5
2.1197278732707274e-6
1.2918669330059657e-6
1.1971345387127264e-6
7.631198479059633e-7
2.3285805521342752e-7
5.546236254311611e-6
6.130126667206744e-7
3.406964930772799e-6
3.357835564059832e-6
2.7529456951815024e-6
0.0004405002793076918
1.4828445122447601e-5
5.931272473130241e-6
4.363263826472724e-6
6.403156104382662e-6
7.307843869232582e-8
2.414804631159061e-6
2.0892860298783072e-7
4.798539013783145e-6
1.7675052543649352e-5
6.061941234603127e-6
1.8371176296691383e-6
1.5742288607563025e-7
4.023568106540607e-6
3.683919575017417e-6
1.5550649145394583e-6
9.371710393290599e-7
4.0773884817895965e-5
1.9062514596737966e-6
5.384186677128329e-6
1.0407828211034405e-5
3.250274823800046e-6
2.5136798942421624e-6
3.454169166229784e-5
7.680720003003073e-6
8.866028463068448e-6
0.0009366290066744949
1.7867234454227293e-5
2.4321704725870114e-5
7.190110714190569e-6
2.6558085596611117e-7
1.3195939598794647e-5
3.792161055507254e-6
6.901098192434223e-6
1.983457378762659e-6
1.0965436222599178e-6
6.736197546852181e-6
1.16212858359609e-6
3.884174548302741e-6
1.3115928380214551e-5
2.5141136526735146e-6
2.9946053135617797e-5
1.3617571033115694e-5
2.4876153468895926e-6
2.743098529079229e-7
9.914427145801128e-7
1.1505933248713396e-5
8.426455636436159e-6
1.19916952391183e-7
4.152903228191172e-6
2.3089623593286894e-5
1.613936294820856e-5
1.4922162430889172e-5
1.7128628239985082e-5
1.1680958828711242e-5
4.8890160883332634e-6
2.5000284793698903e-6
4.756561421005056e-5
1.1595304335787613e-5
7.068401177618289e-6
7.326310135645941e-6
7.503556076684687e-6
6.6201402449934115e-6
1.9770024768174235e-5
6.50512341983465e-7
7.207078241632541e-7
0.0001268724634433521
2.5979242036012566e-6
4.594293092926475e-6
4.132916428993434e-6
8.336649967707788e-6
1.32387647413882e-5
2.592283193514269e-7
3.5050343217550434e-5
6.990764459512505e-6
1.7195738970339256e-5
8.669774943369896e-7
8.339102932877225e-7
4.093037402759445e-6
3.0055732247979902e-5
2.384118349751288e-7
3.2370055834750564e-6
9.923415448050785e-6
3.435084685396046e-6
2.4399545990975804e-5
1.4242419617444328e-5
6.791475987029646e-7
2.9417370269068504e-6
4.654129628203839e-5
2.879359211071129e-7
1.6487510409965393e-7
5.823607209503848e-5
6.9927410225339746e-6
1.113561446534818e-5
2.0740773210652922e-6
3.4702150011597315e-5
2.3469239778225187e-7
2.411632894905494e-5
3.0029581062589953e-6
1.820750295472972e-5
1.5565069756176198e-6
2.945743196378663e-7
6.374387437966946e-5
2.102790680101446e-5
1.0549484038216511e-5
4.893313571819059e-6
5.823590197592224e-7
3.218113700027951e-5
1.257482418295322e-5
8.191312594366216e-6
0.0007243081028396143
5.125124869920138e-6
0.00017972416028801672
2.2066962109038338e-5
2.0064573645806817e-5
4.537675654355158e-6
7.653535172644649e-6
7.592422064137216e-6
6.2763322857363576e-6
3.095052402753518e-5
1.3846417502070872e-5
3.086676067070916e-6
9.194109267163311e-6
9.110744189706054e-6
1.1610266129320661e-6
4.802889236880151e-6
1.290886749475634e-6
1.5250097020292573e-5
5.7670777560716755e-6
1.9250334921427052e-5
1.0089641225248468e-5
6.127662669907378e-6
5.623395454444224e-5
8.079770055123428e-7
1.8795357463908225e-6
1.4247230543917637e-5
9.192836663043428e-6
1.2705494013281381e-6
2.809413252724206e-6
1.619533158336072e-6
4.321055677253081e-6
1.0393211132787316e-6
2.133590587089537e-6
2.6578308287145644e-6
8.948687969292118e-6
1.5827257267832544e-6
1.0786923058363243e-5
1.885925636197624e-5
4.213633373327664e-5
0.0001449485018290608
3.067252573379416e-6
1.7807209382869306e-5
4.2821138194477224e-6
4.745994020050977e-5
2.46742455336985e-5
5.314997885667613e-7
4.797181199742927e-6
3.0000274420832477e-5
5.172671580423168e-6
9.94102663602228e-6
4.0331890369231706e-7
1.8676845631317299e-6
3.0372278114433854e-7
0.00012644680243731348
1.185524320482445e-5
7.1777749981311565e-6
1.519222093502327e-7
2.0878939215093512e-6
5.088171189641911e-8
5.434849138554385e-6
3.9265074912231556e-7
7.232544190276184e-7
6.643079526362175e-5
2.6645340826167483e-5
1.256195436952582e-6
9.473676293572226e-6
2.6608882519541972e-5
4.50670899155373e-6
3.0394613921495188e-5
9.475473351410982e-6
1.533401293095424e-7
3.328125703876029e-5
6.9932017051225605e-6
2.219460337146579e-6
1.1612957880244214e-6
1.5360853450489098e-5
3.147450703223469e-6
5.299836777977805e-6
3.017946956259471e-6
3.12083166312089e-5
1.1736203932494443e-5
0.00012587784426665777
3.456700798113476e-7
4.841496792315686e-6
1.0017624707125693e-6
1.4764619950292693e-7
1.1873400233198456e-6
1.297392072221353e-5
1.614618487110931e-7
9.723400689971715e-5
4.793354095587706e-7
2.784918611380814e-6
1.8405328008894102e-6
9.66833270686435e-6
2.7729494337705165e-6
1.6425831122075105e-6
3.238007032918498e-5
1.7988795995172734e-5
4.6022405702995864e-5
6.236043519534187e-6
3.214228293129394e-5
1.0833294051609614e-6
1.2564176506252668e-6
8.172828554228913e-6
1.068849490548478e-5
0.0004912487383784789
4.241541918253615e-6
1.1339045278541195e-5
4.930750596717178e-6
2.2093068603653744e-7
2.486474940853573e-6
7.341616731307742e-6
5.823629176054706e-5
5.521824442159848e-7
7.984022780291442e-6
5.773748963358168e-6
6.046316405427205e-6
2.4099584271359427e-6
1.3744322986760485e-5
1.690773492787319e-7
4.987548435711534e-6
3.544554883743113e-5
2.467927174211442e-6
1.1385887173675325e-7
4.262309639978246e-6
2.087429673158796e-6
8.372579635908802e-6
5.749185645177928e-5
1.2636102562163883e-5
6.431239498197509e-6
4.121965434829584e-7
9.386463966875431e-7
1.070635559800493e-6
1.6299152931608737e-6
8.024152675630469e-7
5.711483610859893e-7
2.1424831361599012e-6
3.2439979816108605e-5
2.316345094088714e-5
8.189210368341839e-6
4.564017361838521e-6
2.4940341690125674e-6
4.579476944378342e-6
1.5084001922187083e-5
3.163375450453518e-7
1.1247113035826094e-5
0.00027218642818169886
3.128723400875382e-7
5.716501558965789e-6
1.9827492013828512e-5
2.496407583533481e-5
4.3735278431048915e-6
3.646676985258839e-6
2.8180165721647565e-7
9.78536519602073e-7
3.571271680513817e-6
1.7315347729886653e-5
2.8434094916724717e-6
1.5347642819257822e-5
2.4367381433670187e-5
7.403647653976188e-7
2.0635737121679858e-5
0.00011965307023141927
3.6259533100801623e-6
0.0016296503366186944
1.1358164789323907e-5
1.4975765438450818e-6
5.151097560210721e-6
6.2367922637974575e-6
2.1850116210329334e-6
2.4505265795001816e-5
4.148714126813927e-6
5.887745066018495e-6
3.781538879675411e-5
1.077761922768939e-6
9.10124469184952e-6
1.7896605269550672e-5
4.2414764088715494e-5
7.777284777893716e-6
1.4415816981758768e-6
2.2014157860456206e-5
5.082967155714493e-7
1.6698526149503477e-5
1.6774071141544078e-5
1.8885101602148688e-5
6.184507652944435e-6
6.705037456712717e-7
0.0009677951025237702
1.4910654142983233e-5
8.217501609138048e-6
9.423334100841765e-7
7.984033174361494e-6
7.284740597750688e-5
1.4430892549092337e-6
4.6657138505529805e-6
3.728782888582033e-6
1.6177079207246252e-5
7.840532166798158e-6
0.0009529298824779765
3.2015621967776345e-5
0.00011902461250923274
8.313111406212617e-7
1.6263700895003877e-6
4.4754458566793084e-5
2.9929498011207673e-6
2.4021068918526894e-6
3.921985867200179e-6
1.7933454752931535e-5
5.848507004864952e-6
2.8525096038396447e-6
7.3202579213112865e-6
3.0100885132883693e-6
2.6092586516894926e-6
3.895568354764497e-5
6.751975992682308e-6
9.720374876841502e-6
2.6772518753790463e-5
9.613217394690398e-7
2.262873605034738e-6
1.3382470224221988e-5
3.0101579879577416e-6
2.8195754459932405e-5
4.4603104397069165e-6
8.810778512874013e-6
2.5445518312212256e-5
1.4630803445984816e-5
8.885477710047672e-6
2.3546951978907539e-7
1.6119733343936754e-5
8.655854053117106e-7
5.591574409818022e-6
2.2406423219111424e-5
3.483537217187688e-5
1.0061692205097683e-5
1.1933768054710456e-5
1.0020722980993409e-5
2.969379476385572e-7
2.4725805536372313e-6
1.1013033978451703e-5
4.632098183343876e-6
8.203011272350999e-6
4.37262287233393e-6
7.858295148450674e-6
3.027742280833746e-5
2.081007552988099e-6
1.7195320095329857e-6
1.542923711342245e-5
1.7581409647927262e-7
1.3288544768820537e-5
1.958007312090048e-7
4.432131515641561e-6
1.9857478848937735e-5
6.7142922284907374e-6
5.5675967789781696e-6
4.11032357674117e-6
1.932681872403609e-6
1.7816352569119424e-5
6.60975722458793e-6
1.1938231829790303e-5
9.480924526478222e-6
1.7607823232425513e-5
6.484657050933729e-6
7.292287384610834e-5
1.3527952716112503e-5
1.7019937981773119e-6
4.404917095752519e-6
5.014690815880206e-5
4.773398628489226e-5
1.8248771226044746e-5
4.454773901613034e-6
6.528861695949891e-6
2.717164501865368e-5
1.2314415542816146e-5
1.471017499141636e-5
7.356286711439128e-6
2.3166857482991935e-5
1.4724990574450694e-5
6.611330469143023e-5
3.854423706892993e-5
2.9158130303888637e-6
6.842237119100619e-7
5.432094487728733e-6
5.347863742424029e-6
1.5974373257620926e-6
3.0489726760831286e-6
9.095333120567179e-6
1.7554367577638122e-5
0.00018569295457061938
9.139610735250325e-6
9.454911124197119e-6
9.72470283331273e-5
1.2061661818075983e-5
1.6569891651582884e-6
9.63302697635914e-6
3.501520152720992e-5
1.56828626518843e-5
6.171474157262025e-6
2.857739779580506e-5
2.1037895171155327e-5
9.419504158831374e-6
8.695422419302488e-6
1.869071965811086e-5
7.921892035730726e-8
7.780037087786663e-5
3.2672772551425012e-6
5.952344643160088e-6
8.747697555254923e-6
1.5266323658708852e-5
0.0001231267089257517
9.642581394207409e-6
5.635634156970376e-6
1.0686695326502292e-5
7.848203301621169e-7
3.4509487577168736e-6
1.4520956903639843e-6
4.053494719061664e-6
1.3826063478329177e-5
1.1246859082656967e-5
1.0461173102616742e-5
1.8855322664414546e-7
1.6003737312451154e-5
1.3502733743962033e-7
1.6861049368891645e-5
1.4793853985169392e-5
8.045165031901151e-6
1.3458115040056468e-5
7.608875263683181e-5
6.6603803249151615e-6
7.218722339949583e-6
1.63348825769607e-5
1.0757865632587253e-5
8.705385369253362e-7
1.2217322646909297e-5
1.0077910128771054e-5
2.4187298408283798e-5
8.76942110831633e-6
3.7932116986655106e-6
3.4994807378232512e-6
3.0203279994326455e-6
3.7917885894541556e-6
6.810024208481101e-6
1.4661804395642754e-5
1.3103235057991788e-5
8.503310054528313e-6
3.3014908299699776e-5
1.038325889676119e-5
1.0965238416280487e-6
4.796517213696896e-5
7.743819909292189e-6
3.0562526113119898e-6
4.736663502343136e-6
8.25197567661333e-6
5.5588385078332094e-6
3.5762488969084344e-6
9.070877818336655e-6
1.562703683907895e-5
1.2097226616956963e-5
5.320280365682671e-6
3.6269527527551975e-7
5.556333706477595e-5
5.625594291710343e-5
1.4437913269284958e-6
6.295438177337646e-6
5.128749022252793e-5
1.7771940837828865e-5
3.1870916009355568e-6
5.939404145124097e-6
5.00012281340166e-6
1.935636306677007e-6
3.6673722865069296e-6
1.500671704096499e-5
3.977989624832993e-7
6.16358534509257e-6
4.7920164812766836e-5
2.229577014296195e-7
1.0286966321722228e-5
6.306588846376765e-8
1.3372364921360557e-5
6.6923977668817454e-6
3.984598796190873e-7
7.551458476813651e-6
5.404841488164058e-6
1.1571243284469787e-6
7.233998831165547e-6
1.2707103252497424e-6
5.293660324482661e-6
3.314295015486468e-5
9.004945217395351e-7
9.620793822102385e-7
9.430969701599449e-6
2.211508888244332e-5
8.802715735430664e-7
8.145307368887618e-6
2.963232440300765e-6
3.7686186720985965e-6
6.9784862653103374e-6
2.456021386533172e-6
1.1056441375018801e-5
1.4881676001548496e-5
8.477998375056434e-5
2.046388685098932e-7
4.3196811245544173e-7
2.255521740488654e-5
2.6331865118534084e-5
4.4341298889004894e-7
5.741924815665811e-6
9.644424230248516e-7
1.730116164548021e-6
5.185889090569127e-6
1.0259124482204098e-7
5.539992129872914e-6
5.9669226095717106e-6
0.00019150719704359864
2.736236126738017e-5
1.9112206224460955e-6
5.373392793281724e-6
0.0014243077794042051
8.375711672654468e-6
1.647070282779274e-5
1.223875913403244e-7
8.376110820553479e-7
2.4384669030849374e-6
5.0356328070585364e-5
2.927353401943519e-6
2.4684669275161912e-5
2.9135554274966384e-6
6.007882385020118e-6
1.18134396118494e-5
6.392033748488852e-5
9.134152756274336e-6
8.14243987865724e-5
7.873470016618578e-6
6.95004655155895e-8
7.788884179101402e-6
1.125465227447315e-5
6.808663565157802e-6
4.033606808883113e-8
0.00019386178085284577
4.10952566853851e-6
5.717967289495382e-7
4.734309353084979e-6
1.825400705114773e-5
9.753037192988745e-5
4.2151840934794745e-6
4.017968987820566e-6
9.52283012708008e-6
3.380117181959142e-6
0.00020212722705775235
6.209078919458217e-6
0.00011004225944854697
8.354758872509171e-6
9.829238504380473e-6
2.5925872259938823e-6
3.7390608481550534e-6
7.927177306323136e-6
4.2646514440052255e-5
4.07350509796514e-5
1.8401830640157162e-7
5.332447997332573e-7
4.965768479868602e-6
6.062522077255013e-7
2.901389283898521e-5
1.5521637599471483e-5
1.3191281066931566e-5
3.5935682473440006e-5
4.762564587526749e-6
1.5802563788708185e-5
1.1133610743583934e-5
1.3818069435347258e-5
7.863463547917774e-6
9.179787794969395e-6
2.085346820263161e-6
7.261199317721275e-6
4.5463530671825346e-5
1.1474133830068759e-5
4.439524025163335e-6
1.8977747171404444e-5
2.0144854206589078e-5
2.7946404731359548e-5
1.247542524353436e-5
1.4367095078670617e-6
1.3213803530491062e-5
6.661848760878444e-7
5.13644987452033e-5
3.6077858535436256e-6
1.475006346447073e-5
4.061773031514237e-5
6.416711059236323e-5
4.786022775607481e-6
8.685954944140863e-8
5.125828518846816e-7
1.0567345961811225e-5
2.584194938548595e-6
3.9569731348458985e-7
3.444148938174177e-5
0.00014970466202814586
0.00022118389538267603
6.116270010396268e-6
5.599821325366694e-6
1.722182504612524e-5
3.1258311503074754e-6
0.00011885290269038035
9.294246632851645e-6
1.1703632837079373e-5
3.2129848480516416e-6
1.6077992003014488e-5
1.0416688663896642e-5
2.6415353328444472e-5
9.363222710038779e-6
1.5233183465185189e-5
4.1914052702020264e-5
3.1705579020983568e-6
1.5688638102368206e-5
6.702439471995776e-7
1.8834768564209534e-5
2.5846313774702134e-6
4.109139849590766e-6
1.507155772614396e-5
8.256428204161132e-6
1.4591036124886598e-6
3.7349918053030354e-6
1.5314975791872305e-5
3.3580590393264103e-6
2.777342305172688e-5
4.216790551215002e-6
6.756968630329692e-6
2.0778541729443283e-5
4.292996998387478e-6
1.1759375438695241e-5
9.154320048253932e-6
5.749855151496495e-6
7.028723427678718e-6
1.996502181865798e-5
1.862781802921457e-6
1.2379074517851655e-5
1.891199087873752e-6
8.557741813350917e-6
1.9033871398116153e-5
1.6200989475783552e-6
9.647198317567815e-5
3.913510855665744e-6
0.00011296861840920537
7.841630796103384e-7
8.659903272155218e-6
7.697218357936779e-5
3.7373238264498156e-6
2.7625326672712075e-6
9.451447156243061e-6
7.476906493020092e-6
5.598273051751511e-5
9.44732437573284e-6
2.4370295293663184e-6
4.309497811452888e-5
5.566135529678704e-7
1.2348610783669737e-6
1.064776072263262e-5
4.049859529634612e-6
1.1510331594326245e-5
1.2295358850894514e-6
1.0802959741267043e-6
2.4149903004562285e-7
7.793051057676602e-6
5.83153387515267e-6
5.9543404331593735e-5
1.01038061294813e-6
9.458904539497826e-7
4.5251453717083656e-5
6.698376475657727e-6
7.802573140403261e-6
3.006547106733734e-6
0.0005096031106487792
7.18649042956433e-6
1.3399710710678585e-5
4.759842120530276e-7
0.00011702746219303304
0.00014306694385016696
2.2027149391714136e-5
7.818248550740489e-6
4.384696322380912e-6
4.35424378459305e-6
1.180475052523946e-5
1.504225263865858e-6
3.06557973628512e-6
1.750692858350597e-5
7.762478099602005e-6
1.5003417714256446e-5
1.0142274845672043e-5
6.462845954016587e-7
2.04744220504836e-5
1.4339584483774355e-5
5.153367786181288e-6
5.250699100002463e-6
3.2366494590501355e-5
7.78791226193255e-5
0.0001991682741550319
5.10461340804437e-6
4.7234010894774475e-6
0.0003653378184775722
8.481712609200725e-5
7.5090618261883785e-6
1.6368262891082157e-7
2.448700101025494e-5
2.0000027790441208e-5
4.405176677270363e-6
8.395007124253899e-5
8.817667452210326e-6
7.839345030756727e-7
5.720444010797499e-6
1.3393336770423738e-5
9.734339163666105e-7
5.279701547938928e-6
3.9533695537269804e-5
6.917872188574111e-6
6.491528018218913e-7
1.7923728105646593e-5
0.00015147338069252587
1.6408919472097052e-5
1.199716481864478e-7
1.2475537490620007e-5
2.152531227488827e-7
3.417405881583493e-5
4.648603954629312e-6
9.868595263142193e-6
2.0150097384843277e-5
2.970729352411319e-8
1.2716907349726274e-5
3.6373676652814792e-6
2.6132596875672233e-5
0.00011628562264578874
5.782027302057035e-6
1.188346541569788e-5
1.2597642074483147e-5
9.157662840118482e-6
1.1694413823601283e-6
4.1347360283819045e-7
2.4913418128630552e-5
7.906061322971927e-7
1.2437848360885777e-7
2.3644471850247476e-5
1.7146956506255407e-5
5.1949631224076853e-5
9.265747311438965e-6
2.152255793570689e-5
2.4930686967906517e-5
6.396836086419188e-6
2.6134119919063565e-5
3.0180819398663266e-5
3.031744490701759e-6
7.035925973492517e-6
7.112584566404904e-6
8.784870339557579e-7
4.717390024948703e-6
1.0273417092080764e-5
1.3319199598152892e-5
2.3665353269762013e-5
1.4788620553681122e-5
2.617914846073834e-5
0.0006391648996501467
7.495757940611671e-6
1.1472120622078116e-5
2.7387641035167703e-7
7.957701530590792e-5
3.489421170721682e-5
1.4564268703466539e-5
3.6634010396998965e-5
7.280115205800863e-6
6.604131369689319e-6
8.96420813934866e-6
9.639116875389167e-6
1.245369060380014e-5
1.582132908931512e-5
0.00028464345733195026
1.283445505522588e-5
1.0610573945514078e-7
7.39013476367269e-7
3.7803147133007204e-5
3.513051882911218e-6
2.05256596327978e-5
2.690653330095503e-5
4.2400468206136255e-6
1.2164206671860179e-5
3.7768554579970335e-6
1.1919060509145755e-5
3.3493474461204593e-6
1.2071421483890578e-5
8.33191875125423e-6
1.0212651090182999e-5
