5.744363350258313e-12
2.7264515367376327e-12
7.275535707996868e-9
2.8243175782030604e-10
3.010816799624622e-11
1.8223834228952746e-11
1.691556423148856e-11
2.8550280825958076e-12
1.5462167373752348e-9
3.000263777566105e-13
1.3292540663167449e-11
1.408001230615981e-12
2.0171205701185995e-9
1.3923079159816585e-10
3.526668237459373e-11
4.197214974988943e-12
6.782885765410472e-12
9.684979424589982e-9
7.642490491649492e-9
5.016472482431289e-9
9.265787732538381e-10
2.0845477290519772e-9
1.4144698320122435e-11
1.51480507247512e-11
1.1735268590358035e-12
2.7245746633043413e-11
3.288783688362589e-13
5.349161709572606e-11
8.605743461835196e-11
2.9428127695921086e-11
2.1523923943067893e-11
1.0199325623302117e-8
1.7110255001865751e-12
3.4932945393667174e-12
9.60564031281919e-13
2.844164566022552e-10
1.2708729398276394e-9
2.756775526012674e-10
7.935137127141298e-11
5.281893929928751e-11
6.106908959140138e-8
2.460490021189794e-8
1.0472954425809762e-11
6.218010463672491e-12
4.4916520342244195e-8
1.0128303150974158e-9
2.516465504496583e-7
2.63565866307423e-7
9.689147481443464e-7
1.3332455443915909e-11
3.5727680305633826e-5
7.036936248511238e-11
6.157804810979997e-8
1.7165734190053088e-9
4.039671441175497e-11
9.464389243720005e-12
4.206513863062022e-10
1.460637981138804e-10
1.3742323222066141e-12
2.6595996067248594e-13
3.4205127079960516e-7
6.178037238224825e-13
1.833987124733202e-7
1.858231106244358e-10
4.8203531219204014e-11
3.3331641025133445e-12
4.1515573023999104e-10
4.997775165720154e-11
7.044474201957621e-11
4.97100013424136e-9
3.375940791967228e-13
4.36944864123692e-11
6.0910434280027524e-9
2.1113353077687274e-11
3.1814427645219184e-12
2.31050391177863e-7
6.973749622387226e-10
7.357270617766378e-5
6.046812764998233e-11
4.295837929998824e-9
1.9250484612208613e-8
2.3742900546617043e-8
1.4493447923300983e-11
5.268726031505841e-12
4.309229422603483e-13
9.975107336405411e-10
1.8946242171863245e-9
5.4017122607381954e-8
2.899036110786472e-8
7.760576055730823e-8
1.3503784249677302e-10
1.4971023718597457e-5
1.9359700328674833e-11
1.0313858044393707e-10
1.1843780934126134e-9
3.364641858223351e-8
9.136123710510598e-12
4.530397163621257e-11
1.6850783129363915e-12
1.969394952954657e-9
6.7455599838902676e-12
6.976114473632765e-10
7.871561397466227e-11
2.983059860744706e-14
7.341142997474559e-11
1.6204438027251199e-7
2.5292750183816203e-11
1.9456803944369936e-12
1.1517866618483945e-12
1.1015825617920668e-11
9.423807245617893e-9
3.476228705527386e-8
1.7956178103447126e-11
1.002631666492257e-7
4.7511128634309526e-12
8.829181935201802e-11
1.2831139013639575e-6
4.0809815787494725e-11
1.3461355208603334e-11
1.6905704510841472e-9
7.157777416713838e-11
2.349130816664886e-7
1.941397577865325e-9
7.451316677478938e-12
3.8967287675148146e-12
1.1012913015668378e-10
1.1779013768051399e-11
9.524258143285592e-10
4.789722533994754e-10
2.1741327029233035e-10
4.952265859504006e-12
7.253889462209091e-14
5.2775186821430296e-11
1.0399620714191762e-6
1.1160465887280646e-8
7.403174067577672e-8
1.2762242048821014e-10
6.009062836402983e-9
1.172971787494183e-14
1.231649442824158e-9
6.50987928588962e-10
1.852947820150031e-10
9.450008501614685e-8
1.4652208216244179e-12
1.3843258027484107e-13
1.1083408568886497e-10
4.705323163744829e-7
4.299312595795262e-11
5.0372610432419894e-12
5.030519129898234e-6
4.0084022385903245e-14
1.3430964292220973e-8
3.43111423962398e-6
6.949353828990585e-6
4.643427611750237e-11
1.6477387900949536e-14
1.5642592557806144e-12
4.750050700727938e-12
4.08914100385584e-8
4.632065470219667e-13
1.775073762282688e-7
1.751212853330418e-12
1.4588422246264197e-11
1.3010019494698644e-11
1.6215329491762447e-9
3.4571912666074823e-9
2.3932932827452074e-13
5.3034390050717524e-11
7.022283652250065e-11
1.2748754433824675e-11
2.741322643131857e-11
6.728921168228204e-11
8.664587733651356e-12
5.1865506312962306e-14
7.01469734354769e-13
7.672296360256272e-12
6.6507227172297e-11
1.0987098228825567e-12
1.1448092249751591e-14
9.399513827552817e-14
5.6424458477819e-9
6.323994917277196e-11
7.279485554430253e-12
3.1725787560533206e-13
0.0004578489765607717
8.882197574010829e-9
2.532252639250281e-11
7.254537761422429e-13
4.4553715267178817e-10
8.190272626899563e-5
2.4203376800188514e-6
2.0978758647033647e-10
1.0888529298857036e-10
1.7866304717792646e-10
1.8110731130870113e-7
2.1746217107801783e-7
5.771623543805617e-12
4.0617223801603945e-12
4.728933135318847e-10
4.268378199512247e-7
1.9901173998878877e-10
7.830544380932056e-14
9.712505808636777e-9
3.019949881182815e-12
6.046670311807076e-14
2.6358459370443363e-13
2.9293632792628018e-9
1.6367918535446612e-6
1.4362289691390914e-12
2.8961998221146697e-13
3.004989127877289e-10
1.101568844417103e-11
3.249853894398948e-8
4.6599471495828286e-9
5.734774309162914e-13
2.557149245362114e-15
6.536026952309448e-12
9.13269385326165e-9
1.9947216993633044e-10
1.8890199514917679e-10
8.393135176768482e-12
6.836854572689612e-12
5.109550687927068e-9
3.8546815778160706e-12
1.1006669199977817e-7
6.2117644641869745e-9
7.946623175438293e-10
1.6448828253614047e-13
7.03658944751953e-15
9.850741168722237e-9
9.313714104065376e-8
9.466258090234624e-8
9.552746487044323e-12
8.225956662816935e-11
4.99798772751605e-11
1.1349408860216043e-13
2.332497930114601e-11
1.2601053450893426e-11
3.930305528784594e-12
1.4741342532590449e-15
1.7392724008512008e-9
1.5567041787767192e-10
3.606328506783885e-13
1.7192582033677803e-14
3.726720573932599e-13
5.991258581581037e-11
6.587359651421663e-12
4.223830036261232e-6
2.333455979857756e-12
5.062049556163685e-12
1.630773523875824e-14
9.362327212051539e-10
1.3635970983376087e-10
4.835758809415313e-12
3.0270776181096646e-11
5.423201351973485e-9
2.3447101777031616e-10
1.7973357497895672e-12
2.878623555096824e-10
9.538187046738727e-10
1.4936435237017604e-10
5.1805299714380087e-11
2.4168847725250954e-9
2.2788258818331577e-10
8.337283503519065e-13
2.427468035170162e-9
3.5866907147357983e-6
1.4126195530181473e-7
5.328886120196396e-12
2.8978343428871136e-12
2.0093283984916114e-11
7.05714706817e-11
1.9212400495252867e-8
6.057348241845644e-6
1.9087687030510634e-8
6.922887043717921e-10
4.206592716792329e-11
1.548767089462766e-13
2.894932181054258e-9
3.364578565264649e-13
8.42019024909887e-16
2.0036544506405466e-13
3.860125007677293e-8
2.907450458707755e-15
1.5452901881446653e-10
3.3357210955106227e-12
1.5292682196854663e-12
2.6075386670133257e-12
6.118726704728398e-12
2.6044384413796496e-11
1.0260755636230496e-10
3.1650790070324877e-10
1.8329643051189844e-10
6.242159771160314e-10
1.4567204935947507e-12
4.462957237571164e-9
3.7623751755813436e-12
5.21952902233806e-7
1.0237824259947309e-10
3.009059110757634e-15
6.0520174050071416e-12
1.2401561771232987e-11
2.1702043156489348e-14
4.708290419553051e-10
7.271085125035317e-10
6.646795050857749e-14
8.344669899070277e-14
4.0696259460549795e-8
1.9324128113781643e-11
1.4648598050082163e-8
1.1232455879187322e-10
6.565579469055309e-12
6.892821298244957e-9
1.9625148608265125e-10
1.230116012667851e-9
3.231888764397275e-8
1.818615687930131e-12
2.7814255181143625e-14
2.385136400768248e-10
7.839060554165441e-8
1.4487880014548039e-12
3.6198114925696076e-15
2.4784288330029313e-11
1.3177485637326413e-11
3.265775209122506e-9
3.2518847165294717e-14
3.7590087172433865e-11
2.873404385253407e-12
1.9330153666375836e-12
1.7576054597576483e-11
1.0636442082591234e-11
6.066027107808371e-8
9.495889588224321e-12
4.864346408470621e-12
9.255427576222495e-8
2.0386620090900486e-12
4.399506351656142e-13
1.4408512964589612e-13
2.339668719117732e-8
7.302486192183198e-10
3.5778401250439558e-12
2.014570981813529e-8
3.329519995397996e-14
3.279874783890376e-12
7.223977499402569e-15
1.529224085223073e-13
2.1332361553964523e-10
4.052637387910763e-13
2.7471273551451546e-15
2.577329701641783e-11
2.961764653831214e-11
2.1210836035798847e-11
3.4871777958318076e-13
1.467355537457918e-11
6.977903378851479e-15
2.3823822207303234e-11
3.746784192045825e-12
3.9024323754149324e-13
1.610445370324371e-8
4.138295022613992e-13
2.333623701426999e-14
5.907210356801709e-12
7.34651483961905e-14
6.129707069168757e-14
1.1056311610744941e-6
6.572585161056402e-10
6.48140979683754e-12
1.2673156275937958e-9
1.6201632959610482e-13
6.441263530580846e-8
1.2837198294259514e-10
5.292298057373088e-12
4.443784222937737e-5
3.1953246777187354e-9
3.259463010245717e-6
2.8817048512086753e-11
2.303116741454911e-10
4.539201063704101e-14
2.414873351539254e-10
1.2455614993863912e-13
2.0382950801377915e-12
5.385954170576865e-12
1.3856164911235587e-8
7.218947217304211e-8
3.0579826879478663e-13
3.34893747743012e-11
5.682067823617103e-13
9.848490693316334e-7
6.480190593950736e-8
3.235908025330081e-13
5.6909553615442246e-9
2.0478834345575305e-10
2.3099954536886555e-9
3.4252220574971706e-14
1.0629537958550146e-7
2.3322033285296715e-10
3.827230911787707e-13
2.3609654676944445e-11
1.2641817266939693e-7
2.8936230265274036e-12
1.3937045381605369e-9
5.671381573481555e-15
1.8143146952065831e-12
1.8543151464025778e-7
5.716632342388233e-14
2.048653907640335e-11
4.397893160125247e-11
1.602308111626628e-7
1.007249059671941e-6
1.0971316328445649e-10
2.785313890231322e-11
1.3875040713593145e-9
3.2527508678417966e-12
2.8833982445002503e-9
8.27602143222022e-12
3.130115956638095e-9
3.866235373478199e-9
4.074997408755912e-14
2.394105049840912e-6
2.385481108512399e-6
7.845847110956724e-13
1.5826520189468187e-8
3.6789447183296954e-10
1.0806024514344903e-11
6.631409387362633e-13
1.464007188368999e-10
4.2177958139421745e-11
2.3394530826337783e-12
3.3166177470100064e-11
2.4682936290483202e-9
2.0526399943664385e-9
6.977722501623478e-12
1.4760205618126032e-14
3.129633909193307e-11
1.0901903373376822e-7
1.491845449367385e-11
2.0323764319210333e-12
5.25552451307757e-12
2.4252657680170358e-6
9.834840995670904e-13
1.2204656104291141e-9
7.067024739421481e-9
5.019382582315743e-11
1.557182481939368e-11
7.103134282578581e-12
5.721096169749738e-11
1.4230347875100385e-9
1.5363295315747025e-10
3.768571852777398e-14
4.608948484591374e-12
1.3132324316589484e-13
1.97379088937897e-12
7.70231307195322e-16
1.4799557720309738e-10
1.0029785652639301e-11
4.4216260524448665e-12
1.940746945357416e-9
6.255375944502843e-14
4.3479616965413805e-9
2.8756062840902814e-13
3.9143092981916567e-10
1.876489884816985e-14
5.377023350838977e-8
1.0089782889339164e-8
1.211623900711118e-12
1.0269237951459898e-11
3.2049235343581476e-12
1.5363696622992862e-8
2.965864301897228e-10
1.347140465495729e-10
1.9446776151456992e-12
3.5777725371701774e-8
1.7725911383245134e-6
3.298187982309145e-11
1.631489950908636e-12
2.0463815039686094e-13
3.2934422544904476e-9
5.110350518986066e-8
1.189271078886551e-13
9.038608822960681e-12
4.19590201613316e-11
2.744925122593266e-10
7.508922880847716e-9
3.9700488697332495e-11
8.763701957273793e-13
2.3270544498077965e-10
3.3639041645671636e-11
4.294088838015877e-8
7.638986945793567e-11
8.568694775780402e-13
1.2580224127266648e-15
7.927109430922996e-10
2.593907137829824e-13
9.169720709534538e-16
3.384252030488248e-9
2.377998235765107e-12
3.959073043938503e-11
5.81281124440317e-10
4.113321424707125e-11
1.2804007802871551e-11
2.5934140007952214e-8
4.261112874581128e-12
2.617775792434181e-8
1.2816646444851685e-11
1.4244203585137288e-14
5.939990331033392e-14
1.0226532468283625e-9
1.117718148999113e-9
4.474031031818618e-8
1.4546154042358868e-12
6.386647695475089e-11
7.952462210545478e-9
2.6016524835410534e-13
3.331733173382624e-14
1.6669444899026718e-12
1.8157739908897376e-9
9.112373583492038e-11
6.289373535968943e-15
1.690901097429516e-11
3.811066329808919e-12
9.424446981107579e-12
1.7698321158613848e-9
4.338793742980757e-8
1.7943266243656534e-11
2.5954527185111173e-11
1.564173145556939e-8
3.849894031325959e-12
1.3731687794196977e-11
3.8386736413136126e-14
2.794986474987324e-12
6.322219377054707e-12
1.4376594327019969e-13
5.377055360173648e-16
5.520478450686523e-14
1.0517228132353996e-8
2.354450654933788e-13
1.182219078671624e-10
3.0297259313018585e-10
6.196623509920689e-12
7.217724632647293e-10
5.115739528569472e-11
4.632201128823226e-13
1.3346171539889246e-12
4.692211468889294e-12
2.659269293731611e-13
2.3278066848507928e-10
3.31702518091586e-10
3.3802138489914814e-9
3.706440095826911e-12
1.2329635841669559e-11
6.598118070344525e-11
5.2508921864919125e-14
2.4766218040456496e-14
2.9881955555768275e-14
6.75895565335502e-14
3.1224958931848056e-6
2.1778165744228664e-10
5.631598433207273e-14
1.5751064674647762e-10
7.374088764285218e-12
2.2427605822540982e-13
6.799560508385037e-12
4.903148245834775e-11
3.0296918883723193e-13
7.112575837838818e-10
4.342645908295393e-10
1.3620444582381081e-10
6.72844005576495e-11
2.652348516189088e-13
2.985132336252041e-13
2.4846057482500673e-13
4.162409825492016e-10
4.837688188182861e-8
1.0370156849963812e-10
1.8423497041128263e-10
2.562537512630006e-13
7.651051985984272e-12
2.0269392938604614e-12
1.2143902320445863e-10
2.586711124853172e-12
2.030241169882714e-10
2.973557178664034e-10
2.305124824364148e-12
6.840078773919087e-8
3.1479899356063357e-10
1.4549112478752077e-8
5.986393532623898e-11
3.61996010171787e-13
1.7706740771195555e-9
1.9000230583010088e-6
4.776020587499158e-13
7.942720378560323e-10
5.105152599928188e-11
5.667587526177993e-12
2.6376323706743223e-11
4.9745579241445865e-14
1.6854151973089222e-13
5.278426328884482e-8
1.583323842949891e-16
2.7308362003205537e-9
1.541703594272155e-9
6.695294066790483e-7
3.2543592500061573e-12
2.575737741357232e-13
1.3306705690254491e-11
8.05747441579068e-11
1.4791877084682177e-9
2.427931240842094e-7
7.244350912036233e-13
9.20504867464446e-13
2.2674813509386824e-7
6.980799129323076e-6
1.1958397089235021e-8
5.192563239108706e-13
1.459321082618012e-11
4.876505905064429e-7
6.077359599621973e-11
1.837422305793841e-7
2.444593810755846e-10
1.4844725607678638e-10
2.479864298759022e-9
5.6035852339143056e-14
7.37889844742106e-12
4.784333372886978e-9
3.503593126738212e-12
3.3513285285802496e-9
1.2948095662901883e-14
1.202659603099059e-14
8.180442998780955e-12
1.0938455576276826e-9
8.044614818970021e-8
4.557547149492665e-14
3.129685962575482e-15
1.8910962506701284e-14
2.8686063958603476e-13
1.8209637872206233e-7
7.105973726127022e-9
4.946991366366456e-10
9.20450830823889e-12
2.3695898717268733e-10
2.7922113529119143e-11
1.737676778584002e-15
3.6618011073584643e-10
7.475332805686594e-13
9.341624159050263e-9
3.173757764123663e-10
2.003466183995007e-11
8.051824684858177e-10
6.692479318078596e-13
1.53293248433659e-10
3.237845383418329e-11
1.0090129023757509e-10
5.977592884043235e-9
1.7075117322907666e-13
8.402486828532191e-13
8.666954599944021e-10
3.7548761460573655e-10
1.1448754419576402e-9
2.3793988732514338e-14
3.2996808475381675e-11
5.49227942526716e-7
1.6947416832901743e-7
2.6193006494815944e-12
1.0590343885754209e-14
7.029344642673146e-8
2.5343987171587326e-8
1.3907879966693417e-12
1.6270006021917933e-12
5.0099738452217764e-11
6.878359794597847e-11
4.803012794942028e-12
1.4786416022327982e-9
6.603002043741431e-11
3.257696706759797e-7
5.38833497599172e-10
8.900577660480638e-11
1.7605945629193057e-13
1.841133669075361e-16
1.0507610294037057e-11
5.509061121333567e-14
1.887819806882662e-15
6.35916515522942e-9
4.1223799945367374e-13
3.6885694204648404e-13
8.17242588591184e-14
5.0839555659189535e-12
1.3823637114511365e-13
9.19179975123077e-12
6.552430407436571e-8
1.5911181941212047e-12
3.3292244164091416e-13
3.297841652200976e-11
1.7333011091279738e-15
2.964358393642614e-12
2.1454586751779453e-9
6.866548951767142e-12
4.177667073763518e-14
8.517806037296198e-8
1.671218781276658e-8
6.1731521954612425e-12
3.37156004904727e-6
1.4506531293395454e-8
1.5282345518793897e-11
9.728134852692944e-10
1.9885341707877288e-8
3.337681820531373e-11
5.915619416645812e-11
1.8717030721652054e-8
5.768315974090287e-15
6.878027560808619e-10
5.96407947131601e-9
6.789057947914153e-5
6.5801860213915875e-12
3.062545650492008e-14
5.775411209796918e-10
0.00011348242790256633
3.659315578666774e-11
4.767049872032729e-11
3.757702027681783e-12
7.516958076134697e-10
1.0339441977920587e-7
2.4041667661473887e-11
5.95188887432638e-11
2.643410363317532e-12
1.8050465847954735e-7
3.767484679491136e-13
1.6268195824891934e-11
6.504443907966874e-11
1.8063808271829695e-12
3.43667016968675e-6
5.796062274131501e-9
1.8789228498978573e-13
3.015082011637182e-9
1.7229419059055816e-11
4.218798207358764e-11
1.0375963053075023e-11
7.079195801128339e-8
8.214797775601682e-8
4.3298238962384705e-9
8.407116809541155e-13
1.4678067036736322e-12
1.4623638576320627e-13
8.552958356651595e-14
5.989918259512321e-11
2.5523151771165013e-10
1.1636411581986113e-9
3.96762345982475e-11
9.706643878781707e-15
1.1291719745808586e-12
8.501990457155991e-8
9.145975481368117e-11
1.085353128561054e-13
6.073953696826159e-16
1.2351238634180945e-10
6.496200848099614e-10
1.6583262484015777e-11
2.4480368371105733e-15
1.46110452073395e-11
6.485877709125987e-10
5.969707664432403e-11
3.550576696374328e-7
4.611366529782113e-6
4.086044818552452e-7
1.3972465762833091e-11
1.6300087133993767e-13
3.6455335996099866e-13
6.560116938937526e-11
7.020699367961477e-15
4.65505333713951e-9
2.0489623476774245e-13
1.4084046383150492e-13
2.723218271614871e-14
1.6088981243441664e-10
2.864392540375608e-12
6.199746052068428e-11
6.75342142911194e-12
2.6195684834167426e-11
1.2227131287145677e-5
2.979251379616738e-10
3.1704795179218205e-11
2.0766731490426188e-7
2.1310690466985675e-12
1.002984428424343e-8
2.0412276820123372e-13
8.792963156520407e-11
2.3211444272316215e-12
1.0327670621570676e-8
4.899326937376247e-13
1.5391960467562965e-8
6.719762516026363e-12
4.659798617598981e-9
2.1625904171349167e-9
4.385390027742944e-10
2.486282915863858e-10
1.921783711471723e-13
1.917215520907425e-10
3.1730128568748652e-9
8.581064050380332e-12
2.0405804615916146e-9
4.395271215774866e-9
2.7575974421695435e-11
2.5755723600886678e-12
3.812381858895623e-11
5.623422067641978e-13
2.6850715055808144e-12
5.743952507634306e-11
8.05391884339136e-14
2.7374291754983644e-14
5.08457729504321e-10
6.625901878990632e-14
4.7715927999929954e-11
1.9731262023859086e-8
3.0038076902180043e-15
1.908154033854505e-12
3.6171353490603976e-13
6.075139424946494e-15
2.026296276784389e-10
1.592568548954356e-12
6.580082253260392e-13
9.074541453033438e-12
2.8080254509521658e-15
7.756644484596832e-10
6.921374845390734e-11
1.3516466521011132e-12
6.903690527705493e-8
2.2166708342468502e-10
8.848702648459852e-12
1.5703495288500462e-6
4.870618504671475e-11
1.290922788218882e-15
2.1319968101701738e-11
3.099923932640431e-11
3.1223466273792656e-10
1.189694667366978e-8
6.250098581755596e-11
4.1154366890139574e-13
8.108687871967153e-15
5.876934243024358e-10
4.377312881639461e-13
2.1814309520966027e-13
6.31730744105257e-10
7.870242390475627e-9
3.6780414437853915e-9
2.2503607067512483e-9
4.794625464368526e-8
2.5366693740659603e-10
4.680165385707793e-12
8.562421096788486e-14
7.455507406909672e-13
4.255490251983507e-6
9.394642191699858e-10
9.257595360238876e-10
3.807752133406624e-9
1.2160320505895319e-11
1.154363728913275e-12
2.0215099489992198e-7
9.652054136979999e-10
3.1136611346362915e-9
1.2457034529759596e-12
9.67026187184904e-9
1.6191953949260332e-10
1.8828874429992174e-7
8.417855502686396e-9
5.289174778347318e-7
8.072441230126556e-11
1.473976029454714e-14
4.638242257421386e-13
4.5663346002891044e-10
6.165028852953445e-11
1.4930416225342196e-7
7.141625681233754e-11
1.7250969295362818e-11
2.8636376701405904e-8
5.7605597263522514e-11
1.1003203295938169e-9
8.097023637682844e-11
9.983025378091229e-14
1.455901516979998e-13
9.105534112546257e-12
5.6540411813917185e-14
4.26539186096762e-10
7.978721006377622e-12
1.1466992038111358e-12
5.625728631661756e-10
1.6701621593455846e-15
4.6533708071247857e-10
1.640823599943184e-14
6.457807453417731e-14
6.35197670692362e-11
1.0557957904280226e-9
1.335267663903191e-13
6.703298220811519e-9
1.184897049670778e-14
2.908596877825977e-10
3.3823508045956895e-10
2.4022808833291943e-8
1.315043321491208e-10
1.0295676942966314e-15
1.1193346492454743e-9
6.781552250660985e-11
2.2766234164716477e-9
5.885447362020965e-13
2.89671038315775e-10
5.347028619796036e-9
1.3890795294650712e-7
1.0229760134313136e-13
3.2570058724599705e-14
5.93202068227791e-7
4.69908517798342e-12
3.3938856251150464e-16
2.2094362201077717e-7
2.8170724012798636e-10
2.4991597758108e-12
5.664259813702449e-9
5.935749267090239e-12
7.822502338056672e-12
3.671829245169597e-8
7.433656621478397e-6
1.7640641553101578e-9
2.830712005129146e-12
4.854284776979277e-12
1.0473366699671273e-10
1.961219554792365e-14
2.8288951101067637e-9
2.183782583218494e-6
1.179913905668401e-13
7.342610436965555e-10
1.1146074429196843e-12
3.365857836871077e-7
1.3267338172134866e-7
3.6023913720837004e-12
4.067571421646902e-10
1.7185362119820908e-9
8.366102339460966e-12
1.6955520054904153e-11
3.076731859205833e-14
6.789801334600912e-12
7.416749557693496e-11
1.3661001529354185e-12
3.2112930023046307e-13
7.993158316855343e-10
8.588229191859993e-13
1.1924852806352158e-10
7.67337410668219e-15
2.614696677778284e-13
5.864721987706629e-12
1.897134188981123e-11
2.9573549511125262e-6
1.8202910551481937e-13
4.8128031971064286e-11
3.61614407072112e-13
4.3515358820468116e-13
5.128096879398216e-11
1.2037843339451455e-12
4.249043234968389e-12
9.162872255870331e-9
3.9698242452554125e-10
3.8833250272927195e-11
3.6934066612003735e-13
6.1299271799636296e-6
5.781043841810053e-14
7.036703601960881e-10
1.0421883314526408e-10
9.358169943071903e-9
3.837191709056537e-7
7.976405181237667e-12
2.6780305894618434e-10
7.469870318059054e-9
2.995474958998616e-11
9.644697722180304e-14
1.7842121833433542e-11
4.069130179297552e-13
3.119830717354865e-8
1.7034092743229206e-7
3.915472934752412e-10
3.5907323133344925e-12
7.867674261363542e-11
3.310168116153314e-8
1.2455537531575586e-8
1.1042446248567169e-13
1.1457934454108873e-12
2.3819791915003996e-12
2.2486650094626057e-9
6.497616751758964e-13
5.3537133703626425e-14
1.331572493666862e-8
9.067865651406405e-10
4.359954075777546e-15
1.5081619620883236e-12
1.1108269405495814e-8
1.3284857216421357e-9
1.6265355732460923e-11
2.0912606607854966e-9
5.138787800830602e-15
3.1697282139479427e-12
9.534784407204955e-11
2.1258827759425716e-11
4.4080092220777983e-10
1.0256087652510987e-9
3.390675685101023e-10
2.8456275055209153e-12
3.838237759096295e-9
2.2615377861306036e-14
1.3706452846436143e-14
2.7327655411954338e-11
5.404536474255797e-13
3.5003606587351894e-11
4.180268535405572e-13
8.759149029026716e-9
6.764717767810953e-10
5.870256788798085e-11
6.330977355332549e-10
2.10245850551779e-16
2.569902747167644e-13
5.102353282887049e-15
9.499323870362632e-9
1.5157660834056658e-7
1.4417574779980006e-11
7.85599044467437e-9
3.3339098527521828e-12
5.160808943583342e-10
3.6587250353068934e-12
1.5129016961233527e-8
2.4642384653537147e-9
2.2350876118134366e-12
7.794723030072635e-12
1.065719351037174e-11
7.487477280879399e-13
1.181591897998413e-12
9.168168123698031e-12
2.555484828816949e-10
3.577302099897302e-11
2.7939436560600225e-10
3.1316441786090365e-15
2.780365750899205e-10
3.457372060827714e-13
2.528071691955589e-11
1.1025762384086357e-7
1.4969079805508327e-6
2.2232568183879444e-8
3.0067586803444974e-7
4.146243294471856e-13
4.114883157469169e-8
1.2615448918563264e-10
4.149256516214397e-12
2.7172635417741344e-14
2.053955249649038e-12
2.5613985668595445e-13
4.604454212034769e-11
2.281409283283635e-12
4.352659403092915e-8
1.8463369130540955e-9
8.925652695706552e-14
7.014546963825521e-7
1.0942267295729718e-10
9.403497339373964e-9
7.959268490274029e-15
5.527886377576556e-10
3.489240504522999e-6
1.999214327912633e-11
1.8397831640606857e-9
2.1646525763102624e-6
2.428036158631147e-12
4.9814361351203294e-14
8.196119606756492e-8
1.350215143982666e-10
7.190200861539696e-13
1.0184949773591638e-10
5.009940588166892e-9
8.955216602998024e-11
3.776422597863951e-9
3.078891904835413e-15
2.0365433111708533e-6
4.6436404017971134e-11
1.5792929850961773e-9
3.2225497464404675e-7
9.419166424263885e-7
6.473837184954576e-12
1.150801244953883e-10
4.907060837992581e-13
1.2263213959398462e-8
4.5776710936225767e-7
2.4873902048995427e-11
9.204751349444249e-10
3.223745553350239e-11
3.032727634613091e-8
6.2621859936191454e-12
3.0303250116690955e-8
2.8398619023636464e-10
3.1573833633669157e-10
1.1544037226944953e-11
3.70683432515827e-13
1.792816927954541e-8
8.062618883486922e-13
5.275834262759955e-15
3.90658945363921e-13
1.8112871266402164e-9
2.1151147705912593e-9
6.980336547446872e-14
1.4857106058911513e-8
1.773886130619471e-14
1.1712080929615874e-8
5.900631120502816e-11
3.639832485386375e-12
2.1372918456288622e-13
1.8512396179999864e-12
8.228621371197981e-11
1.5373828857939612e-11
7.698518283524033e-14
3.3028164011852296e-8
1.8139845634972267e-6
6.232349856220184e-14
7.585709032199805e-14
3.4232491477915852e-9
4.449703330565003e-12
3.396962814346328e-9
6.522766159924049e-9
1.8572598397783223e-10
4.4237868703782993e-13
1.3983471742509955e-8
1.0703317957741468e-6
1.1885212853294838e-10
2.143678954761988e-12
2.2786589971631228e-8
2.2479807391454813e-13
3.504385394517418e-12
1.9345712415735937e-12
4.101233701551445e-15
8.258487671747984e-8
6.899766994795838e-14
1.1558686696621868e-6
7.1375498868491025e-9
6.864261581935746e-15
3.8125276262726276e-15
1.9030878238387134e-14
5.607886299515389e-13
3.234084156237512e-8
1.4759571066767586e-11
1.942350161040927e-13
1.954565271290791e-6
1.2013147356851156e-12
1.721145918900562e-13
2.9072541794977647e-11
6.799610134715366e-9
3.954758931885269e-9
2.3231418320788495e-8
6.710403723880437e-7
8.781936389165332e-13
1.8099183494128958e-10
1.8648934130271896e-12
7.307167273950438e-12
5.986501931304176e-6
3.294429018075639e-13
1.8185144701222807e-9
1.1367083776065527e-13
6.696641315199726e-10
1.9390907533845006e-13
1.3832917023712187e-11
1.937734543726203e-8
6.367658814356609e-14
4.409879661662478e-8
2.377180081113347e-6
1.0239931839827777e-11
7.335925573264678e-9
2.4818399128307907e-6
1.7025767287138597e-12
1.5389445820146523e-12
2.492098453790477e-16
2.7385805844105003e-13
5.717396641136612e-7
4.884301685848647e-9
3.1841280013751205e-15
1.7385345123859955e-9
4.687542143968649e-11
7.531089845828668e-9
9.618840990037143e-13
9.331366854396403e-12
5.580970559531429e-6
7.266766131590889e-10
7.256982114951425e-13
1.0562921228076414e-10
7.119019740364932e-9
1.0116747467256706e-6
1.581205237284322e-11
2.029669304456647e-12
8.858282090699085e-13
1.872936357174539e-7
1.312652646150623e-6
8.654238507449192e-8
6.3966631313768425e-12
1.0385379895167639e-12
1.3797252868044232e-11
1.5811031928792034e-11
1.3852020472930793e-9
2.9443298767892566e-11
1.1789638793409204e-9
2.268417206295482e-7
1.239725718348342e-12
1.0631888776002292e-10
1.7073329888016473e-8
2.2339159978826985e-11
3.003184213785316e-11
2.9708353085460103e-8
6.816004189146902e-10
4.4332308251043655e-12
3.0900536398626496e-14
3.1543030897137977e-5
1.696888440268963e-13
3.066307594631227e-14
3.266411243443711e-8
1.4363505659301317e-10
2.5108851644303494e-10
2.5654917563069275e-10
6.083119505470458e-9
1.0872978502655129e-9
2.98889880150649e-5
3.3951014914564883e-9
4.280213042695001e-11
6.376924842125865e-12
1.3726311576442507e-8
2.7237969973822757e-11
2.947109505170174e-13
9.591439005228384e-12
2.8865362753784707e-14
1.0518281883067242e-10
1.5531828298957742e-11
1.1068916269831982e-9
3.460163168325699e-7
5.102022590084385e-12
1.7634279181793658e-11
2.437810234753152e-9
1.2608596134375645e-10
7.298348897399042e-13
1.0936230428889448e-12
3.9165970844946626e-9
1.5321362789647437e-7
6.169044919004116e-6
3.6126497573621834e-10
5.950330046650646e-13
8.953185767792551e-8
6.819852993804235e-7
2.2834915877332456e-8
1.087486744935022e-11
7.179075057634982e-10
7.151005744220132e-14
4.0457761454956295e-12
2.1220122645523517e-15
3.2378195792847536e-6
1.2766822541768556e-12
2.1824013090273223e-8
8.021397635965146e-15
1.5143870573615755e-10
1.1300433851828793e-9
2.443323777794797e-7
4.755575200019275e-10
1.3168567566078572e-9
5.650984486125555e-15
6.874891137068342e-15
1.2135756347025143e-10
1.7367051420830048e-8
1.952442491442566e-11
2.666970493692395e-7
1.1505641890571904e-9
1.094655792420283e-12
5.806678333568077e-11
1.7000666268000837e-12
2.9868403671901044e-13
2.0663733546420322e-11
9.412841786909772e-13
6.1243366819391765e-15
5.07610569357551e-10
9.609329334744562e-14
4.7606663576132457e-7
5.604495142833894e-9
8.894087038371229e-11
3.1632277327821137e-9
2.8093841343705256e-10
8.861050882912207e-8
3.4315422617328183e-15
4.149334881088355e-8
1.9498935881030034e-9
5.18576448381511e-13
6.799672563296388e-9
3.6530585770768385e-11
9.768127890730384e-8
8.000587901290381e-8
6.85762872282787e-11
1.0629206273095306e-14
2.0360552500151914e-8
2.0802843724922905e-11
4.0644692061094464e-11
1.617581865048807e-11
3.955196063627367e-12
1.739954533635955e-8
1.0129369295747953e-10
4.3596775479240435e-9
7.854998503532083e-11
4.806156989874571e-14
1.8842586473483214e-9
5.898010916896141e-5
1.2211828785249214e-13
1.5775013595813363e-12
3.258529718102458e-8
8.242223241435544e-13
3.5189502242368716e-12
1.5307071368158365e-9
1.7115431691840185e-13
2.8167381296935197e-9
2.4486069431464684e-12
9.226992005383506e-8
5.263121099630619e-9
1.3068798479720555e-14
4.389990027434289e-12
5.337203147065893e-12
2.9195168752470963e-9
3.9313831430220845e-7
2.4269213439864385e-10
1.944628650757434e-12
9.060459432660004e-10
3.8590783370625835e-8
6.882240776785179e-8
1.5332010414484893e-8
5.263648992570349e-12
9.616367995854071e-7
4.1307945927917585e-9
1.498932894295644e-10
2.2811745527702151e-10
1.4364619577501269e-8
8.007152797571602e-10
1.6809445829829284e-11
1.5190278992013255e-11
7.658764131033676e-14
4.039545224274911e-10
3.511157888988303e-10
2.1995197562923133e-11
1.444739273774375e-6
7.384676595895745e-11
6.842240393750798e-10
2.2803006671755223e-14
9.813877902907977e-9
4.9650175913820236e-11
1.7458100337047397e-12
4.421239565645503e-12
2.6725105926073734e-14
8.291908150470457e-14
2.2410342298722257e-7
6.760178727002994e-9
1.3158732036645287e-11
1.934260085082285e-9
7.799419464097137e-10
1.5515456967201597e-13
1.1110394441377641e-11
2.8143682029986277e-13
2.2154862762299458e-10
2.490683590943132e-12
5.192008575508709e-7
1.8185954879239035e-11
3.049273813934414e-11
1.608769314540038e-14
3.0706152616290263e-13
0.0008182779457078609
6.633580369413213e-9
4.5928849799037716e-12
5.703621860134883e-10
7.020752211491162e-11
2.5806907979183046e-7
1.0725205024682283e-9
1.8736343644432126e-10
3.0973122148971426e-10
1.5968015300491303e-8
6.921080343316859e-9
3.5005885315956285e-12
2.0678843089767622e-11
1.9361151812177928e-13
1.1028124346192715e-8
3.401308491617388e-12
3.542636377236696e-8
8.135726099974436e-15
6.866457334180706e-13
2.9910570334764176e-14
1.0816572777019767e-9
1.227499634003961e-14
1.7196605521702616e-11
2.788139354065134e-13
9.018008869497335e-13
3.561246594540151e-7
4.610993563788459e-12
2.818138421777043e-10
3.296161257589779e-13
1.116990206133778e-11
1.0211721208935541e-12
4.502241850507877e-10
1.3469572705762513e-15
2.9012250316501838e-11
2.1180180791013204e-10
8.043032338756392e-10
3.2951238456355103e-12
5.863996707436579e-12
3.9691015420405735e-12
3.234979755042337e-12
3.1590381222497647e-15
0.00011727043174366674
8.918379705512917e-8
2.0477910682642654e-7
2.9327722952565045e-10
1.0917282683792933e-8
1.2024095148080803e-12
1.5629120746646031e-12
4.905956039694492e-9
1.3442971269610956e-12
1.1145544374367767e-5
8.857657103615135e-12
1.013255503339518e-13
3.0055622515065742e-12
2.3052237278193528e-11
6.439019424963279e-11
4.668820588419528e-10
7.204594380936387e-9
1.5672068927133083e-10
8.01686864154775e-11
1.3968164556364869e-11
1.9918772963297724e-12
3.8092547959905924e-9
4.725322959829024e-10
3.8167445742233417e-11
2.444983861793012e-11
2.1373710472251183e-10
9.1299891185195e-7
3.231403424572617e-14
3.693257967485166e-13
8.637998561025573e-11
2.900140115255792e-13
3.165757096212985e-11
1.6522253223952246e-13
3.134717209261893e-7
4.45655460495002e-7
3.951082399657467e-11
3.5830910627052045e-14
6.557649694697658e-7
3.397695789053705e-11
4.582453070326855e-15
1.0434829357443232e-13
2.8820475612499674e-12
5.881439543108615e-12
1.5556693804393371e-9
9.419708636998534e-9
9.582992719805197e-10
6.231792068672716e-9
3.0688610878044757e-13
1.4099658762980414e-9
7.791886818373412e-13
9.944239912656846e-11
2.524761385219796e-12
5.901808245623262e-14
1.5177064850032597e-12
8.118677279777231e-15
4.961183955946456e-8
7.678258527640708e-12
6.092004445191062e-15
2.471541309906204e-7
0.00017967833514950478
2.9377677105496855e-6
4.0951140882427204e-13
8.256223911745018e-12
7.189748157144537e-8
5.539407763789918e-10
1.7939494838105776e-10
4.901201974997653e-13
4.004497350579777e-7
4.190060183268002e-8
3.7001410875299103e-13
1.1346165241927009e-10
8.219220343321177e-13
4.012561565245192e-9
2.2330202386096888e-8
2.282385658501032e-10
1.0918519237723086e-10
1.5862061402561452e-10
3.5502517787906987e-10
6.299169954957126e-16
2.994528791201643e-10
5.67400908661083e-13
2.6687114647062037e-13
2.6975896048051805e-9
3.1260733696594384e-7
9.979944640849835e-11
1.775432622016085e-7
6.775391365637521e-11
5.9822057758897024e-12
3.89031158193756e-12
6.001714584255671e-14
1.960228958069719e-11
2.205775573498425e-13
6.451041265209248e-11
5.1128505268814165e-9
1.972972005004753e-12
8.736414866958362e-10
2.9159335548245963e-10
2.499626298186748e-9
2.2075788497317044e-9
1.4178896326850032e-8
5.204642372838301e-9
5.262364876160394e-9
8.07924302049291e-14
8.3932034557691e-6
2.4928544494413925e-10
5.041977602785644e-13
1.0641785520302614e-13
6.673098813867463e-9
1.08542208221625e-7
9.401731924335641e-9
1.6203653061994357e-7
6.33856767216643e-14
7.25642172868498e-7
9.644522356601737e-11
7.413336390136309e-7
2.0150769438910492e-12
2.1917423619330374e-12
1.192821081069642e-9
3.4255645580996223e-11
7.732010495400686e-7
2.720401560845329e-8
1.6541975226594831e-9
1.5167633452472871e-7
1.5240844743077587e-10
8.271425029431456e-8
6.263720070984225e-13
3.898857610721637e-12
6.066667868666418e-16
1.2347518310388652e-8
1.7939673497132755e-10
2.5389006679599633e-10
9.267012088480226e-5
5.2567527659188624e-12
1.5716621420181294e-9
6.263811249610142e-9
1.3315545209373403e-12
1.2011253782110222e-9
4.037462161384628e-10
8.264089583656685e-13
5.016386911223178e-8
4.620102770785553e-12
1.3856616753136788e-11
3.678722338270714e-13
5.093378558983782e-13
1.2348079995668215e-13
6.76175800540367e-10
1.5177522861169154e-7
1.0916699966831007e-8
1.3296752941544574e-8
3.112874386440109e-6
4.58880523333146e-11
3.3804623942392025e-12
1.0842497917399733e-8
4.840929750813182e-10
7.16388099483646e-11
8.709086891618623e-15
3.3153205379303203e-13
7.137485082071431e-12
2.3307034141802837e-8
1.015189174302005e-9
9.35109178020843e-15
1.0617756362105554e-8
2.0543136397431206e-11
3.3144002224722805e-9
1.0149439608917259e-7
6.733581987285913e-10
1.1973191451663927e-10
3.9516601959629865e-12
2.7406488905373577e-11
1.693704997973058e-11
2.8539435835949774e-9
3.21191277791345e-10
2.7105565883548936e-8
3.2148338281421316e-8
4.3005859782543407e-10
6.333479378783892e-8
3.763772795939868e-8
3.919078916041038e-10
6.297981859667218e-12
2.6532162038556126e-9
7.652876988925502e-10
1.1388496463381003e-9
2.2903813033201504e-12
5.512751241235532e-9
5.7085005871523315e-11
9.385777309662122e-8
2.587523817696237e-13
2.420753965044723e-7
4.345318504807733e-9
1.5056338312305151e-12
1.396356519856544e-11
3.4913193344027935e-10
3.049139974567188e-15
1.0202088283604955e-8
1.8783731953553943e-10
1.6779731484744902e-11
1.4787490377394913e-10
2.04206467821689e-11
3.426419219954706e-13
4.66798037664559e-12
1.4552106638683532e-9
5.37474313102208e-9
5.2890130537092496e-11
9.713587756916767e-9
2.032719044101843e-9
5.253765593295371e-7
5.927276540166806e-7
4.0417686481168997e-13
2.2797465816217477e-9
2.4808847017831377e-11
2.126937535867475e-11
0.001660269435584717
1.0017863595112378e-12
6.173995385001467e-9
5.6561688771263315e-12
4.041105201894972e-9
4.3862538147381826e-10
2.236560656408431e-9
4.910138032391328e-7
2.4387051904071915e-14
8.4128522318031e-10
1.0161508731955596e-10
1.937417047530788e-11
4.506091715362994e-14
2.9233476338375716e-7
2.1868268466469617e-8
8.566504455094978e-12
1.4664273795222297e-13
2.965049884820464e-12
8.000024730522505e-14
1.0918483766689146e-7
1.19848378431035e-10
2.4917348105431278e-9
8.325179290792537e-12
2.6394466667963695e-9
1.2235661256106015e-9
1.35894484609637e-11
1.987972502607109e-10
3.983329600928717e-9
6.043307274272497e-9
2.4663867339252775e-10
1.1740144552805812e-12
4.3750004016077554e-10
8.66859379561856e-14
1.8509291805946097e-7
2.578934893623536e-7
1.9746775253304712e-10
1.9676826717276455e-12
3.0911245941524338e-12
8.834775978130609e-8
7.106746243707491e-11
5.071629807840955e-6
1.5612984857111033e-12
8.375655662081982e-13
8.323318909765443e-13
1.2500380866249928e-6
1.0311742225701997e-9
7.652598305046729e-11
2.5946011910793506e-7
1.855445651024657e-8
1.967662590597275e-12
5.329982312951729e-6
2.353813591671965e-5
6.757955268522922e-10
1.248564717448256e-10
1.7203597701501923e-13
1.5680465312545706e-8
5.521647002063198e-10
1.8943140012272067e-9
9.012250755192464e-10
2.0270934522236797e-11
1.0851759470968726e-11
6.724072622290689e-10
4.754096722891552e-9
3.7320886964211e-12
1.713686678572671e-8
1.0114291376046518e-10
2.3883900413901344e-11
4.5751869868496634e-10
5.695937168453137e-11
2.5836641008471368e-8
2.1109914989361548e-9
4.5441192134187026e-12
4.3052453502814266e-12
1.0395139925958802e-9
1.19762400982244e-13
7.306532686182407e-10
6.183204819285719e-11
1.1147933686936498e-14
1.6196831013607915e-11
1.062594115062558e-12
1.6397186422532057e-14
1.53675601940765e-12
2.8704600749930846e-11
4.2148387123650245e-12
4.24778070164802e-12
3.7211050031178425e-12
3.0573092807724165e-9
7.682310586062847e-6
1.649848069748265e-12
8.303101915637924e-13
4.857785008831656e-10
7.069470162817338e-8
5.890425636027512e-7
6.485964839302974e-14
2.860736517137394e-13
1.5066468779797006e-9
3.758148742113871e-14
8.30751425482849e-9
3.5045638037185015e-10
2.923770535251505e-16
8.575095533495105e-9
7.653741754911087e-9
1.2756085206016351e-12
1.8977150890225605e-13
8.661333102489903e-10
1.806335019770595e-11
1.7758984191998463e-9
2.0349200595008517e-7
3.9792910907132636e-13
1.2756653950133716e-8
5.078943849411102e-11
1.507858745902743e-12
3.97403081383601e-11
4.0088377558013043e-11
1.968568338277053e-12
3.46066639686357e-9
5.154829171143437e-10
3.3792143855613786e-11
1.3759838859000227e-12
2.277580534722904e-7
5.918883151219224e-14
1.0398492697229123e-12
5.891249060900862e-13
2.1848701757755441e-13
1.4896910265025226e-6
1.932932434794981e-9
5.720268615028858e-15
3.080904972984763e-12
1.708742538356935e-8
2.0222444700891257e-6
3.218683847930733e-14
5.8260318514129015e-12
6.9097879459088695e-9
5.110229783551471e-10
1.2180597812811275e-7
1.8542033326116687e-8
5.03046903897234e-11
1.1173323401507698e-7
2.2466632595895544e-13
9.079970212876746e-7
9.598289197800462e-13
1.625927394620068e-7
4.044080424263219e-6
4.3906277757107653e-10
5.284004353782201e-11
1.1295294248921542e-10
2.2566928655004178e-10
4.512388065415862e-10
2.116759607577216e-12
1.159156093435522e-10
3.363734743439037e-13
3.5122255130850277e-7
6.820870063074947e-11
7.927098164494683e-8
1.9545813977398787e-14
7.385665419544685e-12
3.2788245914145752e-9
4.2100534886282916e-10
5.110029233690017e-7
4.202087700491554e-13
8.663934125333358e-7
6.272847985050512e-12
1.4087690431934145e-9
7.148767505174833e-12
1.435073163427532e-11
3.1320178910165243e-7
7.658351884021705e-12
4.040673072639524e-5
9.472625922591857e-13
1.8297424066989518e-6
1.002296973413712e-9
1.3106088170122397e-11
3.9981544132495606e-11
5.607050328801616e-9
3.5629758556424513e-12
6.518946914722669e-13
6.2628041875920055e-9
3.1262973953057834e-9
1.165710935739907e-7
1.717551164278805e-10
2.406722150172239e-10
4.649384048964211e-9
7.413985432628694e-12
2.4047469309922248e-11
1.185041354525783e-9
3.463930970199448e-11
4.424300253043052e-12
6.805185220211351e-13
1.8902910675316865e-9
3.0028783858729845e-10
1.1398526545211487e-9
1.1611758192258597e-6
7.155675441261848e-10
8.846900278385561e-8
1.82381149236543e-12
2.7658837685003412e-11
1.0144363571203008e-13
5.8774296725408915e-12
2.7288054153156337e-12
7.051457229263818e-12
9.48921997133361e-14
3.586596747294606e-13
1.1642474529701744e-6
3.385979991930599e-11
7.708087358044194e-12
1.5016133996272762e-13
3.943204372730763e-9
3.017170146899687e-16
8.87463541822154e-12
2.8054646695918818e-12
1.511267612726335e-13
2.1571498203670933e-12
1.7368899881973898e-15
1.4015580627684906e-8
6.709487179257553e-12
8.483806221509948e-14
1.039035291158809e-10
1.749041267272802e-8
4.865781898520586e-10
1.9897282494528152e-9
1.8068740688374073e-10
5.877907571497594e-14
2.668707426106964e-13
2.228945087114047e-9
1.4276004780937011e-13
6.679254267755955e-11
1.3068294041800717e-12
1.1560516450750634e-13
4.09620455821177e-13
3.8356452297036266e-10
8.244282265935551e-9
3.013934954688484e-9
1.3071089248132497e-5
2.1321430825691454e-11
4.552276854132121e-8
5.82701985613987e-9
7.430742930382494e-13
8.235197755533995e-15
3.564509086189949e-8
9.412582703333692e-9
3.806929893008256e-12
4.8610633243776086e-12
7.824285996704624e-11
1.534851397607507e-13
2.0152029435988767e-10
4.870465381498947e-12
6.198897952346304e-8
1.0006609047802828e-9
2.960873542155592e-11
8.187962071444314e-14
6.035865284500278e-12
1.1031718263126635e-6
3.185586649162194e-8
3.5455332581861884e-9
1.5116152937213847e-7
1.4380958164508899e-13
9.37132436284165e-10
4.6049319328455955e-8
1.6355147198814875e-6
2.4217217664478263e-6
2.6475080835856943e-13
5.7265409566333944e-9
3.066546384847694e-10
1.0066237615001548e-10
1.7075842897457262e-9
9.446515648310706e-9
3.47790058184919e-10
6.790764254551941e-8
1.927446310906292e-9
2.159109340843708e-9
5.559179812394715e-11
3.688302178234683e-9
8.712727301025416e-5
7.95469898364234e-11
5.655406511754155e-7
2.993534126436369e-12
5.256452340372374e-8
1.914008275494667e-9
1.3182987788162422e-10
1.2392826720880963e-15
2.521850112712106e-7
4.9459231626937555e-11
8.805978923699175e-14
1.8546166159520447e-10
1.8560306894270118e-9
4.298020408148674e-13
7.006141236825806e-11
2.2774704777604284e-9
6.451464434497508e-11
5.509884895011561e-10
2.7414427973159198e-12
1.8284095246638648e-9
7.07729647930136e-8
2.444479136599376e-12
1.2308339360510587e-8
3.869923272313539e-12
6.581581772191458e-9
1.138171887934947e-11
1.329063069375389e-11
3.7044268234993726e-10
9.471520523430911e-9
6.938529648144596e-13
8.902764085055254e-8
7.80637153503189e-11
2.8052060149952427e-9
1.2167620859248242e-9
6.78880368184876e-13
1.2090961773979233e-12
1.6930897237214492e-9
7.266069194992508e-14
1.227238974673896e-10
5.25462696959062e-9
2.863798615704178e-7
1.5367894088865647e-14
1.1600754341113789e-10
5.786601831985682e-9
2.7382346320705717e-7
2.701417041980305e-10
1.3526783689235392e-6
3.4990813422936977e-13
9.066022456478047e-13
5.069487511419217e-15
1.041513490736763e-10
3.8484584334886374e-11
3.053164244613218e-15
1.4706919609642675e-9
6.79280615972698e-11
7.693618596335938e-13
6.934947165910367e-12
8.310819869184791e-10
1.0514423906590372e-5
1.181236733230857e-10
8.231822946143454e-9
1.436071970319249e-16
9.70270113303608e-13
2.10137354769321e-12
3.705605642459717e-7
1.9823885719403646e-9
9.926159178792304e-9
5.234889576721091e-10
6.357983823288824e-11
9.951487683562556e-12
2.52755710000758e-10
1.657592338890527e-10
9.84132957589041e-14
1.4215798113627827e-8
6.0065387115581705e-9
3.343937804487632e-9
1.659608456770778e-12
1.028776616188713e-12
2.8796214862966402e-8
1.935643511512412e-10
6.814208928206526e-10
9.351275793028772e-11
8.328080162180658e-12
4.128032194462172e-6
9.729825641709796e-9
6.817487079964299e-6
1.4597905335940529e-9
3.035577264795061e-10
7.796187059732745e-8
5.816330384331399e-13
4.548088174491026e-9
2.0109643970751684e-13
1.365366827417621e-13
8.118509700887895e-13
2.966464678077015e-10
6.468930986311977e-11
1.7444259344362836e-9
8.576364185908871e-12
9.389282233418197e-12
4.088721303382623e-10
6.142505239241658e-9
1.5745913402936233e-11
1.6918290742401545e-7
1.444290834336394e-7
2.433995004701659e-10
2.0108293026347265e-9
2.0006894856337945e-11
4.602328923928815e-8
7.581541367451543e-11
1.3074300060058054e-10
1.4034691102139137e-13
1.4458912836267498e-9
5.91391908648973e-7
7.643131688463574e-11
6.105757055626554e-10
4.4753649478862216e-12
1.5363447311792473e-7
9.444393442504363e-11
3.2013842086569074e-12
1.1696052217070562e-9
1.0100669553093381e-8
3.3909591279379295e-8
6.608657785054782e-10
9.192229262277053e-9
2.296121718545527e-7
2.6057377752305407e-14
7.621617300718789e-15
6.23886659797769e-11
1.4791844327087174e-6
7.382521516454789e-13
2.2259317777989245e-12
7.440507645717815e-13
1.0658696181819117e-11
4.070518044555222e-16
2.7327742483697396e-8
1.1915297489808371e-6
7.479490435026477e-11
6.61522580776368e-11
0.00013361092480794788
1.1409591839090388e-8
4.693097825220079e-12
2.6048130916706593e-11
6.365252114846455e-14
5.964174688386737e-10
1.553069046152378e-11
4.547729616461586e-6
2.2332423624193548e-13
3.6243375514122815e-13
4.6872235817832375e-6
2.5330785987196557e-6
3.184639293918886e-11
4.733607403663235e-12
1.2391480775249566e-12
9.314888224227483e-12
1.5630600810232744e-11
3.91622404451928e-15
1.271564008312864e-6
4.6199390860915455e-10
4.588361767235541e-15
1.852297785209861e-9
3.963821033136116e-7
2.026436777434956e-8
2.461540410081996e-10
1.9120911273756348e-8
9.239328917635771e-11
5.224878484963054e-10
1.3076246317951755e-9
3.799900441652364e-12
2.2706492312525168e-10
4.2400801093149015e-10
1.4638333767184987e-6
1.2653759070206998e-12
2.1823000585834606e-13
5.263905068772173e-10
4.0884892939723967e-10
4.610111066063295e-11
6.8780738019776375e-9
3.777208206569731e-9
2.590402418233228e-7
1.1800194735395405e-9
1.018436739469161e-11
9.031157731082602e-11
3.587438828897603e-9
3.2768694376895657e-8
1.4934511592108469e-5
4.022247800497939e-12
5.24671915040046e-13
1.2992196213907063e-10
1.9764883741287673e-11
1.1704879995277533e-8
5.2454392937006616e-11
2.001545837510037e-10
1.070002959789877e-13
4.959039396193764e-10
3.907294913877365e-14
1.7299492276741676e-10
1.7327206497130772e-11
4.340923988837548e-15
2.3253524132299882e-7
2.6849865880672324e-10
1.2349595875456651e-5
8.97078149853295e-9
2.3240993879935003e-12
1.2026275426917192e-14
1.2918406715171089e-8
1.397907993874411e-10
2.411590452913207e-10
1.3985122676095484e-10
2.223376081754683e-11
3.5019585070813364e-13
1.9633828597799827e-7
