2.3918506527473795e-7
3.582495000383722e-5
2.5776225481205713e-5
1.5350903616112356e-7
8.697520851950606e-8
3.409102423734331e-5
9.822664711968267e-9
1.5464852245088615e-6
1.066919746837288e-6
1.363661451873568e-5
9.303679068689246e-7
1.813785861343667e-7
5.00711475320194e-7
1.5557202505047302e-7
3.940287293870649e-7
1.524323324307132e-7
2.7927065840317194e-8
3.0911105015110326e-6
5.785246028477617e-6
3.0633801301769578e-6
2.2826949853284195e-7
1.3897967763345562e-8
0.00021172280396019414
7.759387661766947e-5
2.171148630853085e-9
1.3584534870298623e-6
5.171946955822393e-8
3.362052995266826e-6
5.355537956494318e-5
4.074977000307908e-6
5.875704198913644e-6
1.259120569100716e-7
8.422464350563312e-6
9.541736285897658e-8
1.143755733795074e-9
2.4749273832197616e-7
1.9113582791382108e-7
7.791166647048193e-6
1.480480743956697e-7
1.1280986645346791e-7
4.115437842499133e-6
7.582308046198918e-6
7.366628607387005e-7
2.585131658576857e-5
7.526678465110351e-6
1.4347089932005746e-6
2.153344562606423e-5
7.455872860056448e-6
3.476328244652313e-5
3.7118815797073083e-6
9.87210050754324e-8
1.1619252412394825e-6
1.2356369923971805e-5
4.6612781332694017e-7
1.8128617092353468e-6
5.59250305725545e-6
7.1992970753402535e-6
8.892784729340605e-7
5.7910076089371186e-8
4.2997347670928796e-7
5.524264712696073e-7
2.613687024403416e-7
1.3818495049647816e-5
2.446372003229312e-6
6.357887917663015e-6
2.8596401785067943e-8
4.815534007349448e-6
6.190234159859595e-8
9.296775185114702e-10
1.2515934055341757e-6
3.6358872047307066e-5
1.8797493341585418e-5
4.892727233654555e-5
1.2320588863935973e-6
5.267969479498391e-8
1.8530784793936612e-6
1.6504687265478333e-6
4.153809579637841e-5
4.741210773692077e-9
4.489918153590092e-8
8.823310854767031e-10
6.676756488645344e-8
1.3610901044827595e-6
8.770027950051736e-8
8.71812766069938e-7
8.769314004470455e-5
1.7565157408351613e-6
2.084352931297621e-5
5.2210749140982416e-6
1.315576566064717e-7
2.803271943523223e-5
1.413179268787307e-7
9.065899011775963e-7
2.382822533358177e-5
6.381910937132958e-8
2.1445711908031195e-5
8.620429460279153e-6
2.759957377901241e-6
1.1171835019044825e-7
2.869384560033766e-7
9.957910491586911e-5
4.7458528163158694e-7
9.566052777232786e-9
3.8728589739408677e-8
1.0720195323925202e-7
2.1967340951825646e-6
1.6012506083182367e-7
1.3231878041838903e-8
7.968174510722106e-7
3.850790252804273e-6
5.020866264092648e-7
2.958373146375333e-7
2.6408482863031513e-7
2.7195815214077574e-6
9.602852158853716e-10
3.111644873940028e-6
9.863790613045319e-8
1.4212081655811052e-8
1.7224294058934138e-6
4.6072558706095135e-9
4.491418725611353e-7
2.080607549681569e-8
1.635913242486649e-6
1.1701679040936842e-6
1.7619855743453405e-7
1.5466897579250442e-6
5.885775344436198e-6
3.861956548569121e-7
1.3959389535074662e-7
3.923879961638756e-5
1.9998032710785145e-5
3.5038127594189645e-8
6.800405307029266e-5
0.0001927543370666312
3.122702800010631e-7
1.0816404257382797e-5
1.349816470888277e-5
4.285647712780075e-8
2.3863828453124804e-8
9.224260578725359e-6
2.076678814163499e-9
7.767684053131898e-7
1.0973121317529326e-6
2.3113414381542295e-7
1.0976039900522248e-7
2.47277186425443e-7
3.6914449681955513e-7
2.9089064409641416e-8
4.074160421388015e-7
8.341176372072017e-7
6.9496642436667315e-6
1.9008621755739595e-6
1.892777497455285e-7
4.4566083985639574e-7
1.2015505765201087e-5
1.349274765854686e-7
4.583541568828723e-6
3.955456815605403e-6
5.890529300059598e-6
2.300731331255545e-6
4.969565584183922e-7
3.691098201459266e-6
5.116226144044707e-6
2.3467477879043083e-7
2.330769447696449e-6
7.769295008950931e-7
1.2067062084707454e-6
3.2272847217088487e-7
1.0200334443368904e-6
6.074173262618347e-6
7.961811570200131e-7
3.1711049422911607e-5
2.781569649542718e-7
2.481870626715414e-8
2.0246806786086693e-6
3.790845215412388e-8
3.2129375394548284e-6
1.3063854396532528e-5
6.282612367542696e-6
9.528562331364914e-5
5.835220305836575e-5
5.0516005431186223e-8
8.46835690983291e-7
1.2533018058529385e-7
2.099371813329118e-9
1.6293100826637256e-5
8.946629052589792e-7
3.09230212064876e-6
4.3749486876952e-7
3.822740899640355e-6
2.387873899003408e-7
8.911827736786995e-7
2.0466646960541387e-5
4.057266255483015e-8
7.0156761679565e-8
1.6048488502884635e-8
7.09427247926429e-8
4.50533915834647e-6
7.589774739111798e-6
2.2268775407027714e-5
2.4191221113350897e-6
3.1200386533290934e-7
2.7100226121297923e-6
1.5058317026812404e-7
1.6064988692070267e-7
6.889034456117449e-7
1.6643374892163215e-9
1.8967068947509078e-6
1.4165261193351401e-6
2.892475351274044e-9
1.1887975783107421e-6
1.8661891353951026e-7
6.879652085557336e-5
4.123973729712097e-6
1.8345431773174257e-8
6.056750253620251e-6
2.7109732650166114e-6
2.4142708322518343e-6
3.0182893920905044e-7
1.4749781053870317e-7
9.481992588926402e-7
7.601912662029287e-6
3.8826816600366235e-8
1.1164174814341287e-6
6.848360081906383e-7
1.998473401525677e-6
4.332183255831493e-6
2.545088845843264e-7
2.0692993386907614e-7
7.468991623218681e-8
1.2632586359103176e-5
1.364766113999763e-8
1.8909523122478548e-9
2.219116705773319e-6
1.0783355228574684e-6
6.779834607239867e-7
6.321941595699802e-6
0.00018799596295320501
1.1419947304735091e-5
2.0619201424544182e-7
6.790172696606799e-7
7.543364242501194e-7
1.058219212837344e-6
3.9607613854383895e-8
4.60668020943208e-7
1.3450014972075935e-5
9.67850272317515e-6
1.383822055842705e-5
1.4000149216085134e-7
2.448458113322571e-8
5.40689012677284e-6
3.909794255629456e-5
9.557645703001221e-6
1.1757364201854927e-7
3.487912464974936e-7
2.3237784861402154e-7
6.737911068534302e-7
5.800866292641913e-7
9.61972556666865e-6
7.779770571885769e-6
1.460711877076179e-8
3.221348281103071e-9
1.524965639331572e-5
4.7593640909561833e-7
1.1374757706253783e-8
1.4871791071081512e-5
1.1272492501393383e-6
6.2740558779154805e-6
1.137856677251841e-7
2.111937121092121e-5
2.894034584029731e-6
2.0449944710207535e-7
2.0705861946679453e-7
3.186998197545509e-6
3.335983963973296e-6
5.199447233276783e-9
3.638585060324931e-6
3.099806846944528e-6
8.468740042760488e-6
1.3030451403157943e-5
2.4966624936411623e-8
7.50764253089905e-6
2.9561713797677267e-6
7.981713971316837e-7
3.2412971031214827e-6
2.5882632245317787e-7
4.3998754149354835e-6
4.528290872106347e-6
4.9192003673200414e-9
3.459481154324392e-7
2.568369172214763e-7
2.350673019708069e-7
4.855941380994599e-6
3.663518062044565e-5
4.808184932773127e-8
1.5732313955669786e-7
1.8982129197662756e-6
1.790393425963973e-5
2.3363176174888397e-7
3.0196870105971975e-8
6.709930075713412e-7
6.186396219499216e-9
1.3885258660432157e-5
1.4676714024803179e-8
3.472159183819507e-7
2.3176573301269472e-7
1.8882214229643915e-8
3.5757242689892234e-5
1.5923685180190737e-7
3.7195724595249026e-6
3.521376680375464e-7
3.901654555239782e-6
7.983187959417146e-9
1.568279393269017e-8
8.471638010606347e-7
5.662017484481457e-7
2.2034025526819953e-7
9.845465297162799e-8
5.900270405420406e-7
1.6910452474953994e-6
9.552202368182383e-6
1.4795218016686099e-6
7.567200028785493e-6
4.298005740924142e-7
4.493038647650758e-8
1.085969811108293e-6
4.687548816083075e-8
2.0031489993693175e-8
8.135378629642845e-7
2.690952395506846e-6
4.872522875781283e-6
5.808620499504129e-7
3.962901197402132e-6
1.991841083459901e-6
6.274138862236824e-7
1.3091390783946354e-5
3.5767558019301715e-8
8.18251388179515e-6
2.0714007229824837e-9
2.88431891850069e-6
6.66528559158717e-6
1.1996929635213828e-6
5.118236884647416e-6
2.416954385879959e-7
7.993517823974592e-6
3.7570833728423787e-6
1.0943370773938724e-6
3.3872917887174996e-6
1.3607922235841105e-6
2.3006671124901844e-8
1.2384142972426015e-5
1.8106892507320284e-6
5.896980331761362e-6
4.3898375090712265e-6
6.602504157099702e-8
1.5187881713938346e-7
3.972768603102426e-6
6.235150467553182e-7
5.532093491849696e-7
3.175892450545291e-7
2.0755179066411545e-7
7.710105749974699e-6
3.3071679003368827e-6
1.6375150393873633e-9
1.5461140322738932e-8
0.000351025973592263
7.12273305699063e-7
2.5611662044449574e-6
9.890531873279661e-5
5.795556938996805e-6
1.696622537050838e-5
4.931573897350977e-6
1.8823205820253178e-7
1.603549177228959e-6
1.3365258076290188e-9
4.0784867105929906e-8
1.4898903494431924e-6
6.797466336726435e-9
4.232436805576647e-7
3.047795659119566e-8
9.47258874603919e-6
8.432230594150472e-8
3.1964629756254235e-8
4.266274367332359e-9
5.312255031490155e-7
9.606079957225295e-6
9.84945698687357e-7
1.4922947673547227e-7
1.859859345493677e-7
1.633223582574341e-5
8.74723496009862e-6
1.4345185603385829e-8
9.308288777558741e-7
4.116933538792816e-7
1.4987441651271824e-5
7.106361851080825e-7
2.54180166257275e-7
2.613476568386372e-8
1.6516836784847913e-6
2.91202815848828e-5
5.787030781273641e-7
5.049138752592543e-7
1.350785119867911e-7
2.4112864831083966e-7
1.3349232969015976e-7
4.1946801807737506e-6
4.1710322460357423e-7
1.2195453169038543e-7
4.457112256844722e-6
3.8024245924213003e-6
5.828004134985822e-7
1.8688828010886363e-8
8.011541380534941e-7
4.459554846156344e-9
1.2857308302015969e-6
5.509944962766095e-6
1.5877271428127155e-6
1.2672381766506678e-8
1.7730769727810377e-8
8.911808233681546e-7
1.4889010624629837e-5
3.8109599814050427e-6
3.083878751833444e-8
1.87218256270629e-8
1.0598274556302138e-5
2.0462931333432835e-7
1.167128824921397e-7
2.1172197816136427e-6
1.8436010001503546e-5
8.704454450112228e-6
7.380665580259011e-6
1.8250796360857595e-6
1.3738883347167384e-6
2.057208345990648e-6
7.906115978200839e-6
1.840946431485248e-6
2.0284637803523936e-7
4.995861138871694e-7
8.672172262438253e-7
7.294428633729183e-7
7.204453453343335e-9
7.295067404010703e-7
6.873233649647874e-8
6.196145172486969e-6
9.253850174284413e-6
7.169458878438139e-9
1.0061740600983927e-5
2.9799448324611015e-6
9.250712733332021e-7
1.946174825205389e-7
9.72787378435833e-7
1.320906021276309e-7
1.2655996817095289e-8
1.681214701431161e-6
1.3586608867156376e-6
5.616634066569191e-5
3.4981876147482685e-8
0.00018157212230488602
2.77123980819701e-6
3.128181496856208e-6
0.0007888132746053959
2.6816480335226506e-7
8.812200461985617e-9
1.4607108029948577e-5
3.0366404746657277e-9
3.882359271531774e-8
1.4076500265034464e-5
1.4882943864260979e-8
9.088898817291577e-5
1.652796550777643e-8
1.2372337895669313e-5
3.9571911217772684e-7
4.624467851585161e-6
1.1213963591219918e-6
3.218358715893439e-8
3.29805822772193e-6
4.626135514243188e-7
2.2464346351690387e-6
7.452733761749032e-7
3.971022523915317e-6
7.780322292845435e-9
3.3185617617284593e-6
1.5021232466964242e-6
1.4878594877120645e-6
8.439940156548761e-6
7.3756315070805336e-6
1.5251146373384746e-6
5.082312550193788e-7
2.1080578103484264e-7
2.435875054129295e-6
5.572171211936017e-5
9.200801954230651e-6
5.579271282216335e-6
2.1992141062374383e-6
3.864419586942702e-5
4.586663449352242e-8
9.804059147402888e-8
4.952923319565911e-9
1.8840112596036468e-7
0.0009981540605782913
1.7142975877887423e-7
7.716546182489199e-6
1.3647266180149486e-7
1.9654333194560628e-9
4.1192003448763555e-10
5.181324836018364e-6
1.1106732826564761e-7
1.9731401554697597e-6
6.0043646021473e-8
5.19745283210038e-6
1.7464783205877285e-7
3.24079344976714e-5
1.2888273901174191e-5
1.101815416945489e-6
6.446393653740587e-9
2.114321726850298e-8
2.0136229905891122e-7
9.23343308193345e-6
5.269719032201486e-7
1.443442982510184e-8
1.947072922950297e-6
2.9665212941510123e-6
1.2866188127662871e-7
3.7065559641021264e-8
5.686344985186167e-7
1.6780708388716187e-7
4.921143295948058e-10
1.8245476396427846e-8
1.386394210911968e-9
6.942422985482632e-6
4.115591537353424e-6
3.7957010719448196e-7
4.855204173375661e-6
4.0482315539638016e-6
1.731087872777229e-5
5.35588991211695e-6
1.3464716443534315e-6
3.840088253231995e-6
4.269791199717976e-8
8.57785899210659e-6
2.1852056157170577e-8
3.594558279722917e-8
1.2890491962431322e-5
3.9954443564485155e-10
6.871290856513952e-8
4.072763119519576e-8
1.529310313179567e-6
3.701837019478372e-8
5.732875555619245e-6
1.478125616639576e-5
1.2879709035747604e-6
4.022647950167228e-6
7.518192416652716e-8
6.904461393117272e-8
3.1081423347074347e-6
3.0551790358835607e-6
1.854639989840952e-6
1.0971462834117467e-6
1.9592676573120074e-5
0.00015806196288581037
5.6059024099023075e-6
6.73717372202539e-9
4.882872960356777e-8
4.732018044780789e-6
1.272169826545555e-5
1.6069612027632863e-5
8.946626486298386e-6
4.7013222455676805e-7
3.4314551761779944e-6
5.284516354121596e-5
2.731319937061629e-5
6.47540299795188e-8
2.2560386168937853e-7
9.418109099533267e-9
2.3129817810369224e-5
0.0001363400183774063
1.0029558190349502e-6
3.657043324657779e-5
5.519786098496857e-9
5.272571898343755e-6
1.8418588308899253e-8
8.203569310758089e-7
8.892748904948499e-8
5.517983936869659e-6
3.4243159332048194e-7
1.2697982551609299e-5
2.0480611904806128e-7
2.4705591413128796e-6
7.924903197713802e-7
3.550537746460453e-8
4.007111603964357e-7
2.686591391255331e-6
4.282050884504579e-6
1.7708790864097895e-9
6.059772962220957e-10
2.61805446839751e-5
3.7931994525587996e-6
5.3511061523399616e-8
6.455044544788054e-6
2.5697243492206524e-7
5.7743543693760954e-6
2.0852885039562336e-8
2.7664548605582097e-7
6.465963597625932e-5
6.208902246327111e-9
4.01800744645061e-7
1.1391419847734972e-9
1.4906850426898264e-7
1.5509881112029573e-8
1.0030719037493756e-7
7.6767927342886e-6
2.2025808961900198e-7
3.960930780012816e-9
2.0770341624818277e-6
1.8529030406737065e-7
1.1249163830993973e-7
6.2241226883564005e-6
9.200219183185423e-6
5.205818395833738e-7
3.89999585641902e-7
5.389508661369176e-7
1.4092273406183688e-7
2.918617856840735e-7
1.945341264082777e-8
2.521478297196879e-6
3.4103118879570205e-8
0.00010160675477189746
1.1093359502938032e-5
8.406716066141212e-6
3.3514310411288854e-6
1.6788935066390646e-6
1.858126802706368e-8
8.749397996138101e-8
5.942324274920331e-7
7.233977489924513e-5
5.5825081985329116e-8
2.8878707245295664e-7
0.0014554272625617688
2.1144389379180323e-7
1.4933376579119113e-6
5.733339742807209e-7
2.2170460565367676e-6
6.190715530660661e-5
1.2312851638323763e-7
7.118971678970912e-9
3.432070963471366e-7
2.246299435823286e-6
6.1372136245888435e-6
1.0606235106866179e-5
2.5103135351356903e-8
5.121568222326832e-8
2.2860897531318267e-6
5.130671210155505e-7
2.5616446950594516e-5
3.4707045486700887e-6
6.164672830952827e-8
1.802743407636001e-8
1.119745119618299e-6
3.102959434353724e-8
1.360898687696291e-5
1.2425835989445377e-5
1.4130276004200308e-5
1.1685901793048814e-6
6.71676162422324e-7
4.139996675718974e-10
1.1082880022408186e-5
1.0452806851465325e-7
3.348748058176278e-5
2.9386506140033226e-6
2.7661318592609583e-6
3.7454070252961186e-6
9.192651672783619e-7
1.27719736055381e-6
2.939830030640428e-8
1.3899046985164664e-9
4.685167462407582e-7
1.0327415388362727e-5
4.812585156328113e-6
3.6824934722106697e-6
5.095600341018521e-7
6.403915814319196e-6
1.5690306441196499e-6
1.4315137558624386e-9
2.3312348922256867e-7
7.467308531520607e-7
2.624095024468919e-6
4.2958270049432094e-5
1.0149273858984834e-6
2.413742047037758e-5
1.6790590133556324e-5
8.551917836068681e-8
6.891578909677595e-5
9.001325689485585e-6
1.6595417337854965e-6
1.4551160866716643e-6
0.00011824826441187057
2.7827140572902734e-5
4.246775853225607e-9
1.693489076975224e-6
9.26870685622955e-10
2.828847005853302e-7
1.0460373740639002e-9
1.4665766786173339e-6
4.709025846808079e-7
5.627331789273277e-8
6.850629621771651e-8
4.74380895644735e-6
4.969050141632865e-7
3.788562679711606e-7
1.0096607829989248e-7
5.54023954630972e-7
1.8779010352610313e-6
4.0783305990872396e-5
4.306773137878467e-8
2.9026893032037126e-7
3.3384086774949366e-7
3.4782485551749547e-6
1.3189994003392965e-8
1.1073980342665914e-9
5.462490701924883e-7
1.128268369934432e-6
4.068521591003787e-7
5.837563582463982e-8
1.2999314927028842e-6
9.73441361197836e-8
1.1616909024136306e-5
8.98621893089412e-8
4.782410941916551e-7
4.441926415060544e-7
5.545228905339422e-7
2.7427895228871456e-6
2.58333996487699e-8
2.426971012858684e-6
8.424088282800064e-6
7.129019128250337e-6
2.1554832630621687e-5
3.5773914920108473e-7
2.228553768067774e-5
3.6355026331964923e-9
1.9646821783010203e-7
2.1560143783438162e-5
8.805935796545276e-10
1.970323203426557e-6
1.0470035855154567e-5
6.885510256462616e-7
1.793875842904985e-8
2.470651487715977e-5
3.9422257536080016e-5
