4.723244489626577e-8
1.9774409188934474e-8
4.850951581526399e-8
3.0348819626186586e-10
4.252807784866291e-12
1.05550393669001e-9
1.2262849340218095e-9
1.0756162955071258e-9
1.171827326104136e-11
7.682856389725871e-9
1.9786335471258067e-12
5.519860917129135e-13
1.1910099940230274e-7
1.0633658733106147e-9
9.44761542885096e-9
4.3350007006480826e-11
2.9505864196847824e-7
3.734166897466594e-6
1.7211404742079498e-9
1.1943787350887486e-5
2.3742982613483764e-6
4.233136734725862e-13
5.312536726937187e-7
7.440281015529241e-8
8.618915516716547e-11
8.232487766016921e-10
4.770830046870817e-10
2.4658418612780936e-8
2.0090901124533744e-10
9.16058883338813e-12
9.866853342945561e-11
1.0138640432267224e-9
2.5064373879667475e-6
2.1244895750959662e-11
2.110062846688465e-8
2.6156686588708736e-11
1.0622523215562461e-12
3.147268745836741e-12
6.381518419742485e-9
1.0966878598086253e-10
9.461871783594363e-7
6.523904729922826e-11
1.391889460894012e-8
3.4050330314095247e-9
1.2372042977412956e-10
1.4382518911059661e-11
4.0385770931854987e-8
9.328710350877389e-9
2.418264148186574e-7
2.7340046739573758e-9
1.1172881904492599e-7
9.281083461026499e-10
5.81633918242353e-12
6.740887176032944e-11
6.589403698488388e-9
7.925676548744663e-8
4.3832436961374023e-10
2.16770048226396e-12
1.3490504851398421e-13
2.2135181359199424e-9
1.5312593921272734e-11
8.034765541672267e-8
1.7854108807324328e-11
0.00015508207409057817
3.2109046436001344e-10
1.212241148336613e-12
4.744482045131668e-11
3.1511626528751506e-10
2.2584831200728082e-7
1.304953706966688e-10
5.574285661946633e-8
3.0747219937277737e-9
1.2252267835824913e-13
2.259480280487521e-12
6.850130017723035e-9
5.752184227997341e-9
6.98292136260773e-9
1.4114774289469703e-12
2.0634542920152508e-14
4.485349064769723e-10
3.5894450279709154e-8
1.4396368999540636e-13
5.520524192557004e-6
2.1576024320851908e-13
1.1537509958856288e-8
1.649911850851461e-8
8.293832720463891e-11
6.436160323831101e-12
1.3447245925166933e-6
3.763143964893863e-9
7.598914836564847e-7
4.9780006720802044e-11
8.345302425933663e-10
1.7571058854403033e-7
5.959492826517427e-9
2.6101627170810545e-10
1.0313218825924319e-7
1.9616436285992622e-7
3.153447754570761e-14
6.907999601819312e-10
5.446517842331219e-8
3.1458079480641234e-8
6.014866206189807e-10
1.354674124070901e-11
5.749526562576438e-12
3.77753556778215e-13
4.3670275102474905e-7
1.8100128912094627e-10
5.3291062023386706e-11
3.0605011177893793e-12
4.95773020112342e-11
9.314292437463484e-11
1.6101123017812839e-9
6.371199706888186e-11
6.637304486826764e-13
1.0728431751718242e-7
3.173031550818896e-11
2.158447765874994e-7
4.368111039356276e-12
9.455448149446942e-11
1.5820905766552782e-9
5.44347443394993e-13
6.656378756886293e-9
1.6050220365844533e-10
3.029988544236168e-13
1.5001702157244398e-11
1.0030469302457429e-11
1.3411900097865613e-12
2.960109130507992e-9
3.150782196485762e-6
4.673153223008062e-13
1.7933663602706123e-10
8.906009680533322e-8
5.118625055918239e-13
1.576856505778279e-11
1.84072415424366e-9
1.1928308278866585e-10
2.121156314478977e-12
2.1464942177006044e-9
9.645411241684358e-10
5.621444487227887e-11
2.6989181472184053e-11
1.3216090039201975e-8
4.4581558171728444e-14
1.1940529593851275e-10
2.2745262306437692e-11
1.0881528340118522e-8
2.3638812453422794e-13
7.765997352321276e-11
1.9705580945099e-9
1.7708729265299537e-6
3.6797346842087755e-7
2.486811421417998e-11
1.2097255097563314e-9
1.4605034841209096e-10
3.6153903228458473e-13
5.295336107409154e-13
1.6039065510964774e-11
1.3529560961864468e-5
6.120540081475847e-8
1.5263018033245082e-11
1.3846457413219729e-11
2.824050751561122e-9
1.179105464494648e-12
1.5389118271388378e-8
2.835881413610133e-8
2.9531587110218384e-11
7.910245172500128e-11
3.8632454792060296e-11
1.1717526153806604e-13
1.99022338078468e-8
9.50547523288985e-11
6.209163944936389e-14
9.804307564965031e-11
6.613434534483835e-14
8.007523608849217e-14
6.470115298362805e-14
5.220065070952525e-12
3.804399006847289e-6
3.1527090390350287e-14
4.021768276612579e-12
5.842118489913846e-13
7.18632685522749e-11
2.9004585005519794e-13
1.6871790623601144e-8
2.2081150973593223e-5
8.064188677350059e-8
3.0431010522948173e-9
5.19224943435127e-11
1.2882573745801466e-13
1.5371705009024778e-12
2.4060751135451106e-12
1.8104311798098947e-9
1.789246810306857e-11
8.412818562167748e-11
2.2740260869879193e-8
1.165248778951178e-11
3.158449342053518e-12
2.5053793814428244e-8
8.607778133784946e-14
5.313788967309776e-14
9.020946570019791e-13
1.3847901128546887e-8
9.34857390958424e-10
3.8250185490046425e-7
1.3041930494924899e-13
3.1415976622043036e-11
4.67746342053831e-10
1.4619160672534276e-9
8.592248880258633e-10
6.750292128224045e-7
3.1140711585833746e-6
5.5164907458817225e-8
1.4948839175060467e-9
6.518123829993766e-8
9.977631112429224e-12
3.1153491788636277e-14
1.5781647791814109e-12
1.1559960481705405e-7
2.382040424257075e-8
1.418110215068757e-8
5.5506839324848e-10
2.3591960687726637e-12
5.220598801871378e-14
8.937617525697246e-11
1.6555042810484592e-9
9.826941308445001e-14
3.010123628187071e-9
1.2681007644215997e-13
1.0406158751034724e-9
1.8592089924585132e-9
5.869346478711233e-13
1.6090386264519656e-8
3.311675906575682e-9
9.891507367586777e-14
3.3680571467955026e-8
1.0031701384051053e-11
1.6775818407637395e-12
8.659689917866139e-10
3.3044226514445e-8
5.618075631883821e-11
3.576979619420359e-13
1.9907665048004178e-11
6.230509332630767e-9
8.526126464449759e-10
3.60997871903558e-8
1.0662669714297e-10
1.7158418794800864e-8
8.655016287461887e-11
1.0640971670798152e-12
6.625203690380372e-12
2.0545660240050174e-11
2.2072928978077176e-11
6.301087800669767e-11
1.0298769450982855e-8
4.0419683758526275e-11
3.21227203990378e-9
0.00026805143145453876
8.781436464352884e-13
4.7150202433319424e-11
4.731092499389844e-7
2.4630053153261508e-12
1.2057352536211972e-13
4.32698540437848e-9
8.480943211486543e-11
1.6840101910646293e-7
5.838174120915546e-14
2.425081342963807e-6
4.2056817307092064e-7
1.4347226377964848e-12
1.1109868406995054e-10
3.907245578090603e-8
1.438995304533195e-7
4.167161525109839e-11
6.064323385118134e-10
2.4600134458787982e-11
8.334271142420247e-11
1.310171212238415e-11
2.0665408373543074e-11
5.157473254243212e-9
4.853070646076447e-12
1.5200396266861502e-13
1.907495393101355e-7
1.4138138217069787e-8
9.143426477971821e-9
3.864383882771215e-12
1.2101385190376863e-10
6.258702155359314e-14
1.0380516629858777e-7
1.3307990220636215e-8
2.087630172589336e-6
2.6621485675835482e-8
5.986072915886872e-9
9.646784927410698e-11
5.4850372535780794e-12
3.0802606736960344e-6
3.591304610876143e-10
2.391329919938939e-11
2.02518824255924e-11
1.2145805603311949e-11
1.2410550766263875e-10
0.001593234056364352
1.9594712386778578e-12
1.0900781724968818e-10
2.7386830440951583e-10
1.2989414839443582e-11
3.4286789356138853e-12
5.612045236408927e-11
1.8496920001840862e-7
9.903218025430224e-13
5.437586087683214e-8
2.6127830060350774e-7
1.4294729519950587e-9
1.066947379297489e-8
5.128118968959828e-8
1.3873615126020659e-8
2.0234453701259555e-9
1.3461030160153252e-12
7.926042022819004e-7
1.870951338728795e-11
5.681787895790663e-9
6.766619222849926e-9
5.850729298641444e-9
7.703893250763327e-6
1.5451461242306846e-12
4.880601583286073e-6
3.1367086369722457e-9
4.363893928373277e-8
2.6111598792145104e-10
7.145145238802658e-9
2.972708300440718e-12
1.0040335430081074e-11
1.4281906045574576e-10
5.269075361109376e-12
8.932495118703158e-11
1.6717982990653682e-8
1.2152282734157746e-8
1.0303007872501749e-10
9.436962766783603e-9
1.1058523376861741e-11
4.8403605494926954e-14
4.886561330386374e-9
1.649109973020218e-12
4.110863375629233e-8
7.018210340260959e-11
1.5040348393209614e-10
3.747427348364269e-10
3.3132753088748085e-9
2.6567124873891194e-7
1.3896902538606515e-6
9.364188385914819e-11
1.1687789448796576e-9
1.5210192075877852e-12
2.3442761690707137e-8
2.5131460236456987e-9
1.5256176011883331e-12
1.035671273619411e-12
8.07127966879245e-12
4.4564801764236674e-7
3.2687485809282474e-11
1.2025703030802094e-8
1.1868210917575227e-11
4.499862752026849e-9
1.046727904779675e-11
1.500529643579872e-10
5.618652567493661e-12
1.2393665811433278e-7
7.518257881402506e-10
1.040081296305157e-12
1.005612660044744e-8
7.671131709766332e-6
2.5832495157750938e-11
2.741462575393684e-10
4.0734265135228844e-10
6.693570014550486e-13
4.604800300869147e-13
4.094223837184546e-14
3.720189983544351e-10
1.161648174620704e-8
5.3563771429527845e-8
2.5219873839153486e-8
2.362907333039871e-8
7.560428236772373e-10
2.410388215228703e-10
5.66015583705958e-9
1.2117042802650155e-9
2.0146865897337237e-13
1.1143586020166756e-6
6.995557882240005e-10
3.9426429484095135e-7
2.7316612123003746e-10
2.986001549652819e-12
1.1128429452226829e-10
3.544591615621723e-9
9.739522588825649e-13
1.086063887612131e-9
1.0717886033593466e-7
1.5918442488894632e-9
5.536039580002691e-11
7.078755349988528e-7
5.584506614279169e-12
2.4843060843026315e-8
6.597709336992002e-13
1.7036665415112552e-7
5.02213055437355e-10
1.4052593147271645e-9
6.805818523975276e-10
1.5929341781676956e-12
1.618086960026741e-7
7.104084069760785e-11
5.368272550418648e-10
4.975307224209501e-11
1.3198602285953336e-12
1.1594188674536226e-6
2.015413233178207e-8
4.830318269648554e-9
6.606020024080893e-12
1.4682117241470127e-11
7.5651337101324e-11
6.314714977986809e-10
3.878731558990498e-11
2.7318581087696113e-10
8.890802750866785e-11
2.626801867783605e-10
1.372544563201668e-7
9.463474704797313e-12
2.0957662068297666e-7
3.6528014061706016e-9
9.76585788308855e-8
1.016700449100384e-9
4.404510828881603e-5
