1.4190526490989844e-5
0.00020081858248718952
2.5747391555119217e-6
1.117674179377895e-6
1.2114484469184263e-6
3.545243657110818e-6
7.622969765029516e-6
4.664829084407657e-6
1.191590548118094e-6
8.400831685502662e-6
4.737541260276383e-6
1.4494292103603477e-5
8.801816210106107e-5
1.4591308180971615e-5
1.713892469721822e-6
7.041477006638939e-6
2.535141468008926e-5
1.0365538844474983e-6
6.638013655946496e-6
1.103651359946859e-5
2.285324604290808e-5
8.516541226603849e-6
8.941716544883317e-6
1.776071831010938e-5
5.770216767183071e-6
3.3557480882174527e-6
4.1772051164371655e-6
8.478852458260428e-6
1.464798423436485e-5
1.4494045740722645e-5
2.0776898542384136e-5
2.001248068467942e-5
1.2939491643673302e-5
0.00027970873210065027
6.5203867115949035e-6
1.0154318390354091e-5
9.736277276872496e-6
6.8433565924744965e-6
0.00021191874822691032
6.385372271461062e-6
6.903845402608421e-6
4.17599813987482e-6
6.390634082859148e-6
1.1781300994280738e-5
1.4321666958392833e-6
1.0019916978406262e-6
7.548975619786552e-7
6.063213915660138e-6
6.404415442972494e-6
4.368342643506252e-6
3.546717550026647e-5
1.0606027674132325e-5
1.160383610867716e-7
6.003063804911323e-6
2.6279270535565905e-6
1.0797595312474562e-5
1.354278216314598e-5
8.49185917443054e-5
2.0068647679477075e-5
1.2110886028207093e-5
1.3151221133257375e-6
1.0475639043124914e-5
5.108183004800737e-6
3.2987871703184182e-6
5.9316643825054644e-6
2.1857053025489913e-7
6.296062462374715e-6
6.8426963601855105e-6
1.6167117762588665e-5
4.300091781433624e-6
2.5436256508174e-6
6.220639904137326e-6
5.128067768256643e-6
1.8621833691308185e-5
1.3289176971848972e-7
2.9293111128278207e-6
1.2661195038725858e-5
1.1847088724968636e-5
9.280845333922803e-7
1.847532119594964e-5
5.7894546899470985e-6
7.0150903177263895e-6
1.0527943872824715e-5
3.6600489397734646e-7
6.7975114126037406e-6
1.53689385106954e-6
1.067531705115085e-6
2.8222379127417644e-5
7.481778214000588e-6
2.7574048735992947e-5
1.9357093394834944e-5
1.453809862098406e-6
6.939635210836821e-6
1.6012914114030031e-7
6.0344105272354344e-6
4.15213293235937e-6
1.516556014482659e-6
5.835229375238335e-6
5.969505388506744e-7
2.6159529249439776e-7
1.0528678921318045e-5
4.094771232599204e-7
8.119553078627767e-6
9.664973321075434e-6
4.319121178048331e-6
0.00017343226934997974
2.0803716700836106e-6
8.804213005026522e-6
1.3719141087907301e-5
4.626045593683905e-6
5.002121919637125e-7
5.84665414980492e-6
4.94010257504005e-6
2.8371070679581508e-6
1.820947556859005e-5
0.00015951532026948627
2.6505301224773353e-5
4.90101468240912e-6
4.352515626809649e-5
5.1969652239668145e-6
4.339931609580821e-7
5.390670330035456e-5
1.5148126884105162e-6
6.179680415929982e-6
3.3166495756712945e-5
3.2985923570698258e-6
1.8220376386992005e-6
2.0228018784164183e-5
2.0884198640285663e-5
1.9471776110202664e-7
8.926533402814312e-7
1.0306268022701857e-7
2.621105272525879e-6
7.403789862858516e-6
2.720266697324431e-5
1.736410801017255e-5
2.1127212828309985e-5
1.1005910007977798e-5
8.385747529777297e-8
1.4616248069479914e-5
7.77833805072097e-5
6.946408351576009e-6
1.2035615103139025e-6
1.5187656087237106e-5
1.5556396654091027e-6
1.1242082943410423e-6
1.2558205598460188e-5
3.5127265439209862e-6
2.1295449773492432e-7
1.204734674727161e-5
1.3556150784240051e-5
7.340562121043827e-5
7.299658441364462e-7
4.91658995398296e-6
6.201723890899683e-6
1.2051551163681603e-6
2.5691996063015023e-7
1.1029668353150125e-7
4.885803169334838e-6
2.0057822693403735e-7
4.726469340031724e-6
2.093630535966455e-5
7.319110472809253e-7
1.075797044728438e-5
1.9027412568378067e-5
4.69759617420781e-6
3.922729902856876e-7
3.295768230539459e-5
2.7789795252646518e-6
2.087579865064936e-6
9.302073174067246e-6
2.2523434368296522e-7
3.176689486126479e-5
1.0910030353034002e-5
1.5463083569086937e-5
8.394172279411547e-7
2.852699745550048e-6
8.029883477965409e-5
5.760633030699275e-6
1.440932350359411e-7
3.190120651959813e-6
1.6225312005358708e-5
4.298021228749975e-6
2.2229297722354257e-5
1.0884624390101008e-5
0.00029852249361687666
1.4119827445772446e-5
4.683935208409092e-6
1.4596546205630695e-5
1.8154378707399725e-5
2.0237653003783312e-5
4.73439676470255e-6
7.4932912155816e-6
2.2551313342274736e-5
3.2730514561372286e-7
1.7454372215145357e-6
1.189268831837299e-6
3.5040141994792e-5
0.00010048626755745196
5.672033932897274e-5
3.0883775533367567e-6
1.7462726855421788e-6
6.00940873635257e-7
4.323063849673262e-6
6.607681831923936e-6
1.9283752967875775e-5
8.83567880889155e-6
5.366243668029905e-5
3.182021291645649e-6
1.8200614445674624e-6
3.677018797875212e-5
7.030623264801443e-5
1.0788021753414753e-7
2.493901774024043e-6
3.0318515683520428e-6
4.5403400534540195e-7
1.1891063059101114e-8
1.4506086817161375e-5
2.3098350357529143e-7
1.6717270906471327e-5
2.8283658365263815e-6
1.2299711473519871e-5
1.8881662935291478e-6
1.8605396283995045e-5
8.685411986580472e-8
7.141798178601373e-7
2.5694302513635583e-5
1.5070295293045453e-7
1.1161231738882443e-5
1.3883092255975246e-5
1.357045896649814e-5
2.511574928792334e-7
1.2773916121559225e-5
1.3522600938020362e-6
1.6108284912373834e-5
7.712204877332706e-6
1.1243184058556923e-5
7.012019902723567e-6
5.670027796308097e-7
9.817534318493616e-6
1.4379894479790507e-7
1.6520639861270174e-5
7.586273170057496e-7
8.818543574106705e-7
1.9531697311342735e-5
3.566290295264406e-6
8.439935932733097e-6
5.518066142487295e-8
3.0370583615522898e-6
1.5450965507771413e-5
7.2657470872100235e-6
4.36977979315875e-5
1.3216784662043948e-6
4.4092249304696073e-8
3.745220595529103e-5
5.031407862170292e-6
8.06232272910369e-6
2.2721916188211996e-7
1.6879751758967518e-5
9.604152043290379e-6
3.7332174976940236e-6
5.0580873916315356e-8
6.300784238664673e-6
2.560271807439716e-7
1.0987480588378222e-7
2.4843737016039176e-6
7.370455546570428e-7
5.102409957849008e-7
2.431817800366002e-5
4.802783509515082e-6
6.404015180681632e-6
1.906337637446299e-6
5.241740116352766e-6
3.0204599875542497e-5
9.179580254767115e-6
2.472553764675537e-6
8.721739057807908e-6
1.927903238352847e-5
8.515300674303193e-7
6.123148732061537e-6
9.365179657296256e-6
2.1454657587875474e-7
4.453509891124447e-5
0.00013450293301074212
6.351342816996952e-5
1.405812905403867e-5
2.454243172598055e-6
9.360270947476119e-6
1.9551573928602552e-7
5.678394188933612e-6
3.9753655648963134e-6
2.0726452842726606e-5
6.823670433981852e-8
3.098395455471529e-5
1.7397432236354323e-5
2.342725458554524e-6
9.876585742710649e-6
4.858711365810604e-7
0.000632216843819812
3.104428360816644e-6
7.373827648589764e-7
6.256970813915477e-5
2.016140523943007e-6
3.988326646231639e-6
1.3828249415392005e-8
3.3540700729944135e-7
1.411178654918058e-6
3.703805329390023e-6
5.143528859415361e-5
2.5663804737555264e-5
2.808024587037825e-5
3.637331089184992e-7
1.0673956176031624e-6
4.305957279741155e-5
7.239374851211329e-5
4.181994841191996e-5
9.42713779517273e-6
4.624394417985308e-6
9.394710227792747e-6
6.192357063053706e-7
3.537637949282684e-5
4.4032775864900695e-5
5.946488137282413e-6
5.585954431231068e-6
1.0714387145157383e-5
2.955131895620677e-6
9.148884747264105e-6
2.9226232547159475e-6
5.40216535141357e-6
4.719575758567334e-6
5.076585154904953e-6
1.400245420697862e-5
0.0001015793093377646
1.3925038283922467e-7
8.683543540169636e-7
1.6740443147706175e-7
7.156768625040714e-5
2.600812367919987e-6
4.131727915749838e-5
0.0006442595500493861
1.0404368003750777e-6
1.7504003160376666e-6
3.780723218328763e-6
2.8239923401962995e-7
4.282672303973082e-7
1.206953363158571e-5
1.6578915889048623e-5
1.4584754168318203e-6
4.416079911178847e-7
6.416727181897737e-7
7.043817413381688e-7
2.105556725200395e-5
7.406346127650791e-8
6.135440021666668e-6
5.203227283189411e-6
6.464714842598385e-6
3.0898641802382517e-6
1.1955506966429822e-6
1.1011772332369168e-7
2.353779420961083e-5
9.44129473780914e-6
2.581091773059058e-6
4.340695631323077e-6
4.417988864332451e-6
2.3209640818963524e-5
7.44765616996306e-6
1.5460548589308845e-5
8.140482315986017e-6
1.7517804122173123e-7
9.302104236551877e-6
2.475035187412545e-5
4.8695956035894494e-5
3.083054782640142e-5
4.77108324909772e-7
7.612227593535338e-8
5.929436647292251e-5
4.578773500914167e-6
1.3229360354174585e-6
9.442036617520453e-6
4.038334792710222e-5
1.2844702272847621e-6
1.1848133615277638e-7
2.5901493047226755e-6
1.4857247515786957e-7
1.5588774918229607e-6
3.62835350170992e-6
1.7314335287554384e-5
3.6791832900917227e-6
4.4959933344125696e-7
4.425201884314712e-6
7.750933522905997e-6
5.5630787671251514e-5
5.098980799614741e-7
3.6127555878303065e-6
3.912313022588043e-7
0.00018430023637763877
1.774168147107744e-5
2.6705921856911403e-5
3.343242206175554e-5
2.4775431294666277e-5
1.755592726925988e-5
7.3686480689736605e-6
2.352868802349567e-7
1.9884070910713165e-5
1.868830205215337e-7
0.00018678477542527586
8.217573087230339e-7
1.0153729534389493e-6
1.598075786053799e-5
3.3769005449600213e-6
3.843229009548e-6
5.033452022943038e-6
2.3104904614876118e-5
2.7988985772888232e-6
9.408216109122273e-6
5.0880604245842826e-8
0.00015701598913395393
1.1209763840107392e-5
1.8665595496425605e-7
1.3087605045311923e-5
2.1844183615338093e-5
1.597085267549855e-5
3.076163052896462e-5
5.5828142324300445e-5
4.827309405355035e-5
4.917525928410287e-6
1.0784799070974759e-5
2.984506459337424e-6
4.446650304903016e-5
2.0656802746737223e-5
1.4132267968427912e-5
7.855906821120155e-6
3.584854892751407e-5
8.631912667191802e-8
6.6982242346631244e-6
8.671200507205404e-7
3.630662845343856e-7
5.328905578323768e-9
5.973949944173694e-7
1.0156641059754364e-5
9.260476839311313e-8
9.17716984194841e-6
1.5058831449446089e-5
2.162122525025205e-6
1.0345297419836685e-6
1.5635166647939892e-5
1.8332139113336786e-5
1.6546880766203494e-5
5.0791195658236065e-6
0.0005071733761258178
1.2551946424220131e-5
5.9586645441117265e-6
1.8119297661205215e-8
3.703117645923589e-8
1.4297974984322851e-5
6.834826929388673e-7
2.4435801431712646e-5
1.4264100589783591e-6
5.81863073818406e-6
3.5417143252467505e-6
5.344711981810982e-7
5.882498217599646e-6
3.653311653443658e-7
2.8067597034073106e-7
4.4389519947997127e-7
1.774254037035424e-5
2.150809756033524e-6
2.637182046740454e-5
2.6030537553100286e-5
3.0595323027668905e-5
3.0914774998509075e-6
3.6854113754927385e-7
4.251706430262423e-5
8.916998348531404e-6
6.480557563102618e-5
6.450800549600436e-6
6.7596122965893945e-6
3.584915394082949e-7
2.6481002660845446e-7
6.372385585764885e-7
6.846696782547191e-5
6.405327020983249e-6
5.682241929159532e-5
5.163661117935684e-6
7.167437120158169e-6
2.7556328084873635e-8
0.0001114213019318076
1.1676681592905648e-6
1.4171089202502339e-5
3.1042289551616486e-8
9.445577704858126e-8
2.0112040249540558e-7
1.1785503098667377e-5
5.277401987393155e-6
1.0128275850879327e-8
4.208054803285855e-7
0.006725095793004417
1.1653373467521518e-5
3.850135748903927e-6
1.2978692737732908e-5
8.161565080508219e-7
4.20762759086786e-6
3.568352218973927e-5
3.6071205163183304e-5
5.763434140926343e-8
1.4296434440145782e-8
1.5413379073369872e-7
2.243147392254397e-6
2.6129258992712764e-7
1.3371473744429885e-6
2.855879919473479e-7
3.2786060090615545e-7
2.2143768021412155e-6
9.198195932801003e-8
2.2362950124561287e-6
5.448387623699048e-7
3.96887230960647e-7
1.2555350307803593e-6
1.7889048886122471e-6
7.872926741511394e-5
1.5099675990295672e-6
4.375383973383381e-5
6.325960671667852e-6
6.348036761331397e-8
8.132978699320726e-6
4.034653937112224e-5
3.081283050325719e-5
6.585061203074588e-5
8.265849756635242e-6
7.759028813297894e-5
5.111400488479887e-7
3.4623466970741475e-7
4.8418654432532365e-5
5.02099701041729e-5
5.212724737605905e-5
2.145512111903492e-8
1.0538068892728117e-5
8.08630965616715e-6
2.8390978448813404e-5
0.0005433048290309541
1.765611702545177e-5
1.7925167178181575e-5
9.212144231116655e-7
2.292127329483342e-5
9.621052653029326e-5
2.0078232368492411e-7
1.4941814733171266e-6
0.00013500541106337445
1.9612120273479862e-8
2.8769551777438294e-7
8.662889270300415e-6
9.497115284408216e-9
1.1026115604908434e-5
1.9705432299697662e-5
5.906092586959791e-8
1.8522132714788432e-5
8.01368486438618e-6
3.710513341960996e-5
3.1655185695322814e-5
6.7744200833583e-7
3.498026258947858e-5
0.00011831458554346654
2.1891715665691616e-5
8.661230434677108e-6
1.141670083993044e-6
6.425893760642251e-6
5.0530063631802924e-5
4.22280807137449e-6
3.26815909690502e-6
8.429193604467258e-6
5.5342440486743296e-8
8.914743255436674e-6
6.343219709021067e-6
1.9638894844204322e-7
0.00014256248259658934
1.4813682878946626e-6
2.019300511223987e-5
3.51283494554979e-8
6.086768855059237e-8
1.398900381966646e-8
5.254230434883615e-6
2.857438754166679e-6
5.080259596323829e-6
0.00016786599404340166
8.163168399044544e-7
1.0829378552531733e-7
1.6657392772473447e-5
3.8787210760529595e-6
2.277299466950723e-5
6.852591944063588e-7
1.63489684080782e-8
2.7705544221580527e-5
1.7298105866145264e-6
6.714556496976976e-8
1.2481383363153693e-5
3.695912930216559e-5
1.5331318061951978e-6
1.1258039899578894e-8
9.501382403706886e-6
1.4925786128594228e-7
8.904715299611487e-6
1.174822961304414e-5
1.958961737599022e-5
1.8135345285187966e-5
1.8210302472074917e-5
2.358024352127972e-6
3.190458126910605e-8
8.920046504819698e-7
3.6489084552243665e-6
4.445540044682704e-7
5.2427095145936985e-5
7.678404064053047e-6
2.411707497824428e-5
1.4542094355797502e-5
1.4804538631324885e-6
1.0384090571925212e-5
7.065831756911992e-6
2.6445733740087625e-5
4.283041073215195e-5
2.47218533635987e-7
7.379755761829671e-8
2.0524432673748506e-7
6.474972973544105e-6
9.94886895663911e-6
1.2691031706935628e-5
5.808738987645934e-5
1.1974055644692756e-5
3.5725195566889994e-6
2.554080879874987e-5
2.7104327932086962e-5
6.683220453841629e-6
7.24850090014834e-5
4.2117571106665326e-5
4.8243114033123404e-5
6.704730626416886e-7
0.0004262040026722437
2.916316310612019e-7
6.8467773367236035e-6
4.5820497484822893e-5
3.467054596984078e-5
1.587572406684746e-5
2.515416169300018e-6
0.00012477939515656068
5.634441412743764e-5
1.4590111532775243e-7
9.340176202714215e-7
1.9294848277615792e-5
6.160011810543045e-7
6.15918093317714e-7
1.3851632995674939e-7
3.0754296817370735e-5
9.668374426143079e-5
4.436747432430246e-6
1.5146058339025532e-7
6.714351767581671e-5
4.4222666075406376e-5
1.8434124932439048e-5
1.2230107259203416e-5
2.8960357594094842e-5
1.240669661864613e-7
1.2397829844978655e-5
5.194864249618098e-7
0.00022501661924026128
2.2476200530887454e-5
2.782333380557989e-6
5.176984674143239e-6
4.310744527190331e-6
0.00013485125614654168
1.2874400148550188e-7
9.44441369698668e-5
7.468178354478681e-7
6.459024873812138e-6
2.1407159894785524e-6
1.0932004803986481e-5
1.1484938160395887e-6
1.4930329477431943e-5
2.4433172050576868e-5
1.7203644113146007e-5
1.384140873152725e-5
8.32467880487289e-6
1.5457094884268094e-5
5.5503933740350034e-5
5.073973174258313e-6
4.635760982607454e-8
1.9307151693436234e-5
2.3996956106061455e-5
1.9867421588914948e-6
3.5485491204574106e-7
5.975512562500485e-5
3.839355269960624e-5
9.04137376822269e-6
3.4192669601751346e-5
4.6402328883078914e-7
1.2070314599389664e-6
1.4852928257454664e-6
1.0450582960291744e-5
7.273373842054162e-6
1.700777927783767e-5
3.239376839214805e-5
7.857684999938128e-5
4.227796622096806e-6
1.3290933408786837e-6
1.918898314719565e-6
1.5880666589415942e-5
1.7678891888068448e-5
9.3633690241085e-6
6.2973276423315346e-6
5.394126432332095e-7
1.1630131955546903e-5
1.590063096970244e-6
1.1735222545659268e-6
5.757724629330366e-7
0.00010348413797274109
1.410634051065151e-6
3.471227645890826e-6
2.3278357342853343e-6
2.409330771129241e-7
4.877393150412065e-6
2.3187420857146923e-5
2.2389565486457754e-6
4.463444390781669e-6
8.96280087720113e-6
1.1626169056540162e-5
1.8343108788294801e-6
8.341990174307593e-6
2.1432941669977736e-6
2.4374724061931644e-7
2.756276415167013e-5
3.014880814170187e-7
5.733784280347407e-5
2.999369101149436e-5
6.316896303396651e-6
9.861697842470916e-7
1.8945972045924953e-8
2.0242224909139188e-5
1.0085986387656566e-5
6.5162223221607625e-6
1.2248713883771455e-6
8.688532732480977e-5
1.978944313396575e-5
1.2107091936942601e-5
6.562153914242529e-6
5.8783545668977817e-8
8.51404855177189e-6
4.125006265294448e-6
9.36266877850437e-6
6.720241302961899e-8
2.1323583272845064e-5
4.681388175876587e-6
0.0001150940296814697
1.5349066513406187e-5
6.884491069360921e-6
5.05287782433279e-5
7.249094280656895e-8
5.38256962636879e-8
1.4417921897469784e-5
6.792756164022566e-6
4.110538897929188e-5
2.3686610101992974e-5
2.43017382432304e-6
1.3464811097945373e-5
1.9506886835073716e-7
6.99534244638783e-8
8.344982407972116e-6
5.649172133921102e-6
1.2213638916847485e-5
3.272544046559285e-5
6.180960461978469e-7
3.483271786445871e-6
1.7947413694578197e-5
1.0732327940268418e-5
2.109491960254352e-6
6.469706925383858e-5
1.166195134136886e-6
3.0778163142904536e-6
1.2132945052012546e-7
3.4427650452489e-6
2.9289746288984884e-5
7.385779461205676e-6
7.365548704486885e-6
2.758278655450795e-8
5.025580322410684e-5
3.377541137502455e-5
2.664547595721444e-6
2.8031212150109122e-5
0.00013885778440773626
2.5986875804154113e-6
3.663687849809736e-8
0.0024893151036061373
8.096852251005455e-7
5.876656842478413e-6
2.271959619362187e-5
2.106819544118528e-5
6.349398554657972e-6
6.151163041192114e-6
3.488374537632046e-7
6.987689554849999e-6
4.91903005601125e-7
5.485679471188983e-6
2.291816841901411e-5
4.293058317717469e-6
5.246667070517947e-6
9.322715075369883e-6
2.5029790567061533e-5
1.509271435234831e-5
8.498245300909258e-6
5.114399929849255e-5
6.709803917236256e-6
4.951696942266432e-6
1.24345305915611e-6
2.0677089990376945e-6
4.1133881264652194e-7
4.5689499842853925e-5
1.247541799870129e-5
0.00039252773905026683
0.0003810410663089239
9.824169014310243e-7
4.029106029259762e-6
6.515898442434437e-7
2.709331146677439e-6
2.9404942227134597e-5
2.974498696785122e-5
1.5052198378446452e-7
2.4433908572079292e-5
0.0001214810635534656
4.7002884065825377e-7
8.818341531861514e-6
5.678973245183851e-7
1.4899618963395463e-6
4.097524780408972e-5
1.3709761475261432e-5
1.426809241069636e-5
2.311311965067668e-6
2.8597902665775176e-5
1.5357572217733346e-5
1.0072032127873403e-6
1.168119116104884e-6
8.021409993408657e-6
1.9685157903518693e-5
6.398189638678465e-6
6.480074239615073e-5
6.177264627500612e-7
7.98173148511067e-6
8.319610445266793e-5
1.758295456192053e-5
0.003054587295307317
2.5236866083114982e-5
2.9132517485842685e-5
8.94673140866592e-7
1.53837990349455e-5
9.003623817417178e-6
6.405662606633433e-6
1.97273597595673e-6
1.585171588744066e-5
2.8855375047811042e-5
7.006980225558359e-7
8.625265598816186e-8
1.3278722315211872e-6
2.5409097326173556e-5
1.4200084849068341e-6
2.4123886076149088e-5
1.691929506983118e-5
2.183892573143637e-5
2.2586269064264467e-5
4.86998230287608e-5
1.2547690198934658e-6
5.803162036331718e-5
7.997915577294866e-7
8.213235504015707e-8
7.782420455658416e-6
1.398448652332992e-6
2.3054701747291952e-6
2.8320097543878252e-6
4.6654872735500334e-5
0.0002606673977197072
2.320743520246111e-6
2.6834875772337477e-5
3.6270357338297e-7
8.308246449110488e-5
5.783587322096985e-6
4.2546053805372144e-8
8.22450643778747e-6
2.3623174182891078e-8
2.6745920421543577e-5
5.002267675517259e-5
2.2216262959805747e-5
7.327872804255761e-6
4.4343687166902514e-5
5.518888238807798e-6
5.756104824119095e-7
9.86716570265247e-7
0.0001555800452730404
5.396177166016195e-6
1.0568910003797985e-7
3.897675991994443e-7
3.641801685443116e-5
3.6532669395490436e-6
7.203401265090334e-6
5.161133647356193e-7
3.311311344703855e-5
4.972391286145346e-5
1.5657529306416486e-5
1.1151834083055284e-5
6.113632261218665e-5
2.156225409728027e-5
1.5922919200728013e-5
3.339036892553151e-6
4.4232031309398446e-5
5.1015629345441255e-6
8.200905562076746e-6
6.62243466346488e-6
1.335696085574032e-6
1.6156694302138984e-5
9.799172934945422e-8
1.2976297599119762e-6
9.381841791075046e-6
1.684964877324665e-6
7.634602266919828e-6
4.046451787642662e-7
4.1944593856639e-7
6.529366541273039e-7
1.143158152075303e-7
2.58939278485029e-5
2.842641744780019e-6
0.00013293855394991126
3.640842017757138e-6
2.0064357931561854e-5
1.817529098969436e-5
1.0364320530946892e-6
1.0216950776400666e-5
6.046657514398463e-5
4.258668284551439e-7
3.7210422220766587e-7
1.598129597089551e-5
9.113773990645437e-6
0.00016885434499725098
6.165790636959194e-6
9.595319440168501e-5
3.894738939740233e-6
2.3921912113046008e-5
1.7878427392798914e-5
9.285044594014333e-6
5.267644681467201e-6
0.0001440994557157572
6.355775123335068e-8
9.93298184449488e-6
2.1471036115402943e-5
3.139897330829159e-7
8.327885158693885e-6
2.620885285838302e-5
1.8376888327222474e-6
8.828697198057975e-8
7.834338237809351e-6
9.040123734422171e-6
8.804915168855876e-6
2.280781335479136e-5
3.806497028248855e-6
6.188877906547636e-5
8.061764135310531e-5
4.2417370980085805e-6
2.541495413982841e-7
5.149526785310889e-6
2.6627271222607112e-8
1.6620308895856752e-7
4.962217285958563e-5
3.3557265175415093e-7
3.752851221260381e-6
0.0003933539776467326
5.024263373668479e-5
3.479089618197493e-5
3.935826037643119e-6
1.755944477443825e-5
8.113653367276835e-6
0.0006837683311509283
0.00010108691502268649
7.726601752678241e-5
8.02031665005507e-6
3.685536205647107e-8
1.702960498491311e-5
2.3668685838042207e-6
2.9556492336296263e-5
1.3204464018177166e-5
6.995927160508605e-6
