1.537242118868446e-9
6.367966401705478e-6
6.908224870927303e-12
9.364909172923387e-10
1.265168842386425e-7
1.5857686933263948e-7
1.5712948925666195e-6
7.74526033041729e-8
1.590755083828795e-9
0.0015685566349321162
5.178427767826552e-10
1.60706855141847e-7
2.761854087495023e-11
2.9959372707850973e-5
3.8315155257120904e-10
1.274437863899433e-6
6.797809846157131e-9
7.603702757322815e-11
6.597771557736478e-7
1.127351345650683e-5
4.007055185549646e-9
3.97139880504501e-8
2.1810111455610017e-5
2.0755402541548386e-12
1.7184931136278356e-9
4.140357497474803e-8
3.343213389686409e-8
2.8661491932714787e-6
2.1600985723282536e-10
3.8971074364356644e-8
1.5996415879231809e-6
6.770740503849252e-7
6.505866689385948e-10
3.8414338834391815e-11
3.9695380945101023e-10
1.932510177907959e-8
5.436459954513717e-10
1.738202632368238e-8
1.6810602782076658e-6
1.7480472606592081e-9
3.2271936693643344e-9
9.644940135100561e-9
8.015660600341187e-8
2.545491021174893e-7
9.462234521332514e-9
1.759535825540905e-7
0.00012684677416709839
7.719783437899235e-9
2.3395901425417993e-10
9.531222606987241e-8
4.2732094699566396e-8
7.282838932877172e-9
2.1449177487570764e-6
4.083550294215996e-9
7.168230269449841e-10
1.337550391593364e-6
6.97840758286342e-7
3.549464751354305e-10
3.95772551450155e-7
1.81601219167725e-9
9.105048974285383e-7
2.045259157301895e-7
4.820152366635938e-7
2.4161899694011177e-6
1.6315248813805876e-9
2.743365507345994e-10
4.8926454176294024e-9
7.762446228053636e-6
5.325040130180757e-7
7.057500973483277e-8
2.914278598544337e-9
3.507333027866703e-12
1.9790911017048387e-8
2.1024181853083683e-7
3.027507785206239e-9
5.524496630519458e-6
3.7238545664816575e-7
1.1392385024945097e-7
5.781986352183255e-7
8.725729758685197e-9
3.213614985224603e-7
3.7192150097816175e-9
1.2083732823663976e-8
2.0348826779484037e-5
1.732336533251708e-8
3.1604399136420023e-9
2.049474763253365e-5
6.818544563185161e-10
7.079727736286683e-8
1.7391772286193846e-8
5.7086547147498954e-8
7.684295286190628e-6
7.054204429596825e-7
2.765584720053372e-10
4.414303673379788e-9
4.4231346985376705e-9
1.0641610358275248e-8
2.4196682456492668e-5
2.86963112139916e-10
3.6476253169050174e-8
4.062661456746484e-7
9.03300539375068e-7
1.98637496801295e-6
1.049373190655086e-9
2.2383875130329035e-11
3.3928964765025964e-10
4.037345467023784e-6
5.764527910610328e-7
2.0542013177812238e-6
3.5202650828266056e-6
3.993118123012621e-10
9.829753977141814e-9
4.968564921311046e-10
9.61633445216441e-7
1.280728785237494e-7
5.827559962696848e-7
0.00023723469067025472
6.172995860933828e-9
3.301462039915581e-9
1.7682592735635815e-8
1.639066770012164e-9
7.752157306197746e-6
4.845560703576204e-9
1.6555889387638198e-6
1.3393633802539074e-6
1.1248380476706542e-9
7.497477722992351e-9
1.5802265400892872e-8
4.967244700860708e-6
2.1810899417952997e-9
1.1542495848954497e-5
9.750806546104264e-5
2.3720436205485897e-10
7.452694103866995e-10
3.6733057551074484e-7
2.9433567131546397e-10
9.177726828878958e-8
2.010218684239245e-10
3.329781367711533e-6
4.627420512930375e-8
2.5642187424685723e-10
1.0022480108718456e-9
6.282421737388281e-10
2.421741245728441e-7
6.506061018373328e-5
1.8127659592185069e-6
2.930078537603383e-6
1.2120300471731539e-5
8.116422346755693e-6
2.5605880135077133e-10
6.749621951843458e-9
4.96167884828176e-10
7.232938257751093e-7
3.587969667197742e-11
6.099059783756905e-11
1.7963278283943035e-9
1.7964256548349062e-5
6.773241565684647e-8
1.9872428722487312e-8
1.8601741075455406e-8
1.1802394180987184e-8
2.4828894330471787e-9
2.7888822683850914e-8
3.3660511000465627e-10
2.3995304450151726e-7
1.0954422874618755e-5
6.518669093101818e-9
4.317875539956592e-6
1.5204218636588249e-5
5.10803474341095e-9
8.323256091721694e-8
2.3929075329289833e-7
1.4712835126661654e-10
1.3682519270465147e-6
1.472848694750891e-10
8.207355423710947e-7
1.0069821582489979e-8
2.3057196960695108e-9
1.9755872926961257e-7
7.802893702150757e-9
4.940036394361059e-7
3.187392930225414e-8
1.1351484345295513e-5
1.7426842948537118e-10
7.469522276758095e-7
3.321837617672943e-7
4.3726554312496636e-11
8.929912509461977e-9
2.0694602289973953e-7
4.841199662761769e-9
1.3730297721266694e-7
9.443080912883472e-10
4.362160849926621e-8
1.6765909887625716e-7
5.0625900795499714e-6
7.823967337027173e-8
1.305157580379885e-6
9.074386717337694e-8
5.576624857781953e-9
2.409722197205027e-10
2.75001646532437e-7
2.2805767827857913e-6
7.083083269424149e-9
1.2104405536267126e-7
6.384230263368171e-10
1.3016721413155206e-6
3.387720224204284e-5
1.5288814988263185e-9
2.5057468509203055e-7
1.0418104826811504e-10
2.8172615178286346e-7
2.4249793386422845e-8
6.967096378041694e-8
5.9228001510999925e-9
1.667050308301081e-6
2.7225257969805833e-8
2.0453145246013207e-5
4.0939285308285994e-8
3.949010345212831e-5
9.177841906333421e-7
4.9883404126021015e-5
0.00010160361509748787
8.616413045673512e-6
5.685892554448322e-5
7.011961598160122e-7
3.681474096444045e-10
3.8272221344598205e-11
3.5999702112637695e-11
8.280102176204077e-8
3.181009818496589e-10
4.2062688150857297e-7
1.992196481057846e-7
9.611378539892844e-12
4.852628220219688e-7
2.1088792708606258e-11
1.6196676265189934e-9
3.27196523314998e-8
5.653158337451373e-6
1.327555995510742e-8
1.2948918636320093e-9
6.184859370134504e-9
1.0736881102912187e-7
5.724336213299025e-8
4.826286905607888e-5
1.1536120556133934e-8
4.611424972174643e-8
1.2676931008430887e-11
6.314578988685342e-11
1.0182259049991634e-7
1.9531841498519608e-8
3.198050613169246e-5
5.332446510537333e-8
4.671882626653546e-6
1.8431583744575027e-8
1.6555037589042217e-5
5.110647522371119e-10
3.122129458143326e-9
3.2434055370704365e-8
9.417869080531436e-10
7.622046184178947e-11
1.6881510909834914e-9
1.2392628676153102e-8
6.756735314090758e-7
4.902669522640732e-8
2.3890964407662037e-7
1.2073117790459662e-7
2.06379644061525e-8
4.9645457127600314e-8
2.448190574116839e-5
5.7289767633691556e-5
3.897714427440472e-9
8.944682617446092e-10
0.0005639290963543361
1.2584612600233025e-7
3.329351787103259e-9
3.7862761290446316e-11
1.057570407390651e-9
6.808197399648223e-8
1.5955136304017062e-8
6.479162981402248e-9
6.685174299361269e-8
1.0485266391878829e-6
1.7240623066174065e-6
1.0324717876136357e-5
1.5531484100765232e-7
5.998303865420281e-9
2.8741626161822336e-8
1.675931319428667e-7
9.60346867396164e-10
7.74173791638194e-8
6.139011589148786e-8
6.044995051708929e-7
7.130267676087638e-8
2.2899392094172287e-11
6.8955705716388155e-9
1.1050520493079457e-7
3.67705739879652e-10
4.664687193130801e-5
5.850574997361554e-7
5.393187075123556e-5
1.4834218946934532e-8
7.69086979801467e-6
1.6734480485026841e-6
5.347864797547479e-6
2.3634201639137943e-11
1.7485025250089274e-5
1.444588418688673e-9
4.530844248452763e-6
4.4747951261504996e-10
2.0064306363304943e-8
1.4694596447247345e-8
3.140080588382939e-11
3.865565198163874e-10
3.190387781911747e-6
1.790674528159561e-8
2.3873708300486598e-11
5.196103690349859e-8
4.1941004657557554e-7
2.2730848671026974e-6
2.391889171388271e-7
3.877998081807937e-10
4.736650342933673e-10
5.633216904306998e-7
2.370137227625735e-9
3.784180931145027e-9
2.525329084565815e-9
7.529253213227695e-10
4.168945356845449e-8
2.7208110656527003e-5
9.846863719526785e-11
3.092206819839253e-6
1.5115851216165014e-5
7.361767559228964e-7
3.3765547464235084e-7
2.832739965405983e-8
4.9854360254252715e-8
1.3608234382341598e-6
4.557957411321709e-6
1.3657809959878615e-5
7.890295647545613e-9
4.66698931724084e-8
1.0587518921852552e-5
0.0007298386639137587
1.6473427398119893e-11
3.007134577175195e-8
1.102320796736385e-7
1.775209558032312e-7
4.514548874317513e-6
4.275784271658389e-11
9.832442947619654e-11
1.6621810298255869e-9
2.7762840967168676e-6
8.028153461948668e-9
2.22366005598385e-8
3.5178800214397554e-7
1.3552301277275054e-9
4.820860654814203e-10
6.683067534923558e-11
1.107041734587383e-7
1.2431719424442466e-6
1.0831550812212606e-9
2.675619372322419e-10
3.920801670922674e-10
4.4640569637150497e-10
2.2708725264341046e-9
3.253072197926513e-8
1.0144631564875096e-6
1.143346931715076e-7
3.230019065118821e-7
1.4714426355536084e-6
3.814705944702554e-9
2.484703813572549e-8
2.526682920641112e-8
1.3208557434786179e-5
3.267796074159421e-9
7.624170621186539e-7
4.853090331639809e-7
5.179876277687241e-10
3.869842131330477e-11
1.941657280607321e-9
1.0367114332805e-8
1.1952343201309936e-5
1.3922205951639375e-9
7.973854727618543e-10
3.513478806095227e-10
9.240899015560767e-11
4.634010749044228e-10
4.767329652264449e-7
2.6998149865419418e-6
1.3012224872521379e-7
1.274222045034061e-6
6.046586666772479e-9
1.5760469109902606e-10
1.9374327141949355e-9
7.073481729532037e-7
1.507012622611169e-8
1.0957050440241592e-9
1.2091307833693988e-11
1.6739059031012032e-10
7.85030677835705e-8
3.305676513503294e-10
8.692450736798218e-5
2.90146431984409e-6
4.997393546688662e-7
2.732198348792525e-5
0.00012082050393817197
5.141536151333907e-8
1.0872577020272758e-5
2.8675801470874174e-9
4.0850646625988535e-10
3.7210852008233387e-7
2.5505716873589954e-10
6.399874589286802e-10
5.3549417374114115e-9
2.302687614299748e-9
2.316142391293912e-5
2.253026258230495e-8
1.212445444928017e-7
7.247090914725112e-9
3.4072316372797e-7
3.56941600631574e-11
2.7973026045142894e-5
1.0819342688060164e-6
1.1496454113794471e-8
7.05850638782788e-6
5.311752298340424e-5
4.0184158054293035e-7
1.4535071531992074e-8
4.79874758363847e-9
1.411180175020774e-5
6.857724424746694e-11
9.182419152344522e-12
2.5472385816984414e-6
2.946368500963972e-7
6.286053981311589e-8
7.390602933432463e-10
5.60674341323458e-7
6.846316034416063e-9
1.0199876695359878e-5
3.6731300928570955e-10
1.7648569197416394e-8
1.0445562793660057e-9
3.832206492119143e-6
1.3411439778215723e-5
1.4588211334937319e-8
9.476102008099509e-9
0.0001468934722114731
1.5805545253961132e-11
8.446353567766773e-6
3.853745051555861e-6
1.4519346039860885e-10
6.318774589426191e-8
1.5926695470751972e-9
4.213562055193176e-9
9.441597635290121e-8
6.153322346591674e-10
4.156928051264753e-6
2.133040060051075e-7
2.5174249351554987e-9
2.8284272657912855e-10
1.9129192314987747e-8
2.2990474669544143e-8
5.255580597567233e-8
7.622786434150311e-7
5.2248789480114304e-9
9.576299090775961e-8
4.341167041007996e-7
1.5445575839577568e-9
7.039647926150015e-9
4.870382439140462e-8
1.4272832471501366e-6
1.0246058540175231e-8
1.0030304826809201e-7
2.2099952008162805e-7
9.900093235606904e-10
2.19197027653367e-8
2.7700574908310193e-7
8.85568488961586e-10
2.406856444527516e-9
4.223739818543198e-10
9.349093695512857e-7
0.0003704974754502315
1.8533474694948695e-7
8.455438056563753e-7
1.6139388861997357e-8
2.4245156319494154e-8
2.3932092241764954e-5
2.1400763894275797e-10
6.137893111240806e-10
1.4399880002308196e-8
7.733305219739765e-7
0.00010112395745210358
5.27284994874519e-9
3.8015195740696655e-6
3.4949847525745754e-9
9.049357013480725e-9
2.9205146086201025e-6
6.106679365045324e-10
1.8403887370885905e-10
4.3854055460724735e-7
1.4344067321530325e-7
7.646514637787884e-7
4.446803942578748e-10
1.3622805513835e-7
0.0004297189489065232
1.2432569002910788e-6
1.169713295563839e-9
5.087348137430071e-6
1.5044793916091883e-6
1.9105967251696027e-8
7.70603798330547e-9
1.1734316798440619e-6
2.1074392208459897e-8
5.49376827459925e-11
2.1949054177593895e-8
6.759513020603682e-7
6.8790115795234065e-9
5.382482515960939e-6
3.853146807821979e-8
3.624670036331228e-10
1.8105920820215462e-8
1.3703227075907202e-7
7.206938267613366e-9
0.00014935067916164456
1.0529074977705046e-5
1.4571506113199371e-6
1.2774432236109765e-7
1.1901689576377677e-7
1.2927144192007172e-5
1.7580309819107698e-11
1.6777719104728125e-6
2.6067219133592565e-6
4.4202748917022524e-7
5.246958705140211e-9
5.980685861932e-7
4.887458185070454e-6
1.0331949449821774e-9
4.96804365792377e-6
1.3599540038844365e-9
2.475889686258551e-6
3.1063640997055626e-10
7.202208442274133e-8
2.117761762032601e-7
9.868798122136969e-9
1.763764353613022e-9
3.3815163228029215e-8
2.2054625629735844e-8
1.4295160985940699e-8
3.969830239259195e-6
6.661745520184443e-5
7.399888415409734e-7
2.395811834873915e-9
1.2327214925225926e-8
3.848421627016808e-9
9.67616809523495e-5
3.0058230144994654e-7
1.9019580883889375e-8
8.696283529648497e-7
1.1369964989822337e-9
2.0182053754053124e-8
4.4791163381199246e-8
1.5587555145525333e-8
4.524067351244288e-9
1.1461699995769196e-11
1.6833376735276214e-10
1.7624322246444017e-7
1.8091461111941758e-6
5.460769162148332e-6
5.489358816942527e-8
1.0685048479142721e-10
2.3769629199470037e-8
3.739794890207145e-7
6.379563900749498e-6
2.9599912522561516e-10
1.572460781526706e-9
2.0046261144167774e-8
2.98249476193568e-6
2.693957912180001e-6
1.6644857633149216e-6
3.464169330794425e-9
9.76825202876365e-6
2.2726883301900496e-7
1.9550757330349807e-11
1.6838373918320325e-6
7.008073509906452e-7
4.645040350818523e-10
5.653214728221812e-10
4.582975429752235e-9
7.160104082662232e-6
1.0221310119489506e-10
1.3507643028113614e-6
1.438941661809433e-6
3.664421118309044e-8
6.858721903484727e-7
1.1502927053186066e-5
3.080293300487175e-7
2.1262369576498377e-7
7.678848921943941e-11
1.3759930656698061e-8
2.5738530005017243e-8
4.7560320017541126e-8
8.406650419458908e-10
3.650336517990255e-9
6.731429910007078e-6
4.733799517974167e-6
5.754680107899961e-8
2.3186763532187402e-7
2.9971213362646503e-9
6.305719124717115e-10
0.00021686144864574986
9.359571424708853e-8
1.1353422530024825e-10
1.5781679884385197e-6
2.9391968236888374e-10
2.9887261848137153e-9
5.143400443577151e-5
3.496517484087529e-8
3.9134253744264105e-7
1.6426316260729737e-5
4.824192502204748e-8
4.2027090298213415e-7
8.216461414714382e-8
1.0464890417173908e-6
5.646575369306836e-8
8.610212623763665e-10
4.363391074908933e-8
1.9234515430222705e-9
7.572785350314841e-9
7.902262971122196e-8
4.364235576274624e-8
5.423495280100917e-10
2.9017315330499114e-6
1.8497211271168e-6
4.5615166323432174e-8
5.672354834912261e-9
1.5887235683277275e-10
5.840594156598769e-9
1.367908624112894e-7
1.4428118724219312e-11
3.2375747266843375e-6
2.2424639757339004e-5
4.904348092097867e-6
2.175151871672158e-8
9.869345225070371e-11
6.769629449851909e-6
6.528945648453539e-7
1.3267012476313253e-6
1.4939934165087056e-9
3.4956790241187054e-9
2.8954769905664556e-5
2.5200435638849756e-8
1.0876687940745542e-5
3.698538415647936e-8
1.6866523028277075e-6
9.725642332984807e-9
4.3940432979182045e-6
1.138749725204921e-9
4.4006236214575696e-10
2.6275241688043842e-6
8.892558183393636e-10
5.481904437786455e-10
9.271001751580504e-8
4.0693862614338257e-10
2.2790641580493086e-7
6.850594937774135e-9
1.0061593618283297e-5
9.41893040063362e-6
1.8614319650775308e-10
8.414498175569468e-5
1.129153552105574e-8
1.7955640464530947e-8
1.4588884625155292e-5
2.5482094985608183e-6
1.7554510254106596e-7
1.052402623025128e-8
2.2659193205537704e-7
1.1347710128858276e-7
4.0375900663140643e-8
5.132345814774749e-8
1.5733401990372732e-9
1.6629615317957302e-11
2.018388360257489e-8
4.666073091477712e-6
1.0117437013652118e-10
5.2908639706221435e-5
1.096836094801773e-5
8.132174853493961e-9
5.197353356335589e-9
2.3478485142353947e-5
6.916862005937666e-10
7.874949055203508e-6
7.703822365256204e-11
3.5350158932090744e-6
2.3634228997099646e-9
9.721650810727332e-6
1.7661197141100097e-7
2.2714875954262873e-7
2.734840369446971e-7
4.721714361717898e-8
3.1684249507421115e-6
1.1525269648366616e-9
3.983326609271276e-6
4.653498727490784e-9
1.0813680752750475e-6
2.17646420606867e-5
4.222478380436606e-7
2.051778679754861e-5
1.6669035095043126e-7
2.3698949600509146e-6
9.181594389592445e-7
9.614224884400884e-6
1.6147170993966495e-6
2.6538057701973133e-8
3.547966695611115e-8
5.967716337230302e-10
5.403020890896226e-7
2.5422479811762827e-6
2.016945256689433e-8
6.0678073991917725e-9
5.178087392642217e-7
3.770402229393993e-8
4.94151348011206e-8
