3.183981186454471e-12
1.975921283425032e-10
1.2804354574419171e-12
1.1229449648091455e-10
9.644032782538447e-11
2.8133403031041324e-9
2.5655411125826233e-9
4.947053491389684e-10
1.5544049961177197e-13
6.6373095167476344e-15
2.22519894025529e-10
1.3614174403002896e-15
1.2316530311722885e-10
7.175076871388913e-14
1.9249382368641926e-11
1.5528659128769004e-17
5.285277660148627e-13
1.063314394138817e-13
2.7019550063943072e-17
4.64633009048538e-13
3.450475283814154e-8
2.6442975077321497e-12
7.626664113431073e-10
3.4696594552169502e-12
2.930712655201111e-16
1.875934241930878e-17
3.917561562414228e-12
2.434137544336497e-13
8.701188374387581e-13
3.170553678301563e-14
2.209069134857878e-10
1.6469856634978159e-18
1.89562220613434e-13
4.301433842837e-9
2.932872477572314e-14
3.6386663513182665e-15
1.8439397450986038e-8
4.0168904184678505e-11
8.885590189902447e-13
2.284623262770798e-13
2.8125527844315276e-17
2.6011331845362912e-17
1.6850026731572836e-14
9.530275701803009e-15
1.2126447757582575e-13
1.828209416384063e-11
6.62659116063759e-13
5.173085885204832e-11
2.028548949462998e-10
3.417860708711189e-11
1.7181695460535444e-10
2.5047227374236723e-15
1.792041655451693e-16
2.114437123326738e-13
5.146949617640393e-14
1.4842675033316806e-10
2.270603647313451e-13
1.6210143400898182e-14
1.0748897109190457e-12
8.78040641004053e-8
1.049140524624648e-14
4.1482420113767153e-17
7.14186752941269e-18
2.220405063196652e-6
4.479803724613082e-13
5.321087889941321e-13
1.0328578870315129e-10
3.670322679028403e-11
2.972691961341568e-14
1.7558983705117426e-14
4.396270568279846e-11
7.391152145902718e-15
2.0603974602576217e-12
2.872522336613617e-13
2.363470949874255e-13
3.2794004462409447e-16
5.184251588568952e-15
1.5358362789684813e-11
6.88995748755015e-11
1.0007113366566248e-8
1.2380955634578959e-14
5.587141600669147e-17
2.954672089888858e-12
5.101064697659565e-12
4.0968778045960053e-16
8.298151151470859e-10
9.270349852107778e-9
9.172260468234774e-12
9.435963726456849e-11
7.790876650886229e-14
5.381726006031008e-12
1.8438244948033275e-17
8.783117103160089e-13
3.965657098045101e-14
7.165711446357447e-15
1.5156583817378966e-11
6.3846755613276074e-15
1.7965134170312437e-15
2.6073103146339647e-15
5.026592975983404e-10
2.6205791280796172e-14
1.2337594003808674e-9
4.276943042771893e-9
3.7900106969588655e-13
9.449298481447563e-13
7.294376610271657e-11
3.400877643070199e-13
1.9127629162551967e-11
2.9293833570381e-7
8.639723335045123e-14
1.280129789176871e-14
3.863311445529696e-14
2.7474649888448395e-13
2.8475531717269167e-16
1.1379041013318481e-7
2.3681661479753425e-16
5.836218156723636e-13
7.621214461337328e-12
1.9557838592601956e-9
5.459053319979994e-18
1.8719785966659443e-17
2.6416204906700037e-15
1.3795979390349807e-8
1.0727143163629731e-10
3.48627035774793e-13
5.927796524525916e-14
2.3142207507986253e-11
3.605149708918343e-15
5.437124649240944e-15
2.888853595245051e-7
2.1326108017732327e-12
1.6072501748086635e-17
3.3000053906709727e-16
5.179777746129436e-18
7.199469542240114e-11
3.4017365886767105e-14
5.924134217747766e-16
4.115340136471144e-15
7.676003306039789e-16
2.2471894773749347e-10
2.6605796481862442e-11
1.1115864833476287e-15
5.3164494049420284e-18
1.6875008516170832e-16
1.5111089828656768e-12
3.842794969412904e-18
4.14308779626252e-15
3.91258874211493e-13
2.795525562658171e-15
4.44388187651347e-12
2.959420657773196e-8
1.1004614463558362e-17
2.4642006037685765e-13
2.7957555275952195e-18
8.572713125062489e-14
2.080091591177005e-14
8.953357113155291e-18
1.4277008911706612e-15
3.7972096013146624e-16
5.525382576932101e-16
9.154084551351011e-9
4.698780085584192e-17
1.5218241711777305e-13
2.50635555221957e-19
2.461799896058622e-12
2.924004916180118e-14
3.3991660627800405e-14
9.42734757813171e-13
3.634271426617172e-14
1.4802078296118064e-10
1.9347060453549228e-16
2.8277009658099664e-12
1.0521784279010424e-13
2.3969013127320442e-14
1.8207273513161785e-15
2.7316718739280292e-14
8.37728370538573e-11
2.1758675874501252e-11
2.0054611486876968e-11
1.5285634680095966e-10
2.199813731487527e-8
1.2684383473735027e-10
4.757798523378814e-12
3.8148871817410855e-12
1.1688813414625504e-16
5.9001310521571525e-9
3.236067509155856e-14
2.6480067558368983e-16
8.36899461739164e-18
7.889607703460223e-16
9.988641301646575e-20
8.948240773160148e-13
1.3015872551692237e-8
2.6882839575202526e-16
2.3528158018480536e-17
1.0227693504465581e-10
3.92095062075885e-18
8.657517143378725e-16
9.743092408128348e-13
3.2819939859554364e-15
1.7262278207782965e-14
1.2890447754376267e-10
1.250435798299626e-18
1.01349018274672e-14
4.2771863987591675e-12
2.3091754542816015e-14
2.0582000122439067e-11
5.2483418640085796e-17
4.384075400308495e-9
2.8367321125920408e-11
3.3460767206334286e-14
2.5087643292744646e-8
2.2245851740904213e-13
4.0490009276846294e-16
3.7386544216986004e-17
9.955671312964623e-14
1.6193343207481734e-7
5.941890195249722e-12
3.3513932911110164e-19
2.553968342499489e-18
4.537311187023671e-15
1.56735948117511e-18
1.2694359572995021e-14
1.2824169402440303e-12
2.2103186983876753e-13
3.903963973056355e-8
1.2065013668785761e-15
1.6375779657582595e-15
3.4145616938649383e-16
1.0140255916191938e-12
8.808008338150064e-18
6.605264074089735e-14
2.734534581013724e-14
8.592073310164034e-16
2.29669664378788e-13
2.7868781592872253e-12
9.522040064493146e-13
2.946280944509193e-12
6.240733677301918e-12
4.05587084938386e-19
2.020752238899174e-16
3.532842137392507e-17
8.616252405836626e-17
3.327796395819638e-17
5.11664804014935e-14
1.3803932846447786e-15
3.727369825215359e-16
2.7630576474208e-16
2.4787698765967212e-8
1.8256919959018885e-17
1.748038974899727e-15
2.0912545429501956e-17
9.141291021895336e-14
1.1099636049313961e-11
3.034792484059871e-20
2.9426748449669825e-18
1.2701013377254228e-16
7.203297968723004e-18
2.3872955834496103e-14
2.1799478722384886e-16
4.378511675332283e-13
5.28012654287823e-15
3.6544510373233e-9
2.401429446901644e-14
9.339946082846829e-21
8.389643058264292e-14
1.3286887548474735e-9
2.4250105200293536e-10
1.6464601426686314e-14
1.4301958762637057e-18
4.8239653220572026e-14
1.341518516713508e-17
2.650752527476222e-7
8.041395062173116e-14
1.3915054235401645e-13
1.7880982511380196e-13
5.488764172421256e-14
1.4275764488739536e-17
4.755284791164723e-14
7.119307836263691e-13
6.279647084240396e-15
1.9831416409887656e-13
3.2917194407748782e-15
6.915242451073403e-13
2.3218432512392823e-10
9.507897331165148e-18
3.761468763563637e-17
7.921646784130916e-10
5.757936593700627e-17
6.591320146907539e-13
2.1492186752102933e-18
1.3577349169685202e-9
1.09100512277293e-12
9.394959846697904e-14
2.0736157991397622e-11
1.7818298622689753e-10
3.5174038150382046e-12
2.2144431938610528e-13
6.079748734750734e-19
6.744486836923113e-8
2.5503246411337445e-12
5.002196331289666e-10
9.021683331906246e-8
5.493884090625098e-17
6.665710337272365e-14
3.2535303581906247e-9
1.5157556164566085e-14
2.1910618386724905e-15
1.4726739016239486e-20
1.901466650223884e-14
1.6912303438511032e-13
1.0514964281120551e-10
1.0500804665649358e-18
1.5133035147566746e-16
1.797462299563151e-11
5.203966888578166e-15
1.7736112666986084e-11
8.084617475755077e-16
3.501185276787326e-17
1.9795765162988396e-9
4.490044672894214e-9
2.8010652810431234e-15
1.7226800135542593e-19
3.5437193194306723e-16
8.724204636752502e-17
1.4283119105433033e-15
3.763733154419463e-13
4.695306060172126e-18
8.194120402232282e-14
1.3176897387675112e-12
2.939413475846443e-19
1.5741040392377713e-7
1.6145756446075808e-11
4.193179606003961e-10
1.5198879461071701e-9
1.0187350997451517e-15
3.3810569562145958e-18
3.91461117275401e-14
2.0883736865488457e-14
1.4401448991556888e-18
1.6550812438218382e-6
2.767907254800419e-15
1.9599332222964158e-13
5.773970880751258e-17
2.3991893240316406e-17
2.4702134789145767e-12
4.822616455068861e-18
2.591395872550177e-15
2.1797537257958654e-11
1.245273503450763e-11
5.505796062021532e-12
9.122738216841939e-18
5.6405840559295194e-15
1.4008121725828905e-16
9.584669805252944e-19
1.1636225655900125e-12
9.178939221098839e-17
1.1802151201729858e-17
4.468391699859253e-15
2.244333092267224e-5
1.3239285232119546e-14
1.0128378885842224e-16
1.3698620538075538e-14
3.541431648353294e-12
3.418900146295292e-11
1.2921219921583132e-10
7.497348704002111e-12
1.2366099557195902e-13
5.21432689946564e-18
3.2506987566948246e-15
1.8535455336379474e-20
5.726212354313177e-14
3.44257472495523e-14
4.804109785601802e-15
1.4680542082068475e-18
4.629086542793982e-20
2.426831019642308e-9
3.9885889233359624e-16
1.1024219694468936e-10
8.009299465995157e-13
1.655797143210447e-17
5.735571565174706e-16
9.87275763452798e-17
2.326307023792199e-14
1.2983701412937694e-17
1.9427766530521043e-18
4.267808235631126e-13
8.06496031919351e-12
4.775977400725045e-17
3.3781748545980015e-16
2.990332309337151e-17
1.6814657114950662e-17
2.4487143487195895e-21
1.605125734761152e-11
2.1724078267605364e-7
3.299955327505534e-20
6.15495933139652e-17
4.5765005760533485e-17
5.6316388126961465e-18
3.273466979844565e-11
5.0100326104979434e-15
1.806900421744098e-19
2.183885466336183e-13
2.6428953199233403e-12
8.4962656539167e-15
2.05138208486544e-15
1.2901830503840746e-13
1.6147943323460248e-17
8.634904290401488e-11
3.7556013132270096e-13
3.319187407770361e-18
3.12317146119873e-19
2.6383072219330097e-12
5.085628148467476e-9
2.3498976052766326e-18
2.1522681328336325e-13
1.647398961096679e-14
5.212853942028e-16
6.246723416758031e-20
6.957739345893904e-12
4.949160914509866e-12
2.599449116840315e-19
3.749761304097259e-15
5.318133734945068e-15
1.245446697286397e-12
1.289914582254933e-14
9.995390374264789e-18
2.738051555400018e-14
4.826915826941131e-18
2.3676207859538613e-17
5.671918461959509e-16
1.2950777563608387e-14
1.1344130872049022e-14
1.0799518422536078e-15
3.202026616281418e-15
3.5201627895150476e-15
8.934406930284069e-15
1.3394029690357963e-8
8.312078746142703e-15
6.188033184827956e-12
7.657676500040932e-16
7.88776891346213e-17
1.8919218187724872e-20
3.0650523686420426e-10
7.41951157181767e-15
4.8715134200697036e-18
7.842398575653455e-14
2.33385393194594e-11
3.5631921398787283e-9
1.577615015491218e-14
3.544915501459582e-19
4.123093886439965e-18
1.8651196736072014e-19
1.3125446696504938e-15
4.4679705005233755e-18
5.354589896880792e-13
5.401569561223651e-12
2.7287098622543134e-15
1.1981522348421662e-15
5.873813434324572e-17
2.6786081978620324e-14
4.691638537266766e-16
3.0737444906460807e-16
2.460182391212933e-10
8.219036271672844e-15
2.9522408132781506e-18
7.97833228987725e-9
5.5422599847134555e-17
1.9100476828616286e-8
2.0406222187067767e-17
2.1983682539457317e-17
6.593457010647901e-14
1.4412681411394467e-15
3.2773761874235037e-15
4.665332567452144e-10
1.7138681961273462e-11
8.783750218363664e-16
1.1652046791367988e-17
2.372987496061206e-15
4.677508541812579e-16
9.028626486121244e-9
7.793881719427935e-15
5.504499214718066e-13
3.1677960965334034e-17
8.288557556151793e-11
1.0210203265767467e-16
4.020568714682389e-21
5.099246877037385e-16
4.848712524927049e-13
3.4529939185323206e-15
9.887419035699114e-17
8.635357875884107e-13
1.5321206010564266e-15
2.978749498877806e-15
2.292555208245254e-10
7.872799042241902e-12
4.0487686845805214e-14
2.8055147412847833e-16
4.6130591469522244e-9
5.591731599134394e-15
2.3962183291633408e-18
7.267707416917299e-13
1.8220851170167833e-13
4.881091289017912e-15
1.0849946666292053e-12
1.4301931608634716e-16
3.308371829754426e-14
7.71218574950609e-13
5.485611589099131e-14
4.5239079717939805e-7
8.430250346449682e-18
4.860372105340249e-16
8.302673906068444e-8
2.1216751417814957e-14
2.6870040543536096e-12
9.58458181722522e-10
5.351868786221311e-12
1.2503571890819099e-20
1.1351861577451137e-18
1.5131539097014962e-17
2.3334047577321798e-17
3.2891435930551325e-18
1.0579315883660545e-18
4.778695149502289e-19
5.199014836555102e-15
1.020698390435705e-14
2.5176060408956536e-14
2.984147810126326e-17
1.8732614336888982e-17
4.680857407431736e-16
1.0852632568912847e-12
5.934256585953698e-16
9.753237161803877e-19
2.28880532416659e-13
1.5945400075996093e-10
2.0615008245824988e-11
5.214568471409015e-19
1.1946678078107688e-16
2.399466391721141e-14
7.087801659379567e-14
1.8159406143970287e-13
5.899476666820375e-17
1.383028903406007e-15
7.340937142761403e-12
7.414177850764163e-21
9.736184816169228e-19
1.0431631859009318e-16
3.865082068760679e-14
1.0713706436631922e-18
7.23514262086247e-12
1.9854618111400552e-13
3.6746605236143077e-16
4.172821727688541e-15
1.0563026732731112e-16
2.2033531274559795e-14
2.893320068535045e-17
1.7384710811624914e-17
1.9266651003471502e-13
1.0686839785632513e-14
7.459927763552737e-16
8.170357686296117e-9
2.427672270198694e-12
2.2339407040393047e-14
2.0335698763389683e-17
2.489643960165086e-15
2.9995199034201264e-8
8.373912059359984e-16
1.3832950616106235e-14
9.833925082382448e-15
2.2809346402266004e-15
6.29630416447389e-20
3.1546274527410534e-13
8.610850157891929e-19
2.1388334940882627e-10
1.5531525225589986e-12
9.335357253967701e-11
8.87294852818687e-15
4.470626347940919e-9
2.7986157366914115e-13
2.2568277708900758e-20
6.350557957655455e-18
1.4441164614876612e-15
3.366175636874952e-14
5.8198996523318096e-15
1.3050299041400136e-17
1.4306127369872192e-15
4.907560868582792e-10
9.89403568495706e-18
5.423865231554078e-13
1.961895527835463e-14
1.070238733724396e-12
4.281683026876255e-15
2.076577273506752e-20
8.13669476435365e-18
6.293055852902279e-18
1.2448697872595133e-15
5.78645622465318e-16
4.667689617430587e-15
6.785779106732514e-12
4.347363940658287e-11
4.506050745763316e-19
1.4816611525070186e-17
8.394316284897882e-13
5.038078982703776e-11
1.229074591650176e-15
7.988001973041252e-15
2.860550209411742e-14
4.1196681530552146e-11
3.372673914058981e-17
6.730285841818175e-18
3.204922114826912e-17
9.878459654523426e-17
1.5136608059280166e-11
5.765251708333412e-17
1.6623909517399984e-16
1.3592578206716948e-12
3.106138382916339e-17
1.356946896599943e-13
5.748313967927559e-13
1.6209326360853322e-16
8.292271468620783e-18
0.00019953321439793924
9.444076494339646e-13
3.856073660141779e-18
4.514984439665553e-20
3.501917816553713e-17
7.647268773962757e-16
9.26123884122439e-17
2.0095310315084959e-13
1.7818249676412832e-13
3.0715262370781453e-18
1.9665377337772867e-15
4.0923329734183566e-13
2.999515362620409e-19
1.5813603105113913e-16
1.8817847657895904e-14
2.9045286736142666e-16
3.2122181163443105e-12
1.0367572067250654e-18
4.9749695718895985e-15
1.0102627056926914e-10
2.234289832033443e-14
2.1089939563170016e-19
1.0531348310353394e-15
1.072314466132601e-15
2.6034838357007058e-18
3.8495691355580464e-16
1.2273440431836038e-9
1.6882895881158878e-17
1.1011890771135648e-7
2.865487214150756e-15
1.3991914771054539e-11
1.684915658116517e-12
2.1877159821692627e-10
1.2343035055555091e-14
1.649280623794153e-18
2.3982127492104278e-9
5.0418156393338276e-17
4.039057566341388e-16
6.914270383650352e-13
3.0480874543100407e-12
1.005452071209522e-15
8.906643845687936e-16
5.5485111685779086e-18
8.593144233052811e-16
1.3015547744199704e-15
4.077477948654275e-9
3.564089693741443e-16
8.236463076753387e-16
3.387392567973815e-14
9.572271330037122e-15
1.1114934970159768e-11
3.3709088212250043e-16
1.6888546831170504e-17
5.925920353291731e-17
8.904200567618604e-13
7.066609373845086e-7
7.402993541578122e-20
9.86616207090265e-17
8.9055314126633e-12
5.957647837773253e-18
9.974680187880016e-18
2.3671071314691044e-15
2.4535354821289384e-17
4.2791931698121964e-17
1.0272250701046524e-10
1.1002821931457695e-16
3.038703926165091e-17
2.117383014318543e-14
2.8065463891611684e-9
5.423988092056105e-16
2.1914403201044634e-20
1.0518621696636199e-19
1.3136909719608196e-15
6.950539118490042e-9
1.9153784270017596e-18
1.323278693300594e-16
1.6632688853100895e-11
6.887322649833112e-14
2.2686878926462092e-17
3.433855731396898e-14
1.6094042619437695e-12
1.991125437930179e-17
2.7495144478019238e-18
3.968373409995452e-15
8.60807983628608e-13
1.0262405504584955e-11
1.2824009643004394e-7
1.2293979269520849e-17
1.112491937001337e-14
5.0939278587815664e-14
7.022391085380486e-7
2.5023308330551786e-18
3.076708412794482e-17
4.594487049001201e-15
7.44100892564541e-16
1.529299978483143e-9
3.4009604684912163e-18
4.729274196929847e-10
7.674045827501525e-20
1.9385629368471825e-19
1.3737280650012918e-9
4.068510463630985e-10
9.66139975153017e-16
3.476214977216059e-16
2.125317574539632e-14
8.978775101012818e-16
6.928729926922156e-16
3.7611895086650335e-15
1.9713760404000767e-11
3.156992743468612e-18
4.1064613948826817e-17
1.1956769097326378e-16
2.0615371007630904e-13
9.976326809281866e-11
3.8990106304612006e-16
7.252881151233187e-19
2.5974455465580675e-16
3.4778940549085154e-12
7.552636714662015e-19
1.952667880956917e-15
7.074478004124075e-16
8.771279672846705e-14
1.6280079312527012e-17
7.224793145975768e-9
2.5983435272589535e-10
7.047880965590785e-12
1.3775365835855462e-16
1.0405234859083273e-13
2.1975074863951481e-16
1.0990423202410388e-11
1.346657808814124e-18
6.008420365996221e-12
1.3258216337670677e-17
4.035804930317146e-14
1.7415576525815537e-15
7.544125353208473e-13
3.548883931036721e-19
2.5460218433525083e-19
5.6552776855837627e-11
4.915612834971639e-18
1.0000565772876856e-10
7.080809099184728e-8
8.660541180311937e-17
7.22096479806527e-10
1.0071971911590025e-15
6.8624615750381985e-12
2.4477296536770565e-18
2.8492997354354397e-10
2.283902942894044e-18
1.0236313949986066e-20
7.762744897364657e-11
1.7579049281044141e-15
7.278432969033639e-20
4.670654212862535e-16
9.034189083142552e-12
2.0679037348376192e-19
8.220304287336775e-16
7.199726699087642e-13
1.62457946466904e-14
8.71716282546814e-18
7.665457224825548e-11
1.5721467982727987e-17
1.4707407238858253e-18
5.152107898081169e-17
3.382065788913748e-13
3.5715284643874157e-8
8.117886681670957e-17
1.5321799072052537e-10
1.9799487747365224e-19
4.115985823403214e-9
1.3748866675477033e-14
2.822837040693729e-18
2.2887326948116455e-9
5.84104390090384e-18
1.2082281618790541e-15
4.345544373991002e-17
5.275252146065015e-13
2.6887477466299442e-18
1.3365465587721042e-19
4.576527918824026e-17
4.696660521032625e-11
9.670242377204492e-19
1.782369977382127e-9
1.9132372750419116e-12
3.766295708822637e-9
7.753242193392228e-15
4.873406362761308e-15
8.65778121590917e-12
2.76056618641174e-16
1.8716720291204928e-10
7.247816789622765e-11
1.1334169100611457e-12
7.519128851780554e-16
1.166863648848902e-14
6.77490671516418e-10
4.149504617837843e-12
2.8873202585099387e-10
1.2225856074902265e-18
3.5617796538047704e-13
5.883690201341657e-13
3.6480865768178297e-6
5.035347250558027e-13
1.1017419004860218e-16
2.2302540532057888e-14
1.7313605959216322e-14
6.518118658657341e-14
6.019678156779221e-16
1.7284105227748273e-14
1.175846060618217e-12
7.922980237260885e-16
2.6929789952854607e-5
3.914980349808686e-13
1.3211223602566636e-16
4.999459773918131e-17
8.285238916878515e-17
8.126392251480749e-15
3.825446389489661e-11
1.7663344371484568e-15
3.7717035404676476e-13
7.939702621884347e-19
5.794746457389739e-15
9.131234842109223e-13
1.650410717893591e-19
1.980214715571809e-11
5.149454594704576e-12
9.239751136340087e-12
3.758585069373892e-14
2.0680718577641262e-16
2.682445193917362e-18
2.402519015202001e-13
1.1290833399269927e-12
2.5057490351622307e-15
6.616326504365757e-17
1.774237919986544e-17
8.108849512914222e-11
5.931078496777809e-15
2.144916697275485e-12
1.393173818603293e-14
2.1931390707235688e-13
8.774440874277737e-13
3.470539678205925e-16
1.0227323099545695e-18
6.212553668727887e-16
2.982692652683267e-11
4.767664081703573e-14
1.913146210528993e-14
4.084404532991733e-11
3.70841004952936e-14
1.3423792407178148e-18
5.304423780340059e-14
8.807774141028303e-17
6.411243240564035e-17
1.5111646691993025e-15
2.4640573389975105e-9
1.5420240674146253e-17
8.330067545742964e-20
2.5291778286536193e-18
3.3920944249841335e-16
1.166828189575136e-14
7.305527828504859e-12
6.209985432204039e-5
2.0624131879944124e-15
1.031758613311378e-18
2.3932562978604937e-7
3.431426706654832e-13
0.0008365456298249417
4.129746161355042e-18
1.0698549878668653e-12
5.408462843415595e-13
1.299852521116137e-13
3.7556060611157816e-17
3.099145789920394e-11
5.47193140988117e-16
1.4346862453331605e-9
5.340787928273157e-15
2.9002339316966176e-15
2.547295752403861e-15
2.424448693654586e-13
1.7498667662876964e-12
3.726073834872654e-12
8.112198346366762e-12
3.7048556073855625e-17
5.6727952167642015e-16
2.8506547826282e-6
4.769339281686497e-13
6.934055427745373e-14
9.973350180251338e-17
5.869572431316468e-9
9.606018228711614e-17
3.853877496974587e-8
1.6788690532495187e-14
1.117677133035384e-9
3.20307540643238e-15
1.0391670083445816e-9
1.800067815253932e-9
6.960627256190576e-14
3.777934914946289e-17
1.1986260714643091e-8
3.5321568125464596e-18
8.702348867423902e-14
3.469835525454141e-19
1.1040427768435378e-13
9.330142372044752e-17
3.92105955923297e-18
3.2969125335262623e-13
4.878193192484633e-12
1.0019936969373058e-9
9.845875717975249e-14
4.080587480314558e-10
2.860453303877815e-15
2.6335160422081993e-17
1.1587112400139874e-8
2.6683932267632865e-14
1.5025967913008084e-9
1.577669998532012e-18
3.324142605808468e-13
7.013474813636511e-16
1.3081901261979837e-12
5.729851770424575e-13
8.874325554121925e-14
1.850371954542561e-16
8.356438945144385e-16
4.0054519549749217e-16
4.7677755929040165e-19
1.625087503162199e-18
8.712503511473176e-20
1.8607857269154807e-16
3.9039125961294315e-14
1.5850995664387082e-18
2.415323883746512e-10
9.782465221139746e-16
2.220274199884819e-14
2.289749103578961e-18
4.2200101013070996e-14
6.680586481621247e-10
9.309264168099726e-15
9.459991475526308e-17
1.5412015061388537e-18
5.86728993163541e-14
3.722496515356266e-10
6.0374786377573165e-15
9.625820671156045e-15
1.8355994550679815e-10
4.62521763959053e-9
2.719159589715829e-10
