1.209994692301963e-9
1.0426413700110442e-8
2.951984248135157e-9
2.8279580851269668e-8
4.7606061526153876e-11
5.141522539901567e-10
5.521138822842218e-8
4.0752024675749115e-8
1.889452244928175e-7
1.5218560050724558e-6
3.4031729129727864e-7
6.072675146205394e-6
6.861580798807095e-10
2.9648865246881785e-10
8.142637661157134e-10
2.1672759824311362e-9
3.5109020110535098e-12
1.3499857969195723e-9
1.7608667135258784e-10
3.6754438381174574e-10
7.287643587896864e-12
6.801213177968578e-7
2.3287087919489307e-9
1.0081077363987925e-8
3.304139492346359e-11
4.047757562953441e-7
1.0126699077407017e-10
5.79120986054839e-9
1.225095211238343e-10
9.365501870294228e-9
2.0388301859786676e-10
2.2271562625627672e-8
1.8892844160078866e-6
4.617502867932274e-9
3.8502386638244034e-7
2.6588272732735445e-10
2.84536524982275e-10
6.951257179662007e-10
1.6740983282093953e-10
3.8329170407056567e-10
5.090165236748241e-6
1.5691759033580247e-11
3.0125630453096993e-9
2.5202846328980057e-6
3.4760741664675146e-9
1.5917583542709752e-8
1.4992192397578737e-9
7.117433084357035e-13
4.6648686214842556e-9
7.409163031058675e-9
8.034981732907511e-9
1.1942928370977028e-8
2.4633767125580116e-9
1.2701124888984318e-9
8.748452189341727e-10
1.3703292999260112e-12
1.5807662157219023e-7
4.463106876416047e-9
2.4665212570962476e-7
7.967137150685005e-12
1.6401431566227686e-10
2.318124123517242e-7
3.500519276458902e-9
1.689822143231146e-6
5.216079759562678e-9
7.232927637854092e-11
1.625673733458093e-11
2.537648472006664e-10
2.007758760859413e-11
4.69416464322765e-9
7.31201505485083e-9
1.4983345728275478e-6
4.979720333791199e-7
4.4070494255606746e-8
2.8648335629935427e-9
2.7843320121418903e-8
4.286276969746514e-11
2.5917284889049496e-9
2.3419022306400874e-8
4.652472667546993e-6
8.698873196056689e-7
5.216458458127973e-9
3.1432586109184333e-11
7.298760730177778e-11
1.2777356190288423e-10
3.1208150311415865e-11
2.723290601740653e-10
1.6759136547502738e-11
1.3624334892692043e-10
1.2073975866662611e-8
3.961164617599462e-9
1.258161747679467e-10
9.085028996730426e-9
3.0257003784544056e-9
2.1120095326841338e-8
3.2136531356236775e-11
7.040776817600179e-9
1.4169290520998134e-10
2.5437808300590077e-8
1.5855554012247544e-8
4.197226515115531e-11
2.1012624459389426e-11
2.428319738082313e-10
3.785626377100154e-10
5.844833722262743e-10
4.463470159931285e-12
1.9010088235919982e-10
1.64565145852397e-7
1.449371115519439e-11
0.0002711159292753976
8.901808788407416e-10
1.2689394761604348e-10
2.9630844193414924e-10
3.813903594372031e-9
6.441287642582524e-11
2.9645572353310167e-9
2.4416095346060454e-6
6.292627947861646e-10
1.2209269931905516e-8
3.1565060942245066e-5
2.809194501665607e-9
1.4332405668876233e-8
2.963432225775011e-11
3.0425209400543077e-9
6.972082395199635e-12
1.6181167112929465e-6
1.1355193625433145e-9
6.487476489850234e-9
4.482651097492003e-9
6.760842263649433e-8
7.724820390092693e-9
7.671936406404365e-9
9.370784747945385e-8
2.2018384926666296e-8
1.820682545791866e-11
9.189805396909216e-9
3.4927256146710067e-12
2.1969131672126196e-9
2.916124450646599e-7
8.949857080792514e-5
2.726877779017073e-11
9.577678701419884e-7
1.8724894587541295e-10
1.240644237112785e-10
1.3018379459130988e-6
3.64674985781853e-12
1.955398147286046e-8
7.107876734402212e-11
2.2986334535949418e-7
2.4723961619776222e-8
6.096151769790283e-9
2.812514849526594e-9
1.4722147682754392e-9
4.623932888806914e-11
1.2752715323544689e-8
1.1821518381338763e-10
3.240146819085173e-10
5.003829032682999e-10
1.713496467135155e-10
2.0901274223552364e-12
1.0392626591544623e-11
5.446476745629744e-11
7.033802830150436e-9
1.7905819549463652e-8
3.2128526424825554e-9
2.4503861794696146e-8
1.4245788069154105e-8
3.99556842283591e-5
1.2140078194669378e-9
5.753384827714129e-11
4.980652342818733e-10
3.617908474373397e-8
3.627459320800579e-9
9.494524791728755e-9
1.8771248802304443e-10
3.725555278178893e-11
1.9049161967628696e-7
8.05843329966287e-9
2.1192905138531068e-11
1.2833477116398629e-9
1.3551917291335291e-8
3.12356585685547e-11
1.6694663223581507e-11
1.2258714017265585e-7
7.647662088881196e-8
2.8211289867045215e-7
5.3136079600293906e-8
3.9031247447607576e-8
1.0066292774269025e-10
9.87826750332895e-9
1.1581517987373604e-10
4.289224186019669e-8
7.552494995876037e-6
5.282238628452231e-9
2.8120096580355037e-8
1.9730634319746797e-13
3.9155243100109544e-8
1.3043356876576781e-9
6.853563057334388e-10
2.5235880967319818e-8
8.395359704682621e-8
2.6909942863419008e-9
5.728900952977483e-7
6.863635847062284e-12
4.2969158328365283e-13
5.586475122582929e-12
1.0362867442174336e-11
2.648050269817232e-13
5.437705049204114e-11
3.6752922185922425e-13
1.0884228843841497e-12
4.516282753081694e-13
3.554732205236981e-10
5.800709849008121e-9
1.0839118467337123e-9
3.38697137532256e-7
2.2982156371138797e-5
2.1214501591478346e-9
2.394138305006661e-10
1.7148933564408237e-9
3.232806984232722e-11
6.928871326146343e-13
3.28040660151753e-12
6.781701534244438e-12
1.8618964044666055e-10
5.46393751751863e-10
2.033532141209839e-9
1.5097651571006713e-10
1.4252581130087456e-9
1.45659403304195e-12
8.219650082988398e-10
2.7521947037100875e-13
4.311915688442919e-12
1.5708417572264018e-7
4.522030288499482e-9
3.753728545270966e-8
1.5254515660838984e-11
8.144981138770028e-10
5.654858572882229e-10
1.265497515592165e-7
5.382064975784239e-9
2.1177012109536817e-13
6.395851875321846e-10
9.880220322181e-10
1.3932557494964477e-10
5.999792682885622e-13
1.0562627817786591e-6
1.1188243216004227e-12
2.118658130580843e-9
3.430672529433351e-11
3.1458261231472805e-11
2.92684909826959e-14
3.0085437766589456e-12
1.006524972545181e-12
1.604137609136949e-8
1.7083936779254514e-8
3.1833924033974356e-13
2.807167885616534e-8
7.058729499946421e-14
3.7231551426427044e-9
9.677937281460641e-11
6.347792962622581e-10
7.155037852272455e-7
6.947884445709853e-13
1.8641078529817545e-13
4.0855466163107916e-13
1.3792043939571297e-6
8.583150393787004e-6
2.03430385523317e-12
4.579360588747449e-11
4.114620287014319e-13
1.4607292643977213e-5
1.1007479230746352e-8
3.294778821929178e-8
3.813372509568049e-6
1.866747044963847e-9
1.5573583447918217e-10
3.567221742875333e-11
6.91178120549183e-10
1.715842529715662e-11
4.725406855767395e-8
4.449086780155477e-11
9.387219317065138e-9
2.4506106174938054e-12
1.4647225866699274e-6
4.829130241988326e-13
3.9705183568829575e-11
5.4027010721732745e-11
3.461522061761753e-9
4.872826056310036e-11
2.693335234916512e-10
6.492472772321296e-9
4.396173268847232e-9
2.232704443471154e-12
5.172560365828566e-8
1.007724353530642e-11
3.2082813999621284e-6
6.30967460682282e-7
9.648532255317062e-9
8.914500843976475e-9
8.27866025482112e-13
8.91270742351916e-13
2.7363828269197427e-13
6.423311787073531e-11
6.107500043926955e-7
9.007639698072832e-10
7.1614539425507e-7
4.724479065191775e-8
2.0066453085675187e-9
2.88515068844372e-12
7.953045831534731e-10
1.087281800503619e-12
2.3852041912455192e-8
1.1005904987179033e-9
1.8527070564874715e-7
3.5408203118584e-10
3.1544865184990044e-9
7.641699783239887e-9
1.75024820928898e-12
1.0980935181687807e-10
1.1827378213808976e-11
1.2580581244396677e-13
3.0847314172739656e-9
5.313817114667544e-11
1.0824477910447933e-10
7.404042443499809e-14
1.99780093491074e-10
6.855780526488811e-7
1.2919859280557284e-13
2.5425731527748605e-9
6.718653957795894e-11
2.1631336743478687e-9
1.0670473651438873e-9
2.3027502231877674e-9
1.1986818022131436e-8
1.2877402747493693e-10
1.2118865979054734e-11
2.5745258166717045e-13
1.3611132120428821e-11
3.024289746664706e-10
5.31158386225601e-11
3.953340723702582e-11
1.8803907353032342e-7
4.903764952005575e-5
1.6133719659355138e-7
2.3953489872653307e-13
3.964424144961902e-6
5.778526769560388e-14
9.973837287562996e-12
1.192253900240235e-7
1.7112303753008742e-8
2.0734238223807815e-12
1.0474900825836026e-13
1.317209698980512e-11
1.496470219221447e-9
3.921560944074718e-9
2.5977346983682556e-6
2.6783470297009475e-12
3.1534160944874993e-9
7.081420849266768e-12
2.033639119364165e-11
3.033751368990163e-6
1.8823368274240268e-6
2.0253258304521033e-13
4.30129393069026e-12
1.2188910468776515e-12
1.6934506944686885e-12
1.4679395294823417e-12
3.621514018201823e-10
3.4141144291929006e-14
1.7062007557229183e-10
4.904923381233208e-9
7.698101452575183e-11
4.3053518055741773e-11
2.8676026790110677e-6
1.2114034938058984e-12
1.6643137672305266e-9
2.449646088192417e-10
1.971958204065514e-11
1.0268223240616773e-7
1.2599949539506588e-6
1.6558147160388655e-7
1.9111920931099042e-12
4.5217140747404094e-13
6.907393164014367e-10
1.6312287764060337e-9
5.397713253105085e-12
5.027289201908627e-9
3.6716567234478076e-11
9.751008085327708e-10
1.3594535944224862e-10
6.124369136374746e-9
1.1827137123018757e-8
4.710787372834819e-11
3.6719405683134084e-9
1.2243720492653957e-8
4.771459165044682e-9
1.843052242136241e-11
1.0628157099657814e-6
8.017998361373025e-13
1.440732104851093e-9
1.2115876421679756e-10
3.1365668305930126e-9
3.512690670405469e-13
8.944419774900963e-12
1.2031046242189498e-11
1.7360711921240641e-13
8.765190067211154e-15
1.8919002118378692e-10
2.3156770916982752e-11
1.7750995855877061e-13
1.3216168322635413e-10
1.8214721729686597e-10
3.8621997425410595e-11
4.677889149335581e-10
2.171844119328172e-10
4.884521806275024e-9
3.4003270788562902e-6
1.627041192656989e-8
4.314667160934529e-15
4.143141271114626e-8
1.6879240298452004e-9
2.9984899074456834e-11
8.449403335670907e-7
7.632453729563444e-9
7.532630959843867e-11
2.1159146608921883e-7
3.089893416143789e-8
5.095042759886447e-10
6.88833653506619e-13
8.675930813836034e-5
