2.3214456152796974e-6
8.569419297729785e-6
5.298410404904931e-6
6.295476959999629e-5
1.270579608240753e-6
1.1479401900157562e-6
5.768415729900508e-6
0.00011982974593468858
6.35243169284916e-7
0.0003366768054791749
1.7094706712224937e-5
5.400981769909635e-6
1.9563104396751963e-6
4.130659200241499e-5
6.552363113265603e-5
1.5312114102115196e-5
9.381835165999386e-8
1.3645437421828648e-6
5.192199762457238e-6
0.0001680644005474796
1.2258983168072837e-5
2.9948460813182404e-5
4.392106658594481e-6
4.2231409326382005e-6
9.90667309852557e-6
6.727361896845572e-7
2.7714555780370967e-6
7.331390660238491e-6
1.5145533940439968e-6
2.474819348528321e-6
3.7227152764007756e-6
6.948614757648268e-7
4.528509188670919e-6
1.015733088419084e-5
1.7867342973222056e-6
2.583798383013833e-6
6.3227072592156756e-6
1.8745697247631857e-6
2.273669105924778e-6
6.881240531103532e-7
3.0944611359484553e-6
6.394978198068721e-6
3.379063539679512e-6
2.800016832449753e-7
6.545048867958636e-5
5.217119739684072e-6
4.317210649083958e-6
2.5056975839980418e-6
2.0113975181285948e-5
7.890084473152543e-7
1.4423983915749318e-5
2.7436609969629016e-6
6.262355899241719e-6
1.582523518570269e-6
5.078952970963945e-7
1.4347579448484184e-6
1.6462066511051166e-5
2.045458450134891e-5
7.185918351093897e-7
3.837986815391595e-6
4.846239068371401e-5
7.260286891164476e-7
6.425169843146657e-6
8.874572382661459e-6
4.3666985400437495e-5
4.005033318188523e-6
5.0823706502557505e-5
3.2664789645171017e-6
0.0001719759557453969
1.585020420088951e-6
1.629819606297997e-6
1.2687227790043935e-6
8.85399969757301e-6
1.1764613404547569e-5
6.883898863822802e-6
4.873238015117098e-6
2.9140992717926553e-6
3.034727848605313e-7
2.8867478185586985e-6
2.727042524916681e-6
4.126188904202742e-6
4.556304200829791e-6
1.0467264330674591e-6
2.1856889973844017e-6
2.9204203453814126e-6
8.833178788092734e-8
1.6170409530792087e-5
1.0872060612731192e-6
2.0048877294477415e-5
1.0319478548605147e-6
5.4295628119384985e-6
4.0284348819715045e-5
2.1191656434786895e-7
6.926542162244204e-6
1.170788675697393e-6
9.889788082049155e-6
7.057983777941357e-7
1.0665412621057248e-5
5.251391128596335e-6
2.177815847843584e-5
9.381091289233596e-5
5.246084577250722e-7
1.5160699039978755e-6
1.1066415603886955e-6
5.233336605817413e-6
4.129858919273668e-6
8.80886978191403e-6
2.031209670853436e-5
6.486980437143269e-6
2.254082836901041e-5
2.903488304610586e-5
1.0344516846114158e-5
2.799983795855994e-6
2.9992312379395602e-5
1.5686213803756975e-5
1.3602362833294533e-5
2.6254627791267715e-6
9.424279815887013e-7
4.240952875158286e-6
7.281545195590127e-7
4.1497390585336933e-7
2.3624066511318302e-6
8.084961562697663e-6
1.0688752751131022e-5
2.214044277898834e-6
3.1791815743596323e-6
2.182745511581714e-5
8.392769215006673e-6
1.8862393399258802e-7
9.643782682750368e-6
9.257161660528652e-6
0.00029733281178630005
3.6833302515994834e-6
2.962233800233155e-6
4.950228881342715e-6
4.757840263937693e-6
0.0002092221560369293
7.208930388547117e-6
5.811853185314842e-7
5.714679293556286e-6
1.943038264248787e-5
2.3203249552863505e-6
1.384555952152369e-7
1.7213978237518004e-5
7.465431744110609e-6
7.761705708071472e-6
5.6249599655440805e-6
3.239784060440619e-5
1.6527067519557366e-6
4.2120190606752935e-7
3.402717803924292e-7
5.519563200486891e-7
2.3388215250621906e-5
3.853484280027539e-6
2.8309899428929432e-6
1.877509962013549e-6
2.1934520262259215e-5
2.1152147849481698e-5
2.024326373385756e-6
4.879762832510215e-6
4.018595226062087e-6
1.086644096105731e-5
2.698103469490328e-6
3.1836604314162694e-5
1.8113767931559203e-7
8.332348301474855e-5
7.3931765122063916e-6
3.972012380046571e-6
6.567525925998464e-6
3.341253267343893e-6
1.2615272046681095e-5
9.818231910195164e-6
7.273194250947586e-7
1.3488428463576926e-6
2.9221910562765316e-6
2.5810624783603594e-7
2.759681062043505e-5
6.523392698248835e-8
2.7911802325583344e-6
4.146311810155699e-6
5.184165011572399e-7
1.0167238067025003e-5
4.516057438073653e-6
1.0531929435272242e-5
1.45292164689014e-6
5.397517442280634e-6
6.230193133068581e-6
4.904460072986003e-6
1.1719611603940674e-5
4.538444082583966e-6
1.8118960003547755e-5
3.33769724457886e-5
2.489693205131106e-6
0.0001527088197879465
5.053023283353591e-6
1.1566312159960359e-5
3.109289734686713e-6
9.185372226438287e-6
5.978948853117721e-6
2.470980201738136e-5
1.1562089168450783e-5
1.733140501357419e-6
1.133218972964017e-5
5.277953510992249e-7
1.3203725106630637e-5
1.0709354733849457e-5
7.14520340834987e-6
2.3123700796094534e-6
4.344045945155691e-6
4.792313133004224e-5
1.600719893322647e-6
3.561998029973821e-6
3.963403281171829e-7
5.235574861524054e-6
7.641999946271767e-6
1.400648874849395e-5
3.4136650780277697e-6
2.7752727244467583e-5
7.930642239055349e-6
2.0659624507781143e-6
2.336726873359898e-6
1.7108986814096065e-6
3.8413527486714975e-6
1.6903959019896307e-6
4.493570854980157e-5
4.904005214801964e-6
3.5810253309880634e-6
1.0317871927620543e-6
1.2565208905305073e-5
4.661983497326754e-6
3.291363164921409e-5
7.799749339061849e-6
3.971505900200589e-6
7.715329520100929e-5
7.004876813254314e-5
5.686543983130166e-6
4.1302939371355597e-7
4.010094042065328e-6
1.2226140141595681e-5
1.1709361211229514e-5
9.731512273443016e-7
2.5760417612394715e-5
1.1810555331256773e-5
1.6998323053261214e-5
6.005156212489521e-6
1.0364257677937796e-5
1.4450029713302298e-5
1.1932882724894433e-6
1.2534756228960179e-5
6.10725111518384e-6
1.6098871541160556e-6
2.8148640688687137e-5
4.329275073048603e-6
7.2302178278465e-6
4.696786793801765e-6
5.841463397690805e-6
3.295663333474435e-7
8.090099317538332e-7
1.359261061446575e-5
5.6722253125260535e-5
1.4380736360259435e-6
2.4332350635928644e-7
4.317754424368881e-5
1.9993312701847982e-6
4.054824048168003e-6
4.803732412841078e-6
5.189719305320248e-6
5.66789522273157e-7
2.954806278349442e-6
2.6650572710600054e-7
1.0076980281199903e-5
7.595202169537351e-6
5.43158886957715e-5
4.958201623109014e-6
3.2121777478543273e-7
9.907742611164063e-5
9.839573840737331e-5
1.514270864902113e-5
1.4270673008844855e-5
7.091802825007234e-6
2.7321626729746375e-7
2.986163656864144e-6
5.004635620768912e-6
9.489850292681327e-6
2.6735909851200624e-5
3.5645956855622635e-6
8.835448105079348e-7
5.2755606608396515e-5
9.89375990928064e-6
0.00026475473722272776
4.7965972713182946e-6
9.570097708464332e-7
6.323194036000685e-6
9.873212072573157e-7
1.6813499326495891e-6
2.341630043459302e-5
8.375563712788126e-6
6.168055645624131e-6
1.963908966274967e-6
5.5087541596678044e-5
5.810194534811956e-6
9.846380942937845e-7
4.697743132237482e-6
6.897198697542224e-5
1.2487085310417507e-5
1.272664154896633e-6
1.9514382823212997e-5
6.035376608750744e-6
0.00024942452777595796
1.7856453690049539e-7
5.439710409493069e-5
2.498423790559265e-6
5.347740670402722e-6
7.546439501888675e-8
1.981191850400053e-6
8.418627042780763e-6
8.466582968325464e-7
3.5285602286576866e-5
1.6698125443636847e-5
4.1605602124753373e-7
8.275283614110637e-6
1.1775078544663773e-7
5.312236454754051e-7
2.886903645581332e-5
3.691569558785538e-6
4.414485067684714e-5
2.789340566572836e-5
2.1157233028366616e-7
1.1765785529150639e-6
2.858388391544525e-6
5.939543337507249e-6
1.2927739818709107e-5
5.762334025370564e-6
4.815484964942534e-6
2.1415185709225844e-5
4.219913990414192e-6
5.339396644071012e-6
3.3152383284480755e-6
8.34531885581604e-6
5.579001975449701e-6
1.5226657458988365e-5
5.041600710646153e-6
3.953575160607902e-6
3.958128298964067e-6
7.167802774699607e-7
2.9514484863252206e-6
1.496536601976975e-6
1.4537323169040944e-5
2.197005525321908e-6
4.8751144719701366e-5
5.856745966921728e-6
1.233058532658378e-7
8.302591261365346e-6
1.7952331901476392e-5
4.889120348453407e-5
4.272385462754397e-6
1.968134999854114e-6
1.2050536371901362e-6
1.9414121680958137e-5
5.040803402666658e-6
8.633952815755923e-5
1.833596008110449e-6
1.551205156193562e-5
2.5758362377384386e-5
2.2718560661794345e-6
1.1582274212491696e-5
1.7336710644213422e-5
1.893147762845464e-6
3.926390347968395e-7
3.531679426862945e-7
2.749111468195343e-5
2.7974331785490475e-7
3.269462971911642e-6
1.1407748805873758e-5
2.3212584722830473e-6
2.350660049623649e-6
2.107677626323219e-5
1.9421670912352612e-6
7.69141589854606e-6
2.837197398355873e-7
4.845725239754881e-6
5.460189427299265e-6
3.185690362837212e-6
9.675381947018579e-8
1.2150257092076314e-5
3.241595503188697e-5
2.0501584788826717e-6
1.3654652492874865e-6
4.6159063350169726e-7
2.0483514170788926e-6
2.182064684141655e-5
3.2755730765615195e-6
9.354270686913208e-9
1.126730523353485e-5
0.00026246516548283596
1.7639206729982652e-5
1.7168392174000792e-5
1.1546759549278966e-6
5.430613803020173e-6
4.89142178405755e-7
1.4055972199857735e-5
2.043549583944255e-6
3.811295805855723e-6
6.385885969937721e-7
9.345925091889387e-6
1.461865409843982e-5
1.895042886267744e-5
7.089440815782989e-7
7.050254066863649e-6
4.988458398960164e-6
5.3903577994989126e-6
3.634456223068409e-7
3.2776144762587683e-6
2.1192952335336246e-6
5.584484451756321e-6
2.564878807984926e-7
1.9421469159281995e-6
5.1739992875530486e-6
1.290151078264189e-5
2.782791655182034e-5
4.569872405809128e-6
7.526494905127935e-6
4.833262504292566e-5
3.191744136569542e-6
9.762133818712217e-6
2.9721696398684953e-5
1.1898634322740583e-6
6.17063252044987e-6
0.00022645827942530735
8.60235975463836e-6
3.093540463894476e-6
5.615633551511353e-6
2.3155082413469136e-6
1.3168103378970715e-5
4.7288112327669464e-6
3.0194371300368024e-6
1.054610035510759e-6
6.09379007212519e-6
2.848658267690063e-6
0.00015376514657968094
1.9281161808268147e-5
9.03664217868214e-8
3.1779264411459232e-6
2.634790285883923e-8
8.319112876119606e-6
1.345797843411686e-5
3.896046018668242e-6
1.209959541257499e-5
1.534555798481329e-6
6.1571171290953425e-6
6.631452381823208e-7
1.1126635013096129e-5
0.000114706957605259
4.191936294031542e-5
1.0705407941874313e-5
1.106248684281417e-5
1.7359493560863934e-6
5.706024487153853e-6
4.531860211208195e-6
2.5215382158637785e-5
4.156894267449915e-5
1.0042391062600704e-5
1.3221754061593292e-6
6.3633339991271235e-6
9.315709709955079e-6
9.26365752203996e-6
9.462372391234809e-6
4.317116743433407e-5
2.396772762391842e-5
8.308567843966834e-6
6.103573640051237e-7
1.7449068614936875e-5
2.0608145190075562e-5
7.054208202296449e-6
2.764065693008544e-5
1.6166009823426363e-6
2.903540706860549e-5
3.5061457444967114e-5
7.1613848234215965e-6
1.1230639709065433e-5
3.4395173035976774e-5
5.090344233725524e-6
1.1947370956151746e-6
9.53735843119961e-6
4.6681700515791574e-6
6.494665811476236e-5
2.531059419603657e-6
2.0731341342524883e-6
2.3079221971916468e-5
1.2553395692092702e-5
3.990949124573081e-6
1.3928930880353948e-5
6.992130998409822e-7
1.9373387597123704e-5
7.756455382533101e-7
1.618608523144907e-7
8.775297737050542e-7
1.1664257339361226e-5
1.788531236538242e-8
2.19708813182176e-6
1.9380479793489312e-5
1.5656753321834675e-6
1.3934637194936308e-6
2.7894589603013952e-5
1.3860361336112989e-5
5.6571214991455065e-6
8.527922612737476e-6
2.1923425330385894e-7
1.4853415659640433e-5
1.5376843934798557e-5
8.416401242373046e-6
1.1630567248252836e-5
8.540193517024136e-6
4.817930378750418e-5
1.1305129100643705e-5
2.313115610930124e-6
1.674479925211553e-5
4.393440536068214e-6
1.8397356018292392e-5
2.2356093344148424e-5
4.06281422920627e-6
8.708181731405163e-6
7.64125231739159e-8
3.4973552463435763e-6
2.6795034129224973e-6
9.27276370210824e-6
0.00010142881489720995
7.773332181985367e-5
2.222992396812379e-6
1.878550760603165e-5
1.2572947729476123e-6
1.8458692018361057e-5
3.3390544883866765e-6
2.363985221344763e-7
2.0225598080305565e-6
8.011981643428318e-6
2.8706753674564702e-5
1.4882812993183717e-5
1.2352997937687218e-6
2.626206629959583e-6
2.2963897514609047e-5
7.047606457599622e-6
1.2367933785944215e-5
9.606906362274347e-6
4.976966315277468e-5
3.637012031792488e-6
3.005894208937231e-5
3.0349228214632234e-5
1.1717799797223541e-5
4.11804003348333e-7
5.994143224107384e-5
5.492085002137916e-6
5.825064336960377e-6
2.3545528853366216e-5
8.092848122178361e-6
2.5273273136563926e-7
2.6561566439888994e-5
1.7171980447582926e-5
4.597312205139206e-6
1.4447902563137788e-5
4.752463681330669e-6
3.5182936804339182e-6
4.2894186499059515e-5
2.289912491849343e-6
5.274405594956885e-5
6.676103110645651e-6
1.5607174874441105e-5
4.463264021667636e-6
1.7634492361135638e-6
4.485541349743667e-7
1.8972305134832756e-6
3.419005076540128e-5
9.59314676267706e-7
8.713478709533715e-6
4.931257195650231e-6
3.064323911018606e-5
2.2711673128982344e-6
1.0613054441470851e-6
7.436969720568917e-7
4.029081782786399e-5
7.590447599632911e-5
2.6050403017430982e-6
3.955900209016395e-6
1.6023978658638214e-5
3.2216337613037763e-6
4.44884582943649e-6
5.906880039623561e-7
3.281498290466402e-5
1.9897476258997256e-5
1.3500004573028145e-5
3.897380361710616e-5
3.948675751163162e-6
3.31932166175994e-7
7.084135856417865e-6
3.662693994987353e-5
1.3442194592057718e-6
3.3783144919037317e-6
1.667656605392051e-5
6.5548450793909295e-6
1.2890480849993803e-5
1.8751828252929743e-5
6.010581129391689e-7
1.499174258456665e-5
4.4847352514887814e-8
6.69014602792583e-6
8.649910307369978e-5
3.2022398554227726e-6
7.604329566332276e-6
6.110730128524837e-6
2.6051567148295966e-5
7.078372865915221e-6
5.032326902649638e-7
3.145011921608731e-7
4.7755747798906097e-5
1.453429365784651e-5
9.523685169729238e-5
4.878969745924002e-6
1.7098554299417077e-5
8.312795356259529e-6
2.0800897863997053e-6
8.054110383788896e-6
8.136733031374712e-6
2.7578788038661668e-6
0.00016581736924179544
1.3460725213187373e-6
5.40062627606638e-7
2.6520361535626645e-7
7.591992968290289e-5
4.507054977437722e-7
1.705298722374406e-5
1.4777437265260238e-6
0.0001028685824736768
2.9477091265246328e-6
7.178035730344974e-6
1.707852557853738e-5
5.288237067972714e-5
1.8370107964069334e-6
3.5931751673941534e-5
4.8544359339088224e-5
1.3911857297276481e-5
8.064195337568962e-7
1.9175068623327704e-6
1.526037458787904e-5
1.3855216608715099e-5
4.242881012105348e-5
8.617195708655278e-6
3.506482364285065e-5
9.867105803563674e-7
8.362690619358624e-7
3.519613738795537e-6
2.0188320604834948e-7
4.156499390224638e-6
8.02955001655624e-6
1.1816299895503816e-5
9.120839224097367e-5
5.643910977595013e-6
2.589181684896035e-6
2.74727246686843e-6
0.0001478928967628635
5.2074487689266144e-6
1.2461075474582287e-5
3.373298547411124e-5
2.7014126629943435e-5
0.0005458894231748097
8.653270004634558e-6
3.6039856975576647e-6
0.00018404829884189445
3.866398830089996e-6
7.271673544229596e-6
5.350346184910035e-7
2.4098784990262122e-5
1.5722913716380802e-6
1.1803934597370672e-6
1.0382201138865222e-5
2.627198043105353e-7
1.8169324260276312e-5
0.00014338839389125334
6.785653778925787e-6
3.80920210853311e-6
1.9831542933160687e-6
0.0002947660524489235
0.003380972030623777
3.617871100136474e-6
8.466001077078874e-5
9.540140852320328e-8
7.510857155609771e-6
8.976166516959596e-7
2.0571300025307675e-5
1.58085234512398e-5
7.027011718402072e-6
3.5346183586765992e-6
5.6197288428441445e-6
1.2320117311390656e-6
7.015128854804273e-6
1.897379035290696e-7
5.24832779911627e-6
1.2261011252542648e-5
7.019150034569121e-7
9.630138155324845e-6
1.4963802419548446e-5
4.508243948023584e-6
1.5020889425795123e-6
2.770624993409543e-5
0.00012969648043669252
3.152409401714088e-6
5.789897215197521e-6
4.57663766265671e-6
1.489618834405679e-5
1.563596982503146e-5
4.7000388394978475e-5
2.1661749963770453e-6
6.001259073641312e-6
6.92248613787257e-6
2.5699078145335776e-5
4.347596585149852e-5
2.180500452360654e-5
2.677679622699051e-5
1.571981084788705e-5
1.912493047205163e-5
1.1276456317424232e-6
2.7420960415506816e-5
9.235981436544896e-5
2.156151802145423e-6
4.84055749838167e-6
3.417667875766842e-5
1.1268308684261208e-6
9.600852700031982e-7
2.4496410234075068e-6
2.759548626993568e-5
9.00654266722029e-6
1.9489239393651003e-5
1.2451188793721126e-5
3.182992884977268e-5
3.7045500587884876e-7
3.955942533773196e-7
0.00011733740299186964
2.285229822536751e-8
1.9389144463206954e-5
1.2063717902890205e-7
2.0234551599651664e-6
1.1065125909920525e-6
5.942682658979467e-6
1.1709162166217796e-5
5.5028585645481425e-6
1.2264824000047672e-6
1.896488336130733e-5
4.38338986195212e-7
6.614392848089905e-6
9.243800401468595e-6
2.5199473973656274e-6
2.583483366861948e-5
1.3629408451453559e-5
1.0278872270532848e-6
3.3586130621366635e-5
2.371793969548606e-6
1.2467074102753008e-5
1.1071165730445107e-5
6.93023934822358e-6
3.396878318936636e-5
7.610105888574103e-6
1.841050936375801e-5
1.1899155733554015e-5
3.3840834582755e-7
0.0004872350438182072
2.6633309745809792e-5
8.658245098112673e-6
5.104228843516031e-6
1.9066711190908812e-6
1.0593816148940917e-5
1.8890381735050334e-6
4.281412399938107e-5
2.8350027310800736e-6
5.640308030404136e-6
4.049075021372649e-5
3.467280682729767e-7
8.58937592195517e-6
4.007493559615397e-6
3.319997782903391e-7
2.302943523184201e-6
6.672031220456428e-5
1.575622956523679e-5
4.7987204261554565e-6
5.361923165390401e-6
1.3802850407243193e-5
4.320511086432347e-6
