1.9354215892649013e-12
2.526868055842919e-12
2.427023246311392e-16
1.1169221099648894e-16
1.0596624972639749e-13
1.640741593853705e-6
3.773533895395396e-14
2.9265078646750102e-18
6.095849270582377e-15
1.9773945137997674e-10
1.7231145023299682e-15
6.108002054071203e-11
1.4462993711428943e-8
2.3031915154910658e-12
5.906009906950728e-15
5.23041893943739e-9
4.817162682411733e-12
2.740125728469797e-15
1.4704945736574576e-14
3.2828867684117144e-11
2.6322228652372446e-11
1.3400350652671249e-6
1.2633394307497397e-14
6.108334654802952e-16
6.949645844823487e-14
1.8850607963613814e-13
3.6092688997243236e-11
6.307446119865818e-10
3.6164320895158115e-11
2.248842466828726e-9
9.532080835169793e-6
6.112740900295248e-14
1.6213659202966734e-5
4.556774011317178e-10
5.850171434725336e-7
3.3222599785076483e-9
5.111412601784363e-14
5.4013425491078204e-17
7.274583042337052e-13
9.767494290289998e-9
3.082942726777105e-12
6.95624711408988e-11
4.596609240479664e-12
6.177446704225101e-9
5.148088843201631e-16
6.071008726902294e-8
2.6125079526538046e-10
7.993969902747502e-14
5.257257498735404e-12
2.2607096875887568e-13
1.9389127645930256e-9
2.9336851374217333e-7
2.791309037542236e-13
7.832505841352689e-12
1.0823532133846807e-14
5.693175436536488e-11
2.0348147907217486e-14
2.045497279537438e-11
2.8704155495513063e-12
2.6246880168937347e-11
5.792435474517922e-11
1.1607109701029836e-13
1.054763726009252e-14
5.342977271174751e-10
1.5276962519365606e-13
1.6332692865668593e-15
5.676263885387614e-10
8.435729023961142e-14
6.890441256998682e-13
4.8478599546358523e-17
1.2752418786105875e-11
3.232335479976609e-12
1.2528893861923783e-12
3.1133606731955297e-12
2.5754324435732275e-8
1.3062664534579218e-13
4.524685889451845e-11
7.973336914825777e-14
1.7446041557005793e-13
1.1014957028201255e-12
2.1318211775201875e-10
1.112191353544768e-10
1.0761212265253407e-13
3.662228245830061e-11
6.117245417752666e-12
1.1378517472941925e-11
3.4273397932283508e-15
7.226035369718314e-8
3.484766645229463e-13
8.349025836909947e-15
8.375827024513826e-13
1.6182612482747341e-15
6.805053149047455e-13
2.1063924168729984e-11
1.3750818914341702e-14
2.532873672129012e-10
1.223401983238214e-5
3.1747118883327224e-9
6.8055684165861405e-12
2.537865933867977e-15
8.821356236102857e-14
7.831544085348197e-17
5.659653036600368e-13
1.737403068356644e-10
2.908084926961347e-14
1.4956491581565688e-12
5.0929513987785886e-11
5.984901546933315e-11
4.8168888832339164e-12
2.786166014024313e-11
1.8198500304750887e-7
2.077740547417539e-12
1.5899678141280745e-8
1.5606141084946673e-11
2.2984593249067964e-13
9.400861600626937e-18
4.780470915836211e-14
9.666505537334335e-13
1.8237282644573345e-12
2.316110253241709e-11
8.850869225219326e-13
4.41271672187529e-13
4.328749736691302e-12
2.8943710505047112e-8
2.3077256138671468e-12
7.523975071302766e-11
1.1869099176385944e-12
5.1830360390807804e-8
5.927079600936875e-13
9.849867373809247e-13
1.6841903274708222e-14
1.8187111117516514e-12
1.822290333621603e-12
1.0716198429972712e-15
1.4778856905655582e-10
3.0617347948404525e-12
1.072522856297156e-13
2.5027325960570723e-15
2.3374102362951496e-12
2.5170909802694513e-8
3.007628910313098e-16
3.6486474921719016e-13
8.767918631514288e-14
1.5282092180663566e-14
1.8248252277174896e-8
1.4097664340671305e-14
2.3535373177124062e-14
1.726804060275701e-14
1.834182128429231e-13
4.2372788696829507e-13
1.2788037054862222e-11
7.765565097812528e-8
5.104402780840403e-15
3.3138528145244418e-9
1.3474216269058496e-13
8.51185991022725e-10
5.27864676354394e-12
2.494539140830183e-14
2.298022829157545e-12
4.329923769314544e-14
2.0446275662584124e-16
3.5168729124175143e-9
5.359912629653851e-13
4.154120607895681e-12
4.873237047851808e-14
6.498990220758476e-11
1.9624375688658612e-13
7.8058562128907e-11
1.686451083259384e-13
7.510939518415774e-14
2.8961537883600347e-14
9.3676778242738e-6
1.2000658963296308e-17
5.604684216397521e-9
7.888639194572218e-16
9.379586569270634e-15
1.1483155821878045e-11
1.0559723929570277e-9
6.51740528440438e-12
1.6186273963341146e-5
7.390303820918757e-11
7.608787496038159e-11
1.7209872774126338e-9
4.031347255566555e-10
9.786058186056795e-12
2.0424606101711415e-16
1.0103309657388315e-12
1.4996753320654898e-13
1.2202498238495436e-14
8.686168053656452e-10
1.3481421906264235e-15
3.4142473413595825e-10
1.658862558815111e-10
2.8489492639307064e-10
1.8601892006915827e-12
4.3853038392588026e-12
1.7399763543050335e-13
7.583895719523717e-9
2.0877813996416138e-10
5.4556111931259073e-14
9.509450813251083e-14
4.226470868760118e-14
2.608679647778098e-10
2.5344185692842135e-12
9.088152561208382e-11
2.737991667391801e-13
9.811480561600507e-12
5.73921774223085e-11
5.4485193333561296e-12
2.8248538805065443e-11
1.8925417978536774e-15
2.3032562292926242e-9
2.3528548718145464e-11
1.2720172897366721e-8
4.041302511322797e-15
3.245446660973595e-12
3.539837148112819e-11
3.16488764520299e-13
1.0598999558592199e-13
5.974434804513097e-13
4.75065776324509e-10
8.083186835255746e-14
5.709720103374283e-11
2.7999606668077507e-12
1.1262115188934653e-12
2.1475806066344468e-15
3.220226468054467e-14
1.1517778422079017e-15
6.4656738603907545e-15
6.887422066637031e-17
8.594124493561629e-13
4.8196549090694337e-14
8.049918252318661e-15
7.872790953561528e-12
2.6245573423280444e-12
4.10663568981641e-12
2.2723340502782144e-11
2.8676939265324934e-14
1.609003518718703e-14
2.9641289419625774e-10
5.836026225520578e-15
7.378002062599031e-14
4.251594239892206e-11
4.325510106281589e-12
2.6222579044230204e-7
2.356184929096873e-16
1.4849539434043895e-13
5.104874857076214e-16
3.4860453375195046e-10
1.7982418813007722e-9
4.84883007808768e-11
2.1173761268647065e-14
1.3117842106976299e-12
2.141905574457379e-13
1.5258308222552238e-7
5.831465677280755e-14
2.7533283127144488e-12
5.988988669951224e-13
6.255829751781594e-12
3.6388792847735897e-10
2.951879982244365e-15
4.956809154680061e-17
9.030069711447814e-7
1.97014405084811e-14
1.5531600875846726e-14
2.417836764624054e-14
4.243365385677776e-12
1.9292127196477376e-13
5.178102557240945e-8
2.1698309480317635e-10
1.902139270807811e-12
6.806526610558034e-16
2.2423579763724577e-10
5.603503286361422e-14
6.091089470937132e-10
2.1100021970838062e-10
1.6070708887549333e-15
2.5905280976835312e-14
1.6595491116490953e-12
8.372958962909038e-10
1.609632848334419e-12
4.234358768569838e-11
1.3743418428421006e-12
1.8686296571193896e-9
9.2275710583641e-11
5.971057774881964e-16
5.369908668520093e-14
8.712581007592557e-14
4.459287196144361e-15
1.0441682997581864e-13
4.291182296667519e-16
2.798295415101456e-14
1.2942860992743092e-14
3.6065240252935864e-9
5.025570078630687e-7
1.8838233210599944e-13
4.911417116689814e-15
5.968405417978626e-16
1.000149072283514e-9
4.0260981266398283e-10
1.8470639850110616e-15
7.4848628728937e-14
9.516036831465449e-17
2.9133853105469e-11
1.981749994432884e-10
9.149765269192625e-12
1.1449508326975584e-14
8.90545651976373e-10
3.717989016050084e-11
7.723219873391973e-14
5.246637316719805e-15
1.2334800574300781e-11
1.2972017657496573e-7
9.190129042241576e-11
1.2360234805164388e-14
1.1813174588257123e-8
3.987443211710938e-12
3.2813227204760536e-14
2.0815653548706703e-13
3.573191353279039e-13
6.561654666272627e-10
2.425949875043606e-8
1.2245505864685774e-9
2.57635663372364e-9
6.063274588142287e-17
2.7164110830240625e-15
1.32517320277039e-8
1.36041650463174e-13
6.736909383789085e-11
3.2610965791996007e-15
1.740916791126982e-13
5.512528805979222e-14
2.532031214554731e-10
4.8691573270312056e-14
7.509767643356979e-11
2.0443084682881752e-11
1.817744827691235e-16
1.83303474836144e-12
3.306810331991989e-13
2.094773693877602e-13
7.299536788989182e-13
3.456137517440916e-10
4.580867075523447e-12
2.7450452078114796e-14
2.971381718242691e-11
3.5635236868916974e-12
1.2409018713734435e-12
3.069537510207917e-15
2.815020271389194e-7
5.258384362718586e-13
3.125081996416619e-11
2.356127650684725e-14
4.035506854912436e-9
1.3161949478667607e-9
1.1545600950619284e-9
1.7277513974922462e-10
1.6087968859633814e-7
6.03098868706494e-12
8.361025642403607e-13
9.734138458540876e-13
2.2224575403367248e-15
1.7071547821145727e-16
4.3335423998372137e-16
7.172067999740198e-14
3.929515703067398e-13
9.973121499688183e-17
1.5816146587295768e-11
2.6229011535766815e-14
3.453995748677963e-13
4.823165294196007e-11
4.693797368434257e-12
3.068795548061799e-9
5.860305629857286e-13
5.975104279375159e-11
2.6186286321810164e-14
2.5537797143519932e-9
1.2809078398269061e-12
4.8549994495065425e-8
2.5818924179796945e-12
4.958697253694707e-15
6.361726655097243e-14
3.248279108307926e-13
2.5203612634558006e-12
4.434243912530057e-14
1.0445626906315162e-15
4.735063764910274e-15
1.6641272483597757e-12
1.037356998492958e-11
6.339044657427532e-13
3.7553481981242476e-13
6.865191366003898e-16
1.7503543080024572e-15
3.6925605400965263e-13
9.244155452586894e-11
2.840770868591231e-11
3.1913485696804967e-13
1.6605430243659826e-15
2.9808678083839244e-15
1.3116355459684048e-15
8.711938875326811e-9
5.677715174890985e-14
9.851209689220865e-12
7.704962277400237e-13
3.836881880373959e-10
4.0596539437839726e-11
7.984630781620056e-15
1.5417224688949828e-12
2.5898302843601e-8
5.539749928101281e-12
2.2071881333431801e-13
2.5333951442217958e-12
1.931621965570544e-12
2.5292160428814582e-11
2.5462722033109524e-15
8.937053106226828e-15
5.647495966820353e-17
6.069922737198969e-14
1.7050183903432908e-11
3.001642175344976e-15
2.464672844559351e-16
8.929707141160929e-15
6.787558950134556e-14
4.405321150582712e-12
1.6901836418747e-13
1.0612139612423557e-13
1.457928809935666e-13
2.1931084441894603e-10
9.10512769343224e-15
1.756025152096755e-14
6.875614003991354e-13
1.551643789722563e-14
8.814014399274159e-13
4.101209718771606e-11
3.575266488233019e-13
3.630444544053453e-11
2.418890057421674e-15
5.957409417881691e-10
4.33966698713471e-11
1.308117244474595e-8
4.5319647300093524e-9
1.605401944341092e-17
3.720307806170899e-12
2.497800441561791e-12
4.80203224454084e-10
1.1726793798488756e-11
4.313264390358849e-14
5.304000365510585e-14
1.0649417958215e-14
2.59547324558222e-14
1.6143400678203207e-13
2.5055188718954895e-12
1.0460872703359489e-13
9.234242971874145e-10
7.216160595162444e-13
1.356915462506604e-12
4.685404494514174e-10
5.152186696862196e-13
3.050619562341357e-13
1.9313610104953476e-11
2.533058867783275e-13
5.2437331098586156e-15
1.049860203570641e-11
6.999141732687175e-15
1.0065624233368504e-11
1.1774372859793914e-13
2.148969305639799e-14
2.1307787332565356e-12
1.7670624985819437e-11
8.966766527614215e-12
1.243193988794312e-10
2.3775598952908305e-15
7.889818410820576e-12
1.4554558043535693e-15
1.294756522651e-15
4.124446062879435e-10
2.6334081478187038e-9
5.616581928733774e-10
3.214203872253127e-15
5.32014646320189e-14
2.6250638501361454e-14
4.6084334866648933e-10
6.856320852304806e-15
1.4861365101180902e-14
3.1344961326973633e-12
2.143900322783301e-16
2.1418367551228647e-12
1.4198750615936717e-8
1.9136474643700526e-7
2.0497922562410285e-10
4.777788371220454e-14
2.0236961023353378e-10
7.435114401224875e-16
1.8501008197204977e-8
3.540642354720837e-17
1.8148201200862092e-11
5.315737959125845e-14
4.938267985406681e-7
8.009774412353556e-9
7.309575354894679e-13
1.325779487296584e-10
2.551427578665797e-11
3.064469314898027e-17
6.178178117703424e-15
4.173110316238354e-9
5.387521139980613e-12
3.806323951299648e-16
1.1417949271121727e-10
1.4617824048291653e-14
9.879560311566554e-16
3.849059412556048e-9
5.814184424278883e-14
5.667294001290671e-11
2.4092217373994018e-11
2.1953194012029295e-12
4.57726832993476e-7
1.2308149142384528e-17
5.163272886184717e-13
2.694145248095398e-17
3.545799474075106e-11
4.886968705245231e-13
2.1803520145055116e-9
2.73848625694887e-15
5.208292144949878e-10
4.608728321147817e-16
8.227905953764017e-15
4.728938754271467e-15
1.4932946301950574e-12
2.522136422733107e-16
2.426163702256603e-11
2.7865887021299935e-15
1.8553418240481933e-8
1.2644890284090373e-12
3.20079278820129e-15
5.825006195228958e-10
1.1613451299762952e-15
5.068659404827352e-12
1.661670012947468e-14
6.441313905998166e-13
4.903814165246842e-10
3.1454348617907257e-14
1.8365413248909556e-15
2.4966712182274774e-15
8.891902338563716e-13
1.0888780680497697e-9
1.7220488129215053e-11
1.7412313649872747e-14
2.215581398556276e-13
3.2300158416468086e-10
8.444708301870342e-14
5.591985332709302e-17
6.27751804407152e-14
8.754548431334428e-18
2.608903361749644e-10
1.337624946911783e-9
1.059592959846757e-11
2.45582545817573e-13
4.0490176239610606e-13
1.960350208863253e-10
1.3384067671916855e-15
1.1326887014082066e-11
4.8615408287521794e-14
2.8168739531140003e-12
7.505933739136316e-11
9.665806494341876e-10
3.4190821408081524e-15
7.929405188666365e-14
4.4810785540994765e-9
1.2687956700245547e-14
2.794627751058947e-13
2.731119004564278e-12
5.894225627282906e-15
2.1808626353621986e-14
5.2291417994427306e-12
8.547684843185322e-17
3.08215164635771e-8
7.048587149468842e-14
5.757766006287808e-16
1.7419571642233221e-12
2.0890290456542345e-12
2.7127784476890734e-12
7.708060647341847e-13
7.182511380376182e-16
2.068498619259504e-13
1.4945839917881982e-13
8.3708754905138e-11
2.1362612061628475e-16
1.765009845150714e-11
3.0497943316019104e-12
1.6030093078857748e-13
1.0050176662298423e-10
6.124931037421874e-11
2.6775231766318098e-14
9.179711874971327e-9
6.290611530960409e-9
5.6405273436108897e-11
7.28103908305437e-8
2.315964497349582e-12
2.621321898829385e-14
9.281978891912452e-16
1.828018120829036e-15
6.719793258971062e-14
1.3751353065298986e-14
6.617810178711334e-13
1.641809821668122e-14
1.141340928772336e-13
7.854960447857901e-19
2.952394914831142e-14
7.451432365656005e-8
3.1342038979146753e-14
4.551616014096653e-13
1.103091032622224e-12
1.29705550869836e-13
7.948251694238768e-9
1.3460186185759703e-12
4.73709952513124e-13
1.1831026238247694e-15
2.9960614788265015e-14
9.032412571323702e-15
4.602807670129396e-15
4.508297923007455e-12
1.0684631361997638e-10
5.001866761422019e-13
2.891291336796008e-13
8.593294025373164e-10
1.378885159866922e-15
1.1654323391988063e-16
4.8091042042182424e-11
1.684656484834073e-11
2.514403577326224e-14
3.4038934476008106e-11
5.388496652854465e-11
2.2206356649909502e-10
1.4836331254131026e-17
1.353262312723908e-17
1.6726255197877722e-14
8.528880545097089e-14
5.0726933283892245e-12
4.2031252420544106e-10
8.770402152925595e-6
1.566610256281091e-12
9.543436477047195e-15
7.72432459421229e-16
2.18589065640897e-15
4.437159836033349e-15
9.034671217199004e-12
1.2413494901081823e-13
1.7003307614776242e-13
7.929096052443133e-10
1.043988925738733e-10
1.377644376994054e-8
9.935818461438194e-10
8.283537635296495e-14
5.258055473519349e-15
1.0481106690388764e-16
7.739040468252782e-9
9.728485773557327e-15
4.045397623473658e-12
2.0613670612713525e-12
9.24144282208221e-12
1.6535323790994613e-7
6.070964253208184e-8
4.413782344649802e-14
5.889799315161594e-15
5.813562968815276e-13
4.0129492361891573e-14
1.3524194881606343e-14
6.885295455734874e-11
4.837245116874666e-14
1.0764751768372758e-13
6.548427285015329e-10
1.722477934700311e-8
6.736601959435373e-13
1.137342101843086e-9
2.2484392690789014e-13
1.0268946893605527e-6
2.7746147747817237e-10
8.834071192777305e-17
1.126382731901597e-15
3.870762071594777e-15
8.425797756789321e-13
2.2860328239308986e-17
3.345569817316321e-12
9.497660794395232e-15
2.8075129311163873e-15
2.505464238916536e-11
2.1395343538356644e-10
1.1549023165568015e-10
8.779094519375169e-7
3.312618906946965e-15
2.5027113358381484e-12
1.5773130029239074e-12
5.557232963375238e-12
5.58728178010142e-15
8.044545591527133e-17
2.8871206822811676e-13
4.090874205661045e-11
6.83122482442177e-10
1.4620125429260683e-10
8.676049470359877e-10
9.56225461380504e-13
2.274753289474735e-14
1.7575980667370994e-14
6.189564814018745e-13
1.8609647594822816e-11
6.304564827115001e-13
8.684503314707914e-14
6.055231302541657e-15
3.7693756846619e-15
3.3078899098656553e-11
7.924196820337956e-14
1.4250772060412546e-7
1.8141982182476387e-10
1.2540501674671778e-12
1.0128345764364262e-14
4.046761915128499e-12
5.4840890486935274e-14
7.512326786065771e-7
6.5971904348115e-13
5.114689240644492e-11
7.543547854489104e-18
2.5058857470245807e-14
1.8024523033695513e-14
5.57696336173308e-13
1.673614306349288e-15
2.8955899233199618e-11
4.1926174465579313e-13
2.989463659446148e-12
3.1933943142235715e-13
6.938836109126965e-12
8.741194180085145e-6
6.841798984710872e-13
3.477985053303429e-16
3.2569606210203944e-10
1.6690094019007612e-6
6.440388800740637e-19
1.8451827656138827e-13
9.211806545394153e-9
2.282399839223592e-9
1.577119682017435e-13
3.472050880308146e-14
8.879259510220236e-14
4.862021351793535e-12
4.7229097734313286e-6
5.180678226088996e-12
5.562374394273559e-17
1.0529580634990557e-14
2.786376146695697e-15
1.2928132783812038e-13
2.8635480284145804e-9
1.9210469698233632e-12
1.9777025839523546e-18
8.679036003680922e-15
3.095297109730642e-8
1.0205542239733377e-10
1.488846175486127e-13
7.011621502743896e-8
2.1531511885485057e-11
1.8102103681350533e-13
5.403814625056976e-9
4.716851219217936e-12
7.062284891494169e-13
5.544889913553586e-11
8.236714611428484e-11
2.917428074559442e-17
2.896736677161655e-13
3.78137774979357e-15
1.0459771286160058e-10
5.870284715531516e-15
2.137778370260259e-14
9.310132762841249e-12
3.3704201821657883e-12
8.204303128468305e-14
5.373465576181696e-10
2.1459206374390296e-13
2.87868705188684e-18
4.3270149987231904e-11
3.3562721652873076e-17
9.76767043043655e-5
8.12909800992469e-15
3.0888181282333346e-17
1.8025919635904398e-10
2.393815924685088e-14
1.0867998086906885e-9
3.049395211792556e-13
2.604892907641331e-13
9.023330291163932e-12
2.052432157562478e-10
2.0697662580674822e-7
3.9170895920748615e-17
8.769042398577533e-15
4.360041743061294e-15
1.0382618657508821e-13
4.8269328437641413e-14
4.146727201465373e-12
4.4796067128329706e-14
3.377116270066058e-5
8.456588918021262e-11
5.582522396623998e-15
2.234433826373067e-16
8.139705216242191e-13
3.641929944588035e-15
6.687414840617976e-12
1.4630487900051033e-14
4.6502530358543816e-12
6.286560046547629e-11
1.2282743034455637e-14
2.2100694368057895e-15
1.63396261256604e-14
6.386345105728244e-12
1.665719437763709e-14
5.889413602159415e-14
1.5183156325823103e-12
5.5615982578211256e-14
6.2748560214270395e-18
8.447779261909198e-15
2.8433189862361975e-12
1.046875232441382e-10
3.5701986869387185e-15
2.6049986880485023e-14
1.0018753601792251e-15
1.356088108519319e-16
1.2819449862596511e-14
2.7836344029723566e-11
1.6169352372965436e-11
1.4764558169479013e-10
1.090353734617098e-13
3.098712369260638e-11
3.5638577905798475e-12
2.5526874290990133e-14
1.8073099286696275e-17
8.868068283327376e-15
3.2906955361211e-12
3.628906904448027e-15
2.4987097535335186e-14
1.9878931862366068e-11
1.3281545763392407e-12
4.3233902258169815e-14
4.969359961388364e-16
2.9053180968108334e-13
5.446962238596655e-16
3.2783108408900555e-9
5.562316517220258e-17
2.1947127939987655e-15
9.658676657289446e-15
7.333740206769109e-11
1.1041549535398639e-14
1.9546009800380245e-18
7.625937460366974e-13
7.646059373490856e-14
5.987221648599351e-15
2.415844920865126e-8
1.288568783169157e-15
3.951248598324532e-16
8.565609601691967e-12
4.998716941110288e-13
7.290528001457316e-14
5.021050158529254e-15
2.248108665007528e-11
1.0845171253783782e-14
2.7450872042813764e-15
8.51328212635899e-17
4.181578154786645e-15
2.0015400048722618e-11
9.501919398467241e-14
1.9484329871820915e-11
8.020182228498309e-15
2.8070695140483758e-11
3.8446648817549856e-13
4.948211491798807e-14
8.846613669041427e-15
1.1374474187142258e-10
5.0613083515136164e-11
1.4790079471765937e-11
5.6124600585043486e-18
9.617135411448185e-15
1.698452673958109e-14
3.426674406401058e-16
6.874281328999534e-18
1.243123044651107e-16
8.021117828098477e-11
1.8692415119768095e-16
3.703351907284256e-12
2.2575755769209425e-7
5.8251726762526816e-9
1.5861685953378732e-11
1.672534101996301e-16
5.4686988155422636e-18
1.2728557050695358e-12
8.93067538738749e-12
4.0809421478816493e-13
8.775386671546221e-11
7.770505408317402e-14
1.3372566213882804e-16
6.737407808421812e-13
4.2710484049452484e-11
5.997416483143247e-10
2.3393636000284363e-10
6.4263898702183435e-12
3.0012990362957375e-16
9.695302787842022e-13
9.133677650089634e-14
1.3698756990911484e-12
2.442772007919107e-13
1.0992567365621296e-14
1.1598420077009054e-10
6.708246550322568e-19
9.810298368488368e-11
9.365364001735808e-11
4.854844686751514e-14
2.0638977170281184e-10
1.0660487512172916e-13
5.558711592737263e-16
1.7822875616325985e-11
1.7068974480439832e-15
1.960112988069971e-14
1.0094303206651889e-15
1.107242388176073e-12
4.8233975554247144e-14
1.2354220106258932e-12
8.746122206157178e-12
1.5478100971224854e-5
3.874710639300206e-16
3.458580743906532e-17
1.461755379730713e-12
8.515905200462094e-14
2.0821610209831513e-16
7.355610783103063e-11
1.5604829993542394e-11
2.487667206558098e-18
1.533616220697688e-12
1.2824455839476909e-13
3.610587678017879e-14
1.4950883192057606e-9
2.0376558517320345e-14
7.439536692441537e-14
1.64995476083746e-14
6.370262689516719e-16
2.4519684827990325e-18
4.26193079981776e-12
2.1644525600514105e-12
2.246161581671335e-7
4.4292239600691603e-16
2.982959657145344e-16
7.804119861958909e-12
4.037176334732579e-9
5.607608588618106e-13
6.721491319636897e-14
2.927086017676311e-10
8.892474093851867e-16
5.155606421592978e-17
8.160836644539277e-15
5.9616164970628364e-15
1.2599235080484287e-18
5.817931887231894e-9
9.261450254794293e-14
5.66724053368923e-8
4.6079546157162257e-14
5.4469126966622876e-17
1.526819692944159e-11
2.4360215179078038e-14
6.19297203043612e-14
2.831654834870825e-17
1.6344055642740852e-18
1.9389629937759548e-10
4.6372674069892826e-12
2.0430125313122557e-12
3.173048017421113e-12
1.5133365451332152e-10
3.8378972494545516e-18
7.932238211644439e-17
9.428550861464397e-15
1.0166238368832159e-17
1.6668309493050896e-15
1.5260805546853647e-12
4.782239473671654e-15
4.513062088245833e-12
7.177330229755368e-15
6.983205711967615e-15
4.0315464190509645e-14
3.0769484489445054e-10
7.382813758207196e-9
1.4092188178513152e-16
1.204611549519457e-10
9.664860607645012e-16
3.109495157451612e-12
5.576882620481194e-13
6.12068362097759e-13
7.042918000389375e-11
7.954792903801261e-8
1.890093283089255e-7
1.0348126766094718e-14
5.672712695694436e-12
1.8356813171460382e-9
2.497554697402962e-11
1.821104571261046e-9
1.050523103086883e-13
1.0722192478566548e-13
4.459081670975367e-16
5.54578448172282e-14
1.477530756909764e-12
1.2243705085432208e-12
9.474909231146241e-12
5.387838266918759e-10
8.096660026704184e-12
6.892175293568418e-15
4.408032229049471e-12
5.675877802652935e-12
4.218207827232636e-16
2.005923979482414e-16
8.142848056095392e-16
6.257509067934593e-8
1.929106241660463e-16
3.414263049193351e-11
8.751739515860288e-8
1.5895578870742854e-13
6.9938382655751874e-9
1.0618930893604742e-14
4.528128812123942e-13
2.69092926317595e-9
4.3829842180401185e-12
2.379973296527008e-8
8.135175758014147e-14
6.750325188885176e-17
1.1824605047930303e-9
1.4672565530291013e-16
6.561627010934805e-16
1.4969331328442294e-15
3.0106214383685483e-13
1.7360034902260583e-14
2.177619592207101e-17
7.073317089350236e-15
4.284720766491012e-14
2.962450525411171e-11
7.591321861185089e-16
1.9069787012419174e-9
1.267017228234415e-12
1.1608897870610536e-14
2.468786897620272e-13
2.905666280761434e-14
7.432354851682957e-18
3.396602307448225e-15
3.9380043096842017e-13
5.903130494361037e-10
4.445609122433213e-6
3.525628756149629e-13
3.771009933861933e-11
4.182168483889459e-15
5.441543546918444e-16
2.1597054404505705e-8
1.2156742516157653e-16
3.860075934464441e-15
2.379213910158464e-16
3.747080791403421e-14
8.73498657237701e-15
1.4654048234488178e-11
6.4699041815112355e-15
1.7287883984193334e-11
1.2949709644635816e-12
2.54746858875932e-13
2.9996594156300466e-18
7.741407770441921e-13
1.845904956628612e-10
5.2412296771369585e-14
2.2570039464248023e-16
9.345169709798119e-15
1.8204583770308587e-11
1.2126570416411112e-14
1.415490411989435e-17
7.396912000923483e-16
4.596142905519133e-17
2.859990064163372e-17
6.24597635788173e-13
3.575447788498706e-13
1.3268409807423408e-10
2.365014500671907e-16
2.044866317919803e-13
2.9049927577529464e-16
1.5423200360623325e-15
2.5138535726988288e-17
5.1153177938863814e-14
2.116658427051665e-12
1.8668142467808415e-12
3.460452612026202e-15
2.4787439367670056e-15
5.726597228298546e-19
1.4908933379628433e-7
9.751385908529465e-12
4.563230003384974e-17
1.2278662725749443e-12
1.4964282767368093e-11
8.03585432964863e-8
4.7582697840530976e-11
4.01549400902931e-15
2.0194070074109333e-12
1.9952674969171317e-9
7.013374030610255e-10
2.9243290296336374e-12
2.46922054065157e-11
4.902308570332554e-16
3.0478532802121196e-16
3.7999949887025064e-12
7.003686320053619e-16
4.894455335670636e-12
3.345469188705504e-11
4.62146109927015e-15
1.23566448320466e-9
2.310877185825604e-13
1.333878357350511e-12
1.526966855354498e-14
2.0533106651662146e-13
4.847137526466356e-13
1.568851138876939e-16
8.565790187521949e-9
6.005857604274835e-12
2.4084115891768833e-14
5.680992831172956e-12
8.65780859940821e-15
1.125082802520589e-11
1.5372777568134337e-15
6.545091089280068e-16
2.5063190080931634e-11
6.87990000943692e-11
2.1544750816656915e-18
3.034719427790471e-15
3.8667817189005176e-12
8.188935384768174e-8
8.447406890873585e-16
1.4718447397864025e-14
5.214597673697775e-15
1.8551061933855948e-15
1.6328904901254532e-17
3.691950376653355e-16
8.134029542818335e-16
1.227487715593762e-13
4.516009554298097e-16
4.605833212527203e-7
4.0672869523095366e-11
3.266032544120274e-13
3.6066778649658534e-13
2.4810115993497914e-9
1.8152312541329747e-11
1.0706318711677645e-18
8.3536934294479e-13
3.560416245677893e-15
2.6045254051202057e-11
9.866566641933664e-8
1.8791423032569154e-9
4.065116947360646e-15
5.776035849814217e-12
1.0926885837939445e-10
8.103381950072582e-13
2.325288761898089e-13
3.10314369664751e-11
3.9881934881473595e-11
7.084931042603094e-14
5.088375793131205e-16
2.5919792420465527e-14
3.434278100331671e-13
9.837632420680124e-11
2.131904086668603e-9
5.191656631619307e-13
2.716988896439973e-12
1.4589474054469987e-17
1.765235817612395e-12
4.2852407216653716e-14
3.427756723337249e-10
1.8849608379480943e-7
2.3547430144307426e-6
4.3800329493747e-14
1.0978533513240033e-11
1.7187835357526386e-12
8.444734571453086e-15
8.335091807370064e-14
2.8410939516508896e-12
7.095817504494661e-14
2.18613782391443e-12
2.2045681672761376e-5
1.2330328379454538e-14
1.3536669255647404e-10
3.1617363258388895e-13
2.9988972398584476e-15
8.333809583358726e-17
8.009819700926656e-14
1.5188244830500113e-13
1.7073548671824678e-10
9.356080605634486e-13
4.087221416275644e-12
8.678190004526205e-15
4.9872447340342256e-14
9.833616010914583e-10
3.628861978132952e-16
2.850371328675565e-13
1.8231164896220545e-15
1.3085884941991448e-15
3.5791480027204335e-10
9.014019303282047e-12
4.502633063967271e-15
5.799056860833526e-8
1.1100776947807867e-13
7.615272087493888e-12
1.6070629087347643e-11
4.515949245916779e-16
2.3213256340846964e-17
1.648358966953969e-7
7.269910566796936e-11
2.2497289383828813e-14
1.3918074380525514e-13
2.837295306643967e-16
2.1433683004080003e-15
1.7602397461345306e-17
3.913050457622116e-15
3.2109923646435103e-15
1.289149344671214e-15
1.6657331058303739e-10
5.007877539010902e-15
3.434769347636185e-12
1.783868186517363e-14
1.2480256572089617e-14
7.428450287461717e-18
8.773664302371305e-12
7.659047739606446e-13
5.390395715361194e-13
5.736008121113633e-17
3.16381483511946e-13
1.4997952100634792e-14
4.2802382324907745e-15
8.012978028352772e-12
1.2507484140409887e-11
8.055468077103506e-14
9.974481059851816e-12
1.3724185845420075e-13
1.2925260985240575e-8
4.608726354604734e-13
2.690737022329726e-12
3.4792270396713665e-13
1.081612682498485e-12
3.2034394854656443e-14
8.776453753896828e-13
2.792566757402651e-17
2.397136020435048e-13
8.310829881023685e-17
9.115584349444337e-13
8.279369425809355e-8
4.917846246541498e-18
3.113024088077315e-13
7.289193017876588e-18
2.6252788186099646e-10
5.4567312234580786e-17
3.647340021183797e-12
9.994890370601913e-7
1.4609795642272623e-11
3.691571069764208e-16
5.038612521769359e-12
4.2888642213886326e-9
1.3309665174783773e-14
4.8881703720462915e-12
3.4886154938044067e-12
4.374199142861716e-11
1.2826447660881243e-13
1.8117519785398192e-12
1.0762819694940805e-15
3.05866777517174e-7
2.6729284476141404e-10
1.0298170982408072e-7
2.8205234974699315e-17
8.776674283431204e-16
4.031675629684868e-12
1.8083542249562517e-15
1.8410864223744946e-10
1.787250843310172e-14
8.667849409427044e-18
2.8417703166566958e-14
2.5830248696762933e-17
9.127073442572737e-15
2.265960802891284e-16
1.1729010618530193e-7
1.1368153064276218e-15
4.458616899539842e-16
5.912391394875226e-12
5.295689146091429e-9
2.5818319428545e-11
8.380065595622217e-19
8.650527480819742e-17
6.458858356663875e-15
1.2985182912125803e-12
2.2686703393285777e-17
8.34778060096032e-17
4.083743029787903e-11
1.8049091268535297e-14
5.4613323002598737e-14
3.1358602156891303e-18
1.96674245080012e-10
2.805319212095001e-6
2.424164130302163e-10
4.548093236387472e-11
4.277114791390644e-15
1.526012161160317e-13
5.585892849169006e-14
3.9518649591425076e-11
3.015853974656246e-12
7.446584102206482e-15
4.738575149923358e-16
7.939479622660157e-14
1.0093949664758072e-16
5.405725110236337e-10
8.610846665983365e-16
1.3294286945942197e-11
5.902420697298213e-16
2.876520986003897e-18
2.3758728336923385e-13
8.952399241477487e-16
7.563018873321847e-14
8.308441234906959e-8
4.723621544641102e-14
3.4059306923370515e-11
3.107000157139123e-14
2.148906297096714e-16
3.3646194266345527e-7
1.1669851375091009e-14
2.3572382363968424e-11
8.141546051514336e-16
1.6023013831543747e-12
1.1912708795586808e-13
3.554375751825639e-14
1.4570797742506021e-15
1.0677989156852275e-5
4.659286890331042e-13
1.5929191953490405e-10
1.9328836220986119e-10
1.6173953005143956e-13
9.463004443880655e-17
1.4021809412221952e-18
4.276624146413328e-14
3.1127490562576814e-16
6.158219171585162e-11
5.774274086174301e-14
