11.338766694412413
10.806934149046455
10.338970596512013
9.650936191198936
8.794743263348147
7.940308459220329
6.970461386920286
6.059736190108666
5.381597024358875
4.913470346612566
4.555954663555621
4.227210689445261
3.953909583379482
3.6818409762343887
3.441185843559822
3.2286866680851283
3.04715014911372
2.9029773899711886
2.7540869559830234
2.6351983462112827
2.529976746886569
2.4260786242633126
2.32670222412313
2.2306929457798157
2.1481900274740076
2.0728497925953366
2.006034919816095
1.9339469871724724
1.8716733247089685
1.814717739740054
1.76212223192082
1.7122305965078635
1.6643475284520264
1.6184635626743384
1.5780379993528024
1.5401977426522242
1.4999393180964962
1.4618898790194823
1.4262902943345708
1.3938865184799374
1.3571100937300642
1.3231665802852008
1.292131676107532
1.2593991689152082
1.2271006761764545
1.1975437102548065
1.1697612284779417
1.144965070624698
1.12136025141079
1.0991748865588837
1.078970580956927
1.0603461087003545
1.0420315981744537
1.0221350988715079
1.0041194445094535
0.980631293302265
0.9601192335271325
0.9397575291201035
0.9194814579122879
0.8986680583925972
0.8782704885955326
0.8601571575200726
0.8430866293799593
0.8267205285456622
0.8117473015348491
0.7984913957518733
0.7844885574464282
0.7706456085648963
0.7602644724196201
0.7504938767218361
0.7412624292320293
0.7338601908160376
0.727685405423756
0.7219214550231632
0.716672169136241
0.7117853003947268
0.706685816060725
0.70182551022494
0.6971631628951336
0.692730361332762
0.688684559609424
0.6849293174690443
0.6808968788601266
0.6766353256101407
0.6725661771779992
0.668204242394431
0.6640972028188745
0.6600977686770699
0.6565575749157819
0.6521491503319945
0.6476485375681662
0.6434993488731955
0.6388028261294547
0.6344610993153772
0.6303712683600153
0.6260320700263602
0.6213370516891468
0.6164408914242134
0.6106917591215426
0.6036684084109263
0.5965588959602162
0.5860730467724586
0.5774565331263348
0.5669209797440535
0.5592277961843699
0.551623499774311
0.5421293842160475
0.52968615763087
0.51495081379172
0.49917980338331525
0.4817052786170102
0.46765196377124685
0.4554248432947121
0.4457048147629088
0.43468106489501146
0.419336571636161
0.4042125693973908
0.389722346448111
0.3719355966134863
0.3560429886861023
0.34992935229645283
0.33835823772064266
0.3300344152406458
0.32213038522568205
0.3152647704032612
0.3081981757308645
0.3040619968976159
0.3027116075755467
0.30105554036008986
0.29867196300461885
0.2968236267798847
0.2951962072943495
0.2937611372059221
0.2924445831081597
0.2909407415835732
0.2893811675485747
0.28731673752110787
0.2845672452040997
0.2818804250824236
0.27849460572658824
0.27531496016496604
0.2721373983823909
0.27070235292124956
0.2689879800707011
0.26711655059184025
0.26557327164247724
0.26402776156080776
0.26253876829162603
0.26123338603580226
0.26024489247886784
0.2594112230026342
0.2585578541182212
0.2578808145485647
0.2571696890449209
0.25649553962802596
0.25570269311448346
0.2549771575539692
0.2543285910667814
0.2537039526333116
0.25311397184438444
0.2525886961417667
0.2520927437587632
0.2516298009710596
0.25116018514890204
0.2507315175579805
0.25034366457932045
0.24993226269762836
0.2495768610208371
0.2492240191329973
0.24887711588497474
0.248550525418044
0.2482397460239678
0.24792054585109735
0.24760561776709
0.24729417035025492
0.24700118873655352
0.24674774008671996
0.24646514535142217
0.2462044222206572
0.24596954140242033
0.2457224058742069
0.24548446607218377
0.24525826665101214
0.24504577985639564
0.24483700712551926
0.24465219254727355
0.24445464504123926
0.244266466660501
