11.336000088446134
10.792987837176252
10.338223880897514
9.625102174080428
8.745760672178454
7.958970383028937
7.028449721501836
6.07650930614458
5.3458487533581405
4.826378065442723
4.423117149460749
4.0713634417629905
3.754704533720253
3.4977412416604627
3.272167610725641
3.081650284215609
2.9137663381437413
2.754886378533328
2.619130645797531
2.50425186085336
2.392925896678099
2.2896030813199904
2.201199710690987
2.1181090593839773
2.0428473771796636
1.9747998558693958
1.9028193392319013
1.8319844737226978
1.7677896292702897
1.7106446451229687
1.655339583910103
1.6040024529336012
1.5555018309542499
1.510234283459992
1.4665623797089804
1.4253806997979694
1.38611080227205
1.349517352277081
1.3149286082886409
1.2817246952275383
1.2467027299964037
1.2161586006386331
1.1858324686728494
1.1539170974196118
1.1245347139608644
1.0988842881136618
1.0750540753382198
1.0537734402434937
1.0314687682402228
1.0123730052921731
0.992590907577803
0.9752529718971372
0.9605891665033184
0.943023833819356
0.927926031532289
0.911629081358936
0.8976934226378344
0.884101970063444
0.8722241901319325
0.8610684545917131
0.848439103090584
0.8337699444860043
0.8209875940963816
0.8088092169708831
0.7967605792174925
0.7853780867328988
0.7740237200686062
0.7646119472698798
0.7552978129777319
0.7462860730664644
0.7371835660072907
0.7286824141790369
0.7205607166538792
0.7125278326965869
0.70522963705666
0.6990562657860311
0.6914018080439535
0.684063184524728
0.6782066861307472
0.6720642566199446
0.6663115796677372
0.6611856395720697
0.6557631183458419
0.6476553840128609
0.6395456250267362
0.6311128896815008
0.6225904305577856
0.6125219248845015
0.6008834794218991
0.5872081814702188
0.5708973230152816
0.5537258347799785
0.5385105537246453
0.5237694872682406
0.5103065654798691
0.49233928079742206
0.4722723312998749
0.454374118553865
0.4386393687300103
0.4232751729456208
0.41087855507941917
0.40049547858146095
0.3881566464710229
0.3755147021279255
0.36440605464281006
0.3540024101265873
0.3417528551596103
0.32963085690720195
0.32039809036415345
0.3166128497827305
0.3106346807681666
0.306460853225742
0.30372191002272864
0.3005050923020267
0.297600913145061
0.2945353747014856
0.2905812468613842
0.28872896239521406
0.28815802431058657
0.2875156624802324
0.2868579623799459
0.28587951944698364
0.2847431187728935
0.28380841829793546
0.28285924199146084
0.2820550903934942
0.281468486620966
0.280792306642196
0.27981096646925785
0.2786081106907803
0.2780505546126948
0.2768450064500749
0.2758211051504711
0.27481896512784676
0.272093106112858
0.27084819077400635
0.26964792713283536
0.2685861731918129
0.26796580099285183
0.26734161182418426
0.26661073164124716
0.2646745889728095
0.26336246045811684
0.2625362137040774
0.26208626973305993
0.26148200529706855
0.25956241001127545
0.25891302615895473
0.2586224548354785
0.25826464841215113
0.25795619838493167
0.2573624681340325
0.25632136251351056
0.2558413498039407
0.25479238238257285
0.25398015495802184
0.2534818344477632
0.2530507798044228
0.25252034479869323
0.25193874904695424
0.2515487517691133
0.2511422530535432
0.25038252840606745
0.2493852816626525
0.24858220107322193
0.2482620850424917
0.2480735014038249
0.2478567985792397
0.24750903052379858
0.24695143468428338
0.24634694992678963
0.24591725205616566
0.245432602651376
0.2449535406232073
0.24443770180027524
0.24402364871463522
0.2436493564448785
0.24331350484950942
0.24302036742103716
0.24275235999261557
0.24250070153457237
0.24225887628266118
0.24201822155216934
0.24179702271247194
0.24158565858263348
0.24139429735167095
0.2411654810101691
0.240959482841534
0.24076287680454023
0.24058607692088785
