3.4676543215612803e-13
1.1297537805323834e-13
2.6813551574290234e-15
4.956973885575375e-13
3.297677602496954e-14
2.224311026332934e-13
3.361144678217438e-13
1.4159827125133703e-13
1.9900767551075522e-14
5.369224305390413e-14
1.0311695195170927e-12
7.15540793249461e-12
1.484809312629976e-13
3.3060628147963666e-12
9.055866132177013e-13
6.113481984123384e-13
1.5323589849627798e-13
4.566422354148565e-13
5.729959706140405e-13
1.9446778443847928e-13
1.4626937369732318e-14
2.0769286119573294e-14
1.8495223412737105e-13
2.2822308364037095e-13
1.330207324323131e-13
2.1311891960329127e-12
3.527871161172034e-13
4.588562410414658e-13
3.2131829237834816e-13
7.111346728046875e-14
4.474574323811684e-13
1.9259047282884048e-13
8.965740236927093e-14
5.067939900314242e-13
7.82927844237471e-13
6.410508571396056e-13
6.183434423093512e-16
1.524453140432524e-13
8.378005653004395e-15
1.1344345306715744e-13
3.906165210008666e-13
9.547590454252935e-14
3.170383774878798e-16
4.130181400788493e-14
2.82842891260623e-13
3.1751393675420745e-13
1.294397438775751e-13
7.907270846287801e-13
1.5284794956396086e-13
8.744372836368925e-14
2.1380354229318707e-13
2.0347257587985195e-13
3.284099501305447e-13
6.077375429228565e-13
3.6142233586169e-15
6.40620101424523e-14
1.5359061859715221e-13
1.3801432826680214e-14
3.716828890546717e-14
1.8453395351878892e-14
1.2866750214979941e-13
4.044136272895594e-14
8.850607181257164e-14
2.0539569120480436e-12
4.329832036611553e-14
4.864661994082372e-13
1.3395502073602367e-15
8.741494542811188e-14
4.0134824497698047e-16
2.9885166795802727e-12
1.456285646349297e-15
4.467057232812501e-13
1.7353320480850897e-13
7.167480691363947e-13
3.76515023859071e-14
1.7222932934212618e-13
2.2433599382979114e-13
9.75530154199109e-14
6.1787819918734045e-15
2.3420627148498332e-14
8.949104290147864e-14
4.3951849904179433e-13
1.1421621078468565e-13
3.529720570475152e-13
1.5228675781506646e-13
1.4378131966789795e-13
7.924529142738185e-15
1.487517318559865e-12
2.3958134636123783e-13
6.027595322671488e-15
3.8392331581436664e-13
4.8361021593177774e-14
1.6158944994082771e-13
1.4015734758226453e-13
4.4951994723414074e-13
3.03281539280801e-12
3.7594588360738287e-14
1.5044157130141862e-12
5.980684648193521e-14
5.559258701328298e-13
4.3299493531455665e-15
9.254338987235796e-13
4.037498087925977e-13
1.4681419915075428e-12
1.4018173614613518e-12
2.1877413953538253e-13
4.534821059250849e-13
8.293877219780046e-13
1.0222525833225875e-13
2.795438008781543e-13
2.3479080528954043e-13
1.0473188220483782e-12
1.9355205386861892e-12
6.657185357979066e-13
1.867354976322194e-13
1.4621745924018847e-13
1.2823550754321548e-12
5.547320780710188e-14
8.27112124572991e-14
2.985001608469199e-16
6.173244479781993e-15
3.235569010805767e-13
2.4459254954568935e-13
1.5639478651852452e-13
3.1428523612425504e-12
1.1233411428726846e-13
1.961218758961896e-14
4.052234955363943e-15
1.747999340566927e-12
5.343296352059345e-13
3.8079467835630116e-12
6.838442081222129e-13
3.802281091467315e-13
8.83476855269105e-14
1.4565391872801464e-13
2.0931092428351323e-13
1.174379457980567e-13
1.0006476331925108e-15
1.6639178714947335e-12
5.213171864054917e-15
4.217762582914027e-14
1.1112925598948374e-13
2.1962707131185316e-10
1.9226714588818858e-14
5.992403529000529e-13
2.2406487170994767e-13
8.296482726685084e-16
1.6121557271376024e-13
1.3118556293346607e-14
2.9460457240308604e-17
6.448906904638353e-13
2.13190921520328e-13
6.149282193481059e-14
8.935969252685304e-14
5.013723145879294e-14
7.597475706954976e-14
1.3648699955630037e-13
7.061048243041656e-13
6.517793801484249e-13
1.626646174873116e-13
1.0698368254988226e-14
2.4676723716150916e-12
1.1521086122547983e-13
3.4126808644920554e-13
2.473624692452141e-13
5.703376274052484e-13
6.021426444415066e-14
1.3955773710558318e-14
3.0815233534268064e-13
6.243011015225999e-13
5.1313965199119124e-14
3.424890538484161e-13
2.3027431416278303e-13
4.449768872956426e-14
2.273518382315544e-12
5.322501441843726e-13
2.3874986363165733e-13
3.0610440994912413e-15
9.414037260932068e-17
6.557564006596216e-13
2.6874237607878507e-15
2.1352291090540873e-13
1.6303844699748202e-13
1.6858610361730162e-13
8.396293850781919e-14
3.1854623377036817e-13
2.293855870216026e-13
1.4335962989124368e-13
4.714083803489347e-14
3.1880105671641553e-13
6.744392673915744e-13
5.4336199955037416e-14
8.622172193487964e-13
4.403797844252812e-14
6.887295463358421e-14
3.5927157074959997e-13
1.2167404809980802e-13
4.907558437612873e-14
1.034494616327677e-12
6.185464539333381e-13
2.0805741073861473e-13
2.4118130510498774e-13
7.183124474564823e-13
4.407377170153297e-13
1.7257477695288476e-15
2.0637396398829713e-12
2.6137236469448876e-15
8.251157413359612e-14
1.6255017702809098e-14
1.2849680400999476e-13
1.401091494829725e-14
3.716685308704245e-14
4.994050175174254e-13
1.5363705094634274e-13
3.147519457772676e-13
5.186991782358317e-12
6.173338551345566e-16
2.652664382221483e-15
1.7231806765837314e-14
7.519706316265395e-16
2.7646891982897068e-14
6.953861980880491e-13
4.8609176574488324e-14
1.2983959081263623e-13
3.6747215920171515e-16
1.0378898877382292e-13
8.503273375264281e-14
3.010223025681661e-13
1.3432445653220432e-12
5.463073903397039e-13
3.9444777665432374e-13
3.1982534900864577e-12
1.3834067333914621e-13
6.87114206123364e-14
5.643841253012938e-12
7.1981178827345e-14
1.6207585246589145e-13
4.4255749401573344e-13
2.0710881364682527e-14
1.3115853998541345e-13
3.228790881763061e-13
2.535595256820126e-13
5.796439242640092e-14
3.0968729003943044e-14
6.875262599615415e-14
1.9294641865082782e-13
1.8663073005349824e-13
2.56404382632294e-13
2.1263380891024574e-14
2.1416628928695043e-13
1.075321029433363e-12
1.4532887774674453e-13
1.9864638128654922e-14
4.17727769133634e-13
4.731388269797214e-13
9.57713660995111e-13
8.845350795897955e-13
3.648485889776363e-13
6.708065946566745e-13
2.2455444853100925e-12
1.389291485723278e-12
1.3660274133386785e-13
2.2755702501138023e-14
1.5715247137883934e-13
1.7132465588738995e-14
8.283022601027228e-15
5.947098974031635e-13
4.2146785126177945e-13
4.002147274592772e-14
6.991997354588001e-16
4.0174500053507243e-13
3.438051741692429e-14
1.3636149224423234e-14
9.469045513504849e-15
2.6432118171772455e-13
1.4223637818366016e-14
2.975337186700378e-13
2.0155832996195257e-12
1.8146180089741833e-13
1.0141128277144506e-13
1.1836726377125992e-13
2.457536173558009e-14
2.76479567730528e-13
4.208056209400023e-13
1.1214846897241172e-15
3.2323032492748097e-16
1.3647036525243745e-14
3.2721359142698986e-14
1.6378392181749775e-13
4.599237481211086e-14
5.1447640327405695e-15
3.184267460934979e-13
1.472804927130443e-13
6.599365810057799e-14
2.851864522456281e-13
1.098454818567255e-15
1.2121213423590026e-13
6.541923135508489e-15
9.498363664624467e-14
3.9216392113923664e-13
1.279398960569024e-13
6.048823491011776e-13
2.4253503545990044e-13
9.499355911731521e-14
2.4941596503708347e-12
5.469701770539564e-14
9.538792897674735e-14
1.0302023527574598e-12
4.9855405697875533e-14
6.351177557435084e-15
3.0706306896124863e-13
1.8828141640348725e-16
4.750133700922928e-13
3.4070536375666675e-14
3.017047792157614e-13
9.434608993228382e-15
1.4122876102761004e-13
3.9161418446669656e-13
6.743101461935729e-14
1.1026708116776925e-12
9.153188077961172e-13
1.5797019471355716e-12
1.7353799008956634e-13
4.970369912461346e-12
1.429895792287261e-13
3.6204545693962363e-13
1.7100949854110572e-13
2.516378578547723e-13
2.234639184991511e-13
2.4119558186960674e-13
1.1129706955878134e-14
1.1648631707640775e-13
2.2099735490672483e-13
1.0621947198931744e-11
8.004472769810837e-15
1.2586604225226499e-14
4.4684807395168227e-13
1.6976743569244804e-12
3.425665721342097e-13
1.5237770812399322e-12
2.2627729118631472e-13
9.503091350529357e-15
1.6195352619331855e-13
2.84278951238483e-13
2.0353444827332392e-13
1.1047075039255806e-13
2.8132041585939695e-13
1.7208095402042735e-15
2.1880217311657566e-12
2.6213741157935006e-14
4.856490110966227e-13
1.390416498183243e-14
1.2508419417422658e-13
8.806615332574136e-14
2.190021622667836e-14
1.0726299671764727e-12
4.058363148999622e-12
2.2550280124074373e-13
4.412013367749793e-14
1.0637108343825894e-13
1.3104959879790212e-12
2.9290695349681164e-15
9.232149786029415e-14
2.5650715405189283e-12
7.029894159791395e-14
1.8474930847775305e-12
1.1709828563350935e-13
5.161697334385461e-13
1.499227687074408e-15
2.778897201901128e-14
2.2701760661658117e-13
7.950364793193805e-13
7.299585953807482e-12
7.859126333500189e-13
8.661385095719957e-13
2.0839379896951934e-14
1.067945682913247e-13
2.401820366227695e-13
1.1407400194460944e-14
1.365697670243751e-15
2.3577185127808343e-13
1.2413675986976916e-14
6.297788945855693e-14
1.3193363828647017e-14
3.0108427921560055e-15
6.735340602593435e-15
6.541261851782651e-13
8.637785352322813e-14
1.1776558804283165e-14
1.356039670406516e-13
2.7648972776222734e-13
1.385135944063031e-15
3.948877671072798e-14
4.954695628850779e-13
6.00944133507982e-14
3.856927029976529e-14
8.071304026980364e-15
1.5560284669769571e-13
6.164588626401475e-13
1.8483181125278535e-13
1.0349807183928584e-12
1.4213847286784472e-12
8.208786995435747e-14
1.4638870147036942e-12
2.5650950365006133e-15
9.985846641501974e-14
2.111044223295769e-13
4.707283000374732e-14
5.45191760727694e-13
2.33094983176596e-13
4.5850133846870584e-14
6.248186605789432e-13
3.2647858733200292e-12
2.3013070247265586e-13
1.360664474064624e-13
1.256548400171955e-12
1.0827003376878708e-12
4.558317728028203e-13
4.1912214409824506e-14
1.0115821883040894e-16
3.0930901204984987e-13
4.4394189505917903e-13
1.5609271074988383e-13
3.792682667790293e-15
1.7624121594884836e-13
7.8102479635464e-13
2.3875136007459057e-13
1.0333006844273018e-13
6.761812043818919e-14
4.250766566453536e-14
5.916399725207634e-13
1.316093957575322e-13
2.0250500639995373e-13
5.173767416407576e-15
1.5175588445055e-14
1.7298932060535146e-12
1.0055044153294863e-13
5.758167875228406e-14
3.664014177672094e-14
1.7527427943018426e-14
2.540410428807285e-13
6.983952216376054e-13
1.422455614002606e-13
1.4612116261056374e-14
2.2821834556163103e-15
2.215277655590839e-15
2.4228813578663875e-13
5.396117838511254e-12
3.9752396015303573e-13
1.3288396357782433e-14
1.5424394960251157e-14
1.3622871833011906e-13
3.225255260009667e-16
4.145963141554258e-14
5.5753639842498805e-14
2.7160414916605915e-12
3.577106748899898e-14
1.2332139165354362e-12
7.598487905043591e-14
4.191602400770468e-14
2.3124329940242766e-13
2.961718032318212e-13
1.6975410352729102e-13
5.3365987645354145e-14
4.5632185124013284e-14
6.388846143226847e-14
1.414896699192509e-14
6.067186544677742e-13
3.0554646181468214e-12
9.287046404081692e-13
1.0337369968602082e-13
6.923330543635713e-13
1.7231428718819918e-13
5.441870070557119e-14
3.8858800368223627e-13
2.0444694617866814e-13
2.6865760501856073e-13
1.68919597422871e-13
2.0590179684048653e-13
1.230766596426328e-13
3.9219598557278025e-14
2.0440211917390356e-13
5.103165507476901e-16
2.457785056900731e-12
7.525452618546615e-13
9.093120184467715e-14
1.999442395263988e-13
2.082147328759298e-13
2.6171233144401052e-12
6.47817754812585e-14
1.5443747857790424e-13
5.615622110266849e-14
4.4845742897763815e-13
2.5445850221896948e-12
4.759461518832044e-12
1.1614748807374293e-14
2.1385786755289748e-13
3.657898093347127e-13
1.35698030735281e-15
3.160695391289593e-16
5.779180245570684e-13
3.2496691977819804e-13
3.2956278314861624e-12
1.288344955889357e-13
2.375292672149865e-13
1.5346839833884622e-12
4.2529544264364496e-14
8.188897523042852e-13
7.761925386549033e-14
1.6926398115089098e-13
2.333061391687614e-14
1.7392886805314322e-13
4.203868283566798e-14
2.301041975736276e-14
2.194576413686657e-15
4.0016286545345914e-14
4.5635940721977504e-14
5.44305027260787e-14
2.1298320126811651e-16
1.676460568339361e-13
3.0986154110811653e-13
2.9818897073330524e-14
3.6162371686838076e-14
4.251280133719269e-14
2.1653485269592057e-13
1.6114341783431378e-12
4.67659565487755e-13
1.791079854551205e-13
1.7731180333961493e-13
1.0891241473391927e-14
4.693638077162653e-14
1.1120393917865754e-13
2.919630842805759e-14
3.6548123808446135e-13
7.579798428718231e-15
1.6307547799031347e-12
1.1650719177063282e-13
6.430537167456547e-14
4.28847335285585e-14
2.3568364619399513e-12
3.2195983536398385e-15
3.415225142026487e-13
7.101379315438683e-15
7.410708140959804e-13
1.0490936257616224e-16
6.54928708539319e-13
1.137436929723367e-12
1.57137823841008e-15
3.7444761475442827e-13
1.718508911119261e-13
6.645364596388863e-13
4.1372480694890347e-13
2.7219260225528917e-13
1.1944948707057143e-12
1.3027982591826686e-13
1.7601763795455515e-13
7.570393214592186e-15
2.314350849400353e-14
4.967397820281197e-14
2.9953071196969716e-15
2.4072102876556226e-12
4.585795612354731e-13
5.777390801876379e-14
1.6928252784850374e-15
5.337570495603178e-13
1.934493665689154e-13
1.2874360137175523e-14
2.0647941276431297e-13
2.0879126720624014e-13
1.1295239788291296e-15
2.1808017952597942e-13
3.289636288667266e-13
5.130607320381413e-15
1.1758335151660338e-14
1.9946510023178516e-14
1.0318909831702918e-12
3.735473583678013e-13
2.0500525654650757e-14
1.3482554631396525e-13
4.4736628762409115e-13
2.3074756019580773e-13
7.424131733032109e-14
4.1103502400948744e-14
1.3593414669363661e-13
1.1177697810612126e-13
3.1179026762326856e-13
2.6245566348472974e-13
5.830180960670387e-13
7.337622591846159e-13
3.078014274394641e-13
3.423083983439888e-15
3.3159070468706486e-13
1.0451399801527938e-13
1.8844975844309582e-13
2.0038165104447783e-13
4.586661484329503e-13
2.755648115002092e-13
9.305510635139662e-13
1.594671821072094e-13
3.082920383198017e-13
1.7954682214907854e-16
8.692259299371271e-14
7.135810283165798e-15
2.0552399909039057e-13
1.7288379669323155e-14
1.0693988798080429e-13
2.2800196046367395e-12
1.575736843368397e-13
4.424619884067196e-14
7.868664595204005e-13
4.9816197412816925e-14
1.5437640167427973e-13
1.0715450943050278e-13
9.237513711577823e-14
8.703074203769005e-14
1.0419307264800647e-13
4.116164523681066e-13
1.4796314544460884e-13
1.2137632221818149e-13
1.6405062125707808e-14
5.730002994615738e-14
1.054490438699271e-13
2.954848627259139e-13
5.380642311816772e-13
2.4306664310320794e-14
5.291652789130649e-13
7.54009151645041e-15
9.325622127961959e-14
6.898078794686618e-15
1.620918664559678e-13
1.3717780601019076e-12
4.290841660636059e-13
6.6206763584050155e-15
2.388779315862501e-13
3.863558963680477e-13
1.9189700328402864e-13
8.713391334977282e-17
2.5110034159047783e-15
3.696035067724198e-13
1.293361122343062e-14
1.552723480895328e-13
8.030431766551876e-13
2.3374658116471373e-12
6.924146851463643e-14
1.4121395455713327e-13
6.185913283738876e-13
7.422040779224351e-14
6.340393163411527e-13
4.654804866478931e-14
1.6135112249485873e-12
1.5219938252778316e-12
1.639849684041663e-13
4.594830230777622e-13
2.1971815543383905e-12
1.609095929862633e-13
2.5132517119288204e-13
3.6090140575300643e-13
2.926784984342371e-13
2.3732412241314445e-13
4.259523915374874e-12
7.168941844087546e-15
4.948772678859879e-13
4.0448277701907795e-17
2.2750163663533724e-13
1.1343628958737558e-12
1.5024255200590464e-13
6.526574317487843e-13
2.7020198593534484e-13
6.669005866248117e-14
2.546755459508479e-13
8.5037505831375e-15
9.147406909218473e-13
5.856481695292974e-12
7.828241057457344e-14
5.1380765395539054e-14
1.318401945313926e-14
1.8055626683918884e-14
5.458708973438651e-12
8.80162486234662e-14
2.8020899453086854e-15
1.0205745367298453e-14
4.047697207355224e-14
1.1304822942639674e-13
7.688607308222529e-13
3.6891810152825194e-14
4.646451179714707e-13
9.050290822746686e-13
1.055084838733351e-14
2.2112916083530972e-15
3.7129400534401753e-13
5.298966590050532e-13
1.5658369392440886e-16
2.57606390531449e-14
1.646888442873698e-13
1.1052381327927453e-12
1.3158011723667504e-13
1.5177323917050152e-13
2.5152831931965235e-12
4.1531106284881785e-12
3.211255816593724e-13
1.6194464733729437e-13
4.884169266253448e-16
3.1749796867821407e-15
1.8983078615482066e-13
7.637920341004728e-12
7.387297467907995e-12
1.494171100731529e-13
1.2190186492218753e-14
4.701953724990678e-13
8.433345274332686e-16
1.5152079734629312e-13
4.026456796085739e-13
5.740682609791496e-14
1.5382183572486528e-13
1.65463876205985e-12
3.680401392902347e-13
3.719363020752032e-13
1.4341509526600507e-13
4.949249986683141e-13
2.195591831588878e-14
1.4151340023224207e-14
9.300307394491805e-13
1.4506141726226556e-13
6.775774780976371e-13
1.7938748038553743e-13
3.851690452020018e-14
7.58309095441043e-15
2.9848926207979897e-13
1.9717174571396243e-13
7.796149941635998e-13
4.266113333003253e-12
6.26098763440472e-13
3.0247532591343567e-13
2.2152581747853743e-14
8.805156413867185e-13
4.486062219002533e-14
2.288572609570698e-12
3.410884217483827e-14
6.62669332343684e-14
1.280958466141041e-12
1.710569744323865e-12
1.11577884377321e-13
1.4079776055126113e-16
5.344196982322819e-14
6.859502620748924e-13
5.5310847340420124e-14
5.608404310662119e-15
2.172357059284627e-14
1.1291663495775565e-12
1.7612062576542494e-13
1.0820135320946698e-13
1.2093010137543343e-14
5.2437026959050363e-14
3.448851702395062e-13
1.8053627868982323e-14
4.349782762388409e-13
1.3025405352551252e-13
2.7521887944086735e-14
2.372031882496383e-14
1.0458300820237962e-13
6.339964746722959e-16
4.639881709482581e-15
1.7280555946120889e-12
1.2471510822964329e-13
6.867752041848401e-13
1.2596343688394335e-12
9.775676177640474e-13
1.0328458582018e-13
3.76600129951e-14
1.9910471501609268e-13
2.636535405094039e-13
6.24304505276405e-13
9.895299831001396e-14
1.165876034519377e-13
1.663159011381709e-13
1.2124807662351217e-12
5.85515018020417e-14
2.9800915855037033e-13
1.275061857261577e-13
6.854686196590053e-13
8.434048001114852e-14
5.027348733202409e-14
4.167577215285751e-13
1.8531785132362364e-13
9.539372584105224e-14
2.2424214414811763e-15
2.0706946096834057e-15
2.0686953698859967e-13
1.1734708896342814e-13
1.6474504649246612e-14
1.7988974275160452e-13
1.1721534094092636e-15
5.1907838518555014e-15
1.4339139692895542e-15
2.4175768188169332e-14
4.896517552882152e-12
8.248076599658194e-14
1.888512391416526e-13
6.712337308200162e-14
2.076326385785795e-14
2.778475036058268e-13
1.7333599527940517e-12
5.8132344343889294e-15
1.0599397163390442e-12
2.00063611962801e-13
1.4184581097789356e-12
5.854887156916991e-12
1.0003602152873966e-13
2.384629846487774e-13
4.670432895864123e-13
1.77404072710531e-13
3.2983454131074795e-12
1.963635540630557e-12
4.171723260602089e-14
1.527710151269741e-12
7.279319455043868e-14
7.410709980384033e-15
7.596459340085202e-13
1.640280856067746e-12
1.1349140959291286e-12
1.3201409818234356e-13
6.867604642149432e-14
9.856442906553805e-14
1.1356610355340066e-12
1.465973130999467e-13
7.959509688664715e-14
3.115034324929428e-13
2.2393015273429574e-14
7.215261225949891e-15
1.385912509870548e-13
9.878001308719371e-15
1.251849170766104e-12
8.491220314474305e-13
3.8179129667177623e-13
8.337332364137006e-13
3.938650322307137e-13
2.5564057631613747e-15
2.580365584171933e-14
1.8495172902878556e-12
8.13361342578759e-12
1.1257910705425034e-12
2.5220285485175705e-13
9.388654002791568e-14
2.844829383855758e-13
1.51076881965536e-13
2.1364442889498247e-15
2.283634646796453e-13
4.83820030159743e-13
1.825788639605934e-12
1.2327520714722053e-12
6.538332108941708e-13
2.691903410464225e-11
1.850311832601172e-12
2.0518038025407637e-13
1.2968761528188211e-12
1.4555729495899483e-12
1.8276887551103108e-13
1.5178085359971984e-12
5.901539914828202e-14
1.3768689473737233e-13
1.0107238406451545e-12
2.5773922894473664e-12
8.663817561019867e-14
3.4557283757337056e-13
9.128456340927481e-13
2.2703579168968207e-11
5.299106957696601e-13
3.2334731020438806e-12
4.9232011861265437e-14
2.382717072503493e-11
8.799856197439429e-14
5.737646698391156e-14
1.4081279374973044e-14
4.778140381971287e-13
8.596673078910038e-15
1.421349401422448e-13
3.8755094482220186e-14
2.5009394929081203e-13
2.3436852943668454e-13
7.156882504544049e-13
2.521940086170954e-13
2.594102950160565e-13
5.739628984173778e-13
2.1351807655894837e-13
2.5270655315336202e-14
1.0144113425284848e-14
4.013676278366188e-13
2.1128620649443602e-13
1.1079329912456192e-15
5.977924296768769e-14
5.629261284030553e-14
6.581209837224075e-14
4.638891693441785e-13
4.379938086447186e-14
5.016601875146922e-13
6.824957186105484e-14
2.825499572633169e-13
6.953211239146373e-15
3.4246892700229855e-14
3.0536731441984975e-13
1.4204728433055551e-12
8.304440510180317e-13
4.3189698657678377e-13
3.6584740008763693e-13
7.497930278699099e-15
2.6540836023973573e-13
8.533146988812529e-14
1.7736658801643492e-12
2.5151451039405843e-13
2.5934937943900883e-14
5.322836027334776e-13
3.494776817928143e-13
3.816888366608354e-12
2.863228548894407e-13
1.4086317773909379e-14
1.4860415245941116e-13
8.762945410604858e-13
2.8759276759964594e-13
8.860808086096905e-13
6.515566529308374e-13
2.521982183043018e-13
3.539249494992752e-14
1.8923107431959802e-14
3.4380690002442965e-13
3.94462542635794e-14
9.330808189080194e-14
3.3293366801725896e-13
8.739245163342064e-13
4.81879534645978e-15
9.724883258771846e-12
9.609691451344588e-15
1.072465266105411e-12
4.236589899773062e-13
2.7247507183357223e-14
1.0009932890255556e-13
1.979138029004353e-14
5.466541000990074e-13
1.5756807027240534e-13
3.9259294202536114e-14
4.298607699611675e-12
8.951537414283243e-15
2.9493814763286094e-16
4.4507583854862564e-13
1.576692323841681e-13
4.391563575544646e-14
1.788606240799175e-14
5.115541685881735e-13
4.863398884514114e-13
7.741528134707128e-14
3.885110472297366e-13
8.491814646656459e-14
3.4891716656241593e-13
7.307697074847365e-13
1.0363926591904757e-12
1.1190632621754287e-12
1.822600010716752e-13
1.4657250039890244e-12
4.477126869451166e-15
4.677783817885347e-13
1.1875646782195515e-13
3.54474832439993e-13
1.989652427823909e-16
2.5807748482745877e-13
7.161695139798146e-13
8.088277391806938e-13
2.462474135030448e-13
1.9412123520508397e-12
1.8504830794251618e-13
5.597008013807728e-13
5.57795387258471e-12
8.449441470179957e-13
2.8506745523154297e-13
3.4409001006552814e-14
1.5636795736303004e-12
3.1094109382356805e-12
7.764000670589078e-15
6.805333077400472e-12
4.704605989828663e-13
4.0215348275304695e-11
7.200485775135869e-13
1.8014434977504567e-15
1.3748865501853977e-13
8.714058184902687e-14
4.03080003618274e-13
7.090395455856748e-13
7.188450497893859e-13
9.621186014618591e-13
1.5170076969706609e-16
2.3506479248672783e-14
3.231835458626766e-15
1.4842260296356674e-14
2.76885805234739e-13
4.791660106988593e-14
8.705178947529627e-15
5.0000633277058115e-15
4.633082707464456e-13
4.286105061943092e-13
1.59766662002665e-13
2.0695153962832145e-13
1.78753171542792e-13
3.349091969262144e-15
1.0145497697185097e-13
4.163077955983138e-15
1.7859563074354412e-13
4.3803833276399105e-13
9.382284521857013e-14
1.807285730731119e-14
1.9993752570148552e-13
1.4628092626492735e-14
2.015337779171855e-13
3.5094471806016854e-13
8.091872398842083e-12
5.2772290104671445e-14
7.592552429533933e-13
1.0606480771370579e-13
1.95237986873662e-13
1.981495885664573e-13
3.7144658981223517e-13
6.42750940748809e-13
3.86572816148174e-13
6.442608205768651e-13
1.917401652374606e-13
3.3694885612516285e-14
3.905154660354815e-13
1.0015668109701377e-13
3.8837681061074485e-14
1.8273221630138326e-13
8.453764258389021e-14
9.904710666430512e-13
2.5535790900896662e-14
2.112316741937835e-13
1.574163245521453e-13
6.542210661112071e-13
6.310295348648203e-13
9.215642410553297e-14
1.0269893549601857e-14
2.277761785024571e-16
1.1758298727784558e-12
2.0765168568542783e-13
1.061712182404435e-13
1.0987090218161349e-14
3.8586908942966787e-14
6.514661141626496e-15
1.7308857973612832e-16
6.096992839427392e-14
2.7243379802501107e-13
3.7094445283917746e-14
2.0645120635478982e-13
6.913207176030011e-15
2.910851980173504e-16
1.500614764052472e-14
3.59183591003518e-14
6.996868410634278e-14
3.0142076591699342e-12
7.33809457060519e-16
1.2941933358637072e-13
6.464070647314844e-13
5.178081213912222e-13
2.015611954426592e-12
1.4580349682532421e-12
4.974891896031407e-12
4.61296649381477e-11
4.687862319350442e-14
1.1012225273290186e-12
2.904739683987873e-14
1.873380442013346e-13
8.933106763187869e-13
1.0290584357125626e-12
7.121857800047435e-14
8.685014927668099e-13
6.427801747587949e-16
3.191755108971758e-13
7.118351782967639e-13
6.142572511983425e-15
4.725103691846948e-14
7.275527877365873e-13
2.043145872309209e-13
9.42563551143317e-15
1.1258971653496813e-14
4.56024681585399e-14
8.41026836093445e-13
1.6181430263539037e-13
4.0868110796398566e-14
1.6540828099925134e-14
2.6886243994326257e-14
1.4173514682486468e-13
1.5804009924254693e-14
2.2718753581853573e-16
2.1186751021062373e-13
6.977068939638332e-14
1.4006709042657073e-13
2.3695015025369193e-14
5.998564229297744e-14
1.924537230721147e-14
6.851392606225161e-15
8.926273807812451e-13
3.289999386895096e-11
1.932894711453995e-12
4.7619352604522494e-11
3.1115093802134447e-12
9.853969870273667e-13
1.6190130807414202e-12
2.6670564941684827e-12
2.085967806801765e-14
7.365411957018233e-14
1.5207502004609362e-13
6.541676518062743e-13
1.554935848086911e-13
2.7741303579913007e-13
1.840664854329203e-13
1.8913479438747876e-13
4.540199016003503e-12
6.373182398305605e-13
4.837311087581454e-15
5.87517313928162e-16
5.128562491678678e-13
3.7769038698229596e-13
2.947293443643314e-13
1.4426762241068333e-12
5.983745679836198e-13
1.4198403535039326e-12
4.3518493385164714e-14
6.10588521740598e-16
8.860227925329845e-14
1.5091788068123158e-14
7.017970632389957e-14
1.5463225608629893e-13
2.3900540787820594e-12
1.8055454130161786e-13
8.098413097296303e-14
3.8064891406633e-13
7.507506441893658e-15
2.070105613468139e-13
8.689344280056967e-15
3.336110183387436e-13
3.9747782011256583e-13
4.432678518685162e-13
6.380219303648995e-14
1.6857003850304507e-12
4.387890885126142e-13
7.886514986238138e-13
4.109606248688696e-13
9.181871113653467e-14
1.4537935337642048e-13
5.997847222585676e-15
1.3670271886127543e-12
7.694214893764145e-14
1.3751659766266801e-12
1.3301739075996212e-13
3.014993287743876e-15
3.2484856936103965e-14
1.6406686441503715e-15
8.207907922576986e-14
1.2349088936147956e-16
6.913787971005252e-13
3.312859989752183e-13
8.892572906518556e-13
5.410241071934461e-14
1.6850387946059568e-12
1.6657915491484166e-13
8.26760416618206e-16
1.7195916875202829e-15
1.4659281844869807e-13
1.7378508033708049e-15
4.2988985395942214e-13
1.504143062790581e-12
3.420826970524934e-14
1.0107783109814661e-12
7.552347878237971e-12
3.8076462714090597e-13
2.4607596877928594e-13
1.509032211405777e-14
1.023302939388738e-15
2.921968906776282e-14
3.26578828467559e-13
9.478702812354066e-13
4.86826739526281e-12
4.3390210908922854e-13
5.512226266917701e-14
1.1164410163239437e-12
6.118405934093129e-13
1.1718721406416278e-13
1.0268307293157214e-15
2.452177170208855e-12
2.1414812552183614e-14
2.506823935922345e-13
8.676227863811505e-13
1.4313207449144173e-12
1.0541369475758952e-11
3.147558949535268e-16
1.017936180595606e-13
1.8475814343385652e-14
2.0152716343980277e-13
9.806187801953464e-16
1.5740888190724227e-13
2.5244141769805345e-16
1.4225054428517342e-13
3.657732982290474e-12
1.1507599785665014e-13
3.582283010266989e-13
3.1802304902458935e-14
3.837584835512906e-12
1.719880214010578e-14
7.781441715488995e-13
1.8808972910266223e-14
4.206911871377948e-13
3.651957687645335e-12
6.048270828426446e-16
4.959276714796237e-13
2.0550349189751062e-13
9.510615142740653e-14
2.0144629414794902e-13
4.719429114670583e-11
7.863858534085698e-13
3.082125919242771e-14
1.9877101325247974e-14
1.9199883233446016e-13
5.978388291689265e-15
1.9247568335083106e-13
1.243248252475072e-12
2.313250149622935e-13
2.9450323547683205e-13
1.9993335086422786e-14
4.08869625321971e-12
6.737036894780469e-13
3.468432097396713e-13
2.5368309305188133e-13
4.1987213274660096e-14
1.5001413043245694e-12
6.063542748895419e-14
4.62467625453016e-15
2.2405811011013934e-15
1.2162402658841908e-15
1.276843589687535e-13
3.542522100742414e-14
1.012496618941334e-16
8.06315970112368e-13
1.0430246972374668e-13
5.628068851368075e-13
6.437240265684519e-13
4.418320796007653e-12
3.6519005347107564e-13
2.06132426654833e-13
6.2731795112558255e-15
1.2616154723861936e-13
6.093982388284796e-15
1.212996255198663e-12
4.77986253121743e-13
6.89717859748228e-14
8.486270062088795e-15
7.518721856409621e-12
1.4890217497083784e-13
1.0986013725349561e-12
1.8588507689615794e-13
2.5428325692490447e-13
2.8931452899848944e-13
3.6463287768913054e-14
7.696837436384513e-13
8.905638226581766e-14
1.2614143931565172e-12
5.202290033538983e-15
4.733077829175552e-13
1.1650689136404463e-13
1.0538346941692633e-14
9.301896709112479e-14
1.231590372470561e-13
1.0630637133586693e-13
1.1814778886703854e-12
3.0610321939830555e-12
2.59213214972704e-14
4.063942686134977e-16
4.2561055204135185e-13
8.048338480693467e-13
5.664908884888214e-13
1.1911186681856223e-13
1.4586117558960582e-13
6.91923645464038e-14
1.62386484735112e-12
1.6529688472491025e-15
2.331189356314744e-13
1.4976943253849972e-12
2.344252477961974e-13
5.985469575255059e-13
9.527130264596313e-14
1.218523316042816e-12
1.3297196957863948e-13
1.2720059563702412e-13
2.431197319849863e-14
1.0009155573496417e-12
2.2832940772178383e-13
1.1246125139403885e-13
2.8322556994929906e-13
7.002493689279422e-13
1.2004267767726934e-12
8.821796815513723e-15
2.6983889938256642e-14
5.185075159969946e-13
1.0475251007115147e-13
1.3643363827495645e-12
3.3479996543626132e-12
1.0401648871644275e-12
2.779318211544654e-13
9.094693199607825e-14
1.4440685329198936e-12
1.9756854912431025e-14
5.177111786059504e-12
1.8873737616367572e-14
2.854052998234603e-15
1.2826170151022791e-11
1.6257922977705887e-13
1.1833472162067878e-13
4.638071832896109e-13
2.208989330707902e-14
9.524351496153558e-14
1.944035720456583e-13
1.7476737920387725e-13
1.7484750876957753e-12
2.1705950724471683e-13
6.018612339902524e-15
7.023190144485168e-13
1.3228941489095584e-13
1.098886130545198e-13
9.234728147097972e-13
1.953988299015903e-13
8.927623029125725e-14
6.827226978765332e-15
4.083138375747379e-13
5.862443098283923e-16
2.654144628080783e-13
6.826406423715581e-15
3.3565476274245445e-13
4.342585664035297e-14
2.2590295020219418e-13
4.657162753450869e-16
2.808918483379172e-13
4.5375390899777565e-14
2.212979005349557e-14
1.3388986770880626e-14
1.0419719135639934e-15
1.040160134014582e-12
2.6688012209055586e-14
2.78246748975211e-13
6.029656144218934e-14
1.0160654409991187e-12
3.102236612834895e-13
1.704345029341188e-14
6.394551639745122e-13
4.248258390463463e-16
3.0641647101569007e-16
4.008861088791709e-13
5.285045597860331e-13
3.901564191110055e-13
2.195795340836136e-12
3.2174159117333387e-13
1.6345851890983296e-13
7.317213990848979e-13
1.08756039097642e-12
1.857651065035202e-14
1.8945236138010026e-13
4.1345096164625034e-15
1.4093616901454356e-12
8.729878141398876e-13
2.4683432875367136e-14
1.1627798101033552e-12
6.077625587694784e-15
2.8427904210555023e-13
1.0276138404561742e-12
2.9646053846828127e-15
2.0818086939004885e-13
8.371096846645992e-14
2.884491074114825e-13
3.7446797293433994e-13
1.026851085729242e-14
3.1408572384451424e-13
8.883332166661919e-12
1.4570618764813787e-14
7.364683057172616e-13
6.94881938530756e-15
1.5269862898317147e-13
2.3679956680356886e-13
2.516908950762435e-13
2.923419409514081e-14
5.308835269229507e-13
6.331067418396229e-13
2.259200083351436e-14
3.8544653434805807e-13
8.644976522071616e-13
1.5977787942463356e-12
2.59634804438145e-12
2.39586461045224e-12
2.1397817688553177e-12
1.3749957529018173e-12
1.3662072120684703e-12
4.8781192025627795e-14
2.874676161954229e-16
9.412155572758551e-15
4.663170116682812e-13
3.3059467686195966e-13
4.7096495503055624e-14
1.1396132536197337e-13
2.3487764596954796e-14
4.637759796553147e-15
2.3594179301399073e-13
2.102130154379356e-12
1.3054354950642578e-13
3.104638067378173e-15
3.0246579231153254e-14
2.313329593046158e-13
4.966922195892639e-13
1.0491320950817075e-14
7.214605106716991e-16
1.3816873888681854e-13
4.081773501197728e-14
2.1282392716446299e-13
5.167770058641578e-13
5.983670368092169e-13
1.6842532806320753e-14
5.273872806584671e-12
4.354736992545834e-13
3.0285871447885155e-13
7.878536600838544e-12
1.2886236366598748e-12
1.2188327111491227e-12
3.075033046405717e-14
5.197838991909208e-13
1.047946832669252e-12
3.779664038661046e-12
2.898714662248464e-13
2.912907934917517e-13
4.153379668571638e-13
1.795073370751119e-13
4.34331399886385e-13
1.0219274513643278e-13
1.1629752014141127e-13
9.59412476892536e-13
5.181653129735432e-13
7.828606315788057e-14
1.4572786930833125e-14
1.9395186733112748e-13
2.416927367633712e-13
2.5513546358619836e-14
6.719560377473687e-14
7.820476074138699e-14
1.003779096425772e-13
2.823121474939495e-14
7.3456720053123e-14
2.3478835103405957e-14
3.330564631061498e-13
1.907880672819267e-12
1.311564254365725e-13
1.9961421426143976e-15
2.1540726189233057e-13
5.3794727359605763e-14
8.968079869399486e-14
2.9051901486539826e-12
2.3237071037171747e-15
3.9143099883120994e-14
7.424219486965869e-13
4.0908867196315206e-13
2.72236394763828e-14
1.5541127991348494e-14
2.014367371932381e-11
4.5136133203082474e-13
3.03289169679045e-16
9.959894583490281e-13
9.230067252791305e-12
4.5976275657379046e-14
1.7131664913279623e-14
5.022720587937129e-13
4.975435870492019e-14
5.3671734471541496e-14
9.944722055417423e-14
1.293369276451054e-12
7.176537610289826e-13
6.679570297709675e-13
1.9310625089095e-12
1.892991313237978e-12
1.7972836124459256e-14
2.18607531851134e-15
2.718431689647997e-13
3.4147657516330614e-14
5.828064508146945e-13
1.1216074017884356e-13
5.010147935509652e-13
1.8582426597194953e-13
2.4528569251339775e-13
1.760953550078631e-14
3.124124853522862e-13
4.707072090990499e-15
3.01358060151755e-13
1.4091141396006825e-12
1.3249213642524098e-13
2.0013122964854143e-14
2.2033089821582e-13
6.428801592269466e-14
1.902517200703725e-12
1.8551059265196148e-13
8.558565370828514e-15
7.11563942701908e-13
5.083591448827082e-13
4.900960310491116e-13
2.925557720306858e-13
1.479135579015885e-14
2.4947553457002986e-15
1.6654796366498218e-12
9.988865937355784e-14
2.999304100300359e-13
2.1211858034567088e-12
1.6858778096753408e-14
6.91324731299257e-13
2.0483358513589295e-12
7.387273422330863e-14
1.2657586262492892e-13
7.226070705994096e-13
7.266443609575992e-13
4.80196675130823e-15
1.3327288333399728e-13
1.9358469329209888e-16
1.5200864559515136e-13
1.6188167692126207e-12
2.5457674283955016e-13
6.041384177472015e-13
6.183877610311084e-13
6.634411816841187e-14
6.126075485377622e-14
5.723739901945429e-13
2.523241135608515e-13
3.792811969271885e-14
1.5950565749704454e-12
2.3639032734746526e-12
1.5548682769223145e-12
1.163542659896096e-15
4.2797646319446133e-13
4.645835071400456e-14
1.3220488096605753e-11
3.3311293525181894e-14
2.4527922303863426e-12
4.210103755107301e-12
1.748935757504063e-14
8.324093070010575e-15
3.945875518872041e-12
9.795354248199544e-13
1.329684339697901e-12
4.258915640752673e-14
4.689286489609771e-15
5.289614494557976e-12
5.100622507789889e-14
8.0471939218825e-13
1.3416206574981512e-13
1.933252391114358e-13
2.1091640715321458e-14
3.4399208393005117e-13
2.94485948543929e-13
7.960464704101884e-13
3.0307986745844795e-14
2.1089980518832384e-13
3.2131038678063164e-15
3.0732827239440816e-13
1.1268772055140903e-13
1.9430315084405293e-12
1.092553748543839e-14
3.4960801524243414e-13
6.392655941458468e-14
6.935124893054482e-15
3.1944771619425597e-13
1.194154180931408e-13
1.2004893294113006e-13
2.919195171088761e-13
2.842489855140918e-13
1.518662807780433e-12
1.3887168118539606e-13
5.051644850064701e-13
7.534836117158205e-13
1.052000136595375e-12
3.253623218578983e-14
7.137125018614547e-17
7.122050956784935e-12
3.0131098746516347e-13
2.5975142510929574e-14
4.666377538342138e-14
4.532441530176817e-12
3.6697621806599924e-13
1.7429670504220962e-14
4.579838351403713e-13
1.2279301391349763e-12
7.760741426024725e-14
1.5972149712856073e-12
7.837170881837164e-14
5.544029942979558e-12
2.0856572635082749e-13
2.9369880120928077e-13
5.400463678348752e-13
3.2475082431224166e-13
7.448373212760961e-14
9.365759349633256e-14
2.673003402800593e-13
2.536644936271131e-15
1.7331922471997606e-13
1.0093072431206137e-14
1.421658428018074e-13
4.258160715100341e-15
5.795072405063323e-15
1.1147005534707162e-12
1.019373576647661e-13
1.3979574945264703e-15
4.704779231574171e-13
2.6449186062733945e-15
5.888203275951483e-13
1.9982945014017284e-12
6.892879732789468e-14
2.306830595873187e-13
7.139482301936341e-12
2.576756971653328e-13
6.392857851283839e-14
5.867138455568868e-13
1.0871754015754923e-11
1.4250145684018315e-12
2.6267690858091143e-14
1.538611063841498e-14
2.6992237167007134e-13
3.9050721152254633e-14
1.8686394666818998e-14
2.4059494902603912e-15
7.884177230347952e-15
2.0163441549043525e-12
2.9264855435780975e-15
5.891163934309757e-13
7.339779454631514e-14
4.2019357889219806e-12
2.5292121026010257e-12
2.644848041883468e-13
6.599852936815196e-13
5.796259581410106e-13
1.8021582136019005e-13
6.445456748419232e-14
1.047209795823496e-12
7.896204718403346e-13
3.723354465313141e-14
2.5507342374770076e-13
7.148456754802121e-15
2.9375906337125324e-13
2.5448655581808514e-13
2.1280317076756088e-12
3.6238513500009404e-12
1.1316676114397448e-13
9.206539723078224e-14
2.8412495023703924e-15
1.1276268387441833e-14
9.968694538783874e-13
7.736764354352128e-13
1.9513871739590835e-15
1.4514726122864726e-13
2.1221587986384843e-13
9.903766828017346e-14
2.618887953835827e-13
3.4819753971457824e-15
4.068939105683231e-14
2.2524928335851657e-15
2.9586111483039695e-12
2.99506175652118e-13
4.91838655876604e-13
1.2140560597562212e-15
9.603127955243725e-13
2.194434794508399e-13
6.553178872433397e-13
3.2090180030850414e-13
1.1770968705326773e-14
2.1505884232195964e-13
1.4734215023206888e-13
4.566697705853295e-15
2.5618481000054845e-13
3.2103067782649673e-14
2.004340959235439e-15
1.3355766151711062e-15
2.6510683719645596e-12
1.169580457564388e-13
2.2534299654462608e-13
3.554341570119203e-14
1.8266213864101487e-15
1.1199564241649837e-16
1.7671474322827636e-12
6.512448140380985e-13
2.5177829496591556e-15
3.168258706791029e-12
5.517170274383867e-14
8.875479183995555e-13
8.775577017126804e-14
1.407169355622443e-12
8.899646588126657e-14
2.6380628413808387e-15
5.442946298940377e-13
6.196190068470845e-14
1.537918170044874e-13
1.014090103669666e-12
1.2787895004364238e-14
2.2533279447217937e-13
2.741292401519987e-15
1.4307805518896216e-13
3.1461151773991976e-13
2.9324118829118325e-14
1.770613678074081e-14
1.0517540476843161e-13
3.581423695267567e-15
1.7743108473678523e-15
2.5052881531688443e-13
1.8704874111436205e-13
2.3404712473409193e-13
4.752687894275375e-13
1.1040556775245457e-12
6.750882460733891e-13
1.8445229456957438e-13
2.640186995950826e-13
2.3124123689814866e-11
9.078152049129812e-16
1.356561415935101e-12
1.14394272374757e-12
7.824329586665788e-13
2.075235905490291e-12
5.208663324578117e-14
2.210132521159272e-11
7.010788436664693e-14
8.923608532293217e-13
3.454614129885707e-14
3.3433104976120077e-13
2.3921874664164725e-16
6.953123265207439e-14
5.7189486759948265e-12
1.735611872734587e-14
3.870009891041804e-12
8.359696117902293e-13
6.2771375922821515e-12
1.5578252661570423e-13
8.9651580274818e-14
3.003527045481049e-12
1.755073846488874e-13
8.867044785155384e-13
3.668399211918637e-14
8.486103383405276e-15
6.871907576334488e-13
1.817767385376935e-15
2.1466877548463052e-15
2.83734934190849e-13
2.308633996749918e-16
6.037466483078846e-12
8.02959011224574e-12
2.1652956431808294e-14
3.1463089918627004e-12
1.4412024049376342e-13
9.452468868102838e-14
1.784027710989829e-13
2.7455479845807185e-13
1.6165405075184676e-14
1.1089591804040178e-15
1.8539186817999933e-13
8.540369174227027e-14
1.3443261249461132e-13
5.722266689194606e-14
9.076526558401273e-14
5.282503315238797e-13
7.761475042407045e-13
1.2618769028665039e-15
8.192147422064865e-16
2.6020791511875185e-13
2.5959231315296703e-15
1.6411110486918998e-12
6.883865083939253e-13
3.641814250963007e-12
1.7464929382834332e-12
1.8176259940943898e-12
4.966204997758119e-15
8.94632598471158e-15
2.0390766351761786e-12
1.1196955415423184e-12
1.8535538703462356e-13
4.512933320303408e-13
7.114823537282761e-13
4.914531018235521e-16
5.606480487527424e-12
7.537993885289083e-14
1.202513302059288e-13
6.500599499960164e-13
3.799359061805652e-13
4.4102666798941796e-13
9.666135108755892e-13
2.406106645636624e-12
5.595689660840587e-13
2.4534365388838565e-13
3.694528880001867e-15
2.691256383437689e-12
8.977786537590743e-13
2.942341560973105e-14
8.716456674049103e-15
9.866513171590255e-15
2.576771928190235e-14
1.6613044949457855e-12
5.620884887830858e-13
3.39165352036453e-13
4.91417527742698e-16
4.410408451055482e-13
1.1284232469737854e-12
2.7030976574321625e-13
1.2724673768477317e-12
2.4650184405918e-14
1.4127847815465015e-13
2.1995011865443203e-14
4.431861072422675e-13
1.9644231584975015e-14
1.8861976545799767e-12
1.3936410953976619e-14
1.3781519501374486e-13
1.8062220350720911e-12
1.4723540794179492e-13
3.538071477163463e-12
1.747470362500176e-13
2.801286258835454e-14
2.300672499123809e-14
6.875873195777678e-13
2.2552432078554737e-13
1.4083255368432737e-13
8.165633673906782e-14
2.571561411556351e-12
3.077006219198356e-14
1.1503904144081984e-15
1.4663357049590013e-13
5.193461464953023e-13
6.794318960367166e-15
3.7437223901545656e-13
9.673991683440999e-14
7.396677240268373e-14
2.0682659185418715e-13
8.37446256965335e-14
1.1481773653238328e-13
6.055889337721556e-14
9.951837233175817e-14
1.497766222885398e-13
1.628162029236397e-11
2.8929421966892327e-12
3.7503747304779553e-13
5.30852415789393e-16
1.6057496431999698e-13
1.6082841829047527e-15
9.641439790205981e-14
1.8543756688150174e-13
1.2723394897623052e-11
7.213185757763592e-12
9.668665528445353e-13
6.17598569900535e-14
1.9171596166672118e-13
2.1954818672524698e-13
1.8927116533003534e-13
6.01069548033299e-14
7.047330990948542e-13
3.135795401975072e-13
3.93525937861128e-13
2.8421115387002893e-13
1.3646154772874977e-13
3.3243062574308408e-12
4.572710966971269e-14
3.2251400136156984e-15
3.577780206820982e-14
4.177616173064628e-12
9.315220875040885e-15
3.773958604337712e-13
2.0493963033450655e-13
7.681295579656615e-14
5.9141118207210045e-15
3.722905108935442e-15
6.786819387804911e-14
2.936634937134269e-12
1.0884953237724732e-14
8.331209500596289e-13
2.4507273778805128e-12
2.6083188529125054e-12
2.815022390555688e-12
3.124566702778896e-15
2.156768395594179e-14
1.981838488045804e-13
7.950006243566728e-13
2.5024552457382226e-13
2.1764595747552563e-14
1.6923717818242485e-15
3.8538080236186603e-16
6.859475652577555e-13
1.0100290904584088e-13
8.309998099018668e-16
1.7102497252004708e-14
4.9693384167156424e-14
1.741294975993643e-14
8.517990771377436e-12
1.9385191357203481e-16
1.3276245444836063e-13
4.0195044297383395e-15
4.349419133780277e-13
3.684525176462395e-15
1.769785617594698e-12
3.41711366859303e-15
3.590155601381744e-15
5.693322010624105e-13
2.879053820260173e-13
1.5934915820191283e-14
9.213897476987643e-14
1.3845823402086185e-13
7.630734029812935e-14
1.2109832342114135e-13
1.8548359419807143e-11
1.6842335631531844e-13
9.153613708612554e-14
9.73856532977506e-13
1.6811686049715454e-13
3.178411627350561e-13
1.0099202980593656e-12
5.262049276752599e-13
7.442862197720559e-14
3.048497639838091e-13
7.259915318729105e-13
1.8594106817037863e-13
1.5214091955048003e-13
9.707247249417801e-14
3.2197498691924434e-15
7.387132337850538e-13
3.2618746124387795e-15
1.4342285416694238e-15
7.458900857179382e-13
8.716070728633595e-15
2.5525324325317167e-13
8.252819806300118e-14
6.693329505433252e-16
1.050857119185719e-15
1.2468292851290048e-12
5.931900625264261e-13
3.574947976739892e-14
6.050426690513434e-13
1.2277873078798855e-12
3.187481158671814e-12
9.582110933940834e-12
4.854037983806143e-15
4.312692034556626e-13
2.245964714302346e-13
1.6124100354269895e-13
2.979671281032128e-15
2.2120590449134055e-12
6.971184776478754e-14
2.355161309568042e-13
5.631946856311496e-13
1.9216992667841373e-14
4.216846138625463e-13
2.666317028404802e-13
7.746773511029102e-14
6.754868491358133e-12
1.3318810347262248e-13
2.566051427965058e-13
1.2164623969592745e-13
6.707535953845399e-13
