-1.7134200677486957
-3.808746219812961
-1.766681399180579
-2.4009302868809206
0.3249086498595471
0.20307990121554959
0.07615379969595036
0.6989642915533932
0.6928156053446931
-3.8317123040249785
-0.36185072896693676
0.9685607996819675
-0.4658497096483926
0.6989524235698181
-3.9482464342988757
0.03084584215032334
-0.9633525746201788
-1.9999114648535536
0.00010437570317407375
0.19460687297118434
0.7992053250624889
1.6645641078422797
-3.998676886663249
-9.91255441112409
0.08193425308479933
-3.3385832316390402
0.6861098265238061
-1.6856630567073236
0.13047653587790695
-3.1040719874305664
-0.42327832684780997
-1.4084969117530997
0.6987674892347571
0.6951328235748269
-0.029944491233879426
0.6989562428267069
-2.3041581097435575
0.044764644376471395
-1.0373675063724814
3.983424635320021
0.69409601304401
2.8006751036565388e-6
-0.04677161445741752
-1.9288932501652543
-0.4215208508550605
-1.9380786506942451
3.885524149037177
0.02793669672229697
0.8672405699626023
1.243650921745683
1.6925982964232915
1.9678895099304252
0.819205832313794
1.3823655699011257
1.997796884715915
1.0285747135853458
0.22785596337320976
1.624944649971402
1.9609532986756066
1.9991543281782755
1.9947343435961433
0.24820797119171467
0.7702791495565773
1.7012272080415338
0.4997685617823449
0.37988459337268893
1.430686575475443
1.999996067830553
1.999964776114268
