-1.6769525053528456
-2.704408721574637
-2.142379558887104
-0.07557372021411074
0.13103352272893873
0.11388584457580332
-0.7801047885357113
0.6987126942244315
0.6857564561747287
-0.14123308359735476
-0.4806752588778353
-1.176908573714006
-0.6986443442152682
0.6988909945679675
-1.4955254929146897
0.6872006138715308
-0.017485691432432372
-1.1259332480012836
0.0015711693695289683
0.5418269241375588
0.8310231851724578
1.6779528502614445
-3.9020826967265214
-4.308517920646908
1.327980431995598
-1.878428427135374
0.556448741442747
3.8794730731501827
0.05251206875455506
-0.2855559220557536
-3.913422345238431
-3.3194226672928067
0.6087721359205835
0.7582018568158466
0.2801247100396225
0.3937897850170555
-0.400005591361641
0.16122632257698388
-1.018192354950154
-2.9313326215109385
0.39994826594402605
0.6882296959374624
-1.693184274781237
-2.950209989245013
-0.44666296536461947
-1.2865113247498745
-3.954717745310702
0.685090319346373
1.461311474081096
1.6683101603840385
1.9479819791870714
1.980770473537365
1.774807004510279
1.928468129030128
-0.979069798810218
-0.8376846011966811
-0.9970597124085196
1.62844421487145
1.618462970009348
1.9989563557006895
0.2610833462530568
1.8336743481749451
1.787092049891721
1.9621688390540508
-0.991088135161779
-0.986250780789831
1.3501129663305693
1.9580916846502259
1.93346764900477
