-1.6850959237526635
-3.9356824010273006
-1.0669430344358115
-0.6371629271388074
0.20014387883335918
0.0795176912569859
-0.8334418518162131
0.698970004311062
0.6989700043360189
-3.9580243649395004
-0.8415285440026669
-1.1110695232619916
-0.7027178888927222
0.6989683283140865
3.0971321885485374
0.027147029957982086
-0.9703737818809263
1.5596990102879922
0.0031260938284548025
0.36787029885738254
1.7753835985020319
1.7820842497174445
-3.9976759583572554
-6.224967403583962
-0.9785158476944616
-0.47721478293599623
0.693880676969954
-3.999802124143024
7.031579110197548e-5
0.2751364494404829
-2.1209842672107864
3.985698343124572
0.22968791651530773
1.183285369698777
0.023753732595221552
0.5915730144021788
0.615663743659575
0.6099371810502011
-1.6605400748524766
1.3387074932473846
0.21450505692078511
0.5135856680026957
-0.5974940808302364
-1.5864827214789436
-0.9953154495217201
-1.9404224966685726
-3.9932399608565126
0.04581641782851971
1.9800164023634133
1.9845284785049913
1.4859882850664516
-0.9106837515338875
0.6647231214489576
1.9956037505814748
1.994324545486684
-0.8712935165226957
0.08463825779777331
0.9488375681909063
0.9823586019279543
1.9979561502819847
0.4674900171784561
1.9797887673261867
1.3461651503711696
1.952018944877912
-0.8859455476482556
1.9944109474636953
1.9935106947604728
1.991740413195515
1.6792944534199319
