-0.5805783772769196
-1.46513358381846
-3.6805621143863445
1.393536465543067
0.5099823485392668
0.0222808589476155
-0.3166381992936511
0.1779994084973515
0.6988972206535292
0.5673308712138433
0.3198586291591891
0.8119911924673859
0.5841864001950917
0.691345187146288
-1.795993887697362
0.6961351467165804
-0.9574888702942417
-1.1710013255080747
0.66872312390769
0.20666772102894632
1.3759095680003166
1.9167401729309206
-1.3265439665079226
-1.083047085069658
0.5952288828112239
-3.2486967663305215
0.4793567403533666
-0.5110718179781261
0.11687868073257822
-3.5723294385394264
-0.40593441116459084
-0.5872047992089926
0.6578804749337872
0.9236376527013888
0.05990382397496927
0.6958388368786241
-1.9044178818767814
0.0017702393606200306
-0.4377459842338877
-3.309830801144579
0.6791915424817657
0.3006574541594094
-0.7872648504569355
-2.848495601387714
0.025253167872992553
-0.8726272613142009
-2.556104347491656
0.04002461716394842
1.8668774770052259
1.9546504887071174
1.999996832500539
0.20095375861871875
-0.109476549320244
1.999827337224151
0.7552494209057311
-0.2509879717030612
1.344382524361459
1.205386288133327
0.05220850634734116
-0.2593473838081882
0.47036263370329956
1.4658755138369655
1.7483432592072012
1.3564514464931254
1.872271893285409
1.999124844699896
1.9715114272471375
1.9999076169873642
1.999989832839883
