-1.5992516806569053
-1.5111216469000546
-2.688987684663819
-3.2420418487569127
0.001272677713907568
0.23743328327005686
-0.12000776903005929
0.6841805191640427
0.698967220862152
-1.847391363682523
-1.7019556091679793
-0.5254530081120146
0.28401556845874587
0.6928126132128773
0.44033807706983413
0.6989694315841394
-0.11651650100373158
-1.2057381109569858
0.6963159833906105
0.13548632197513685
0.8959983771215557
1.5490128200996762
-3.999906460872758
-3.8640750240873465
0.9150676967203135
-1.004711113138895
0.6984980394111193
0.5929315017421826
0.6927365162433898
-0.4038196780218831
-3.181209627392921
-3.9999849982320552
0.061902298913789025
0.9373932072743287
-0.0026115930659252272
0.6987133915270504
-1.0330572764506984
0.006247737925969251
-1.4611684160583622
0.5205656674196772
0.13246364831393914
0.5572731621697197
-0.2650242621393023
-2.9365923335487465
-0.0798072571109798
1.808912212867393
-1.1197093242549359
0.014268357181977477
0.6169901795565212
1.998716226948876
1.3525547905718664
-0.9191964166139299
1.9843598189719074
1.9834972253052348
1.9999965974006901
1.999511401430454
0.30787892949837403
1.4459225369927509
1.5747075776122619
1.997117566015955
0.5026886618811109
1.075820674854669
1.9998988993219309
0.46863838364926785
1.052465656930214
0.41856857969553835
1.306776852619837
1.9931943934114158
1.5145948062535248
