-1.6188305422678384
-0.7728973256931262
-3.024989359344706
-1.1714156678747365
0.1855598820476631
3.920217838073148e-5
-1.223397960588747
0.6989700042670774
0.6989699348011933
-0.024199545951410748
-0.3376118367418938
0.8441369214686366
-0.5837165920014452
0.698969968617636
2.667275175382747
0.6940838289577728
-0.7486361604365585
1.847459448003817
0.08127766558740673
0.020364784373272694
1.5924380855585822
1.7654361395773204
-3.9999999999983475
-2.2437984905405526
1.999957104628555
-3.5769452320038027
0.0012924096490575733
3.9992624471774185
0.042277276702496036
-0.4470985076430095
-0.06586951780173084
-1.0972881160682237
0.6989676563726596
0.8455219971331939
0.4758080961648565
0.11175089536776055
3.965856057615882
0.6808725864449209
-1.2599665911854347
-3.999904214448817
0.2298581629610329
0.6762920300008642
-0.23637003306635176
-2.1565467976823407
-0.9979709214454295
-1.927068924674001
0.22092391030141473
0.6914719741492955
1.9999031632647808
1.9999999380632112
1.9933605083806454
1.9668887946248983
1.9996808948923124
1.9999991431858903
1.9630754254811258
0.531383150555825
-0.9968128360933015
1.9613901844648347
1.9988996831472552
1.999999999511281
1.9637564993375456
1.9661709794020497
1.2576221390053746
-0.9658012947287403
1.999982678246053
1.9823519378657466
1.5490581271350883
1.9632262203897568
1.9845519596462846
