0.41890550051896835
-2.0875626173631567
-3.793868989948894
-0.36972097239488344
0.6715484292313553
0.023096252059124814
-0.341646053444236
0.08990726329536539
0.23106524627662461
-3.935105354648104
0.9821846834634093
0.7252127137655949
3.888073698179711
0.04601011391377061
3.555237646839092
0.6610459267484423
-0.9324353112147747
-1.0320372356420267
0.11088076807062779
0.6989626958394025
1.9559040858317112
1.8321421096961577
-3.9988893201007896
-9.706357137295372
1.939448163643918
-2.6215081310333486
0.6481831990656131
0.0393274089804292
1.3761391931112523e-6
-0.4114862601159414
-3.889757780154806
3.7339286407323673
0.6257376763429997
1.0388584563592778
0.05430326618076506
0.6983002912141342
-1.9558725076406664
0.00029577222061454066
-0.7464402984877107
-0.7468619671725673
0.29769722650906794
0.5971302292445133
1.4118192540177419
-2.9068815361696254
-0.9167673027446537
1.9278410291163233
-2.0132404929746714
0.36623712875931724
1.2076172460091612
1.6899556633569288
1.9996037450510673
0.20471371290258922
-0.9832665012026761
1.9993274653409965
0.5729438222602979
-0.9030958413717224
0.2735144540551286
1.2434841450225176
-0.9996247742500556
1.9737582163165954
0.41681698147746754
1.9994716835666884
1.9955898702255923
-0.009840552548092421
-0.7602750494769213
1.9383088174876189
1.8275381583685957
1.9569366942552369
1.958492230837441
