-0.5338529758161372
-2.1297183530970307
-3.9772807366325615
-1.7658760715516981
7.847960741008063e-5
0.014676841620675998
-0.24332458608250362
0.10774833700857571
0.6795701810639465
0.5820956624500425
0.2198214995909195
0.04211282248696749
1.1557347335035018
0.6746258249206077
-2.643595632127044
0.1142260916188078
-0.8818178312241339
-0.5577265734047706
0.2822189973933302
0.6489978179497041
-1.778138490330886
1.7358721475886008
-3.999862989357341
-2.4199340067446533
-3.9746532052336976
-0.15526317186269514
0.6987925606335637
3.925671949354466
0.009781774079180267
-0.6956086381083809
-0.7530747900662516
3.0891281009683773
0.6006079679685171
0.9876430531727278
0.10582474316396263
0.6986742675323192
-0.3390116101142211
0.5612272102731353
-1.6231749754275095
-3.028191368346099
0.09571463688939144
0.5802187669318444
-1.0247719685378225
-2.754713869937152
0.7256840593840059
-1.8096486269921819
-0.23638635626524984
0.00025391659917280645
1.4340026183313592
1.999993219092966
1.9986031020970942
1.7345902540831422
0.6144558396969891
1.9999031377069367
0.6295785373344718
1.6649858579963204
1.5944832415974137
1.1861547951811855
1.333403807338854
1.9992737241624434
0.5718986931323099
1.8449041782849132
1.9726986536492424
0.676592372670217
1.4982366684240802
1.663273219250994
1.7523382520261712
1.9999266704906378
1.9995261680710514
