-1.0918777273664901
-1.4461350479591042
-2.937012640725702
-1.0650802391842302
0.00675658681298491
0.015339180706188909
-0.807524720453705
0.696827198600972
0.23615421404427045
-3.9577155692993955
-0.39863920124699576
0.3965996006154636
3.3501017182630637
0.44335648115614507
0.9315180735522035
0.6874565750335798
-0.5839188205964579
0.7693296277698316
0.006562669244752787
0.09891257131135685
0.8239697236664667
1.7985334155750654
-3.9692327832220533
-9.999480632911128
-0.5401741939810916
-0.14441036664214416
0.6931097333289796
1.7873275294370987
0.6325077770900106
-0.19837231775354128
-3.9939803019725515
-1.9947354213232051
0.5888044194519487
1.126510410220109
0.3288000323850767
0.41705737112177793
-0.0321225191954781
0.6972564008217579
-2.033709660335967
0.7733122855897018
0.06479732676153627
0.4178591857749814
0.003029447358742842
-2.586208277374095
0.2243563668526931
1.0363065714303479
-0.9930029155886798
0.23967185383521183
1.2145358096478132
1.5244671534253404
1.9848246347525855
1.9662572151446605
0.7795603903045668
1.9966885694842633
0.3709882818018854
1.5836033810253027
1.7275072850014137
1.7732986677218474
1.994515780858246
1.9988769222261327
0.8462640566914286
1.222066402794656
1.8380194921686346
1.274591665299035
-0.7284303341623014
-0.18589591604890934
1.3090199982214246
1.4316712588129767
1.8721401778897733
