-1.0919954434024872
-0.6079880143606156
-3.9806173740757003
-3.529212762420095
1.1487145040964692e-5
0.004239557823328243
-0.3539760264117924
0.6219369502785189
0.5598929796105594
-3.85344330005183
0.28641601935102384
-0.34824459678077513
0.47398424544442547
0.2773274387052845
3.9995212056015546
0.05498159148253749
-0.6613527939651249
-0.8969956846167085
0.6957892762255368
0.6976345864042366
0.5431735359456125
1.7513532278297221
-3.984362551933767
-2.1183286426293804
-0.13574302656424178
-1.603025898105938
0.6670766067261397
3.7331975375990805
0.01289451713231347
-0.507802164676597
-1.0767082780130295
-3.29078026291246
0.6531269988536771
0.9840849536374143
0.06805855347023006
0.6987073686003483
-1.3092808278575971
0.12477450114255352
-1.64002710617751
0.907355291877346
0.06988833741312106
0.47963704070790186
-0.05535269931310226
-1.8481343035286766
0.21086774911119321
1.9712388939953143
-0.863566165365751
0.015782210246599787
1.8724032729214495
1.5294491965463237
1.9947680903259573
1.9924550984058835
0.710458614770331
1.9987458756860523
-0.13880568814601627
1.9998168882318368
1.5216806661229716
1.2545193624889792
1.4233236626740806
1.9999999972582203
0.9282206667379187
1.6517210974869105
1.3896959739517607
1.0007675254638557
1.9988059119370252
1.782965430834362
1.6789237867030187
1.9907236572083795
1.8081562508098175
