-2.5856460798297083
-0.20625077624323146
-3.9365565173795027
-3.8918582775789283
0.42291883907816963
0.6989634825821066
-0.47118882022758396
0.4935516203151802
0.22356056722856585
-0.21997405159770786
0.6333555501068159
0.9320723504492257
0.9996167930831465
0.2877367634064033
-0.8424182571632508
0.69848164351347
-0.9850056232833551
-1.1595410445457601
0.6898171775511237
0.3238510608178671
1.7709779059340356
1.9587160292173436
-2.9421673628533984
-3.0809013684039974
0.43129353040469026
-2.7927574690508634
0.6448368116676151
-0.11334098662063456
0.11358018446561012
-3.726257088941176
-0.3064381298371122
-1.5053816648886345
0.010087674123008776
0.9061699568512779
0.13957147404088785
0.5425668433390782
-1.6594923003589643
0.001992224694830909
-0.5195443712083375
-1.197783699043364
0.6932654884508046
0.5471435010573507
-1.2341952240539367
-1.0016061857106973
0.34535723395311246
1.9411137150263633
3.942457491631776
0.32483673890269854
0.5984266443073081
1.3327037040502012
1.8798499345640112
0.7843908788855936
-0.8619556677090106
1.8829247694436868
1.5347412162631322
0.2443921274578737
-0.8485076270563978
1.9727912484807129
1.8854650489064997
0.65453087821114
-0.8957185404002324
0.4806331410747541
0.5861353791247845
1.3663141046504905
0.9492083857082481
1.7645892806667418
1.0045387109101636
1.8778927940977257
1.5819340150628909
