-1.6713464267554725
-1.328580556168476
-3.6677038517982923
-1.6416440250942061
0.11894617194212809
0.001934180297472755
-0.023455451835441527
0.6981027516888787
0.6883180617456335
-2.1539217049204704
-0.7621140976284875
-1.9236995128857506
-0.304280645912047
0.6900228469702747
-3.6476029662670313
0.6302916092980998
-0.07433523270311412
-1.6218606982436352
0.6889991861376011
0.6961295624467695
0.8458098619504767
1.4809711602611866
-3.9713495886459196
-9.948939114943688
1.9918793467406322
-0.9375477508883534
0.6878800180331839
-2.923615178178714
0.1437434325546479
-2.294989822010125
-0.40601699266905644
-1.9949828196285027
0.6862192103192676
1.2322202952641574
0.0311029828385511
0.6989687166748455
-1.3481743622441553
0.15645560156343102
-1.8214029798823188
-3.7824986877447153
0.2725527945292805
0.004450604796454996
-0.20200106746769841
-2.9724051475813997
-0.9822970302966194
-1.0923551640855662
2.005412032638789
0.02839450005387392
0.7414290900026554
1.1995766515214505
1.9765050830409496
-0.933719437603044
0.5251466030328528
1.6135448559665286
1.999096374095368
1.994837522865223
0.17903796395477867
1.4725712853978832
1.9285356533032074
1.9939913743847635
-0.9565035818529251
0.9676682212243657
1.293732385903844
1.6814392649754686
0.5310182580949038
0.36630409686996324
1.8234755904316118
1.9996012493617037
1.9776397229986744
