-0.3768763304202617
-3.785091368008163
-3.9067598934773637
-1.8253262030118491
0.6941729230866788
0.37516047435331773
-0.28573535035113223
0.40633102124494913
0.12326658461998488
0.8698573282178144
0.4110962813983198
0.9289101521375626
1.71288435294964
0.6200495094455565
-3.172178253821264
0.6987344639260947
-0.3185038319564285
-1.247558967527781
0.08070625454303136
0.6874629736832539
1.847264700076717
1.8359033568339433
-3.214092545698727
-1.9196531173205804
1.7349995015006792
-2.9484877260305002
0.4378942271778227
-0.6855869600035802
0.004253487084630853
-3.918761626665205
-0.35152824574156677
-1.877750110100776
0.35927212582316875
0.8438671262511326
-0.006973311100561063
0.6950879930901649
-1.0990662929204196
0.0068183758328196654
-0.5837146271821727
-3.9956533820277946
0.6432426143304774
0.22870586472886828
-0.7214807416434657
-0.9690404275542567
-0.615379779729063
-1.0324693689914857
-1.7922253389331448
0.023496172565060418
0.8505386262144181
1.7069789269851106
1.9784610895958727
1.7369689610315724
-0.6895635587773599
1.9972817965918306
-0.28438827686936885
-0.1191955593330957
1.7955813727006835
0.08304335429239947
0.7997638126421794
-0.8806919150300154
-0.969986616431495
1.8675280921657633
1.4872444300518861
1.8612567800794244
0.9392388432794855
1.5945006673283861
1.2475762449231536
1.9909905851991303
1.9846679638828992
