-0.5387153575140866
-3.995861598825736
-1.360408723037685
-0.1121063803410154
0.6944678835687705
0.292199560370572
-0.3552346896274916
0.23213388281185793
0.6984254117900272
0.554889730926436
0.192354373456821
0.6898634697905516
2.056569237364575
0.10529375823400583
3.854446485756321
0.5393512808181755
-0.602228376598467
-1.322250638291273
0.5117407351108944
0.5971145249493942
1.3222464453888587
1.8433856553672043
-3.9203374630389143
-3.8447385828962806
1.9842859802645152
-2.6916154041714013
0.4825562094646222
0.28015730873534933
0.31355119888716204
-2.806365332305097
-0.3893912082888464
-0.3745080067138221
3.635498096224662e-5
0.8876381027420023
0.0392589790842304
0.6987180498066822
-1.5942588097111474
2.4786143862088353e-6
-0.700070453156927
-3.8472323345598904
0.369230104482482
0.698969806697611
-0.7743326214629093
-1.3018582667261664
-0.8281254114959946
-1.3962432874413946
-1.5762242809218465
0.4466369358311495
1.260798648218327
1.740121791609816
1.999928249885603
-0.530274623858598
-0.9960655485523845
1.9996829254953572
0.6641849757147759
-0.7795856149384252
1.1378182847148863
1.2163839650403092
1.2588462788437016
1.999969731387659
1.996721565525462
1.923844705676156
1.9773677611397067
1.9896359054257062
1.8755388944649136
1.9826708558321637
1.9165400507975818
1.9918288133067754
1.9966410123203278
