13.133363864003751
10.209995759485745
10.17627529902798
10.107204065969464
10.024779190456742
9.922414877180735
9.802780170006736
9.671912870852559
9.502446559894219
9.314186466696984
9.104684494529016
8.897155755682217
8.507079960447001
8.104876799578669
7.881123915397875
7.71874709299723
7.585964625153725
7.47895426456013
7.3911236000672105
7.322176099547878
7.269354414264274
7.2260871843283105
7.180800829937358
7.1419002800083256
7.109428591783352
7.079554210808695
7.05134830297278
7.029367527209811
7.007418796531878
6.985536107414269
6.965833649326171
6.94542452151499
6.924877445366256
6.90318862814126
6.8791632267557326
6.743579267592423
6.436359395134737
5.812049846415331
5.337807862472623
4.984237482880918
4.704019433749776
4.493082437444759
4.310950783664641
4.15669742470136
4.028426995874554
3.928708987849653
3.8319576452049215
3.7534459480542193
3.681430075953516
3.6219995739943682
3.567219355742779
3.5160611669406627
3.471213666908465
3.4328135186715123
3.400198053500743
3.369970619421083
3.342516749574785
3.319330576591671
3.296170211617845
3.2766085013885844
3.259160773276772
3.2411030945373263
3.224305832057099
3.208046454795233
3.191740792995268
3.1778799128698516
3.1650754051287127
3.1519038326989524
3.140234322503188
3.1283100961010017
3.1172847428538226
3.106793252542552
3.0967472385010577
3.0864381196973474
3.0768298237741476
3.0677799623230255
3.058564582929634
3.0499119922869253
3.0411275927095325
3.033249107386581
3.024967038086972
3.0171886903493617
3.0081449509024205
2.9986706391058444
2.9889121483288914
2.97728449975119
2.965332642779395
2.953155563347936
2.9397279071497078
2.9247494398480818
2.9083207320125464
2.890757678279222
2.869791351065727
2.8408791592021707
2.801094649224435
2.7443336714133455
2.661125280757716
2.5907648076049883
2.5350492136266904
2.4861567694985336
2.4462775062102713
2.4127258132284046
2.3850855038966383
2.361452912690172
2.341451295512007
2.3237930160062206
2.3077017636885877
2.2923304134832714
2.2741286089378914
2.255874111004041
2.2386523355816426
2.219862179968448
2.2030313625910694
2.1861209733438507
2.171014776805384
2.151918301024951
2.1330522674196057
2.1150412956569262
2.09635534752554
2.077322352133999
2.0578646210753764
2.0079562267898066
1.9471440686147519
1.8255626008637398
1.6532334247713711
1.4910258335623716
1.361524744376636
1.2875384982907736
1.2672866388913446
1.247477422989249
1.219915280235166
1.1974145523110096
1.1610849746911498
1.1217638429868613
1.1051954078729196
1.0965355495072862
1.087097837255584
1.077613107843824
1.0688060787595068
1.061307488633033
1.0542961326915101
1.0474072376772954
1.0409217228167904
1.0351735713262809
1.0303993701951883
1.0256178694910565
1.021203947989191
1.0169619460925317
1.0127718137152035
1.0091641245598568
1.005619474025834
1.0021996925656333
0.9990757951711879
0.996064594261787
0.9933289535389855
0.9906528831814132
0.9877868480271914
0.9851776563279646
0.9824581954294098
0.9798122490215713
0.9772727702330224
0.9745058316010438
0.9715489853945458
0.9686467934117751
0.9652134214942922
0.961433610409661
0.9581403668007678
0.9561674404860137
0.9543760862313855
0.9525221034392306
0.9507769212822392
0.9489209056829493
0.9466434469332974
0.9448126077838079
0.9430999370045381
0.9417839529161496
0.9368936687149141
0.9326967768585588
0.9281950401227261
0.9237296974216482
0.9195538738658353
0.9157002027545742
0.9122152838798474
0.9083325128577435
0.904570545337311
0.90164089917781
0.8995705755472381
0.8978264955598716
0.8962571472151044
0.8945649861672607
0.8926772032907451
0.8909997707176665
0.8895201128871895
0.8881092075275552
0.8866924612242055
0.8852477768256062
0.8839569965024019
0.8825028879480783
0.881044191878293
0.8797256460985308
0.8787416867496987
0.8777020497826262
0.8767794427626612
0.8760108704546639
0.8752344732192148
0.8745375037059224
0.8738153502572326
0.8731268550030986
0.87246773983036
0.8717743791316233
0.8710400594920955
0.8703251306988253
0.8696469945658496
0.8689959744308613
0.8682893051741614
0.8675819443745905
0.8670978017793747
0.8666295620705302
0.8661920572186208
0.8657470458418981
0.8653083376536559
0.864875813211607
0.8644509347136848
0.8640455850423363
0.8635907286193367
0.8631594448868913
0.8628034613159397
0.8624873413727396
0.8622738879767136
0.862091562423319
0.8619346840003992
0.8617783528597993
0.8616654052791581
