13.181216805302434
10.483245256609417
10.183587767370247
10.117358265730998
10.034509315995857
9.93416659603763
9.81101970170954
9.691325724028463
9.519456376137825
9.323437282681914
9.084525485781601
8.841528430260556
8.39975839706722
8.033271550608436
7.813142080933346
7.642553286535705
7.513573617861898
7.408622317903596
7.341115751688605
7.278348965689013
7.230349300918984
7.186138655684104
7.148550438250467
7.1128988718839885
7.084971626998335
7.058937420858623
7.03446567137706
7.012699110989143
6.992400848052476
6.973741078252232
6.952733282198487
6.933356057785765
6.914862408769324
6.896061030259524
6.868962154615662
6.575536841674403
5.885703640611288
5.3686342037656765
5.006732405014681
4.726399752592528
4.508433130257583
4.350390716230342
4.203665787667173
4.07955774661688
3.9702871064855776
3.8635852546819
3.768065177784072
3.694710181500664
3.632306366993764
3.573748572860458
3.5288503005247343
3.4822035886827365
3.446095036002311
3.409465621877172
3.3769734791294717
3.3507473578336633
3.3275385873733923
3.3035809942432772
3.28233622473309
3.2634107205856697
3.2439480919473187
3.2261735602642823
3.2084173286991486
3.193089180625882
3.1787074544498557
3.164563489001253
3.152567621940295
3.139521075895267
3.1273370403252123
3.115806406129021
3.106001812807656
3.0965425183965376
3.087276934737906
3.0780451183108886
3.069003669254462
3.0597606095289214
3.0510183293976842
3.0415101440338885
3.032525955298043
3.023752378222989
3.0150901769548675
3.004543540127255
2.9952920665465763
2.985252846947815
2.974645971385744
2.963143226098156
2.951879029523912
2.939863631990014
2.927125552092818
2.9129961123907435
2.895383254173458
2.8728716260371723
2.8368678513515038
2.792444919783602
2.7181555735807077
2.6405264100110415
2.5800406786035275
2.5278692056356995
2.4857653472231487
2.4522899950335013
2.4132496709059517
2.3806888974613463
2.35183765024025
2.3277030412780073
2.3038439178291057
2.279116956280907
2.2546201856878536
2.2294083712284305
2.2026124550046564
2.173122112047789
2.145129976515676
2.1173344169426755
2.0902692014431805
2.0591050667309867
2.0320071646966955
2.0082742252750947
1.9879297058578773
1.970108739533459
1.9545888333211376
1.9403241937459565
1.934861815076819
1.9295066462930057
1.924622607633685
1.9201148958907774
1.915084376940011
1.9103788744049615
1.9059445036230311
1.9008621360685485
1.8952864398776272
1.8906796339878973
1.886451234867244
1.8813598121286406
1.876919930632753
1.8721818874806821
1.8680053048924368
1.8637741622495438
1.859036464001453
1.8549733214636
1.8482804693454096
1.8204491232614863
1.7697076629969164
1.7200119284700444
1.6134692533812123
1.512125808563547
1.446085555980364
1.3914451317977825
1.3459264246179679
1.311709422657545
1.289799441281426
1.2661655581049658
1.2370540616134722
1.2101757229641894
1.1831393129708996
1.1539112952901176
1.1294025652463606
1.1129076838468084
1.0996087476605751
1.0866445602455155
1.0752155637457221
1.0637484566594813
1.0539446016965028
1.0457993332372038
1.0370439214383094
1.0304607276361235
1.0255552069467662
1.02054216757735
1.0151263026154158
1.009045046327226
1.0034784845277729
0.9988512474775026
0.9950414016153797
0.9915994681265756
0.9880868771975182
0.9846227841268238
0.9812166979373131
0.9771517514934498
0.9737181306019584
0.9712483299624148
0.9688878681530202
0.9662782246223625
0.9632991627964707
0.9611808813415008
0.9593489814667393
0.957698973149272
0.9555296628794636
0.9533482984680015
0.9512214186996006
0.9489962445661932
0.9467387029233079
0.9443885059209176
0.943085190385661
0.9417319960788273
0.9366095320699985
0.932409650608303
0.9288993071056559
0.9252193785509668
0.9216083719028463
0.918130877636882
0.9149353668439408
0.9120690625524634
0.9093812073690888
0.9069139332333362
0.9045600514043883
0.9022948409354417
0.9000696995515742
0.8983215792500676
0.8965195516357687
0.8948517523074973
0.893292897104117
0.8918328723687576
0.8904937591235216
0.8892451313236727
0.888153076389373
0.8870816412105516
0.8860211310194259
0.8850068709909262
0.8839693009764931
0.8829905211301927
0.8820199449803887
0.8810366768063149
0.8799117771634188
0.8787829586517129
0.8777720632329684
0.8769700746542552
0.876099263103348
0.8751602776899725
0.8742935062301562
0.8733576754696664
0.8724450696450203
0.8715365650582596
0.8704702478970834
0.8695550519294502
0.8684323004665133
0.8673739602414878
0.866589432145978
0.865861246618552
0.8651799859529943
0.864777339351356
0.864364711679837
0.8639613934826915
0.8636254938306367
0.8634301864046918
0.8631991240099701
0.8630128464188171
0.8628548979130608
0.8626710177940895
