13.258157126021962
10.215613367248661
10.18109299247863
10.116766243693219
10.034785696046258
9.935460933295152
9.816921939877153
9.700317421169775
9.538350082675251
9.364475532240393
9.167990440310751
8.9340661009606
8.558856078147873
8.135356635007206
7.894070440359787
7.714172297278072
7.578148984751703
7.46144312103884
7.382243977145116
7.310269270451855
7.261805130349998
7.21312802317512
7.170675547715813
7.136682715948062
7.1074990540173495
7.079163310055664
7.054599518299838
7.034698797525088
7.013222222485204
6.9957361893845125
6.975677462681251
6.957753627978281
6.941199623282898
6.921784638566304
6.905337965136212
6.884355853355338
6.704652655350731
6.293946543914853
5.672776394740973
5.222461964572389
4.890757025714791
4.646342963480382
4.432739245045617
4.248827221821141
4.099447155448738
3.9707887923047824
3.8676522824426414
3.777018835462475
3.700651763097037
3.630803746222
3.575283308986908
3.522621426035082
3.4789200189666083
3.4388634320382767
3.4054648430699626
3.3779846349873495
3.3531135642489236
3.32767951100754
3.3065116786970723
3.285948021895334
3.2672613105772363
3.249672559806241
3.2319530527159994
3.21387243410165
3.1985857372381794
3.1825429456817282
3.167730825924476
3.1541406996356445
3.1404917819354328
3.1298980315831715
3.1195858637048257
3.1096126404416236
3.100602443264897
3.091763524368978
3.0834930979745874
3.0754700162234743
3.0679229172844273
3.060980079070964
3.0533272941153733
3.0458844237269753
3.038132731240707
3.030546253720698
3.023377777820011
3.016612145957808
3.009817644873708
3.0026810318501376
2.9956851624907532
2.988331240687728
2.9809304623231094
2.973865823805035
2.9667228305935494
2.958663627847889
2.9491579927985327
2.94005344218004
2.9313597370133007
2.9209926711250462
2.9098876627873445
2.8948538174265117
2.8789042808357213
2.859169140835016
2.834274500719104
2.8056303890871064
2.769588296380406
2.723903277062644
2.6786204494174184
2.614609084411059
2.560226929480095
2.5150037012046145
2.4712229349765487
2.435524313159873
2.4066089584616694
2.3800590777788067
2.3608070105037395
2.342653980708718
2.3260946704687484
2.3099396345846976
2.2955318097714805
2.2828954315784316
2.2716247019706106
2.259075501548457
2.2473705327564018
2.235546310199748
2.2244469669240132
2.212903139042364
2.201065530287674
2.188652871309957
2.176831989802465
2.164977780091845
2.1530253783199873
2.1418905474434116
2.1295149022426116
2.117049776619372
2.1063156757953614
2.0958005530264003
2.083971881636079
2.071382416361713
2.0592725400537804
2.049100123201155
2.039480800796378
2.0298989722812353
2.0192835192949747
2.0083859984354326
1.9968682559865663
1.9812114044714573
1.9677980105750326
1.951734715507877
1.934713694111438
1.9202542917383845
1.9051997513367755
1.8891361927201693
1.8726206432699186
1.857566090372492
1.8376627176082376
1.8173425988022256
1.7984492803926626
1.774477286622096
1.7488772168512021
1.7094975407379973
1.65785918057807
1.605159505531299
1.5448539025113606
1.48339489167582
1.4199490291788948
1.368108528281617
1.3282335183751561
1.294834780724262
1.2677172319240029
1.2436647229199256
1.221135202022026
1.195669071718287
1.1710488407065593
1.1449048739937746
1.121339267732555
1.1042411283206697
1.0891733470866196
1.0784769756395383
1.069050846952801
1.0598774572651797
1.051336619236725
1.0429556959998054
1.0341211813200664
1.0259894024876566
1.0194889226932027
1.0143245943401302
1.0088390054082215
1.001574837421325
0.9930286243642437
0.9857382942706883
0.9809534067468029
0.9782949212977288
0.9757816377049773
0.9731852653418933
0.9708441236724408
0.9681177362323998
0.9650823158613049
0.9618769206166418
0.9584422686537906
0.9559797321283181
0.9534777364705933
0.9509898550895706
0.948273938550404
0.9459775495684273
0.9437611722712287
0.9423120636311388
0.9370064074451969
0.9318313629871815
0.9277553951330058
0.923618902652878
0.9194334907716275
0.9151119603156372
0.9118178568129469
0.9091121242593285
0.9065956981280383
0.9044576154425705
0.9022191552610721
0.9000105047836646
0.8978074731229588
0.8954042409029261
0.8931153668596297
0.89183476841397
0.8904376065346371
0.8892827054444714
0.8881293623121724
0.8870490630339951
0.8859836533669041
0.8849520634541186
0.8840750372166077
0.8830252060951445
0.8821126575642104
0.8811289947938068
0.8800745101864997
0.8788605773383003
0.8776523908972864
0.8764881168909984
0.8753254677473308
0.874083810052217
0.8731509688875585
0.8724149114587725
0.8717350093821619
0.8710681329641217
0.8704581965702669
0.8698910527009183
0.8694044821594806
0.8688986862959709
0.8684556293973635
0.8680530343544071
0.8676690921535197
0.8672661887210849
0.8668820780921163
0.8665050047282197
0.8660935041411202
0.8656697250457048
0.8653012461794729
0.8649340664586429
0.8645931090754759
0.8642875698079884
0.8640155468209887
0.863754315603579
0.863494351449904
0.8632314988070755
0.8629804615352787
0.862733531723685
0.8624915500307697
0.8622636378961088
0.8620278762594316
0.8618765936960866
0.8617405227389137
