13.134332049834086
10.210012130001664
10.1790229018232
10.113777862576258
10.034896420339201
9.93355305585761
9.807046890670673
9.687564132711234
9.528019499775555
9.336183235438115
9.110409413451224
8.859209609142177
8.397409448130208
8.029447943577583
7.818649440125711
7.660892307091515
7.536099974300729
7.43189666177372
7.3531099446835775
7.285905386596028
7.239315146604806
7.194163311128321
7.152271165439323
7.115900574612549
7.083718633082842
7.057027986283952
7.030698250567905
7.010132639388733
6.987542521690077
6.965776752724796
6.9455244588491
6.926286961230563
6.907686516600258
6.888724096023584
6.784759250907225
6.397930512404432
5.817389317373381
5.329182029287878
4.964527877047363
4.697753913885778
4.500691813664837
4.323070365813646
4.158349684451412
4.018597767439841
3.8900616586797403
3.7951023677478553
3.71382097914526
3.643435824362089
3.579916401038016
3.527263931095802
3.4827336065324257
3.440683581162885
3.4048688515795096
3.3719468229060947
3.344371527644193
3.320404877299767
3.299629625940489
3.2786502896125578
3.260853755192498
3.243072971283059
3.2259832682867096
3.2118862966030832
3.1964417661895155
3.1826924517510564
3.170216689559986
3.1569936108282395
3.1442874644559016
3.1326428750105144
3.120955128348859
3.110292271101539
3.0981354283372404
3.0874283378445586
3.0779219923172123
3.0683069842629767
3.0586902804587703
3.0485535983105176
3.0403593906487547
3.030301372775721
3.0203988833726747
3.0108519507952796
3.001045878906192
2.9919246196197467
2.9819536877558788
2.971107636035768
2.959452834964795
2.948683938089463
2.9352424251732794
2.919533968571411
2.900868140168127
2.8830338241196394
2.8599127119483825
2.827121446500188
2.7684847312996492
2.6936779015284085
2.6195857801709206
2.556256249716773
2.5045835785918253
2.459550102095543
2.4234628398027276
2.38831911905098
2.3474155709466853
2.3151793343707183
2.291078674050791
2.2719061591057024
2.2591031176012972
2.2504958680641174
2.2441397288797678
2.2364083816202394
2.225806262581341
2.212418370549325
2.1893248856570615
2.1553931474881276
2.1110234311491975
2.059400422708615
2.0110724488713014
1.9681161536780003
1.938017003495343
1.8890383531987478
1.8413299191034813
1.7939949410152627
1.7142134144382233
1.6402266218476553
1.5490776147000584
1.4524774965923504
1.4249749623683385
1.379967994741536
1.3204379796084647
1.2797875321041357
1.2414838590749664
1.2078004750288223
1.1745105530743691
1.1416862550133153
1.1216551094691036
1.1073737806547133
1.09573771329433
1.0848528400286384
1.0734283597055185
1.0646265661955248
1.0563429313091843
1.0490865589501182
1.0429844748540678
1.0373290562151416
1.0319061290104772
1.0267060412534752
1.0214961483371106
1.0155502211578042
1.0107294891785363
1.0064321566563823
1.0025618921154926
0.998821816595207
0.9951128440932582
0.9916053856217646
0.9879899661100371
0.9847456279246636
0.9816241697166568
0.9782527571320303
0.9750354978489479
0.9730822151652969
0.9709025221374672
0.9684918979557455
0.9655064188736393
0.9615551037152938
0.9581044761222746
0.9558451709547331
0.9530149070987157
0.9496692761142596
0.9467497745866709
0.9454926684341975
0.9439369696411646
0.9408208712955632
0.9351882805305163
0.9303211691404165
0.9263212932071134
0.9228818754752766
0.9198502362822882
0.9175389047235187
0.915247330695439
0.9129662222218728
0.9108216185415046
0.9086779219527079
0.906707279779968
0.9049629283422025
0.9030858230636376
0.9013483901794812
0.8995050285380106
0.8978395660356284
0.8961769686838892
0.8947479707305561
0.8934208517711788
0.8921352485956122
0.8908744780076425
0.8894017673138839
0.8880183750072081
0.8867782021675081
0.8858333563198135
0.8849587119433924
0.8840000277346531
0.8829186797632449
0.8817623622836726
0.8807181668751349
0.8796466325593402
0.8785853067082456
0.8775459688038154
0.8765525084241572
0.8755814757625471
0.8746908004747942
0.873900548403272
0.873202320762787
0.8724091903144231
0.8716497594220751
0.8708701043788203
0.870217539706414
0.8695758650766559
0.8690452615740751
0.8685590955523326
0.8681069677985276
0.8676683055755827
0.8672936735023828
0.8669381281944704
0.8665504573607636
0.8661412902264898
0.8658064069324167
0.8654938388777627
0.865236335306788
0.8650127121641491
0.8647012788435111
0.8644196876606607
0.8641850325802984
0.8639946776291936
0.8637251429292938
0.8635213976138898
0.8633147873353249
0.8631379896995384
0.8629486523384848
0.8627577634256918
