13.264437239089698
10.274670635611322
10.179814776432323
10.10918848540457
10.02358048504338
9.919242416908288
9.794973722528752
9.67468279961011
9.495288791423466
9.290172483912302
9.04601767133644
8.777257997150617
8.302006842200306
7.981711167077858
7.770080092206491
7.617217381598948
7.493780133813086
7.396527555125193
7.326658971517116
7.271401033933152
7.224078119515752
7.1793624239473495
7.1437051901424375
7.111459250501252
7.082514943528288
7.057352903862718
7.0356009426934385
7.013525273330487
6.993845284845776
6.977088423642083
6.958472650423474
6.941041279050538
6.9224223296034
6.90416046932463
6.880687102067899
6.70854354622443
6.3218237248464035
5.712719879460453
5.210100304240406
4.858324074818974
4.590266453148702
4.3723231972446435
4.207994725074748
4.067215398144423
3.9424934371324056
3.8417201548397975
3.754892260221064
3.6832301655532325
3.6211103864494625
3.5609391875205283
3.517165461839224
3.4739486011837393
3.439986671306503
3.4090196549594403
3.3797080912142734
3.353576181650233
3.3310596279972984
3.310819178952552
3.290059076698329
3.2714019089914927
3.2526732215291165
3.2346812220593932
3.2195477609074477
3.2062486329826436
3.192645632780339
3.1799196918970445
3.1673709901860487
3.1551121969026212
3.1442639565884747
3.1331328107056695
3.1236181198580484
3.1134938961168537
3.1035832242667967
3.0938748039413415
3.084985326747078
3.0749720330436343
3.0649419936802555
3.0561218514915787
3.046476276164581
3.0377837652462887
3.028299508592921
3.01833216974814
3.0088855024028582
2.9993730191572325
2.989727702112045
2.980196478073964
2.9708772261293497
2.960065857862057
2.9491978394554907
2.938299859035772
2.925972200272689
2.9117178996725137
2.8946951311525915
2.873692700052354
2.848745898059377
2.817044271126635
2.7641320896792845
2.6843219914610597
2.597593020344373
2.522369747939388
2.4523967485233165
2.4009705216960846
2.355485585107056
2.32149931586802
2.302125162923857
2.28604280481642
2.2729866511251933
2.2619647722988745
2.25182262916433
2.2440519227120124
2.2360931043956063
2.2290837372240855
2.222195525514344
2.215794594228835
2.2098629455786147
2.203239621733159
2.1945718884749237
2.186938007017366
2.1790243209445688
2.171167826440951
2.162156171309606
2.154340695993203
2.143913340746229
2.133534955019174
2.122577892414025
2.112850976355878
2.1032969100353016
2.093222580050461
2.083961215644428
2.0744717740296794
2.0599558432030847
2.0463410343263098
2.0334196103982283
2.0112877619032172
1.9910357677428427
1.9713840380655672
1.951510660807636
1.9338315146976015
1.919325148975581
1.9054419190514036
1.8924538150032966
1.8727837823001066
1.8546931287463782
1.83846257640176
1.8190011348061468
1.80021531096412
1.7821286623812576
1.7637556714879583
1.7291573234705808
1.6849915796410215
1.6305455642768774
1.5765585553565282
1.5229554472239801
1.4648548549787854
1.421513260880186
1.3756148729610347
1.3250863647426545
1.2753632368037175
1.241558962069325
1.2132704440859339
1.193498237054797
1.1776337726152208
1.1620192272606076
1.1464472392860348
1.1320490649508095
1.1184226867631706
1.1060676607447952
1.0947031708742854
1.084405158263249
1.076015150768228
1.0679728597198883
1.060388101086656
1.0525510431686653
1.045860281765722
1.0392027996246505
1.0333727976693758
1.0287629839653931
1.0244955717819622
1.0203818007238397
1.0163893000481998
1.012686270446924
1.0091947935428234
1.0058312258545214
1.002465602137593
0.9997684182326774
0.9971247606728326
0.9938235991728694
0.9908676997167127
0.9880143853815682
0.9856657083043645
0.9829928227004636
0.9807287922651327
0.9785682551313659
0.975950446152094
0.9734275304205129
0.9709943439734658
0.9685273908295144
0.9659744332638835
0.963250068907179
0.9603025275298558
0.9566738177534564
0.9515062549374429
0.9447450555471795
0.932771047430327
0.9273879693652445
0.924333620403595
0.9216430193887133
0.9186205811371009
0.9154906333216459
0.9126311668432061
0.9104458873364845
0.9082677012842133
0.9063086800467941
0.904533906390184
0.9027388728370731
0.9009515017166159
0.8992303314215757
0.8975910560660809
0.8960725969005034
0.8947077654033686
0.8935822705416561
0.8924822297373556
0.8914159973400384
0.8901334555697495
0.8888486515167386
0.8876620289969743
0.8864695006153145
0.8853114810636038
0.884192655421475
0.8832718878096077
0.8823012840682622
0.881379152360692
0.880383760405465
0.8794801561270686
0.8785754757114903
0.8777289669268846
0.8767860893054902
0.8760560067329495
0.875377670387909
0.8745922830210491
0.8738303824755222
0.8729476369869094
0.8721424318093973
0.8713905472110204
0.8706544101395028
0.8698485522299668
0.8689375809943991
0.8678840331079334
0.8668985887581506
0.866411360454431
0.865970644384876
0.8656005950400019
0.8652251824778245
0.8648195432051224
0.8643288525426778
0.8637767271619881
0.8631592865965549
0.8625016001857126
0.8618243621947936
0.8609787791025978
0.8606533687941953
0.8604148233421389
0.8602139192183467
0.8600220991393348
0.8598287738804746
0.8596166161413663
0.8594187561300934
