13.19869452592388
10.306254974152825
10.18076743937038
10.114106280235537
10.029800263462919
9.928221416153635
9.80567586103022
9.688254165501812
9.522277763160064
9.332301509124228
9.119983478340847
8.894285217798522
8.517819700364477
8.100151599373067
7.85723822415817
7.684176476886272
7.5494887990524155
7.44359782674729
7.361244322543428
7.289394948219211
7.246339860731052
7.196673877009641
7.15798141184548
7.1230093573098685
7.0915161256255494
7.06446375453827
7.040725330000857
7.019654098980208
6.998921569278373
6.979535715760747
6.959943953629287
6.938140112265785
6.9181109615274785
6.898168448338392
6.847841684922848
6.659996816687954
6.418328111661417
5.808724360750325
5.325804353371243
4.951527063514243
4.667123364847271
4.445158309036589
4.259113134619332
4.103551577616406
3.978295393761882
3.8688202554866526
3.784729065409083
3.7132056135645755
3.647934571155191
3.589742827175508
3.540681643891526
3.49768051043098
3.458501405584686
3.42417884965022
3.3941309923150467
3.3690090199337357
3.3440053776274272
3.322007604094079
3.300034029798649
3.280251221418064
3.261538661872036
3.2445306033806443
3.2269038272547537
3.2117617559422253
3.197253330318995
3.184030116647781
3.170578045844202
3.158156667415615
3.146609335842733
3.135481821236686
3.124381547742196
3.1133476376005946
3.1039180777899844
3.0949749824366677
3.085788440816726
3.0766662371921676
3.0668424613255967
3.0578460163666303
3.049544983772668
3.04096576340756
3.0326211666684726
3.0245585511870727
3.016797315251571
3.0076607338342427
2.999528445488022
2.9906302041810777
2.9805817186418313
2.971293365936104
2.9624294348895805
2.952234095803309
2.939753615539198
2.9285554159515144
2.9150374488424227
2.9009546824695285
2.882671991661983
2.862865148409419
2.838154160853769
2.8003575172908395
2.7272968971751297
2.6329730122695985
2.550155701557581
2.4874382063270213
2.441453440571502
2.399723463491757
2.3682924581408056
2.347850576249847
2.327096336853897
2.307903535157857
2.2905425168562585
2.272130143480622
2.255488006266905
2.237816211248787
2.2227471158801118
2.2055348665808197
2.185814580471696
2.1381140157535325
2.087611294948452
2.0364400874933546
1.989384095357729
1.9492509097638875
1.9148964874158425
1.8884134257949574
1.857692576869165
1.8083617164841908
1.7917456818582878
1.7772910380962976
1.7635618260242563
1.741988911528325
1.7093095375356606
1.650138194350757
1.5947402970814997
1.54255085479834
1.4949804462241687
1.4331284944850804
1.3489955569730974
1.2871404976980614
1.253492154800842
1.2279873149503446
1.2036038633749273
1.1818251720101038
1.1625659056049997
1.1469978525553133
1.1326925818709723
1.1192995282608145
1.1063348445757875
1.0943543126770132
1.0835988649100345
1.073364258593208
1.0644376329031866
1.0571888513950958
1.0508483759680747
1.0451740104807055
1.0395656769750499
1.03427493305752
1.0292502342750645
1.0242477101614433
1.0198572411689195
1.0156834360781577
1.0119125999598735
1.0083168794055606
1.004979284079127
1.0017290661578633
0.9983974575050256
0.9955450323039061
0.9929628277645817
0.99017318149646
0.9875486749529188
0.9851509091340054
0.9827466873779027
0.9805828561630028
0.9785579126679549
0.9765233686239903
0.9745273801077357
0.9723455305783268
0.970280221798852
0.9681139595752475
0.9658117214081798
0.9633244700142418
0.9606998934607915
0.9578137026374067
0.9558291643403489
0.953798887412109
0.951507038833233
0.9487673004072459
0.9457734371147701
0.9438450212271787
0.9413300260526754
0.9346798951679087
0.9267168747754502
0.9178082954676405
0.9095803218996661
0.906093573034382
0.9040277518962281
0.9016263536974183
0.8990129047244526
0.8963463389394342
0.8919208572592385
0.8877572359873387
0.8857273270976727
0.8850488909156455
0.8846299443927919
0.8840623617541716
0.8834466198493196
0.8826593387457322
0.8817149229830177
0.8807656414243512
0.8798652374140374
0.8790025270939346
0.8781053849071343
0.8772588801623753
0.8764732588561577
0.8756662093867842
0.8748667249528186
0.874027588312071
0.8732719925058969
0.8725709721684449
0.8719391404355381
0.8712864992141469
0.8706621021340126
0.8700627509593302
0.8694488263842715
0.8688829821474142
0.868335267609031
0.8677512127705134
0.8672019380919833
0.8667305594543633
0.8662440484690928
0.8659031482828032
0.8655712750360678
0.8652303524238611
0.8648324554979521
0.8645362781180674
0.8642007506866767
0.8638797148692916
0.8636046767922689
0.8633534362520523
0.8631422495499157
0.8629531868858136
0.8627835911288297
0.8626288177782966
