12.991344182681662
12.028136924981183
11.468627822390511
11.150969772313484
10.918937704651842
10.250217826693895
9.224319718812483
8.413555760905805
8.1097640188622
7.963774367867536
7.805945870686859
7.684293650729522
7.567401910588963
7.390051495238957
7.29177240898537
7.237029949571156
7.0458728682258105
6.9814928871198205
6.919730582649642
6.88202669810012
6.584571595992257
5.773967755407561
4.823796754396451
4.232615359785715
3.865718802312939
3.6241414857329417
3.4708878001252463
3.3596538153935587
3.2858328929290126
3.22965037327959
3.1830352733257516
3.1451493712062497
3.1156017063509065
3.089607835162
3.0656729030517607
3.047339970701774
3.029507847565851
3.0141931873365824
3.002481671054422
2.9921489880638195
2.9838057519355026
2.975727063054288
2.968559274522648
2.962338962715979
2.9556824012320204
2.9494135214458925
2.942713345109868
2.9366498312386584
2.930439976362088
2.925396571835508
2.919925260119191
2.9152298663906713
2.9105584822764294
2.90559412423311
2.900576637876754
2.895391726518219
2.8903072459507957
2.8853513507311197
2.880242947244212
2.8751183436787384
2.8701439271911475
2.8654331501704764
2.860759149938474
2.855398228173925
2.850769470983513
2.8456811772257806
2.8401843229083408
2.8336316213250825
2.8268164912879534
2.8208273396083214
2.8157038476396306
2.810444538980442
2.8052436342036176
2.8004103347948845
2.7957893816978148
2.791604781245015
2.7877917286409755
2.784283205552285
2.7810441978754596
2.777767083688202
2.774435952423392
2.7711663699276645
2.7679995139167453
2.7650371900024107
2.7623319759165117
2.7596707823457853
2.7573940318060384
2.755096492240032
2.7527830889669866
2.750485910630106
2.7485601744783716
2.7465753878348567
2.744721369701127
2.7430156953270233
2.7412249412953376
2.739735093057339
2.7382279503415905
2.736577959783361
2.7351321717156445
2.733759300008133
2.7323335008063303
2.7308434107855284
2.729188791150084
2.727663233594213
2.7263006900862026
2.7250433963682408
2.72384381518511
2.722626312150446
2.72148040976759
2.720314831068608
2.7192032008802505
2.718187714659347
2.7172470725591555
2.7163042056245263
2.715289065768216
2.7143923099109273
2.7135144551994212
2.712599503153724
2.7116976413551477
2.710791965965756
2.7099583907500318
2.709097309212611
2.708279187618098
2.707446088461661
2.7066357860435044
2.7058616754329137
2.7050927371862414
2.7043944732291596
2.703750498842304
2.703137643906955
2.702480231790818
2.7018997854416362
2.701399080700777
2.700972702474428
2.7004591073320867
2.6998748676948576
2.699334107732823
2.698853746230901
2.6983608279137563
2.6979140395333197
2.6975215729291406
2.6971342574467663
2.6967433237965217
2.6963837538816913
2.696038682551971
2.6956760673835074
2.695357276216823
2.694994369944645
2.6945961702297536
2.6942099597636187
2.69387054425495
2.6935063902385252
2.6931239361284867
2.692696402981282
2.692246227801201
2.6918265476525507
2.6914208466126963
2.690964707542065
2.6905212915437513
2.6900835581878315
2.6896058050798306
2.689139959893149
2.6886973278180974
2.688243627800489
2.6878367229599753
2.687353358948326
2.68687437218437
2.6862891349865388
2.6857022679007887
2.6850753975027004
2.6844691476255003
2.6838134291564053
2.6831537881461642
2.682509650159968
2.6817036516976884
2.6808898641226033
2.680127072435914
2.678561656487787
2.676716082208203
2.6747697310610477
2.672914913601053
2.6709636051649834
2.6691126377953953
2.667853606198232
2.6666527435231178
2.6655971332823487
2.664514628452304
2.663411485126268
2.6624294905273977
2.661165780531899
2.660262301385332
2.659491492288309
2.658730829464865
2.657920522209034
2.657218968185556
2.6564431092097234
2.6554528780747235
2.6543149882815715
2.653076483566501
2.6520937604401453
2.6512323288319033
2.650492303022162
2.6498727302770178
2.649242932226109
2.6487426529747413
2.6483512425815254
2.647858293887179
2.6474927607572027
2.6469675682596447
2.6463083447164353
2.645815184724217
2.645409766891248
2.6450230247770268
2.644797860086264
2.6445123260175327
2.6440883087597733
2.6437103633262033
2.6434071657186937
2.643158637119365
2.6415891995447556
2.6401438435002715
2.638868669024289
2.6376595469741293
2.6364292227997232
2.6353473919294634
2.6343929279980776
2.6331522296841285
2.631927101149156
2.630575740105562
2.6293267660878747
2.6282609101767758
2.627339790043819
2.6264328467789255
2.625411568365143
2.6244475752883485
2.623470004110132
2.6225449572029174
2.621578839582723
2.6205336235447794
2.619517912849502
2.6186105472748444
2.6177066496432566
2.6167680624307774
2.615917384111814
2.6151590108214817
2.6143868968679786
2.6137473125760042
2.6131622487818724
2.6125933466468894
2.612014834869089
2.6114584406552748
2.61095393409488
2.61049712104597
2.6100342301490187
2.6096329662993316
2.6092344467468127
2.6088634594967495
2.6085137925887194
2.608167844704779
2.6078531254283988
2.6075181238697027
2.6071671274938577
2.6068300638220414
2.606508644605073
2.606189944750934
2.6058908699416587
2.605614968550327
2.605326730827014
2.605063142355929
2.604779798782701
2.6045224920149757
2.6042812493496506
2.6040539326300536
2.6038078034154077
2.603562124464455
2.6032758399004443
2.602979122128777
2.6027032655377536
2.6024290533039762
2.6021565794942774
2.6018670217617714
2.6015716634341954
2.601311476636691
2.6010478313680085
2.6007929588383885
2.600556920803637
2.6003029845673513
2.6000200063446037
2.5997636006644065
2.5995098931410787
2.5992839394076164
2.599071902348089
2.5988305217003838
2.5986407963231954
2.598445198474062
2.5982376825375635
2.598043030906669
2.5978484336376244
