13.001556989701282
12.050393672050706
11.495465511878388
11.183728995563548
10.969050633103015
10.428863515309462
9.415022220503843
8.493687353492897
8.106748526402622
7.956637275283729
7.792862906972676
7.661581868356077
7.518466319030097
7.358228294417017
7.274810968422731
7.148882789698273
7.0101397972038395
6.923224634575771
6.879319628473553
6.43352866346914
5.215211314396559
4.483135130618276
4.02395307896326
3.7245191592129245
3.515931074811405
3.3919339665422976
3.301946665712787
3.231751363002008
3.1803416626732828
3.136124081397984
3.1027135388109484
3.0727522844774295
3.049158597300626
3.030177616438907
3.0125133808928313
2.997986187148472
2.985207371688805
2.9743876148591957
2.965158486208974
2.9568776561494117
2.9488914577742698
2.941530010039304
2.933652819935441
2.9263558867301125
2.919711745478647
2.913258466049971
2.9071468134586347
2.900970064752629
2.8935851413111466
2.886200523803737
2.8782635666293865
2.869907241968905
2.861631791359189
2.8531648939664294
2.845977090834654
2.839004997853918
2.831942268554725
2.825138796533113
2.818569788023705
2.812259416592706
2.8067017564837187
2.8009685709291894
2.7962080614001943
2.791370289960284
2.7870886578102603
2.783096583342881
2.7790658262242234
2.775092685064978
2.7712328262524313
2.7680008197135457
2.764517943440299
2.761443340424231
2.7587887559832076
2.755935975614415
2.753369700708726
2.7502837910871527
2.7474634020959225
2.7449375212231333
2.7427833302423297
2.7408837687897956
2.739223574390614
2.7377561811867004
2.736291012354343
2.7349040257035657
2.733671993561302
2.7325127592387073
2.731551545931085
2.7305769893716203
2.7296374058264607
2.7287795560141666
2.728013497269865
2.727297716729712
2.7266389760284095
2.7259258362089316
2.7251803408706223
2.7244428827781437
2.7238405488021744
2.722993503824452
2.722178621407231
2.721364542273861
2.720590541072675
2.7197754059048576
2.7190441722110155
2.718247764708366
2.7174250764162284
2.7166686421674218
2.7159258183109696
2.715183197069871
2.7145098327387176
2.71383896380795
2.712958887370042
2.7121262589318462
2.7113779383703873
2.7106217691816346
2.7098698112472537
2.709175419186767
2.7084400263326147
2.707755432213526
2.7071116565821605
2.706511823552238
2.705960924746651
2.7054082632124814
2.704829614994157
2.7042530724705287
2.703714235446256
2.7031997018646434
2.7027728639101856
2.702335417800832
2.701886701558207
2.701439695943571
2.7009557699362183
2.7004015875282947
2.699833788050599
2.699289789648681
2.6987920927826448
2.6982985563763844
2.69774508785431
2.697127879281096
2.696504173299852
2.6959344833669743
2.6954165294513244
2.6949194756427532
2.6944281769657072
2.6938864477177997
2.6934412337065403
2.692912277198083
2.6924425489484864
2.691898155005294
2.6913553259279785
2.6908632102946175
2.6903300836053683
2.6897923597777957
2.6892930356739857
2.6886665562163303
2.687938702654086
2.687213071044958
2.686496106920008
2.6858408030812644
2.685151104922488
2.684435811086413
2.6836769203624122
2.6828110478018328
2.6818725815039643
2.6807088431177775
2.679457685446203
2.678318320141246
2.677082004213154
2.675886940685599
2.6748165045005265
2.6739137205718464
2.673024881939414
2.672084912154112
2.671030275510123
2.670013466048701
2.6688677600609223
2.6678137722335364
2.6667167041659745
2.6655331302528698
2.664318905231595
2.663142618496444
2.6621573586354295
2.6611660875879775
2.6602567860140045
2.6590446414610387
2.6577201528788876
2.6565396795429645
2.6552613451979745
2.65394247797056
2.6526225934354466
2.651242948436284
2.6499049785262354
2.6484942322202354
2.6472525865780048
2.6458052427097662
2.6449700148305304
2.643953442317547
2.6436833372897546
2.643634265198563
2.642972146073866
2.639775364746013
2.6367518943216375
2.6339361768241236
2.631529935405066
2.6294254688273924
2.6268521830753517
2.624502301601483
2.6223632757544637
2.6203701490882656
2.6185874985109336
2.6167067696592294
2.6148315725683107
2.612782370870814
2.6086451069811547
2.604729306934031
2.6019444801106655
2.6005528402087084
2.599862774726331
2.5991602141268535
2.598527580284143
2.5970475210572195
2.591955596915568
2.590822672140103
2.5907171161850693
2.5904556088552146
2.5903379727786033
2.5902707155759988
2.590230358411165
