13.201958373780995
12.888624724222243
12.569731236451737
12.041345422424385
10.89444610561659
8.97639352780456
7.467170303563343
7.334126208407664
7.3080279323492014
7.267084486401494
7.207976841878256
7.074157595645843
6.78598137472741
5.887826551982883
4.911159454061133
4.282138838947754
3.791671226014069
3.395742944767635
3.049855405475201
2.763325894171122
2.5334864393284384
2.3651320606693167
2.2037109660626095
2.0713969429836316
1.9535790900357686
1.8427924192432616
1.7485371957542206
1.6731963642915098
1.6152421901621032
1.5683209037809274
1.5308380442839153
1.4958623090268883
1.4407095445119333
1.3743363955775951
1.305386656217662
1.2442141660350376
1.1883156037527858
1.1386504825595658
1.093858065027173
1.056470902538491
1.02312886637485
0.9934318246802833
0.9667692785505198
0.9436484924549182
0.9221831561185523
0.9025158818960186
0.8816542943559096
0.8631701698636141
0.8457415163484274
0.8295674118395553
0.8153275992551894
0.8016107193242004
0.7889498682158527
0.7765905435019542
0.7646577885733761
0.7534701394272787
0.7452913109664108
0.7368803880177586
0.728728889238571
0.72157381199266
0.7144551333884595
0.7070047762065546
0.7012798220818848
0.6958213205396513
0.6894017530167389
0.6842772061687894
0.6795193172658411
0.6748260522003253
0.6706178729467069
0.6667119713110488
0.6627823111844187
0.6588822168439883
0.654619744044389
0.6502638251361255
0.6461153442705472
0.6423777090962108
0.6388412122709761
0.6352780181056428
0.6320697657338394
0.628867405485261
0.6259754333226422
0.6230735398958993
0.6201988277330122
0.6176554396376845
0.6148591265994314
0.6124324854495935
0.6097911972429007
0.6074340236056264
0.6056757570359439
0.6036225469748224
0.6014883611462398
0.5985197582204593
0.595616307003886
0.593154400887534
0.5906392207677937
0.5883732975836038
0.5860168957652698
0.5834755914975034
0.5809457296986889
0.5786200571422002
0.5759853802764425
0.5735189717222653
0.5709896713485643
0.5683828158762365
0.5659757786894568
0.5635433542799664
0.5613385605056358
0.5588528210686761
0.5567127364087145
0.5542343749190479
0.551568016020056
0.5487952091020958
0.5461093132353589
0.5433680811675199
0.541720237971516
0.5400610204347105
0.5383727317474563
0.5367119510655662
0.5349258082304331
0.533202420834824
0.5315454408775437
0.5300506652113759
0.5284165917687602
0.5265695760832063
0.5235327704390134
0.5225366747112083
0.5190212643106422
0.5173628610860295
0.5163700251681727
0.5155415927835652
0.5148549706048469
0.5134344727906246
0.5109263533706097
0.5083002360350113
0.5054973595398096
0.5028256056205134
0.5006834781421823
0.498328330588655
0.4963413377998407
0.4942018121417773
0.4922466857544423
0.4898897431840661
0.48775106083069275
0.48568400441765647
0.48370323637923995
0.482027421197885
0.48046909300970686
0.47890113026397696
0.4774459109262068
0.476096766710854
0.4749382588372786
0.4739238546468654
0.4729504342164885
0.4720320537849165
0.4711161108988522
0.4702985961903172
0.46949640196203646
0.46844627310860165
0.4676081167796813
0.46681157909037463
0.46603733740006614
0.46511416454640475
0.4641160880121298
0.4632091027094116
0.46221050046100665
0.4613715212113121
0.460365150422847
0.45941371771060346
0.45849231521293987
0.45754588668178364
0.4567046855326584
0.4557820945615214
0.45471301619842297
0.4537727278025878
0.45279342428042657
0.45192374967457827
0.4511498701989263
0.45031228142184876
0.44953554940345963
0.44875592207502546
0.44788010431469427
0.44693822297874597
0.44596346600895664
0.4448206423706065
0.4438015786002447
0.4427731534688073
0.44162411518241207
0.44057107350019376
0.4394511961333736
0.4384911663825246
0.4372703003931626
0.43614647933266504
0.4351442168663411
0.4342973919569362
0.4333242324362754
0.4322487449762056
0.43133635224800493
0.4305456436135495
0.4298521027888045
0.4292098724141695
0.42863788919689405
0.4280654457928712
0.42753226540362643
0.4266971317282593
0.4260775399418435
0.42548233291459514
0.42423421048546484
0.4210358064697699
0.4161295365226625
0.4091352512625086
0.40569156189482936
0.40168468959245374
0.3981159876086995
0.39529980270234333
0.3932863904099717
0.3913694112862407
0.38756682500932094
0.37631354333098255
0.36826195085118574
0.3636247366228167
0.35963442151348346
0.35546425504093193
0.35081788373827916
0.34613646487787
0.3399907246002689
0.33470419941428187
0.3309399301097127
0.3281121212408733
0.32567031061509866
0.32356471264101394
0.32136325367530283
0.319160153221576
0.3172033583410272
0.3152710435898145
0.31357921318591586
0.31195351710195585
0.31028822906840947
0.30857907206834145
0.30689318683704414
0.30519606052510717
0.30360323859141136
0.30212893530156926
0.300671322442593
0.2991927787695987
0.29775372154077306
0.2962850559174868
0.2949193140964095
0.29362366359144776
0.292313675983471
0.29117330840631794
0.2899910668530534
0.28891566698854376
0.2881338774369535
0.28743975309200387
0.28678405256181705
0.28623224774595535
0.2856923104066027
0.28518464233744734
0.28474743405584224
0.28433492642840097
0.2838996579095783
0.2834966117048001
0.2831414839823676
0.2827851539764197
0.28245495002108356
0.2821372359603451
0.2818373318852858
0.2815319054595866
0.2812422981790048
0.28097058644680395
0.2807201233173018
0.2804878694897823
0.2802551432630844
0.2800030344001003
0.27976488052518356
0.2795301465245146
0.27930171133060977
0.2790896578901645
0.2788691067653124
0.2786657872607563
0.27847234640900265
0.27828101579498377
0.2780884534170669
0.27791189716731246
