13.201221573645709
12.895216822239743
12.599910022595367
12.029973362231964
10.792444495731294
8.980676338506246
7.554638095443771
7.335832235763952
7.311439267477802
7.273879334062048
7.219005193687423
7.127945148911174
6.9111033745102795
6.2211562822294155
5.25453244291638
4.531014982635018
3.981928529836317
3.538877922255823
3.180571287808725
2.907814829120886
2.6560844525359633
2.4523019854863524
2.289849168617768
2.1400658375950714
2.0091258351106145
1.8977718791312181
1.8066064080131152
1.723640757421836
1.6573921549322916
1.603608483256595
1.5584101622296052
1.5200501110950757
1.4764974649037832
1.426471470727531
1.3676854431004966
1.3114184693875295
1.26174354450432
1.2190945113378202
1.1781585346938206
1.1392729055408397
1.0975276962217304
1.060299610649312
1.0272645745632198
0.9977207571256113
0.9703090122689622
0.945581250838825
0.9176095079373434
0.8925792433721025
0.8678628326420545
0.8476108982032287
0.8272649671087109
0.8107156033470844
0.7943888625047268
0.7798994483833228
0.7660162795119163
0.753463800382483
0.7422585609439967
0.7322686402333307
0.7232717228210772
0.7152423458007009
0.7070095721237868
0.6996933109530108
0.6938163325297584
0.687527585538553
0.6820629573448924
0.6774186531031869
0.6725362118321829
0.6681237855313569
0.6637575316317417
0.660199565318373
0.6563698626186403
0.6529395373340448
0.6497526898484276
0.6471880639029992
0.6445674924312303
0.6420326423532075
0.6397018682883893
0.6371087131354631
0.6349939195683589
0.6333145511665723
0.6313996448620625
0.6299079561183323
0.628401621640819
0.6265432915073292
0.6250414792660841
0.6237055028933502
0.6221474171955332
0.6207602014430114
0.619285309916882
0.6178867978211162
0.6165405716965546
0.6153499499974284
0.6140400280817158
0.613007406730107
0.6116722353198805
0.6100259511289696
0.6086219541780373
0.6068335707971224
0.6050488160301208
0.6032566471877372
0.6013939354361009
0.5994633635071587
0.5975262453420784
0.595688008056042
0.5939692223610571
0.5919302423354615
0.5904207511323687
0.5889708743464155
0.5871092634354298
0.5854938564952619
0.5839556225116089
0.5822798176904183
0.5810047558524962
0.5794164581521839
0.5777945999617868
0.576427261974211
0.5751210370270599
0.573744938852176
0.5721435465524456
0.570944248819413
0.5696703206751756
0.5684129332264121
0.567327023346631
0.5661773018625214
0.5648822794666843
0.5635144721141341
0.5620929531065002
0.560929233962498
0.5597783392766882
0.5585484379884598
0.5573765698827984
0.5561583368458693
0.5550711844131015
0.554076018915783
0.553182143709793
0.5521423943004322
0.5512205948235245
0.5502000401625562
0.5493314120916315
0.5485561398812804
0.5478254296705849
0.5471180677876752
0.5464141989725606
0.5456555039359969
0.5449064743189425
0.5440668801220152
0.5432856101505905
0.542513747972249
0.5416787466032407
0.5409461250411454
0.540119294146379
0.5392920334251432
0.5384922956401894
0.5377460900021855
0.5368524780134294
0.5360196089781999
0.5351682435125698
0.5343187421929425
0.5335532956631344
0.5328206251205394
0.531847690672441
0.5308803224183833
0.5300426673603935
0.5291577421007911
0.5282082516778379
0.5271771958739633
0.526128917309638
0.5250801190814727
0.5241409593555098
0.5231284871874795
0.5222090919956335
0.5210640349622873
0.5199960777809549
0.5190200395900932
0.5182418629210845
0.5174413372520066
0.5168179188861597
0.5162466359471001
0.5153949852163189
0.5143170340313317
0.5117326950149463
0.5089559553139162
0.5062473807809154
0.5035482026545441
0.5013895038041465
0.49905783492560474
0.4964818526085226
0.4936162090979126
0.4911555362230624
0.4874943945640231
0.4832385679348432
0.4809891341588104
0.47816585985820215
0.4754074611546031
0.4728157626963938
0.47057856552762
0.469319057232501
0.4682294056173921
0.46715849863972014
0.46616239297288864
0.4651254402320948
0.4640259692304394
0.46297633509221203
0.4617716457427221
0.4607188351467659
0.45958435810041376
0.45863510667459373
0.45756070325390663
0.4564546374102969
0.45545528580894157
0.4543946942157131
0.45324346559947504
0.4522453089967131
0.45111118013548523
0.45010761728870907
0.44914946369798336
0.44813460428315555
0.44704373807131415
0.44604072478445644
0.445139105962153
0.4435256239712295
0.4420505195796709
0.4405765690174208
0.43873078427478074
0.43719523095567236
0.43557009132999447
0.43413815619271734
0.4328465139642663
0.4316784452929836
0.43050208326913886
0.42918523175907275
0.42672301469423424
0.42412628227649307
0.4206819686702481
0.4166142479443389
0.41230028561803156
0.4081213185036203
0.4040888616343361
0.39883290292316076
0.39289007572742296
0.3887521216481957
0.3847321498072276
0.3791972624715898
0.37775966598600874
0.376874403208852
0.37572733396278224
0.37412699860950926
0.3722388095602014
0.36965201108597956
0.366813320789908
0.3634952639281117
0.3606820526279382
0.3580765057019688
0.3503077365850782
0.34121488575455405
0.3345893313388242
0.3211157390545756
0.30709948280791544
0.30485097239411996
0.3039333240036486
0.301973058065518
0.30064091370251944
0.299521403731152
0.29832045522408457
0.29636028910085166
0.2945245126722389
0.29318004967915545
0.2916721641273945
0.2903160729984826
0.2891549915780587
0.288305586759968
0.28750850903958813
0.2868368620724322
0.28617314980739117
0.28563213527037856
0.28511980919267366
0.28473153666338824
0.2843280656271272
0.283966959944153
0.28361881405818146
0.28332542103724556
0.2830591536086011
0.28279583723241064
0.28258708051377734
0.28236205619469956
0.28216536374151513
0.2819836221262939
0.2818196198217109
