13.200510122420782
12.884450788756759
12.564452327287682
11.996232870532593
10.60049841181401
8.749221819134702
7.397884242287002
7.332152805360824
7.2996036902629555
7.247283292795508
7.167841769970625
6.992683522854289
6.505326003113046
5.603748013349993
4.820275310551615
4.251401991895317
3.770400066808059
3.3871327528132893
3.0611661358801934
2.790070233564066
2.559769251554293
2.3772741905944725
2.21876540158266
2.0768256669339147
1.9621271805332396
1.8503082627377996
1.7556372525248154
1.6820518819661245
1.6220774229963242
1.574249068517843
1.532760989886068
1.4838752019290657
1.4209021671059574
1.3418783354523587
1.2705514096642982
1.207682702416709
1.1510715192363108
1.1022210465912758
1.0606716573872532
1.0258910774808472
0.9908406294104033
0.963143279557201
0.9350823614346737
0.9099620963238042
0.8865877619873368
0.8669238846413423
0.8496103125749297
0.8320130566570905
0.8160823265740618
0.8002413295820361
0.7862647519420207
0.7752074840942322
0.7648567958234667
0.7544644420907831
0.7396739607935032
0.7266890900745331
0.7155368430552418
0.7050063653096874
0.6954645020546453
0.686632646404493
0.6779015828054247
0.670187948841467
0.66331686524462
0.6571157720942598
0.6517455755767276
0.6460062980792971
0.6408226730517281
0.635911443652061
0.6292387904447097
0.6256058316791915
0.6216926893281052
0.6179054819839145
0.6142674309387441
0.6112672635599505
0.6084501668738547
0.6055772346121131
0.602528227634906
0.6001852990805263
0.5982114650377914
0.5961398174037527
0.5943916118150119
0.5925010489046958
0.5909075096162653
0.5891995775868537
0.5874447921792578
0.5857624358045266
0.5838113003641716
0.5822481861410704
0.5805284363178576
0.5787647665682885
0.5772150478289273
0.575633149412413
0.5741753417021567
0.5727110606001844
0.5711932822369699
0.5700384911536611
0.5688093063271564
0.5675602530137009
0.566126350284053
0.5649423534640361
0.5635686191033198
0.5622745860787353
0.5609361490542462
0.5597542889803089
0.5582222600508828
0.556715452735796
0.5553844386080922
0.5538592765485246
0.5521730213535854
0.5504032640424033
0.5486664529405303
0.5468758306863055
0.5452475579842977
0.5438415930519866
0.5424940983563387
0.5408852241515518
0.5393149331797584
0.5378230415323495
0.5362316944072036
0.5347251620146416
0.5332235302244515
0.5316812631030308
0.5302975942702517
0.5289612934689316
0.5273903684895371
0.5259024282936302
0.5245406527693852
0.5228698867435799
0.5212708656215952
0.5191275273742324
0.5171948862654263
0.5150025180207578
0.5108667289109334
0.507283298223312
0.5032916736610069
0.4998533026431815
0.4963646587975763
0.48923599379218174
0.4832337309778678
0.4790128165973382
0.4758053038046084
0.47340631510542686
0.4716563431499319
0.46836710638782897
0.4646969275769761
0.46079756425722707
0.45753690529778623
0.45475921166599864
0.4520989686038508
0.4502326605178055
0.4487083983479927
0.4476726541597804
0.4469499049785641
0.44642627464638274
0.44603908550582094
0.4457234560157133
0.4454714204525043
0.44518391342435404
0.4448478228383541
0.4444574220209887
0.44423108960520885
0.4439798762382292
0.4436867521254051
0.4427955415147551
0.4414726662946489
0.43964641496386925
0.4376366083159553
0.4359901732623168
0.4348162129798938
0.4337756827396877
0.43289494789505056
0.43223694486903597
0.43174985209384253
0.43129469406398524
0.4308292851389881
0.430319932850991
0.4298822688489494
0.4293855310277399
0.428850872301088
0.428260820451956
0.4277635643457689
0.4272318776328081
0.4267142155711401
0.4260107104835926
0.4254371382829998
0.4248484734108766
0.4242506436738367
0.423726123260753
0.4231015363471604
0.4224381691833603
0.42183382443991935
0.4212308834491889
0.4191068588777771
0.4152052431228572
0.41377250334022264
0.4120273989242591
0.41001998530230654
0.40678249921286547
0.40082347520626627
0.39547562280133963
0.39046882001445127
0.38613163902467207
0.38169324578029507
0.3773231581547476
0.37382208841738507
0.3705948647155015
0.36806266591130044
0.36528446075438836
0.3630087902459831
0.3610268505329808
0.35937320851660903
0.3577265548751747
0.3562961803634579
0.3542812905574326
0.35226210159274274
0.35029853770294217
0.349362728396005
0.3484336809698956
0.34557582733830117
0.3432356390896887
0.33912978701376506
0.3330235913566142
0.32945037823205414
0.32926549548623285
0.3292425647972159
0.3291539645753927
0.3282102091565422
0.3267367786566284
0.32529562559769776
0.32311116554992925
0.32084172684544576
0.3194410266362553
0.31801449922564284
0.3169089052763576
0.3153582128350667
0.3136581489716539
0.31192017677994244
0.3080570769683808
0.3043644363249358
0.30151741892901995
0.2991872364360777
0.29786662100535377
0.296883706110723
0.2953744227775337
0.29393477072804863
0.2924863788850889
0.29117899480754694
0.2901050169763497
0.28895918247613483
0.2881441293064988
0.2873033992400176
0.28653474853308136
0.2858337204122794
0.2851721182853417
0.2847377227519772
0.2841765359690198
0.2836846061785927
0.28322841893840334
0.2827954558446777
0.28242896762574077
0.28206912850585475
0.2817372766355408
0.28140753920199124
0.2811135026790872
0.28082187047660234
0.28055387399912846
0.28028368990280583
0.28005650684755423
0.27986586568717176
0.2796785990659041
0.27948696052722255
0.2793188788228287
