13.200027749550793
12.876671443799594
12.566932627366054
11.991474214976435
10.69088710262916
8.738050570339716
7.4090145831937555
7.330984964363221
7.2979352443229
7.253017629740409
7.176777276533258
6.991491755862047
6.427900394185656
5.422399034488979
4.621539835188418
4.0601206093795845
3.5526214579579207
3.154054685283846
2.804995959185752
2.5235199668444803
2.3059955229468008
2.137393204562695
1.9978411932205153
1.8773689625538807
1.7856531475130613
1.7001731800544047
1.6390307718044612
1.589297523988007
1.5457755586508455
1.5098300179021305
1.463662763086388
1.4057217607699144
1.3342925861155166
1.267209113361246
1.2196245569300075
1.1759341654983881
1.131359400469929
1.0967365317459095
1.0655194451561094
1.0381961996860483
1.012007831975418
0.9894073341294423
0.9636108084482542
0.9394348411448457
0.9153314209833914
0.8947755104857418
0.8748100977567921
0.8556459335449
0.8390873363240674
0.8225207293632586
0.8070380665558785
0.793915492230937
0.7811486434437356
0.7690457136734752
0.7585234226740702
0.7486870293605508
0.739368270417196
0.7313860188191423
0.7205947618183624
0.7108221030698161
0.7016497531183381
0.6922310551981852
0.6840839262377649
0.6756124088683109
0.6686054501235308
0.6614615803392407
0.6552115857495133
0.6496480961775566
0.6443642331896786
0.6369824654032472
0.6290179418090727
0.6219075038442101
0.6152938071186362
0.6081260361022292
0.6012588349181707
0.5946390564458959
0.589377935678165
0.5846374054543437
0.5798562801641252
0.5782446261034968
0.5762364994778011
0.5745135322885018
0.5728436320195787
0.5711641843297439
0.5693106444836671
0.5676193842816684
0.5659217055471961
0.5642211294841193
0.5626699326168376
0.561198978203775
0.560015409758817
0.5584428047955043
0.5568812377658938
0.5552980614171883
0.5538481764985592
0.5523249000927377
0.5507871627881489
0.5484724008830657
0.546461078653997
0.5439731585822383
0.5416554300905343
0.5393242422632083
0.536444177152859
0.5337172371576653
0.5310029708476245
0.5284045200753784
0.5259053468604291
0.5232286478757349
0.5203495737079269
0.5179262333501526
0.5145745408897469
0.5111363847294763
0.5071425827836498
0.503617801820452
0.5005309917820941
0.49761228852181993
0.49458811018807314
0.49157012967132907
0.48895223682259736
0.48601986450806667
0.4827586767679488
0.4794321999891906
0.4758146619055168
0.4723776148595711
0.4694801943640625
0.46622775488588886
0.4629150534854931
0.4597282401609508
0.4571458652062903
0.45478374646279285
0.4519057163412574
0.44923606521026205
0.44698010848304026
0.444803803482146
0.44275507643948675
0.44056262260953094
0.4388227522104362
0.43665939704502676
0.434571813779125
0.43232787219725566
0.4304606980873329
0.42792695496479816
0.42558475614474833
0.4233968024064856
0.4211886750235152
0.41842628156518735
0.41504510491070334
0.4114624792092618
0.40851461002059786
0.40591087089858746
0.4030156751278655
0.3987448870530761
0.39345609715567686
0.3901543236053673
0.3849030761130692
0.37829939854635075
0.3721793567067593
0.36934356556305126
0.36620310585522287
0.36415238259694505
0.36214275539454466
0.3598685548752574
0.3557510911535928
0.3519350121032119
0.3472467143964
0.3436136981975526
0.3393953686772351
0.33510879775261326
0.3312822331337646
0.3251963039811496
0.3215096667991517
0.31869606701227937
0.31667009614709585
0.31461121703406736
0.3123667657333504
0.31027562700310174
0.3084195177173745
0.3066779122573271
0.3050828639088472
0.3034281454974552
0.30205449186163147
0.300950578712305
0.2998498572668922
0.2988548359743115
0.297994691009265
0.2969366434440772
0.2958763970174765
0.29497437803422866
0.29408655764419755
0.29325680698231427
0.29247805204631305
0.29164288374322656
0.29090482644242677
0.290195891960666
0.2894911879716284
0.2887920086182998
0.28810544395404225
0.2874521070352616
0.28690121471941765
0.28634183927166745
0.28578702039528636
0.28524239335849266
0.2847422036777525
0.2842966500386188
0.28391555674612956
0.28353225796266646
0.2831587762336776
0.2828290612668054
0.28253271524906864
0.28223137273829924
0.28193694679768466
0.28166578097477846
0.28137693943434705
0.281106526166897
0.2808504126909286
0.2806147314081944
0.2803797443309195
0.28015010290568476
0.2799324095976008
0.27972531367014764
0.279527132738397
0.2793378587826538
0.2791687646303034
