8.471167195494985e-16
5.899410710384207e-13
4.009381491454075e-12
5.530012138930047e-13
2.7145615020470335e-12
1.9710783341745058e-14
1.637506798509551e-13
5.696706220239238e-14
1.2569100475387904e-13
2.1981220678092922e-13
9.0401313222418e-13
1.9034551518231487e-10
4.560187679360608e-13
1.938542745683741e-11
4.803518179175754e-14
1.6352657829327213e-14
2.8239877797273383e-12
2.8275208986230818e-11
5.089438026933007e-12
1.8708490112637372e-13
2.974704539267251e-15
8.022663544241543e-12
8.502531747387164e-14
2.64433334760839e-14
3.0005995301980074e-14
1.339018418636147e-11
4.1854507576494696e-12
3.014723036867869e-16
1.174631065751957e-14
2.65859829990225e-11
2.905244443010642e-14
1.945896332605477e-14
4.095284364314585e-15
2.1007479010317433e-16
4.3234533135117527e-16
5.5168480470766014e-15
9.530779132502656e-17
3.948631583237057e-13
2.344365171835998e-13
4.3533965103205736e-16
1.736650153329757e-13
2.6929401486124622e-15
1.4910097658395729e-12
2.6553597570850813e-16
3.6098192211299566e-15
2.09856552789775e-17
2.3574695668499832e-14
8.000595221951778e-15
7.18487432819944e-14
7.302183588101372e-17
4.539054289022246e-13
1.8854796211475456e-14
1.1761800879030794e-14
1.0735293752630446e-13
5.831145855622957e-14
9.83727215878028e-15
4.9498702808326466e-17
3.4378325315584957e-15
5.747059141753022e-13
1.5703395007085613e-15
1.5423479021476345e-12
1.8917353291234285e-14
1.570428661031233e-16
2.575878612515975e-13
9.423181149561885e-14
2.443099207099919e-15
2.1398731651406683e-12
2.0408537455033526e-15
6.382279394181822e-15
2.1615402728204136e-13
7.292581969164888e-14
3.913363539393921e-15
3.2879394334115514e-13
4.775914712334106e-14
2.587335075960012e-16
5.448669773557204e-15
3.1866662109432213e-14
3.9952714313618323e-14
1.4273033281991923e-13
7.46770428888264e-17
7.876885478103945e-16
7.020315527305289e-15
6.179353335187498e-16
1.9834270864778618e-13
4.113991488810661e-16
5.304977930064768e-15
2.6324640814407818e-14
2.0268559239389024e-13
9.201067361168524e-15
1.7881596988706928e-11
1.4193227896908024e-13
2.2174600829793524e-15
2.7100339579988638e-12
6.576653115761661e-12
2.022720261569193e-15
3.4746044267151537e-15
1.4932719504986797e-12
4.806293766530348e-13
2.867639482732659e-15
4.294183694266814e-17
8.10902739665862e-13
3.705641185041083e-14
1.797989101997023e-16
1.3757638284736503e-14
7.707467089821828e-18
1.3072288123864025e-13
5.453537150357945e-15
4.0930950046098234e-16
1.2315605206541887e-13
1.9285128431613025e-11
6.477728747410234e-12
1.3415064479427216e-13
2.4778299687125e-10
1.1897596612150366e-13
1.2764477093487952e-11
1.5114274062969397e-12
1.1295903684918539e-12
1.2097255865633694e-12
1.9166645971610283e-15
9.021629571833283e-14
4.388245424445943e-15
1.4080832001581002e-13
4.3260122031981885e-11
3.803861831538551e-12
1.5189436850396644e-14
1.6821001811192776e-14
9.545086079950725e-13
1.5581804780595214e-12
3.7381589123692155e-16
9.164588841018523e-13
8.74652964136505e-15
1.079703478051129e-12
4.414665723001946e-14
2.0864051077413854e-14
2.1191114117856345e-11
2.34217116142673e-13
2.3402422892051705e-16
8.813205817369372e-16
2.240203418014992e-13
7.124718279074584e-14
7.576089308359868e-14
1.1036102164731583e-15
8.120212294918811e-13
4.660334762333165e-15
6.439693252332514e-14
1.5726422638558685e-12
1.574080343188189e-15
1.7432792960280806e-14
3.8627690755932874e-13
4.6784194050858966e-14
3.153054026428453e-14
2.1464324379529596e-15
1.6589996124077902e-12
1.311246884501781e-13
1.8490664355034006e-13
2.414426900810026e-13
1.0229355982281267e-15
7.403058759423182e-14
1.0408991887179092e-14
1.952182788779126e-13
2.6177606236429856e-14
5.382266940541201e-12
9.846619135978019e-14
1.2712684236192212e-11
1.4500277937488354e-13
1.248103928867932e-12
6.40318763742748e-14
3.416040269262176e-14
3.0729862974557482e-15
7.5754964739807e-14
5.168829904420738e-12
1.7354379283923018e-12
9.97174576519177e-13
6.1796361767928145e-15
4.0626161125989945e-13
7.725014467415813e-13
8.687734110929286e-15
1.4648117870266284e-14
3.7095130120795076e-13
1.1402527756897143e-14
8.154890028630962e-14
4.450067401103008e-14
1.1894307379130736e-11
1.3038174724838824e-15
1.3412280481026497e-13
2.055363789942266e-12
2.0282061859043255e-11
4.9376986304605985e-14
6.463437376240534e-13
3.249679969271669e-13
2.059447321553895e-12
3.0766598084146856e-15
7.339564820277053e-16
3.7598863058135434e-14
1.2937741334266381e-14
6.922404690878054e-15
5.6285071706826663e-14
2.4678015022177954e-13
1.3496339483641965e-14
2.1207098899556897e-14
3.595078701359934e-16
6.443070144075014e-17
2.7064172309123113e-14
7.976998321837795e-13
6.84332056077551e-13
1.7295496569148438e-12
3.715742577054695e-14
4.5411437293765136e-14
4.424521364648014e-13
4.486796504347503e-12
3.77433382397063e-13
1.1093878170457366e-13
1.3666731349603158e-13
1.8375806587453894e-14
7.202585840691763e-14
1.0951345232409198e-13
8.895891472406185e-16
1.6148498415893191e-16
6.395526371819353e-13
4.612621168696746e-13
6.60471195432506e-15
6.683652076069181e-12
6.915219818747509e-14
5.168668943115648e-15
1.2741389840248802e-13
7.837061451896646e-13
9.19338594166177e-15
3.564098578200637e-14
1.4491938337271819e-15
1.6170359759235896e-12
3.4276247485415045e-14
3.3444089824815834e-13
4.6524471239695654e-14
2.1566380816612166e-16
3.0711718654421417e-12
3.3965404363510833e-15
6.39113097908879e-14
1.9570516133798294e-13
6.290045152704994e-15
7.192710931099724e-14
1.6820261680417255e-14
2.3046750004987344e-14
2.579994458693081e-13
1.3071470159203643e-13
3.8232178386979817e-14
3.684673795813106e-16
2.574850256250403e-12
5.814468455429598e-14
4.3297300503425447e-13
5.146894688399448e-12
1.601049411447181e-13
2.480570357365094e-14
6.925316320939043e-17
4.9552499068433784e-14
1.255839527707544e-11
1.7370964595474427e-14
2.380473889164229e-14
3.4208260710160363e-13
1.0011740570506728e-12
1.2668438376716268e-13
4.776201376893104e-14
3.756384757868038e-15
8.398965610436452e-13
5.182683608213434e-13
2.8295196888428376e-13
1.815673003642079e-14
9.398118931422922e-16
6.987397202027417e-15
3.5533006847081897e-13
2.5569617623132827e-11
3.88592412327698e-13
2.535999453507353e-16
4.740729572560919e-17
4.602455134722865e-16
9.304921913548081e-14
8.13353628411123e-13
9.645149883178801e-15
3.2202197933627353e-13
1.7304171377262983e-12
2.1010885121229735e-12
1.8716626845273982e-15
5.25313218713573e-13
4.4422985881478206e-14
4.2617321741153425e-15
2.0720969558623922e-15
1.1029206222296547e-12
1.879800756478565e-14
4.0468857863937274e-12
2.257570425507656e-14
1.3134661002147155e-14
4.5202156181207433e-13
2.287412328692607e-13
1.2179331127958461e-11
3.349258466235053e-14
3.272284244838744e-13
4.613847837751385e-17
7.627774513191042e-13
6.429222984784966e-16
4.469079798367282e-12
3.059162733183119e-15
3.784767751433396e-13
1.7808259850401414e-16
8.134840051059029e-15
6.803358793036297e-14
1.3527385282198678e-14
1.2552195933077324e-12
9.061474566937767e-13
2.104828339694582e-13
2.6065866552972605e-14
1.173065478060315e-11
1.1051277767749004e-13
2.740955373217462e-13
4.0020548341246594e-13
9.555973558694209e-14
3.165425428991502e-14
1.0104449244499422e-13
1.5402782874322934e-12
6.882744467300078e-12
9.770004547628363e-14
1.3146899000834742e-14
3.23596276207554e-11
4.5240585972046157e-13
1.7175287258975083e-16
1.164235838280328e-14
1.1802881193302352e-12
1.9567450614428947e-13
1.361554573048738e-13
2.192137159295822e-15
1.041856068003119e-12
1.0494718857022474e-17
1.8389049966788987e-12
2.886969165165564e-14
2.7570650643203907e-12
1.2240161327023999e-13
1.3866800947928892e-14
5.66377924292262e-13
3.060932077630223e-15
1.2062141668009127e-13
7.612954286513691e-13
3.230969197398024e-15
2.1000319778277293e-13
2.467304402666065e-13
2.661405569214346e-13
9.067389825314476e-14
9.31565321081761e-16
2.7101525092660876e-15
2.118562340311032e-14
1.21901479613082e-16
2.002520720628399e-15
6.688767588094309e-13
3.2345276172656494e-17
2.0635167863207084e-15
2.6716701543001544e-15
4.7176778662440625e-14
6.9866488194433784e-15
2.528616440655263e-12
3.254657433435938e-14
5.7501024602971244e-12
3.7517586486823714e-15
7.00380435194287e-16
1.7046473392768102e-13
1.7666984301751336e-15
1.082300358833826e-12
2.681584099524846e-13
3.733569449508927e-13
1.0603480229017777e-12
5.949678011742629e-18
4.711790552332174e-13
1.484006098883657e-12
4.4240546185548965e-15
2.3042609926895778e-17
5.243909145423839e-15
8.97993392107341e-14
6.013325817034084e-15
1.1446343920539895e-15
7.480353407119861e-16
1.422376271257671e-13
5.1447605974294387e-14
2.2194765304577563e-13
5.157187886969348e-13
4.386538998184756e-13
2.2844665822152646e-13
1.7055723218533642e-13
1.745698894272621e-15
6.941563782552948e-16
4.614111240570886e-14
1.645372311363708e-12
1.5391636451525465e-16
4.389665783975334e-14
7.118935268638902e-15
4.685667130073041e-13
3.5008039941320727e-14
7.969449538708992e-15
3.8630718798148974e-13
3.4000937222595324e-15
4.770477739403174e-13
9.39644462632727e-14
9.65473987413771e-18
1.8029721831969904e-14
1.8699121718253174e-14
2.1527130145308996e-13
2.498274539998375e-13
3.5682060964998576e-16
3.5572096974522407e-14
6.395295574183981e-14
8.438635243059423e-15
2.1383905853965975e-13
1.3205846714621861e-16
6.619762485311336e-14
1.0444497447551702e-12
6.581496602020474e-13
9.353767797716385e-14
2.989898836236681e-15
5.102571469743543e-14
1.1987172247620574e-16
3.727680796542539e-15
1.172955096513942e-12
6.871781002989831e-14
3.591709030371227e-14
4.728735919925898e-15
9.676044967208859e-14
7.530818045419881e-15
6.182084806568123e-13
2.2423364132280215e-13
3.4118160863920094e-12
6.314233936351295e-14
4.753532396050356e-14
3.610679155148931e-14
6.459379290077226e-14
5.27740756419391e-15
2.589621250702225e-14
4.683484618484833e-12
9.247605728109345e-13
4.4263326711303973e-13
1.0279353627048789e-13
3.602826321504364e-13
2.1122652904946205e-15
3.423855052598191e-14
1.213611224265201e-13
6.584481589363756e-13
1.5002261578486196e-13
2.5977712933713204e-16
8.952907802922916e-14
2.356806787843375e-16
3.059864554377932e-15
1.5674054657105506e-11
4.5185557655874656e-13
2.3146605691032965e-12
4.3317489037481894e-15
1.0074441655516371e-15
2.493802105892909e-14
5.720355464938908e-14
1.9877028683879013e-13
5.143571474183081e-13
7.314835524362408e-13
2.470626087845161e-13
3.836991095092798e-15
5.797464456592254e-13
8.842738719463014e-14
2.533320709227468e-13
1.5894253375496237e-13
1.0592643803292558e-13
9.369473169612979e-13
1.7540141881027308e-16
3.9691465462324794e-12
1.517391673170879e-14
3.03978958494973e-15
1.849893379322885e-12
5.034772602314272e-13
2.1357929176349347e-12
1.364339029894115e-13
2.7087962845735406e-14
1.764186059003735e-13
7.979658690077177e-14
5.307929552552002e-13
6.331992443191312e-14
2.0918791852256836e-12
1.248373305866055e-12
1.890977364505531e-13
7.923744419920125e-17
2.045645475684195e-14
4.0288949962386345e-11
3.0855677781409365e-12
1.3103690891758145e-12
4.6261035349359864e-15
2.0879857952266701e-13
8.213825726243263e-13
2.7404988500204255e-12
1.1442115273109109e-11
3.2759191050204356e-14
4.126647943605814e-14
6.227414231175716e-13
1.669529205618538e-14
8.619897097570953e-13
2.07883063764705e-12
4.844460102414392e-13
1.3478475745518807e-13
2.423842936495848e-13
3.170259990035041e-13
2.1544991073738465e-13
2.8540620338973866e-13
8.374776778973223e-16
3.529267279516132e-14
2.462375382070461e-12
6.9074042977052685e-15
1.6002455347803532e-11
6.7760799760083206e-12
1.2549033129807568e-13
2.7186460040743133e-12
3.607228600116633e-12
1.4652933463416583e-13
1.6831415632824203e-14
3.077605921854557e-12
7.661076204576502e-14
1.85085186203312e-12
9.257161468468271e-13
3.190968048985427e-14
2.9451416202176905e-13
1.3095638856378918e-16
2.0246341677827914e-12
8.431640108954428e-14
9.070757968141143e-16
5.55024765009403e-15
1.3513584818849571e-15
5.4548819965502044e-15
5.889576296546285e-16
2.7941505771213004e-15
4.638008434357253e-13
1.1483859969498128e-17
9.836794299286549e-17
3.640225810163558e-14
1.0147065726133837e-12
3.915380691911713e-13
7.622861235343335e-12
3.7487799065859245e-15
1.5114490419245817e-12
5.332078967222709e-16
1.0363619421513854e-12
7.315488975149672e-15
6.698421730303118e-16
3.0705466839857997e-13
1.0446542908702085e-12
2.0828953877860354e-12
1.3351615396435184e-15
7.758055259272501e-13
1.1118867217564251e-13
3.0886495213905376e-15
2.670893394429492e-13
4.333992743149717e-15
1.575821722152999e-13
2.1895808681291098e-13
6.139375963941829e-13
9.317691478630436e-13
4.753192970806815e-14
6.618547848835518e-13
1.16312754451118e-13
1.8665130245625295e-16
4.1685586910845743e-13
1.909336839625893e-15
7.386989017057261e-17
2.1418596943322273e-13
5.4310144362017436e-14
1.410052165288494e-15
6.851676610425831e-16
6.336040604880296e-13
5.689751923058645e-16
1.2540981639509188e-12
4.467884130196082e-12
3.6488125885913285e-15
4.1340813086713146e-14
1.0127484593455089e-11
7.338893351829823e-17
1.2332899968385317e-13
8.086764055701375e-14
1.5017849847017777e-14
3.443958072172519e-14
2.0350988571071596e-13
1.5044011184846683e-13
1.0254699181900022e-12
5.116650937325788e-13
2.9713196302379386e-15
9.177101403254555e-13
3.324222950363474e-15
9.425690128443709e-14
6.803814089380333e-15
1.1334728671620018e-13
3.984647726353798e-12
4.932655654760822e-13
5.695870809336545e-14
1.9855823647741538e-14
1.6040107876290818e-15
5.950264449935624e-15
6.689024192664851e-14
2.391250875147973e-13
1.10055567110591e-14
3.424636056866204e-13
3.4514148709065066e-16
6.208389661995018e-13
3.7015897750147114e-13
1.2890036613940472e-15
2.6243321850565986e-14
6.8887056397877505e-15
5.773312966396399e-13
5.047720197609235e-13
6.858094158824832e-16
3.32317014590955e-13
4.320748255730057e-13
1.2403509898033182e-14
1.098523308188673e-16
3.514335153318523e-13
8.587285879796252e-14
3.4040181727155925e-12
2.453948684120455e-13
2.130968757474023e-12
1.1002389783733075e-14
6.209591302758219e-12
9.501183651385933e-15
1.2180578863956434e-13
3.700711755567767e-14
7.109177524638503e-13
1.745552958670151e-12
6.314892543075153e-14
1.50661058527998e-15
1.5125258598437028e-12
7.091340232066229e-14
7.654521338409746e-12
5.067213282274879e-15
8.520059530370581e-14
1.1510181358767846e-15
1.0280585855319891e-13
2.8101884276903143e-14
2.893277045025089e-14
3.8393753720850216e-13
6.362834224708163e-14
1.9571224527745462e-14
9.3003293956093e-16
1.9933870069850126e-15
4.925519937650408e-17
6.298697594942548e-14
2.5140518628019495e-15
2.93827782603639e-13
2.4552315312706812e-12
1.8467894187553312e-16
7.155446342538023e-13
7.303895889330371e-13
8.278046808630969e-12
5.871463759135168e-13
3.0355256537609555e-16
7.9803351573186e-13
4.640155366792562e-13
4.1136758543162904e-13
2.8394636072161425e-14
3.5604101002914855e-13
5.373230977740114e-13
1.6336261871842885e-14
9.812896753353686e-15
1.1264553721385662e-15
5.733165377039308e-16
8.27440604703227e-13
1.3273826715033518e-14
2.8169203467330256e-15
2.2980985660632115e-13
1.1241388100525603e-13
2.4963145633254662e-14
5.006949277908489e-13
1.9621133273546733e-12
4.02273423270583e-14
2.994701899828589e-13
1.7264599986854832e-13
8.893595198215037e-16
6.062051767956622e-17
3.68318839388122e-14
5.363328864274721e-13
9.321561425521386e-13
1.585012588401964e-13
1.7289363644397625e-13
1.8843644840167243e-14
3.1724034693157537e-16
3.973543599817892e-13
1.6175462218797052e-15
6.845377621459056e-13
3.167902880780607e-16
2.400666585354723e-13
1.3577127473017338e-15
9.099241759302342e-12
1.2104803226420353e-14
1.7361434054941332e-15
7.848784542813844e-13
1.0873678911111295e-12
1.0102693092071462e-12
1.0336066032142477e-12
1.1254198907197387e-13
1.2777291664990786e-12
8.268818890940521e-15
1.9510676352765032e-15
7.692367110723092e-13
1.1281172231385775e-12
2.6371882418734954e-15
2.267154285979377e-12
5.890697127005639e-17
1.2370813320475797e-14
4.919039967047972e-13
3.873862184918021e-16
1.699244186478693e-14
1.560969636657332e-14
2.2140768007618233e-13
1.2550294543356794e-13
9.152709179691638e-16
7.990700630965232e-14
2.0842265670567207e-15
2.6825696176844984e-16
6.146038889326779e-13
1.2612788103149672e-15
4.07685221578511e-13
1.1490485467237238e-12
1.0519231538934883e-14
7.091515599922246e-14
4.5782248509297085e-15
1.4489508709459366e-12
8.709173687896573e-12
3.359584795432481e-13
7.699482374739556e-13
2.880916929637842e-13
2.0877590562694074e-14
1.0633102791261223e-12
1.728774935624209e-12
3.9539458993249904e-14
1.0923527528631653e-14
4.661105929967676e-16
3.0159047593272935e-13
8.476056366539525e-13
3.6125307301409475e-12
9.796887660122589e-13
1.0762835073463873e-15
1.1497518477950698e-12
2.228363473375059e-14
3.1116130318112187e-13
1.1798210466107187e-13
7.995402658548974e-15
1.8304693653663474e-13
9.793127561698507e-13
2.6505878080703077e-15
5.911631560692449e-13
2.732203418459627e-13
2.4742715198184702e-14
8.964942767692818e-14
5.218557681024118e-14
3.5358349731909263e-13
1.3707003095475398e-13
7.116479089560025e-14
4.794754352050653e-16
1.943713889290913e-15
7.528715616128694e-16
1.3598291111737298e-12
6.18530511593897e-14
3.889947004882708e-15
4.243713261171443e-12
3.5851363209208816e-14
6.137310154156524e-13
2.323055698820765e-16
3.320575937425541e-15
4.2606167881895175e-12
1.0570847259961193e-14
4.789664794243432e-15
1.5271911426012876e-12
2.5183512179774605e-14
2.9629402866380197e-12
1.5041476810163929e-15
1.642208364171773e-16
4.912576602219892e-14
2.0257946915903344e-13
2.3603630278392e-13
1.0677428858184813e-14
5.3946218504503066e-14
2.9090769375496806e-15
4.2771611010828087e-13
4.2256589742391995e-13
1.2968631252939977e-13
1.1803805057048904e-12
1.9394897479527457e-15
5.981112539904764e-13
1.2152361685104157e-14
1.818254950312425e-13
1.8286805564827397e-15
9.94422365645428e-13
1.7948940202876123e-15
2.973414428414478e-14
5.062708126416695e-14
8.182010918435308e-12
1.8301217879401308e-14
1.9111611320857254e-13
2.395367945217843e-16
8.110469155019882e-13
1.1672054808587104e-13
6.969501199567898e-14
1.5614974404435875e-14
2.0351042562359352e-14
1.4798178604059658e-15
3.228136586993977e-16
6.024493543165544e-14
3.5133262877579416e-12
1.8903556255719805e-13
2.5636043819922566e-14
8.783772644243257e-15
1.1456138311963938e-13
7.319464442135588e-14
3.923620611774286e-14
4.427908031504364e-14
5.708773219224445e-14
4.1371433454373226e-13
1.7077346762730943e-12
3.377305303605138e-14
6.681466823735837e-16
4.7223036980215774e-15
5.024957935964883e-15
5.742900577556823e-13
9.022870019339874e-12
1.8842995845217163e-15
7.451977372662038e-13
4.242295211046848e-13
2.7487292904041816e-12
6.877725468890761e-14
6.486423664924402e-17
5.863461371966207e-14
5.039656941959193e-13
1.8694571396706818e-13
5.035776733688958e-13
3.5018369366559218e-12
7.823234388216393e-14
3.5680430087031456e-15
1.487057227605633e-14
2.250144453477683e-12
7.620998306771945e-13
4.145326301237328e-14
2.2762446078649687e-13
5.048860203959209e-13
4.781441833949076e-15
2.611699581669137e-13
2.3299650099496383e-15
3.2496391571289174e-12
9.675602546157362e-14
1.7904891223663164e-13
4.831784453909142e-13
1.441186384148246e-15
3.4273882424029665e-13
2.8187812577661513e-12
1.9261707530173008e-14
4.399197492833807e-14
2.2363011780307655e-12
2.073056369981035e-12
8.371189156987983e-14
2.301357283548592e-14
3.607693162392562e-13
3.7565804824275265e-14
9.113968312619476e-13
4.043697781473796e-13
2.438724851561004e-13
3.2634871814064252e-15
2.0667208285515875e-16
2.2265545097237202e-15
2.9878879597938235e-13
5.74428422528843e-17
5.808667024082996e-14
1.6079651225925234e-13
2.1172012051865432e-13
4.977882883678775e-15
7.105823199678812e-14
8.193165641443902e-17
2.563893005266567e-13
4.664082966732564e-16
2.1155429419493936e-16
1.4927453004877843e-12
4.437953455413271e-15
5.358834042108231e-14
1.3277994946073027e-16
6.982863824888462e-15
3.2763834529999276e-15
1.8298064259300519e-13
1.523479948386808e-14
1.0642471740290646e-14
1.8249725470917384e-14
1.3341797852178618e-12
6.991699585232669e-16
2.921038558451263e-15
4.1779234246456106e-14
1.2270989480807738e-13
3.4160342169143647e-15
4.9300603980877995e-12
3.8778632704341854e-13
1.3604282285480421e-14
1.5773187679817504e-15
2.996827546428204e-13
2.2274130972600662e-14
1.4982782622991837e-15
1.469618576530771e-12
1.387408657938388e-12
6.170095206180657e-15
2.275825898168314e-17
6.082904908185955e-15
2.0740387021954709e-13
3.507470859463439e-13
1.323530484909811e-13
1.3975898643603226e-12
1.3919675114545012e-12
5.3155522065235593e-14
1.3453743339555737e-12
1.1805005578933006e-13
7.11675233078039e-14
5.731106707457715e-15
4.557628679727757e-12
1.1232317555051538e-13
1.2787908807318806e-13
1.391182415717796e-12
1.1476673176337674e-14
1.9544000270077187e-14
8.826209285597343e-14
9.575913619914826e-13
2.0709533882755782e-13
1.8562093613467165e-15
4.207143532432161e-14
4.379898233636466e-13
6.100606272697699e-15
3.2592116576229447e-13
7.006164217228879e-15
7.899085975774729e-16
7.537355565755639e-13
7.743344487719986e-15
1.3643729261317681e-12
9.68975916095434e-18
1.6109981682804326e-13
1.2038018421894349e-14
1.4752906465087513e-14
3.193102730011096e-16
1.2487403227305493e-13
5.517853454664378e-14
4.0738208485855845e-15
1.2989326954737392e-13
3.346699891229131e-14
2.949289007156632e-14
9.134864639275798e-13
2.2017051825264454e-13
1.4564423501211314e-14
2.445100534204084e-12
3.005676604851478e-14
1.2701227102581043e-14
4.338154010067273e-14
7.955735612978538e-14
1.3086941568445093e-12
6.762048567526522e-13
5.24544337658462e-14
8.227297252714992e-14
5.075960076373026e-13
1.8391089432337943e-14
1.4532979148738637e-15
4.1160582216397004e-13
2.537419905070357e-12
5.5131550915609e-12
8.259761380240366e-15
3.0280442090289644e-14
2.920543844566063e-13
8.264107684987042e-16
8.386122063182305e-15
1.74993626984557e-15
2.9887911212875083e-13
3.237109005003987e-14
3.3223474596617556e-14
1.7556213229081347e-13
8.02983383232375e-16
1.5632369927463331e-15
1.7290154449046082e-15
1.5631570936738355e-13
1.570494460734123e-15
5.873098584487077e-14
8.096894811095291e-16
5.512854165941614e-13
2.6395740908003574e-14
2.3689472746517757e-13
5.3790694901735606e-15
1.0826398150250868e-12
2.0526390234039294e-13
1.0200310492742774e-14
2.484469433725489e-14
2.4974787242256737e-13
6.443047379569737e-14
5.148542828960118e-13
1.1884890618173785e-13
2.4790101194706455e-14
3.634577112797849e-14
1.2159819255997445e-13
2.2319996093392584e-14
2.6344754372472384e-13
2.4443725627717776e-14
2.455493250428892e-16
3.775305273982726e-13
1.6416259512614335e-13
2.3575580414690633e-15
6.406930169574728e-14
1.713634956953252e-16
9.391238338058337e-15
3.149531655899844e-13
2.585482555460132e-13
2.3456264677172375e-17
6.079489268826833e-17
4.491431477384773e-12
5.636762286442322e-13
2.8986795834545603e-13
9.026787746904152e-14
1.2087337021691719e-12
1.270661841247997e-12
3.3941501274456895e-14
1.5708023662313765e-15
1.1125020607305461e-13
1.3782077066968544e-15
5.949786755921605e-15
9.445819746456306e-13
1.0817997207361688e-13
5.4758648397078465e-12
5.999900255419409e-13
1.7813760334710727e-13
2.492422550057951e-15
6.675966547925825e-16
1.27210733174021e-13
9.760096846306973e-13
9.368845412800532e-14
1.8246596700749106e-15
1.4372846965357766e-15
8.227623195486205e-13
2.005844273445788e-14
6.038344898264311e-14
6.858418141116352e-13
1.2105588583404714e-12
2.609578397634187e-15
1.888860883978781e-13
1.7756811078193026e-12
3.1295955358836625e-15
4.813797727040547e-13
1.998773661378595e-16
9.187783975106719e-15
6.35616592238402e-13
6.020919836336913e-13
4.82228525772384e-12
2.214891393230134e-15
8.864648829063783e-14
1.6128742393343576e-13
1.8968096288428564e-14
9.50228697905448e-13
2.5161368035504998e-14
1.459161248457582e-12
6.323874854955249e-14
2.6960920850298886e-13
2.8650627678700945e-14
4.61983939998513e-13
1.236037103368102e-13
2.0865779438644256e-13
4.7831911086295955e-14
4.167872279861003e-13
2.0944528070657488e-14
2.7008125177050913e-16
5.951659322687073e-13
1.4583221289507144e-12
1.663228635473912e-12
1.003337145026793e-12
4.068439286883524e-13
1.5499671345897493e-13
1.8222474422982083e-14
8.294267145075807e-13
1.272464924353216e-15
5.15600951801277e-15
4.163189556593818e-14
1.8249348398512526e-13
1.594914846298601e-15
1.4601209022691147e-11
3.8319241959472007e-13
3.4656008404182343e-15
1.6077851483558994e-15
3.588902992212336e-13
1.7560790474419427e-12
2.544209124441025e-13
1.420402475558595e-12
1.4040641343033558e-13
6.792843312443496e-13
2.368384828333478e-15
2.3414325352368697e-14
1.8887718112838823e-13
3.0497808155062143e-12
1.7050722437657523e-13
4.848468292631008e-12
3.178830015676291e-14
8.933025794924989e-15
5.4888386570929043e-14
2.001552994112982e-13
9.390479141545803e-15
6.361235955671679e-14
1.450778970106428e-13
2.6391337677531823e-13
7.895992834447667e-15
1.0893149783934618e-14
3.8993430998335056e-14
1.7736331684942914e-14
1.643225488470845e-14
7.804205840864284e-13
6.067916468443106e-14
2.9300249875545057e-15
6.259692923465471e-15
1.2862797152378637e-13
3.4943980693614714e-13
2.5116760874070374e-13
9.289113823464194e-15
1.1076530678579346e-15
2.7119878451184084e-13
9.97294196942368e-13
2.433960130792698e-13
5.3279996434435585e-14
4.3154617904086056e-14
3.0552337804835036e-13
8.981422961658656e-14
1.2863359069608968e-16
3.860925763589895e-14
2.4144746355324342e-14
9.149075296393792e-14
2.423967481228473e-15
3.4463730292795727e-15
1.8937483127740297e-13
1.1722150560879181e-11
6.692667725077746e-13
1.619961386775256e-14
4.983058486040989e-12
1.795415992806148e-14
6.385345984050048e-15
1.2802566166197673e-15
4.801831447023911e-12
7.30513580868025e-18
2.5965469972635486e-12
1.9479225804095744e-14
2.3954886958920092e-14
1.2721822961209567e-14
3.2086550337004895e-14
1.7744415664847133e-15
7.553879388157036e-13
6.3741127927009336e-15
2.341516126384316e-14
5.000078289278032e-14
2.6108491712671893e-13
1.9858295790578435e-12
3.7520616240825164e-13
1.8800153960150478e-12
5.092398663905573e-14
2.55633157431743e-16
4.460853533009641e-12
1.2100002915214412e-15
1.186271960286604e-13
8.448130856815273e-17
3.0770998067388574e-16
2.916179761557863e-13
4.655122350021979e-13
2.0004850812390482e-12
5.614929472389849e-15
1.648108838407516e-12
6.789938813820722e-14
4.299776437815435e-14
3.2128356517546033e-15
3.19186707986982e-13
2.865967386835568e-14
1.0963146965518981e-12
4.3373903407020785e-12
1.0132328690807247e-14
3.65406009717968e-13
6.225626001078095e-15
4.878007509720586e-12
2.974115473327348e-15
3.871672282115907e-15
5.057333273083105e-15
2.3201265693751453e-14
8.243508283552214e-14
5.74254929335881e-13
5.421553549132085e-14
2.0631342154597474e-14
1.3171460098691653e-11
3.923190717205343e-13
3.45878987586518e-13
3.798150302714821e-13
1.245361078375878e-12
2.9416697300722983e-15
1.0905063046633705e-16
2.7262863461450023e-13
1.0566019440092659e-12
1.6522713163516855e-13
3.648179402649172e-12
3.913546252070241e-17
1.272042747054519e-11
2.4761292206444745e-14
9.212028956171142e-16
1.3859686432335774e-13
2.070357230756005e-14
7.78185687241643e-14
1.9131061254082795e-13
1.7887688937306544e-15
1.2591302774057503e-12
9.734529151905823e-12
8.687647768409177e-13
7.573778223923958e-15
3.848686831879689e-13
4.285131530224429e-13
3.4734361231822565e-14
2.0005579567147955e-17
1.996117952281138e-12
9.949519770996759e-13
9.40750781596299e-14
1.2185855875753381e-14
1.5518243922491434e-13
9.596503115051298e-14
1.5522113754336914e-15
1.3306273302517254e-13
9.26943270322194e-14
2.054931118289382e-12
1.0925444648523016e-15
2.3546966947629453e-13
2.389279541182117e-16
4.413524219955661e-13
1.9960307487969042e-13
2.09686754135088e-13
1.3701269963453145e-12
9.923325677570377e-13
1.5198223660898052e-12
1.8672243122241886e-11
5.589874318431545e-13
2.0233007845140994e-13
1.9173789301166976e-12
2.966222323483253e-14
2.323916082261687e-13
1.8324143176235817e-14
6.686397575854834e-13
1.724187258148058e-13
2.7962873186372385e-13
1.0218680198732352e-12
1.2503550699132528e-16
1.972990501741169e-13
1.318419405433725e-14
2.8817927808221665e-13
2.6278392962325097e-14
4.2873479414991065e-13
2.553945465138463e-14
5.025481314588017e-16
4.257735083362943e-13
1.4334536630734781e-12
7.851081706262712e-15
1.8582286027627552e-12
8.976203300861722e-14
1.0257601113432374e-15
1.3797585722920283e-12
1.0152136114558244e-12
1.5976303085564568e-15
9.755977235912778e-15
3.948391742550971e-12
1.8273000329362673e-13
6.452558931880666e-13
4.2766746649541996e-15
3.009086478106738e-15
3.625131768138696e-13
2.8814875116665866e-13
1.3269241729233378e-13
5.089970364242897e-14
3.666226960092872e-16
3.030867261799713e-15
1.0315712457689137e-13
3.404510024981078e-14
7.217941474759294e-15
9.86901592804819e-13
3.8650968419852114e-14
3.3838688770883358e-12
2.97601638941722e-12
6.47110958938675e-13
1.3534745949608038e-14
1.7827775533743993e-14
1.7895276778442205e-13
1.2060243583764663e-14
1.5559317019133703e-14
1.6753398748263345e-13
1.3050542642218225e-13
9.094169946264453e-14
3.0019002106451647e-16
1.7093125163307144e-15
3.731006980847089e-14
2.876413008521272e-12
1.2778053263782517e-14
1.3226260350609866e-12
7.480977899050988e-14
1.147997665395668e-13
2.994407548071712e-12
8.165403412372597e-14
3.2303790293853326e-11
3.230192690937115e-14
4.455715621098811e-15
1.0563904112778195e-15
4.3204751487058507e-13
8.092866968560288e-15
2.671923826159291e-12
1.2348702428370689e-14
2.4330957154514937e-12
7.520446957165147e-14
1.6975439556565924e-16
7.8807154761185e-13
2.4316884726403354e-14
1.7159493101261573e-15
5.523288065511962e-14
2.6140793209539614e-15
6.374853690370906e-14
6.523430044594283e-14
4.341525337376072e-12
8.931217374442784e-15
2.9218785022105415e-14
3.90364853911485e-13
1.0067072308715758e-14
3.3581069142557216e-17
5.800668347260356e-12
1.768946061005304e-13
9.014128372528325e-15
2.49844781638587e-15
2.4525324424781666e-13
5.483575301749926e-13
5.099124541087341e-12
1.321906731284741e-13
6.421807309457624e-15
2.882029962109603e-13
1.3431738985070584e-13
7.853428885189329e-12
1.9411326176375515e-12
2.352158555093137e-14
4.0653298333881514e-15
1.842227033561032e-14
1.051229675036666e-12
1.535491693306676e-13
6.180903935247386e-16
2.342289306583946e-13
3.8075174308402986e-13
2.2550324787215475e-12
3.063939186741694e-15
1.722289807233883e-13
4.310795919393161e-13
9.492771131331485e-14
5.37418130892558e-13
2.890729560864926e-13
1.648202134370745e-12
6.690622432856989e-13
1.139195360953878e-13
3.898982938035869e-16
1.1460508409137396e-16
1.2318258985561353e-13
1.5308841482279643e-12
8.519832647596833e-15
3.227109280543184e-14
1.708433712478838e-13
8.627743899266035e-13
2.709844270069208e-12
5.305870375600232e-14
1.7461934158452767e-12
1.3871001929925498e-13
1.1518570432617334e-12
8.73750492715773e-15
1.4242850900817663e-13
4.1015557748943423e-14
8.334869825951503e-13
1.0672197807594838e-12
9.827382168499604e-13
4.015416453122075e-15
4.5706093176003525e-14
1.5505808079869592e-15
1.6291053187898207e-14
5.322013151304273e-13
5.195587767804804e-18
8.265812194895359e-15
1.3671535717483137e-15
6.447634850682958e-16
1.4546785350191108e-12
2.2689846695469333e-13
3.8406907590135615e-14
1.2053434449865205e-12
1.1580388785742805e-13
1.3048711738432276e-14
1.9917219320434e-12
1.8993361695112625e-15
3.7457870530729674e-13
7.071172264307854e-14
6.403161505618003e-13
5.56096090383888e-17
2.5307536487020442e-15
3.014602785129532e-13
4.255998542259097e-13
1.132143770856152e-13
5.927203156473843e-13
5.356613651733593e-13
2.0054856167625687e-13
4.796987886208283e-12
4.3369082339168353e-13
1.5306768526034405e-14
4.595048123413485e-13
2.417540876442057e-12
1.03082205616949e-15
9.702466488911159e-14
1.4609504223303204e-13
2.4015588313075648e-14
9.730751867900496e-13
6.154637051061728e-14
1.9826621679808294e-15
2.48906476230814e-13
6.0463678493288e-15
2.415616799953582e-11
5.116639519052988e-16
4.139009412013026e-12
2.864427291677187e-13
7.278482293316724e-14
1.7174059455054957e-13
3.98093819971538e-14
1.6835052243928913e-12
3.031143421991449e-14
2.3186248158263e-14
1.4313796631930024e-12
2.9895442453090328e-15
2.5022267548918782e-14
8.670070208517495e-14
2.839728765828426e-12
1.3773910354369945e-15
4.338080746973214e-13
2.6897543019239926e-12
9.457739036180726e-14
4.0850536369742346e-16
2.1102277580551905e-12
1.4341407976554453e-16
6.840159504272493e-14
1.8100349556477472e-13
9.564186317668656e-14
2.3186196721589665e-16
7.213339744663476e-14
1.0872324979121196e-16
3.930872461593007e-16
4.021117710594185e-14
1.249928202857492e-16
8.0907838526333e-14
1.768207206229949e-14
2.3421674415413892e-12
2.3460713559746952e-11
1.4862101694535797e-14
1.1524250838991355e-12
3.5349936290608375e-14
