1.726147337766893e-18
5.691537395539167e-14
8.0595495337487e-17
1.6191315845442396e-12
3.3447913018208204e-19
2.2709696641851772e-18
7.7043117755339e-14
2.4676503938204108e-14
6.119210503404202e-15
6.846297535884661e-16
2.5788474907823235e-16
1.964627520775011e-13
2.3626022084535097e-16
1.8526334999691543e-17
1.322206123426421e-14
4.787886175084337e-16
2.8020881668711864e-15
5.0077964602879693e-17
5.598829558904279e-14
6.437528734709763e-19
3.5336765234048835e-18
4.060828888151474e-18
1.645192441295596e-16
2.486600400837579e-15
2.3012186466918034e-14
6.405661830744305e-18
3.477638752125113e-15
2.085063487491094e-17
1.4110010352180678e-15
4.539023857196056e-20
6.973112095557355e-21
1.793479843225157e-19
2.1786676921696433e-17
2.669797714500138e-16
1.4693168003879324e-17
3.8988545749195065e-17
5.04612552517051e-17
2.861498352687652e-8
6.7261961256057866e-12
6.1033159262534645e-12
1.7555831226317197e-15
8.290635730658253e-14
7.597645927348154e-16
2.205747253317426e-17
1.7860821189578292e-17
7.143739580146765e-17
2.8607858218949526e-19
5.310168098939522e-18
2.1148099584927274e-19
6.895295428074559e-16
1.0832987208300267e-19
1.729997611148249e-15
5.226164540735844e-18
6.56700797437618e-17
2.737666475612888e-18
6.658559810309341e-16
2.4637316490342345e-13
1.4041971890349245e-15
1.189131352849815e-13
2.7963069879321315e-19
1.6629942142115463e-16
4.343582144579532e-18
1.7596676399237116e-13
1.8459008966551108e-14
2.2020820045588624e-15
2.5499460807275195e-16
2.835753576530955e-18
6.95921368028508e-20
3.6422505628316575e-17
2.06987510224114e-17
2.676650189384221e-17
1.1315299022549799e-19
1.0187154779722576e-15
3.33964865594577e-19
1.031864016111217e-15
1.6767731288841897e-17
2.940922604258631e-14
2.908086418257683e-14
1.5627429885469948e-18
1.2248187784513181e-17
1.65535477065552e-19
2.092325553058336e-19
1.1269006514660222e-17
6.717007914815578e-18
1.1784620234395425e-11
1.4371970390639224e-18
4.296810809389175e-20
3.8604781328131915e-20
1.2507536607202452e-15
6.990821365224331e-19
6.818292248602124e-18
1.0254734262377686e-15
1.7255489138347822e-15
3.3132595132465605e-14
3.242011269794068e-13
1.4941072003552985e-19
1.2186853744264283e-19
4.406532245335538e-19
2.6650130241207496e-15
6.663088380754095e-15
1.844747174192263e-18
1.5038649090646424e-14
1.9907758642309804e-18
2.5051091534495724e-20
1.514786415581933e-20
7.908535097213979e-19
1.0275078749004667e-16
4.6629041992953425e-20
1.1105646365732861e-18
2.2589671462546456e-17
1.0245699451590361e-13
4.766160527253253e-17
1.7555121465122734e-14
1.3535858328353222e-18
4.912966242454501e-16
4.887994670189536e-17
8.437831116310312e-17
7.335689531858061e-15
9.209714682114203e-17
6.002539700644236e-16
1.5184151465314046e-12
1.737840913105548e-15
2.0937594664075468e-17
4.452058117426066e-16
3.431428644899235e-18
9.456959710991798e-20
7.362411614699074e-18
1.3545561957997339e-18
1.524450836669314e-13
8.534299730735413e-18
3.114276470340015e-17
8.596959973209708e-18
5.176301916878871e-18
1.2810194313997317e-15
3.3342409727083177e-18
3.6685975610166293e-19
6.098929077182322e-18
1.1825871285476175e-16
3.5917284475020046e-18
2.237167099376035e-16
1.4949144682754674e-16
1.8833219496848588e-15
3.247384700099478e-16
7.850879571802176e-19
1.0403001395519135e-13
1.0187339340386316e-19
8.760609470368528e-20
8.972331745134073e-15
6.469216522363855e-16
1.0478533491881766e-11
1.4571535943602885e-14
1.255346105709564e-18
1.3193848611170633e-16
5.263104888825496e-15
1.600744269728945e-17
3.7998163708806905e-20
7.37980089902511e-18
1.4950257837946364e-14
8.860440109304592e-19
5.067331868906135e-16
9.957167999567626e-18
2.269201251608747e-18
7.676534072716944e-18
3.989052131087417e-17
1.4120896980557016e-20
9.609462299915575e-19
2.0041308963347518e-17
6.407792765769623e-16
6.090922837298287e-16
1.0374752798156506e-17
3.2416548097486674e-17
7.649179853665809e-17
1.8868601338264537e-18
1.1234592629130651e-14
3.9609630002358674e-16
1.126674865679929e-19
6.087147236319487e-16
1.3824383085483356e-12
7.980706015152071e-13
2.1703517285476993e-16
4.463752665044195e-15
4.506559668106928e-18
4.038551017740763e-18
8.127420778241507e-13
1.924553153050924e-16
3.578419519627083e-16
7.453601118548994e-19
3.6224443451707857e-16
7.568132663358468e-18
3.5852087201929233e-17
2.3430846956984308e-15
4.331126947890911e-18
7.984892522899236e-17
3.52344762532555e-18
8.621035076112169e-15
8.909527033059343e-16
1.7572009356895602e-17
1.8140410703925688e-17
1.399661706529523e-18
3.008550488335807e-12
9.326825336178122e-20
1.1934323307654417e-14
3.336879152693104e-19
2.0133935831122246e-17
9.432930024365245e-16
9.609784398777741e-17
3.267132966886541e-18
4.258119582873736e-15
4.045103566191901e-18
1.4239853403309097e-14
3.065681416566608e-14
7.361109938860007e-19
6.036668106746069e-16
6.698651203847479e-16
1.0656963188820989e-18
3.898169010672417e-15
9.47022159932235e-19
9.957991917613918e-14
4.6081816125906115e-16
8.74137420373487e-19
5.654305588173349e-19
3.4615541952420127e-15
3.9344266321836996e-19
2.3143020934236694e-18
3.1668107996382257e-19
2.25006734605201e-17
1.0522526429816326e-19
3.2889813196121384e-12
1.140652314401946e-17
2.518355776130105e-18
4.0983421526052695e-18
5.0018230384778e-15
4.233474864589347e-15
3.923527726422448e-15
2.236626647470041e-19
1.5302124761789814e-18
2.8421596467488597e-15
1.4975666822272805e-17
5.7363675520479604e-15
7.598528328245553e-15
3.662058627719582e-16
8.946634876195861e-17
7.273006859365741e-18
1.0648364658911994e-15
1.9718092854981243e-17
4.185860922573393e-14
1.1736246392644431e-11
1.4537622075047648e-17
9.26258911183635e-19
1.4394810065251232e-15
2.6306217466584994e-16
5.876245962916314e-16
8.99470508398904e-16
8.483301848957514e-20
2.829823468982356e-10
1.1059079070787252e-18
4.081588647625332e-17
4.429703174167862e-19
1.3820931357986919e-17
2.756390920676339e-18
1.5652767138422844e-15
2.6217874391053794e-18
2.884367571108836e-12
9.868451893399158e-17
2.526684048861741e-18
1.9581068971732842e-17
1.7892747851792727e-16
3.119189642327291e-17
6.790395296782798e-17
1.9124544876159015e-16
1.0666262339848672e-18
6.4767112032197254e-18
3.930737017124963e-17
1.621962377407634e-19
1.7621671290132823e-10
1.743196531130612e-18
5.539402939492601e-11
5.597218106482544e-15
4.790167981087581e-15
5.242153803747602e-16
1.3992437456827601e-16
2.635743793193919e-18
2.056113551537789e-16
5.596487681235944e-17
1.6596231290619982e-15
2.100368583159226e-19
4.640744741011569e-18
2.566484173721347e-16
1.1442785625781345e-18
4.698303548546676e-18
4.9995823845295615e-15
8.858518962936098e-17
2.8329220952936255e-13
9.08957601912299e-20
2.4395263101063026e-12
2.8338028181870847e-14
3.149324867386534e-14
6.797375962424293e-18
1.8703177272207623e-14
1.058600069637893e-18
4.461602138546843e-16
5.106946421874412e-16
2.0263108726466308e-14
6.470944236656245e-15
1.013881632735995e-14
4.505853958543089e-15
5.752796087846485e-16
1.141789754467295e-13
7.385396732704595e-15
9.544332701516308e-14
8.512392476757394e-18
5.078939171379275e-19
1.2070751298200777e-17
5.730271097662288e-18
5.808502985254687e-15
2.3284940629803425e-20
1.8565257749367062e-16
5.083138734794638e-15
4.175536514474205e-16
1.4204904279186854e-16
1.261631676853515e-17
7.770856992563283e-16
3.9835020306269884e-16
2.3042137514706333e-11
7.210708024378278e-17
5.442609337591945e-16
1.7571304906409783e-18
5.486478061173892e-16
1.461417587799339e-14
7.33624618419279e-19
1.5685834156171186e-18
8.742801957129431e-14
1.1521003255375673e-10
1.2957547339265311e-18
8.800435305175562e-15
4.246709677705009e-17
2.567856745973319e-19
8.483142881412807e-12
6.206009169803853e-17
5.871606501921406e-12
4.687421677453412e-18
2.7559170005680104e-19
2.1988607797643123e-15
1.87493169410092e-16
3.5593408772678634e-17
5.029991388330871e-14
1.902569283191224e-14
5.226833938143162e-18
5.75057332876841e-18
9.829697381067163e-17
3.588886404158086e-17
1.3449335632404008e-14
2.39206865513313e-18
6.689135696309038e-16
4.207960337580475e-18
2.3064359755871366e-14
4.559968363721505e-17
1.1770124566075857e-19
2.7869635602275984e-18
2.1423819750811515e-17
2.838992767826204e-18
1.9627571267518557e-11
9.003031003290215e-16
6.09075640442145e-11
4.2420714951563147e-17
3.213638072096797e-13
7.27232544643607e-17
1.2097390041547862e-18
1.575844440212943e-17
2.947253234635141e-16
3.18685430245936e-17
4.3768331153004645e-16
6.716415060580954e-17
4.259343504056351e-16
5.094998339944141e-16
1.861082174321618e-18
1.3932736515621988e-15
2.6520286184743612e-17
8.946259494509947e-16
2.7069316044054124e-15
2.1275804426012777e-14
8.008908709698735e-18
8.040930647625163e-14
1.5635316416406608e-18
2.2642290057825226e-16
7.004887884611794e-16
3.6707830859906756e-11
2.941676816863539e-19
1.8920718497179886e-17
5.790039496483509e-17
2.891266598443358e-18
1.6779053592337253e-12
1.1214757036839235e-13
1.457954013492505e-16
2.41132055734776e-16
1.1962241892429262e-16
7.800744467228066e-19
3.3155418254129866e-16
1.0076209377246143e-13
1.8903651816314906e-15
1.057002205398076e-17
7.757734336353957e-17
1.2007351987621626e-17
5.7314392884185674e-15
1.0285174895508354e-14
8.871039874230173e-18
1.4290603966364388e-15
4.402115313104469e-14
9.672260476905261e-18
7.147075239879873e-15
2.822744817342775e-18
1.197185726456379e-13
5.199345970201807e-17
5.824650244183856e-18
1.024037784366635e-16
1.4872454396203758e-16
2.150453059230989e-16
1.7442832433222543e-19
2.0437672562747447e-17
3.260367970526204e-18
3.380797420320907e-16
4.8113257855141033e-14
3.1995939505888996e-13
4.127533553158592e-12
3.95678547403716e-15
1.2856700827459893e-18
1.461505890620814e-14
3.8057863734984665e-16
7.241453083000434e-18
3.8835630535171796e-16
3.8853299646492926e-19
1.0368697165544007e-16
1.0278092193279966e-19
2.5118936359612034e-17
7.118646711184365e-16
5.412700927838178e-15
7.924769648148115e-18
2.1933825367835928e-16
7.225096941271107e-17
5.775710055052922e-16
3.815933926290167e-17
3.0559308438011324e-16
2.4073888208348597e-19
2.853516344996894e-16
1.9771927484457034e-15
5.1068445381339096e-17
3.4272393927326435e-15
2.480950241514384e-18
3.1785562221877563e-12
2.316973893120726e-14
4.374591551755502e-16
1.542965103449153e-17
6.784738914148313e-18
1.7408866418770998e-15
4.010356877014528e-17
1.260125380993011e-16
9.436784477538285e-16
3.1336393633822197e-15
1.4476760567234247e-17
1.118260940005751e-14
9.030152432923566e-16
5.957117995294694e-15
1.3312593766275105e-13
2.092325417729206e-13
1.2303791570391471e-17
8.784713401886865e-16
5.211266714597157e-19
5.326004375179516e-14
3.4555431902108226e-14
7.800342973125123e-17
9.509225474684848e-16
1.1725932478188714e-15
2.1623108567555202e-16
9.394541128281005e-13
8.34799134118686e-16
4.4246614657316446e-18
6.803331093980738e-15
9.768458714627752e-17
5.985582801801044e-12
1.535847618469763e-14
7.285004560273413e-15
1.5027496742682153e-17
6.1653546530873405e-18
1.2293615510108385e-12
1.7885036824897829e-16
3.377579469248271e-17
6.3482968395539906e-18
1.0981809016105249e-18
6.121858235935887e-12
4.2360157883810025e-13
2.104647754978095e-19
5.157823102776017e-16
8.028286704935902e-20
4.071226339375056e-17
1.6598253437078576e-16
2.0277574462852482e-16
1.1153479405507022e-14
4.754078540966213e-19
3.9381321893532947e-19
2.5778335500995006e-16
9.891409313080041e-17
6.591520457696225e-20
3.091033419166035e-17
6.004267311832982e-19
9.68292361853629e-16
9.353770882908586e-18
2.1925421317916857e-14
6.947397484192143e-16
5.373029604893555e-13
5.857939193348816e-20
1.850306015264572e-15
5.0742521433157194e-14
5.123684101022624e-15
7.152727597971183e-18
1.0251833339681209e-18
1.162542108271163e-16
1.6772853864319016e-18
1.716785527203908e-17
2.424948607282295e-16
5.832874137968514e-14
6.60847379787386e-16
9.425058085869058e-15
2.1255329989848136e-15
2.2303690233241704e-16
3.177280558817115e-17
7.128871535923349e-17
4.580248502775728e-16
8.273642877011927e-19
1.3918121744513311e-14
3.047307937153837e-15
3.31188061514749e-18
7.370151515382709e-17
2.5090896293188004e-19
1.637523867962318e-16
9.030543348517104e-18
2.8979055464270058e-15
8.495604755614266e-13
1.6616966618200174e-18
1.6801591924384775e-14
4.030777907937446e-15
1.3533721205048745e-15
1.1826159159756665e-17
2.8107968734191433e-14
5.367909271455249e-17
2.4865313859200673e-16
1.6062599093672207e-18
8.938048541782308e-17
5.83054910202201e-19
1.0826971971116583e-17
9.20129234812727e-15
8.58915797305056e-17
5.796353178924598e-16
1.688800704254205e-12
9.606737028619398e-18
1.3600229950921085e-18
2.1231739759389249e-13
9.275449543049425e-15
1.320004336832785e-13
1.3293981252612507e-14
1.2161993612589969e-17
1.233450803758101e-16
1.6325751244458373e-14
3.2952166913274454e-16
9.444025606163341e-16
3.6238350096587395e-18
2.933862316668555e-16
2.168667691091083e-13
4.4095322698520725e-17
1.2021866644949392e-15
3.687528110756613e-17
1.3971841434637372e-14
3.8982334797280214e-14
1.5270286329465681e-16
4.772733691810797e-13
7.288499328706522e-19
3.303715127695021e-18
2.2670198333910915e-13
3.105820667079721e-16
4.239933701610595e-15
7.483659609337487e-17
8.729524050287954e-17
3.157808781418457e-17
3.479797567388145e-14
1.296687680699309e-18
1.6101942395767373e-14
1.7877748630304596e-17
6.416940603586631e-14
5.539260624178554e-15
4.253207124558741e-15
1.81289282129682e-13
4.100701697909099e-17
3.782481688317872e-13
2.0424075847908628e-19
1.7771013865387245e-16
3.0667720062571273e-16
1.0848846135145402e-16
2.923182862356807e-17
2.5303845623249074e-16
4.924525495680556e-13
6.62705146798438e-14
2.660464037360429e-18
8.714022421592011e-16
1.2020915119417902e-17
4.752405683601361e-18
2.6469815277591918e-14
6.158014642546161e-15
3.488123212893462e-15
5.6201165582588765e-18
2.116494661041585e-12
6.075197269950771e-16
1.217712582912462e-18
1.490361102056082e-16
8.087424981623786e-12
1.0073369700681132e-16
2.1130866267469935e-18
1.1473525570353423e-15
3.9281213146510794e-14
4.984155887482055e-19
1.0433547450686574e-17
8.56734414309707e-18
3.409414104348664e-15
6.1883290721879765e-19
6.16010746920882e-13
1.6565894652370664e-14
2.2916575703740156e-17
2.9867186137723465e-18
1.434790341455241e-14
1.1944066238453844e-14
1.0931882916717437e-17
2.4474135676020213e-19
3.398304483356663e-15
3.0678771258090214e-16
4.6302516540373264e-11
2.412229371274861e-15
8.385959186412462e-18
6.611240270230244e-17
1.6188375444002081e-13
8.312350957050152e-17
9.704227465028375e-15
4.157101418552911e-15
5.700117351231266e-18
5.33169734884592e-18
7.712591094342155e-14
1.5178414604088528e-19
1.2816346415916425e-13
2.698150183142462e-16
2.232388174200142e-16
2.6047294830339095e-18
1.5057799135674591e-13
4.985325533967578e-18
3.775630701641514e-18
8.413835131040235e-18
2.4144366646468353e-15
2.659319130933879e-15
4.0927560656586505e-15
1.5652616233825e-14
4.4309712355635646e-16
1.2864230525845865e-15
4.382184777744622e-17
5.887839949162792e-16
5.7966722076151364e-12
7.795023104130348e-15
9.374487786286635e-13
9.511282678041093e-9
1.57284379294063e-14
1.933693267896839e-18
1.6566862936614488e-13
6.269108318932974e-17
2.28278054823287e-18
1.4298260922986124e-19
7.615046758017168e-14
3.726253764725326e-15
7.456498205892547e-13
2.589253360158913e-18
7.796461908360767e-18
4.582252798882179e-17
2.4401230239410726e-14
4.777906528838889e-16
7.874489717442796e-17
3.960684958443329e-12
3.6743518738652574e-15
8.679260942003505e-16
5.289112731337264e-15
2.604175784845468e-13
1.5994006058257366e-16
2.274121278508234e-19
2.581461702671685e-18
1.488155270662451e-15
1.1153743825903705e-19
2.886099460189104e-17
2.900732691688271e-17
5.2311362205805217e-20
1.651520626009018e-19
1.4485348062051515e-15
2.0659057609843147e-13
1.1361754921719819e-18
7.035875213280988e-13
8.484390025282925e-16
4.196195823608691e-13
3.528025710335661e-15
5.60883813000392e-16
3.825994741709126e-15
1.6538986179695235e-15
1.1875434687314698e-18
6.975571671621756e-17
1.3900000520504973e-18
2.8056326428115313e-18
2.2857048615798403e-18
6.185992968267207e-17
8.36632433505177e-12
1.9142939902603287e-20
7.224777907638331e-15
6.688983234461933e-18
1.3110139662801999e-19
1.599181893668768e-17
8.7287325174306e-13
2.0174158471241953e-15
2.286554786441582e-16
8.718734604500104e-20
2.5840139362660767e-16
1.538851744189285e-16
4.939582561888688e-14
1.965013947528254e-18
4.348904539067108e-18
2.9400192295252394e-16
7.425008500698707e-18
1.0619009166021213e-14
1.0597984189251576e-15
2.13581003576046e-19
4.778074621536589e-16
2.9820651105326883e-10
8.972326912047463e-17
1.9990702120550386e-15
4.484131769038525e-17
3.6125009523180903e-16
4.848206483629047e-18
2.1231217522623813e-9
5.957311464671855e-15
1.287567038234123e-16
2.328140555193502e-11
1.5071894376317852e-18
5.634463003093744e-13
3.861499391109619e-12
3.150632357506495e-17
1.3872037239215699e-17
1.368553879057836e-18
9.590466961948313e-16
7.33240054584721e-19
7.605153650898677e-12
6.247029307836836e-15
1.7681772106874238e-14
4.3497731056510018e-16
5.317255073847956e-18
1.0279036861077628e-17
7.875838170052999e-16
6.685372218303232e-12
1.4486161053392365e-16
1.2106904733560612e-18
1.3412758577038983e-12
1.9951980411648253e-18
5.790160630355292e-15
1.8318602282695488e-20
2.4681682740346732e-15
5.36949924641009e-18
5.7702397929768214e-18
3.7748421175266625e-17
1.5917032961293228e-16
1.3792758819611421e-17
2.6276884568076653e-10
9.858346340758067e-17
5.132437165549574e-19
1.703230653539613e-14
4.57594873944703e-19
4.514991766373064e-18
2.2467714451349415e-15
7.287502600009187e-15
9.508852808166861e-11
6.129581909547979e-19
1.0336429836691065e-18
1.0282926952524691e-17
6.89205660338581e-19
5.971084845647364e-15
1.4481755744953631e-15
3.0215864237894915e-15
1.5967168471559002e-19
2.7915013419599735e-18
6.082766107272017e-18
1.3734814488479377e-11
2.471752815592471e-17
2.068059839624548e-19
2.4381157090404683e-19
9.542433765137273e-19
3.5727168446576493e-17
8.671330170897034e-16
5.766429017471614e-17
6.695581561162874e-18
7.04681795742832e-17
1.3732498170226488e-14
6.18210155552809e-17
3.800967940604654e-14
5.833446634503535e-16
3.3294841845529834e-18
9.4044612460888e-16
5.127008030887055e-19
1.6097818188671458e-18
4.5126220870216305e-17
1.8369682560487013e-19
3.339703584151702e-20
1.4877725511535045e-16
4.3339500842029836e-16
2.5913268781097295e-11
3.152659071864764e-18
1.9732514537203465e-17
5.303468434847675e-14
6.4026110326749195e-12
1.7106784999251166e-17
5.372211207150086e-16
2.6977842593354145e-17
6.383368443720396e-16
9.521420154265022e-17
1.2982105802904393e-19
4.199655161356384e-12
1.3182667973666118e-9
1.0196138183411804e-16
1.882709370212938e-17
4.462592379647231e-15
2.458817286099282e-10
3.603730237205187e-18
2.1901697019857276e-17
8.258461320352442e-17
3.7767740438096446e-19
5.944650731852249e-16
2.8148904941771414e-19
4.748124459861077e-15
8.050040362190083e-15
3.2630588338831223e-16
1.8919830602621393e-14
7.59690783307433e-17
6.831579653953978e-17
1.769064340293959e-14
4.761652669531452e-17
7.084868380467006e-15
1.2505668928058716e-16
1.8285622304789782e-18
3.0285470340022515e-19
4.286527377082946e-16
2.982502026788695e-14
7.356812995500642e-18
1.08169859264051e-13
8.982152805567481e-15
1.577145899663063e-21
3.458978803110345e-16
2.2408809630307784e-15
4.17548163359225e-16
2.0131192976984904e-15
8.274272258235624e-12
4.11470847733357e-15
4.231258287467899e-17
3.5900279050555884e-19
5.923116637515232e-18
1.2320462717652567e-18
5.030151960967639e-18
3.151250683304024e-16
2.449284562236337e-19
1.560895582011601e-15
7.588174695853731e-17
1.174476732934624e-13
9.072130582664151e-14
5.323464461774005e-17
5.664723433689182e-19
7.588290173072663e-12
1.0561409565014685e-18
1.0110429915170445e-12
4.7138308104271925e-18
1.3118574477522354e-19
7.854178219899673e-14
2.5266636335519367e-14
1.2170902022787214e-17
9.089440391140316e-15
1.2409203231956235e-18
8.44701604080586e-15
2.1751593656069448e-18
1.8077125155763416e-16
1.0005384751761727e-19
5.386262719066204e-18
3.597317650301789e-17
9.34107647763231e-18
1.0453833032945753e-14
5.628645562423402e-12
2.3700935426329136e-20
1.2287733098667912e-13
4.1806403154287115e-13
5.985543695534576e-19
7.066808308464777e-18
1.0113697683289916e-11
1.587213937995869e-16
2.532510323901608e-16
2.99390344534603e-16
6.0725815424504655e-19
3.3803631978629614e-17
1.0810985565138604e-18
1.449473522114532e-17
5.264411633180199e-19
1.354657172871961e-18
2.6058406861874025e-15
8.013381457207546e-17
2.35566697028857e-14
1.0101655297291265e-17
9.04264920374155e-16
1.5265928588449052e-18
6.496247117559357e-17
3.535213129295355e-18
4.9009294912628e-15
4.4574826715564735e-18
3.1608205818870844e-20
3.4463347630700138e-18
1.3334314802640511e-11
4.520400082934975e-16
9.973271449153063e-17
6.3909264171481576e-18
3.661407604110405e-17
4.016951516107342e-15
7.903162645142992e-16
2.872023126804132e-17
5.712109860072993e-17
8.129962123723192e-18
1.8882042089950252e-16
1.5805382650612246e-10
3.532427848805402e-14
4.7296140039523526e-20
7.137702144529195e-15
7.350679831060763e-20
4.3295474283708705e-20
2.6705364954654323e-16
3.136796540080451e-20
8.987210438737077e-14
4.649163689472587e-12
3.012029194377307e-14
1.9999854801579496e-16
3.462665279478932e-14
4.4673196575161813e-17
5.580517755810857e-18
3.8942664933982745e-20
5.363112421356236e-19
1.2827077792067587e-13
5.082840341445652e-16
8.0669392651718755e-19
1.7221438157731115e-20
1.0595230239267386e-16
4.37528183814932e-18
5.912118343353812e-15
2.4924326936690566e-13
2.833131338339459e-16
4.903919892567268e-15
1.8792715852303177e-17
3.1080163216117613e-20
8.228356770636635e-16
3.494925663229069e-15
3.1841337746755972e-18
1.3801914963722814e-11
1.5185436936858955e-17
3.1978583436658336e-19
1.1767654507800801e-15
2.2904510768086523e-15
1.470941032388136e-17
8.126659313719946e-13
1.9547636387727115e-15
1.077924377272418e-15
2.71251241467657e-15
3.3188613363274425e-21
3.7259733127349684e-15
8.189600627161665e-12
3.80419720843339e-16
5.76937398876441e-17
3.0274176589040613e-18
1.013153663561182e-13
7.795753151598791e-14
1.4499904242889326e-17
3.2382529002417054e-15
2.0658924578916147e-16
2.995772530850721e-16
1.2897363493331702e-15
7.951702776321924e-14
8.563344636328535e-18
9.197980919315915e-13
1.8801350424678357e-18
1.2765479552090922e-17
7.326970525713315e-16
4.09258899768593e-17
3.553606954936853e-18
3.7259828571079204e-17
1.0122356338632138e-18
2.2285021095195644e-17
9.376139722652874e-16
1.4276685316412353e-11
1.5417925061132805e-13
1.0233256618115089e-16
1.9509834028632775e-16
4.2550620385184857e-17
4.614396305378862e-16
3.0345114781594544e-14
1.682589472590138e-13
4.61509737289353e-16
2.138495189391218e-14
4.013736642813789e-18
1.0271559458884487e-15
4.5336188897865586e-15
4.674866582511132e-13
3.7655984984672357e-13
1.3262343406437786e-15
2.847298008160481e-13
2.266937525570822e-18
6.303922833747409e-19
1.1230921385459429e-15
1.409609821870487e-18
2.8415228325057024e-18
7.092865394507315e-16
4.193626656062486e-13
3.536465628731098e-15
5.221976984359457e-16
2.4044218571687042e-14
2.4460697074764197e-15
7.432781470707498e-15
3.5483125222736316e-18
1.1815938458281997e-15
3.1493653896495235e-16
2.3431403462700133e-14
6.184866497015941e-16
8.995730392035206e-13
8.304244943719027e-13
2.9876226645544234e-16
6.7367857051514474e-15
1.2845667419663467e-13
1.7996801159172977e-17
1.6536021722577687e-11
2.8631220885573184e-14
4.8991816554350785e-17
1.129437549031094e-14
5.341887499874828e-15
1.4961143561309177e-14
7.86195731314885e-15
1.0798335295758029e-15
1.5336325821547063e-17
1.1249301149356318e-15
7.104321070407467e-19
2.903295222498161e-17
6.6399217067818e-18
5.841452064560139e-15
1.3534677365670615e-14
3.703917230550831e-19
3.721829220646252e-14
9.457834481120922e-17
4.0558078599995163e-16
2.58286163098348e-18
4.707266436160295e-15
6.834923446119717e-17
4.8206096212581466e-17
6.8817222963348625e-12
4.9248588448687605e-16
1.208797287926241e-19
3.7256278120057355e-11
1.5110009548177755e-17
8.862491877557863e-19
3.8603606823512873e-19
1.7261935516418428e-18
1.5497974238846535e-16
5.578614450140499e-16
7.810743248919216e-16
1.9199572596475288e-14
2.7070729619273972e-20
3.023147602391546e-13
1.5372006283298336e-16
6.782519750733439e-18
5.386908651758586e-14
2.3186293628892714e-17
2.174197944573712e-16
3.1384705095714683e-16
5.0551337179715545e-15
1.7059082696643267e-14
3.1719889620604764e-17
2.2122472685844143e-19
9.104683718585316e-18
3.2627299562970064e-11
8.42982232824621e-15
3.550086585085015e-17
1.9978815506956556e-14
3.546926370089472e-13
1.6498407984542411e-18
5.838313839345757e-14
8.37478439203024e-22
3.744960961206109e-12
3.013846079091307e-20
7.17079754217622e-16
1.3594104803393244e-13
1.0269872232942078e-19
1.7390151860734996e-15
3.294836772476497e-16
8.897993336373345e-17
9.651339970386175e-17
4.067301480251764e-16
1.742350018174939e-19
2.4026616174180113e-15
6.125607614317706e-20
2.3458631397727193e-19
4.688209561189193e-15
1.780074227042972e-18
1.5956976678934134e-10
5.2641797117738034e-12
2.784074394674559e-14
5.084004042422076e-18
2.491983802238836e-19
1.2997393705389309e-19
3.05446153632045e-17
1.1150699873960419e-18
2.4985213004150217e-15
1.076122258636982e-15
7.58903867916825e-13
9.427092432823635e-15
1.5883743003321034e-14
7.56336653827989e-18
1.9947907131308267e-18
1.0709616870259946e-16
2.1343812646640534e-16
3.9612390861917495e-18
5.163673962313427e-18
3.225905077555066e-20
6.794763888877684e-13
2.107528060140097e-16
8.437008517602068e-14
6.278954236245354e-16
1.2932944010026974e-19
2.2430229796878675e-16
7.886313610992926e-13
3.299221328600835e-14
2.5664516191752045e-14
2.5985861005717225e-16
1.4079861207820305e-12
4.034717670960021e-11
2.0107938419885064e-11
1.8121368223245834e-15
1.3668862769827499e-17
9.685279372922234e-12
9.93557084401269e-22
5.139883888619092e-18
7.064065944701017e-11
4.660186951409866e-16
6.142237974786112e-15
3.403496351748716e-14
4.037013778361245e-12
6.478798552838561e-16
1.0889719291706145e-19
2.267401323874696e-15
1.6749515395289293e-17
1.1226420320687161e-11
5.5047666953509856e-17
7.099222139929014e-14
1.2494011040014203e-17
6.9767073497465234e-15
1.7076180023243414e-13
7.949932852002591e-17
6.676382125995223e-16
2.585667174766385e-11
7.086752569341892e-13
1.9980381653614124e-18
5.837305457664984e-17
3.579830583110314e-12
3.920424251447264e-15
7.283429653667569e-13
2.8669654033171317e-18
1.0726785673967553e-17
9.808045885418504e-14
1.2296311775853902e-19
3.912272916571659e-14
3.801552185066815e-15
5.230367699148768e-17
4.2989245800213454e-16
3.236858907606901e-14
3.369984876503691e-16
6.732494287653329e-15
3.540334170627664e-13
2.7563393178469243e-15
4.7626894408500824e-11
1.2247192890535323e-14
3.554493692743075e-11
5.19824377084984e-21
1.6968067339055422e-12
1.3056449959940682e-16
4.089379071035431e-18
3.3384005116984576e-20
1.4412816135943366e-20
3.0890644759035924e-17
1.8233735245500727e-19
2.418514772781321e-13
1.2107400260166917e-13
4.226782117902401e-18
9.004530465557809e-19
2.0553989063775224e-17
1.755010846963322e-14
3.2706238580111144e-15
6.856268996061031e-17
3.801259091792878e-14
2.075046250079751e-12
1.6629434875134133e-17
1.9272415763652402e-9
1.2959885744962673e-13
3.704366091911603e-13
1.521205491507962e-16
5.8382682453384295e-18
2.1535609943627803e-15
1.2974138426876088e-16
4.559965486198471e-18
9.635732036775272e-17
3.7065266088606734e-19
1.6206845208185597e-12
7.859722319754029e-18
4.408649086998596e-17
2.8307598212394136e-21
2.0741235679303737e-15
1.3691669588622355e-18
7.8082855810981e-16
1.8598394429636937e-13
3.9465174537891715e-16
1.6261538717638837e-14
2.0065921239146833e-17
8.351726872380369e-12
3.1858053297925873e-13
1.6108434157982179e-16
8.586175070236692e-15
3.0632347827902735e-18
1.235552523341366e-19
3.5218094913648167e-17
3.195274335741778e-17
2.326144415779224e-14
6.630928397125607e-16
6.600263032941585e-11
7.573183548423651e-16
5.3677089201883807e-17
5.411296993770804e-13
4.0304687540965435e-11
1.0626556761508469e-13
8.795632690082992e-14
9.995501468396101e-14
1.0069870267209393e-14
1.150436829513559e-16
4.856935684362141e-18
6.287744590577106e-16
1.2602600986604694e-12
1.5993537818931214e-13
1.593404422169962e-14
1.7448871490818132e-13
7.56982860134807e-12
2.540089864121523e-13
4.521727522256506e-13
2.6609694122905205e-17
2.2692828743530817e-18
5.802222355032953e-17
1.2832370653705458e-15
1.1313782610335469e-12
2.731000063592729e-10
8.297496101617208e-20
2.150671939292487e-14
3.5709488747972844e-15
2.9533939009531654e-15
3.6931983647738827e-10
4.158421454614924e-18
1.022414381819394e-19
1.1068432491294419e-13
1.7519435242438189e-16
2.7633803703716997e-13
1.9344565938412143e-17
3.73584761640309e-17
4.9245276814603226e-11
2.311259393733303e-14
7.125073359931015e-18
4.4433904814558174e-13
1.1117921036973635e-16
3.678035211680577e-17
1.0534716720689315e-16
2.524878968523591e-14
2.2893916933240508e-10
1.3091653569837171e-15
1.1096841656419332e-17
9.258301562247117e-19
3.7709561860150576e-14
7.322646446259379e-14
1.3532408318727602e-12
1.357936317873598e-12
4.084825874348982e-15
1.1828300815287843e-13
1.963817173460893e-16
1.3885178046729143e-14
3.986069535459498e-12
5.525323984361314e-17
3.579049614118806e-18
1.2782852364784405e-13
8.908006098723165e-15
2.5182753901869204e-18
2.4801568138884e-13
5.3719335803725326e-14
1.9680447898115135e-16
2.1912471479616053e-18
1.3104562999573332e-14
2.6061797178131937e-13
7.540883299602973e-13
1.0835603784945864e-17
6.206783511634461e-12
9.925068267699287e-18
2.9932673214732866e-18
1.9583229381132087e-17
5.063705516611021e-17
8.653451812797123e-17
1.1932076523889742e-13
3.4529764288865677e-16
1.4800726272326305e-15
4.3311949504940226e-12
3.0404737584997063e-19
1.5808651863129142e-13
1.2101987101357954e-16
1.3602669611386525e-15
2.0249657033479317e-13
1.790989326613675e-17
3.6258012349590304e-17
4.9238819561201395e-14
2.554171377946031e-14
1.421430879544445e-17
9.913795860687008e-13
1.8390341620344374e-17
1.216513269263984e-16
6.407122398729193e-16
2.6804844742531207e-19
5.514150235013042e-16
6.9273289495966e-17
1.9580035155031736e-10
1.0949350584721475e-16
6.293504835799094e-14
2.518093925411402e-15
2.476265040120108e-14
2.0114012155576587e-16
1.0966835345947301e-14
3.761146534441551e-12
5.212737965402756e-14
2.3142708456614017e-17
8.512599155888535e-15
2.2257356068041807e-15
3.301759087580163e-19
3.1449949836605095e-10
6.386169655515658e-13
1.3195655915929045e-13
5.411250360883454e-13
2.1704322226319867e-18
1.2404496331169733e-18
1.5634329951477308e-16
8.22477708028152e-19
1.5209757720471748e-19
2.5474327039475434e-14
6.681953951084748e-14
1.2082847113501326e-15
1.114073853576982e-18
3.50742910691983e-13
1.0578376041314041e-16
4.417494989841124e-16
3.156426153783999e-14
1.0490599447240081e-13
8.256887478461361e-13
2.790146776117062e-19
7.017078806429599e-15
1.3431417160912265e-14
8.209206147759919e-15
4.486703414587603e-19
1.7953205014852694e-14
5.980561773776749e-12
1.5016324846734128e-14
4.952048717855075e-10
3.018492969061221e-20
1.162755075618886e-16
1.6857007991507294e-13
8.15869553966476e-19
7.22903936891583e-14
1.0580766844763169e-15
1.0219836978251084e-17
2.9356110866716845e-14
4.013044679825958e-12
1.8424422165542382e-15
2.10655194828366e-15
6.278611154847859e-13
3.3714329823090123e-10
7.756359669368387e-18
1.461118262373045e-16
8.735778830309005e-18
5.553060819269793e-14
6.813543035741671e-12
6.842876382772565e-18
1.9482427002551903e-14
5.74016446893998e-15
2.2418970275662893e-12
2.26869230643075e-15
1.7525236516939019e-12
1.758407676287689e-12
3.2018604982852457e-16
1.2987703778206337e-12
2.7503321846738898e-17
8.839133200802411e-16
7.251507243823404e-15
1.1952817358401475e-19
2.9510718276682305e-14
6.140565539750628e-18
2.119866692202657e-14
1.8588763684718993e-11
6.605168843453336e-13
3.8049012895533396e-15
3.1001230897576186e-11
2.0250890713864272e-12
4.851183113093594e-12
3.4386526680216263e-15
8.9753895222464e-13
2.0000833928494127e-15
2.510963956574811e-12
6.892541226351491e-12
7.265492487915021e-16
7.066391095698502e-15
3.0581682296254085e-11
8.565194472810769e-13
7.294698184499549e-16
7.242519842372013e-14
1.2350876509068234e-18
4.913593870708234e-12
2.1024319897278688e-19
2.298108642038246e-14
5.3372504576813124e-17
4.353886601293399e-19
1.3713168886677646e-11
1.1541940118292208e-13
7.096989028209728e-14
4.013420586908177e-17
3.5799346645695665e-15
2.2753514683053357e-16
1.5855861081765316e-11
2.76690601264033e-12
1.7887517861044537e-16
2.6895353855183584e-12
6.224574361265236e-15
1.466127253551349e-16
6.903955383078374e-18
3.067759353280216e-17
6.57652677685327e-11
2.8213620916516464e-18
1.0496978755353903e-15
1.1910831955833328e-16
6.276831965346198e-15
1.7950145649932735e-12
1.5241704525704403e-12
2.0428451333870663e-11
7.0554738048205e-17
8.783036268742512e-15
2.7719219729710105e-12
5.289824112647128e-15
7.142858525389469e-15
4.972186677752099e-17
1.906211962165541e-16
3.0169433685023518e-15
1.511752308928579e-13
3.772828449002788e-14
1.714450341394419e-15
1.234218246995381e-16
3.051277154950579e-19
5.8887741870580615e-12
1.6896659200631166e-12
2.0215632818123215e-13
1.969236288074016e-15
7.886359117799721e-17
8.267546620733252e-15
1.6115168828666958e-16
1.0549678183825398e-15
7.398535008069205e-15
1.1506078604505157e-15
2.6294961911756427e-17
2.9939428966053455e-15
3.3509118505150604e-14
4.50979183210375e-16
2.0607853594951964e-11
8.919883970871976e-16
2.258115813854749e-15
3.306632944770268e-14
1.3772519202518722e-18
1.018271812223056e-14
1.1618935985488205e-13
1.1860286714187245e-11
1.4408024384316761e-11
1.4037360984913729e-15
3.736979437020322e-12
2.6239380756862145e-15
1.5470262544452294e-17
1.935950504691102e-11
2.9405412734713995e-14
9.394157469901317e-11
3.8343858958477013e-16
7.253665557103305e-15
2.7020655498673e-13
1.274787988194642e-16
8.527292738871171e-17
9.143029867120712e-13
9.732541838650678e-16
5.7552798186885656e-21
6.943064114351738e-15
7.571046477305005e-18
2.654602411830747e-17
1.084528864651801e-10
4.806891172968354e-19
1.3939420585504684e-16
7.175605905450054e-11
8.954716954551359e-11
8.865487194279539e-13
5.730681210981592e-18
1.6912201977014685e-12
1.7353108570629872e-13
8.108292294634866e-17
3.278254481409198e-14
1.7564170219395586e-12
2.0782645998584633e-15
1.2126557752876431e-16
1.998390005548028e-14
2.653352188239245e-14
2.0525930783940478e-11
4.4398114801863586e-13
2.0812513506247163e-17
1.0250378848187874e-11
4.532422701371819e-14
7.34061081570249e-15
7.648413894049601e-17
5.37622152686331e-21
6.915148026844512e-17
1.703813719346574e-13
3.5029815606117512e-12
8.7253678742713e-11
2.802784594531919e-14
1.1058947651128058e-14
2.7475237314117492e-14
2.0400870365462681e-16
8.763416685487922e-16
5.6198697972031874e-14
2.1326099949730464e-15
1.2304302577701108e-15
6.692484688323896e-17
2.691781280990214e-16
2.4180848119962277e-12
8.289220184795924e-18
3.6536538356453213e-13
1.8891598187032966e-15
