3.9393989386582086e-14
9.502090540937065e-13
7.835269870506186e-15
1.498916739754895e-15
2.94377329936586e-11
9.800206145711733e-19
6.814259614804972e-16
3.1088227790738076e-16
3.988998228616095e-15
1.3751806786208995e-12
1.8049494201503037e-13
1.084843304590077e-15
2.0343080970413701e-16
1.0146992458349272e-14
5.682498122731922e-14
9.437499339486136e-13
9.050628023180251e-11
2.3044662113877568e-10
1.0302885105484586e-15
5.168654437163617e-10
1.3165774153154755e-14
2.0262805069627116e-12
5.355653530319168e-12
7.800148089259898e-17
3.2980579471158024e-15
5.961770028314474e-13
1.2114214449997517e-11
1.3957711837190453e-14
4.4453469557385654e-14
2.351808700331334e-14
9.571853768806441e-16
8.710687841937555e-15
4.74199137385635e-14
1.9160980395067225e-13
8.313112788730587e-15
9.22396548711101e-16
4.656247335400585e-13
6.573763181488915e-16
9.122544128374015e-15
1.185626313177633e-13
3.2681149841760818e-9
7.143130325681116e-15
3.2796909899079057e-10
7.151993439395708e-16
1.2800534314796788e-14
2.335350886345055e-17
3.770026867378625e-14
5.584137552882512e-12
1.1597848367741223e-12
9.271759768320803e-16
1.0858243387030514e-13
1.0730061717369948e-13
2.7119843343821786e-13
2.444475712476386e-12
9.92693175399219e-15
3.314858621293341e-14
2.421573766079966e-13
1.0717434006255476e-12
2.900282214268109e-12
9.122568705579327e-16
1.2839713464553633e-14
2.2607792463362325e-17
1.6309225178635032e-15
4.236213359043408e-15
4.826407610207057e-17
8.843426469163904e-15
1.8164022456033053e-16
4.06319842115629e-18
1.020227588022546e-14
3.1444642183459525e-16
2.971438097156108e-14
8.47059580172492e-12
1.0913246780797466e-16
2.7902951990774282e-12
5.547895396574482e-15
4.5933635930787785e-15
1.393319081339619e-15
4.224010296455055e-16
1.499476766837392e-12
8.775428979731818e-17
2.6813073345428765e-16
9.34313498554185e-16
1.1268683968892491e-9
1.742767347592462e-16
4.602703379613253e-11
3.4474238765419734e-12
3.29212184413958e-18
3.0571892426138634e-15
7.32585576818047e-14
2.289769373991374e-12
7.54085882046925e-14
1.3164018426452466e-15
4.474061602880959e-12
7.314108983685393e-11
3.4097692948652926e-13
6.766234483618056e-17
6.852316425546561e-17
1.3973745935048018e-11
5.302575683881509e-13
1.3094040912482804e-16
1.0624070361828318e-13
9.436899140185379e-16
1.624965625246488e-14
1.1734576304658584e-15
1.1360690475449751e-16
2.944510317624283e-14
7.941088944927614e-17
3.1616407476427965e-18
2.2738814798743486e-16
1.401974456279538e-15
1.6932312394799892e-16
6.817339769662687e-17
7.032856431926627e-15
1.891313915598625e-15
1.0961606909441667e-16
1.0803205953649057e-13
1.6285800461152533e-14
1.305040833371794e-18
8.279988223449986e-16
3.085931287586956e-14
3.4688501635508486e-15
1.2625823389397832e-17
1.6184566799315832e-14
1.3584524353666566e-15
1.2379406860744083e-15
7.89134585051034e-11
9.495107151895803e-17
1.8823363079599477e-15
7.528593343417747e-15
1.9263814530868412e-15
1.1101346404283825e-16
7.167006793263827e-16
8.540983185448503e-15
3.9129438015511046e-17
3.0063398765712185e-16
6.884879895954984e-16
8.915791373822969e-10
2.7643144998141583e-15
3.136415956340426e-12
3.655747043822332e-16
2.9238049903770494e-14
1.1691315069972679e-15
1.240738686989577e-15
2.0555392456495235e-12
2.757454227856126e-16
6.871208363359187e-17
3.018744617902523e-18
3.0454771476489134e-13
1.6670726899439298e-12
8.236940364887508e-15
1.661544975272099e-17
1.428850084047006e-16
1.897519599276427e-11
6.574111914158147e-13
7.110334890469037e-12
5.025106490464136e-13
3.048053065490075e-12
1.0128627259958055e-13
3.863526174666474e-17
2.4112251060626142e-15
1.1545101997271595e-11
2.2439852635056837e-15
7.176897777334293e-15
1.855464275194979e-13
2.850599793317134e-13
7.33321577972241e-12
1.5174419110800073e-16
4.3826289857379014e-15
1.893204032140088e-9
5.6433745576960225e-14
7.561900832362664e-17
3.1841167206808123e-16
9.244836943561423e-16
7.094150898963432e-12
2.641084527439436e-13
3.3840428942531685e-13
8.122252577172096e-18
5.818862252040636e-17
1.3006905787500345e-17
1.9753024449321808e-15
1.5632360031235913e-12
1.442177684139292e-13
3.6815733677235385e-12
1.64806493081773e-14
1.4333942867415323e-16
3.419504069739194e-16
5.932994064903416e-14
5.104722253294107e-16
2.0539286211642636e-14
4.938303790371815e-19
4.997366990581701e-16
3.5142182947319634e-16
7.318359737810247e-14
9.105025410222628e-19
4.542319071177535e-16
1.0737480922946099e-15
7.033480807820185e-16
2.65871930046359e-13
1.1231650827891751e-14
3.957361494789216e-17
7.951744073520581e-14
7.432842577271758e-14
5.294434111787191e-13
1.403491384398602e-14
2.7721510205481707e-12
2.022473993039128e-12
1.6639160764122155e-18
1.9140811668916432e-14
2.771035958450936e-12
2.2019666647546645e-13
3.069937755862733e-13
3.607093472416403e-14
4.1686350421775613e-14
1.4981428378966862e-14
5.3195486361300126e-14
2.0088488344484944e-12
2.901975204456793e-12
1.3070445676814876e-17
1.2263209877009503e-12
1.4145181304102953e-18
1.4170095887034496e-12
2.3499708583521304e-15
1.7195939229222656e-13
5.043560098931939e-15
2.6269321674810437e-11
1.1127345452113814e-15
5.264989374199617e-16
1.254141989495394e-19
9.405860953167703e-17
1.7086114931965854e-17
3.363262430958206e-16
1.035221870319922e-13
2.430258846930641e-11
1.3712316037140362e-14
8.815472335346846e-13
9.576055981725712e-16
4.885062943106101e-16
8.579892698315895e-13
2.645970278373857e-19
1.0295055594936874e-12
2.0784593031399858e-13
1.2825020636928587e-13
1.8065152238345465e-15
8.16415788817833e-11
2.0306920374527869e-13
4.92285883629565e-17
3.120356187627275e-15
3.948608852845913e-12
6.4559685953050145e-12
4.4571831407875047e-17
5.7466396994272025e-15
2.2913450905389423e-16
1.4627352634387574e-16
4.570572265566364e-13
8.025723348691468e-17
1.2248186832234e-11
1.202314767487065e-14
7.488850599499418e-13
1.7987451581852336e-19
5.068412970905077e-17
7.986629330252903e-18
6.961728529728609e-12
1.411411925289912e-16
3.1624767699193333e-15
2.978867356826915e-14
1.0501011135642282e-12
4.2090362346522436e-18
2.074767851686641e-12
1.0279096295197282e-12
1.941694090992302e-11
1.277340882297695e-16
6.553242005717556e-12
2.478283662442859e-19
6.587203228563847e-14
3.506515000180093e-12
3.8557654669715125e-15
8.419620400590406e-14
8.113246527945689e-14
7.847113549806495e-12
1.8682271915602104e-15
1.2151417358555318e-12
7.156195645046916e-13
3.871548128946357e-17
1.7216502719392885e-12
2.6683482345210243e-13
1.5975343221658042e-12
1.1700158626356355e-12
2.874840431428213e-14
2.108037444732844e-13
1.073256111067043e-17
4.33823453088003e-20
1.0969976568022552e-17
8.455067389283185e-15
1.5547990141047278e-12
4.60451397949697e-13
8.983281210658717e-18
1.1883268831730829e-13
9.188789294836763e-15
1.7038749646837042e-12
9.405131262878637e-16
7.746785604860892e-16
3.8144443312404096e-13
1.5382706704631035e-17
1.7882368645606118e-13
8.345850196473918e-13
1.7555056802552652e-16
1.618800448506913e-14
4.866625505104273e-14
3.8717011244014767e-13
2.3254540030559454e-15
2.979868437638638e-16
5.673643128349279e-15
5.291628646299325e-13
1.5576532740074844e-17
1.306800359059803e-13
5.168437473888721e-11
7.301267498201465e-12
1.1584946765309024e-11
8.587074219124582e-17
1.1886876409455889e-14
8.872239463084145e-20
3.707278179753213e-15
1.3647005251247773e-13
1.5086972092069244e-15
5.076359185169883e-15
5.196725098251346e-11
2.2682979944456154e-13
2.1284253414936924e-12
1.5141412137710672e-12
6.0931592484035e-15
3.77540326363684e-19
1.126674947238499e-12
2.2486765714336497e-18
3.4686359464395595e-12
8.064796775247338e-11
1.4193664451343657e-13
1.0985041677255778e-17
1.3649671691615546e-14
2.2678887648490874e-15
8.914309578613554e-14
1.8264732679170583e-12
7.611617665340484e-14
4.276040296366437e-12
1.2939116882722008e-12
6.143760097652285e-17
5.297090444679982e-12
2.543341616508524e-13
1.1876216011478925e-15
2.440971564010059e-13
2.694194607328232e-12
1.1745163038226573e-15
4.6344717411587494e-12
4.148148968918131e-12
1.2203465501125954e-11
3.204342978982703e-16
4.670393003025326e-13
3.6018631393106833e-14
5.292703752342902e-13
1.9292722267410803e-12
1.667450605536961e-13
2.18616091371458e-12
1.9611226648610744e-13
6.294523240591222e-13
6.416332643894001e-14
1.0705329416997587e-13
6.509096054657232e-15
3.246401796737904e-11
6.8555647424237e-16
2.7324970356599936e-14
9.704453984865062e-15
1.4212582047085583e-12
3.5534352783016473e-12
3.024332676284473e-13
5.775761890976912e-12
1.5729281744786413e-15
2.2357165945775923e-13
9.541149370915778e-13
1.6153159847869352e-13
3.050762178645735e-15
1.6899696082295206e-15
1.4314907199994937e-12
6.397030869359344e-13
4.556229394222303e-13
1.7168489042169914e-11
3.187767922964683e-17
3.903181563913366e-12
6.350959965673535e-14
1.5173109821664402e-13
5.579752615332275e-13
3.196990887692277e-14
1.5085435597322688e-13
2.3389859247704263e-12
1.5059237099240738e-12
7.939542418196074e-14
1.0408879004011498e-13
4.625527191904748e-13
2.544036213830326e-13
1.5961249187604352e-11
2.4938102522367317e-13
1.001013175905003e-12
1.1556100597480236e-17
4.46896791215807e-14
6.525244803771331e-16
4.561389042552962e-14
6.9552246865547425e-15
3.5163347897652607e-13
2.304058948777961e-15
1.9463626633938972e-12
2.6553547708166833e-13
7.751463086488761e-13
2.253972698852399e-19
6.500963068622716e-13
3.670925086705385e-13
3.3584802556749226e-15
1.5069506762600517e-11
4.232904253161536e-14
2.108453613322841e-15
8.875148645088914e-14
1.1548464618174988e-13
6.973291907262089e-15
3.5434655820435087e-15
4.876536693827317e-12
5.755114770253902e-14
7.364915044133779e-13
4.432275954888481e-12
8.150042410168353e-13
1.6564657261560503e-13
3.235755704155408e-14
5.369504673997593e-12
8.396695779543972e-13
6.59643448674175e-16
1.4307042829870681e-15
7.234980899494853e-15
2.7830229786921632e-16
2.5009222020195145e-13
9.781033367735665e-13
9.96785759703532e-16
9.874955784977832e-13
2.6490350606244386e-14
5.482034782649864e-20
4.862303087026037e-12
2.4924043129943602e-14
1.5486181370358507e-13
9.47607492723784e-14
4.1470523404201455e-15
4.8387994906712443e-14
7.917203111426364e-13
1.6673702154889588e-13
2.0362801486874962e-13
7.053865455383025e-13
4.2657461720333216e-14
5.573348631998886e-13
3.8427195703583476e-14
4.317866633170802e-13
4.031498762891951e-12
2.0589584564710358e-13
6.197944133133325e-13
4.692741186902505e-13
1.984421715956424e-13
1.4041185347380272e-12
5.1739961535780824e-14
4.2762592748519754e-13
1.233647318165908e-13
4.3890284886296725e-12
1.589341865858476e-17
8.331505363347626e-14
2.184035273030195e-12
3.8689116516781807e-13
1.552344949868703e-12
4.858885251143482e-14
8.360054205972858e-13
6.647230703484165e-13
2.390119100515118e-12
8.319523056890214e-14
3.383428772492027e-14
1.5668154805503589e-12
1.8360817061482298e-15
1.1670343375099821e-12
6.33314511420353e-14
5.705370907884127e-13
3.505917057934121e-13
5.20446879365272e-18
2.246522361623829e-16
1.5461593270878408e-13
6.773618419458432e-13
1.1708213064894306e-13
6.486330075861251e-13
2.155492413720517e-15
1.9437974109977423e-14
8.572649237416108e-15
2.984873071992195e-13
1.5810465690730371e-18
4.2444729138958783e-14
2.638567949362527e-13
1.8512330202791055e-13
4.514822480933608e-16
4.813330613265591e-14
7.895399020485577e-13
2.8814827188285155e-13
1.589990533598016e-12
9.727181341078269e-12
5.596674564680738e-13
4.2127894762961226e-15
1.9047447634423734e-15
2.5704680299810465e-15
7.497890778902907e-13
1.0236398205469194e-12
1.653703831898553e-12
5.203296656116706e-13
2.767408784366054e-15
1.6654388055776955e-14
2.034887850549813e-12
4.5102286789637603e-13
7.776324183770555e-13
5.782863119181024e-13
1.2322384792192153e-14
3.642675386405277e-12
3.6767886817350004e-12
8.026271286307124e-13
6.7419054796575314e-12
3.6784605920818806e-15
1.2589090782356752e-10
8.696284339319563e-14
8.906198340291307e-14
2.4887089609096528e-12
1.4293417873819847e-12
2.052314206359529e-14
3.273680399935503e-14
2.2692301234178213e-12
1.0125448909823212e-14
2.5724707615642103e-14
1.3265438449682685e-12
9.582544065310883e-12
1.9220970317804818e-13
2.933243878962371e-13
5.817752582803671e-13
8.00065471034288e-15
3.723382664430647e-14
1.1498684414985738e-12
1.6645434747197244e-14
1.7766505799859267e-16
4.439181058105297e-13
4.312593189348575e-16
2.8337393361660683e-12
2.844661618880263e-14
2.9566943167042835e-13
1.119085782871944e-12
4.1672028274968413e-13
9.596745479946091e-13
1.1882368292829536e-13
5.547746614918314e-15
3.462933168677576e-13
2.708216156391762e-12
7.179071878096418e-14
2.029201321825906e-14
5.678561903941834e-14
3.9809888158098994e-14
4.703357140833156e-12
8.756453062946814e-13
2.830949937798397e-13
8.560531048458055e-15
2.9976569942976907e-13
2.7219721179108483e-14
7.150351999064922e-12
2.5260479237401383e-15
4.852907534746031e-12
7.00451580900779e-14
3.6160490112339765e-13
6.893027067543971e-13
5.2407069127498066e-17
7.23105235050639e-18
1.1627120537792353e-15
2.248422074971858e-12
2.6866453851723588e-14
7.822762475986539e-13
3.148814901364433e-12
3.017962704693877e-11
9.411413294977505e-13
3.9294481016941986e-16
2.8857381336759223e-13
3.426014527233114e-13
2.4551800052570786e-12
5.389147382237965e-15
1.1847614315057346e-13
2.98481407763509e-15
8.693814574355688e-14
2.0995457985545393e-12
9.209143472019965e-14
2.544080958208031e-13
6.4547645603033935e-16
1.3358240773068837e-12
2.5750065933921333e-14
1.0979441849936976e-13
1.5573680042939912e-12
7.74595192765051e-14
5.292498132511702e-15
2.7717747604358886e-13
5.055613276712578e-14
1.8034127482868793e-13
1.5439796917369287e-13
5.065808648094061e-15
7.18527103915383e-12
1.4566404541901921e-13
1.6220250082271649e-12
4.017540200968058e-14
5.652985562958053e-12
1.2738564062092707e-16
6.583691753721331e-13
8.44937259859018e-15
8.463204661999758e-12
4.228215539890679e-16
1.0532942597322643e-16
3.2597403071377498e-12
1.9068206056227399e-13
3.39378485522766e-12
6.68040520047722e-13
1.3330371859654282e-12
3.574694857101041e-13
9.421762877006252e-16
2.5077183833460024e-12
5.904390996301212e-16
3.39898640238175e-13
3.527118664896506e-15
1.45901584178751e-12
1.4050006445279406e-11
1.1694748780810634e-13
1.7193786509958581e-12
1.4627716539732522e-12
4.0142354962976695e-13
6.83351593162202e-12
2.3231605972930388e-15
9.619640491785838e-16
3.924300917522373e-11
3.382534878794381e-15
1.3924877138447224e-13
6.162413695495048e-13
8.275065881094494e-13
2.526330228532252e-12
8.680129983622129e-14
2.3440992350365188e-14
6.813529628651542e-12
2.1560499435009205e-12
4.627868092644822e-12
5.830048391524701e-13
1.3624657464295625e-15
8.273302617265295e-13
7.26989719094949e-16
2.438285259146151e-13
5.110248729850321e-14
4.803991553121386e-13
2.808606413656253e-13
1.0311597438577597e-12
9.803782409525263e-12
2.912997004768762e-13
3.923806282949929e-12
2.0151267083887045e-16
9.279910289303022e-13
2.486835593124287e-12
2.8942032981948845e-13
8.198990057928915e-15
8.849019525506936e-13
4.456152959973606e-12
1.7354187335802933e-13
1.015238371864125e-18
1.1166451213744277e-12
4.0711864489044366e-12
1.0766822070924412e-13
5.991512330654875e-14
5.471733451274957e-13
3.03109487139408e-11
1.2902736727768213e-13
9.340336654308336e-14
8.926125641432704e-14
1.5168732824752005e-13
5.13110471134498e-13
4.911532626979061e-13
2.9564938415477126e-14
1.9727536794801247e-11
1.3441779020110671e-12
3.4892454806680145e-13
5.194157328056713e-12
3.170838088455607e-14
1.2203662113986595e-12
3.674839206667086e-11
6.5018088757944584e-12
1.3716032679505029e-12
3.338124671645389e-13
1.0925670600100099e-14
2.36441588944634e-12
1.2649547644097384e-14
1.0282755515032832e-12
5.193080575845168e-13
3.140397080448341e-13
6.2223542015727045e-15
2.652502992206839e-13
2.1084095566207293e-13
9.589805128449686e-13
9.722346128724032e-13
4.631244797041007e-15
2.896159381960821e-13
7.974416043648805e-13
3.4933334474527863e-16
3.3104308361467237e-13
4.4536058795730844e-15
1.926749828958223e-12
5.80740928969438e-13
2.6503002233689964e-12
2.7501350809683403e-14
2.290019527873344e-13
4.947762939339275e-16
3.7950871922573885e-12
1.3038131214919792e-13
3.2398770580229425e-18
1.6744545343378965e-12
2.025416212715824e-12
2.2943083819318926e-11
3.2434678619923954e-14
3.985639604773873e-12
2.3934650445409803e-13
2.5464003083276977e-12
4.6929422337418664e-11
9.834104531504814e-17
7.470735483085405e-13
8.585754959606687e-13
7.204860633555159e-13
1.462902292360926e-15
1.6547621242936536e-11
5.210525836156931e-13
1.559014332428655e-15
4.227247783932755e-14
7.414317367140786e-13
5.998775424067757e-15
7.542305216457735e-13
5.2075681209367724e-12
4.261208890440845e-15
1.561848417961199e-14
9.544342074175877e-15
2.9802671060430594e-12
1.859098699785574e-15
4.7025745851962116e-17
1.3532112243415337e-12
1.1765490377106361e-13
3.4274517173812667e-13
6.700253209157442e-13
1.0146261309669819e-13
2.017657663641912e-13
4.6447023203037663e-14
1.9754801640912036e-13
8.800662154772742e-13
1.5661352459681967e-13
2.1764582661301108e-13
3.047682983094951e-14
1.2403773567676784e-12
7.398820587869593e-14
8.582757121009488e-15
1.7051017018369812e-12
3.9722907335595793e-14
1.275056213359564e-13
8.313680644817175e-13
5.851983068432703e-11
1.6876739593449352e-11
6.615487321931968e-12
5.354064544426894e-13
1.3269377525161278e-11
1.5683043143342114e-14
7.964603617937686e-13
4.3305706842627215e-15
4.135748348630576e-12
4.021632021569568e-14
1.3274282808340266e-15
2.348044119631012e-13
4.741935790863421e-13
8.266051433251818e-13
6.936677871991855e-11
2.1345430535488153e-12
1.4542979450569841e-12
2.4148821962577985e-14
3.082000596582252e-13
6.245255061668879e-15
1.0020409681223886e-12
2.491568321188138e-12
2.1880004440211707e-12
4.9358198299772775e-17
5.383507072993293e-13
4.9866307735894856e-12
3.0499042995785456e-13
1.915779687853591e-13
7.125090203024605e-13
1.4666281701627012e-14
4.975011139660192e-13
1.6145266147824394e-13
1.7354261958340886e-13
1.323241934720826e-13
1.532411661951161e-12
2.1582857865546803e-11
3.534696956569528e-12
1.0408259223031576e-14
3.9603274407402983e-13
3.247865163626546e-13
6.606712697672167e-17
4.2622190823112237e-13
4.655679204375527e-12
2.2072175596991232e-13
1.5011195412289652e-11
3.50574257525222e-13
5.918963560777989e-14
9.853866592157115e-13
6.649247237440172e-11
2.0453306502313105e-15
3.0227887769063053e-13
1.0924140028991132e-12
4.749071561605038e-13
1.8531859184734316e-13
1.1982897020493385e-12
2.2561303336588468e-13
1.536034890186237e-12
7.031790078596605e-14
1.546445943647854e-13
1.718154889145207e-14
2.118327917762405e-14
4.911872278135045e-13
4.1060536014134846e-13
9.09488021070508e-13
4.588364767702554e-16
1.3990530454198422e-11
9.627807450902092e-15
5.20134195917597e-14
1.2949549104467242e-14
1.631577284592069e-13
8.528779621705651e-13
2.8754180956328442e-12
9.770429235591552e-14
3.8706212469760034e-13
6.4853265198458896e-15
1.7601428873358427e-12
4.7019707154453033e-14
1.5544343152616636e-12
3.5595752139389856e-13
9.62996357555093e-13
4.666159448718379e-13
1.8404132400594375e-12
2.0923241283513066e-12
1.6914234646088375e-12
2.4476604518654667e-14
5.6696170412017175e-14
8.55804815853369e-14
2.0267599464351714e-13
1.7654721162054617e-12
1.9351114673552006e-13
1.725281888953735e-14
2.8640261829390543e-13
4.604793436280855e-13
5.588202716729931e-13
1.0820770738377064e-11
2.4147464252248005e-14
7.195241653854574e-14
4.1402545030599564e-13
1.5114197730442308e-13
2.1267927925354436e-13
7.49813013540036e-13
1.3467206105084622e-12
7.593176125977868e-12
8.510352920588355e-13
2.1266078922340624e-12
1.7765589059402462e-14
3.3022138940532695e-12
1.5789152795670477e-12
5.247106225584191e-14
8.175187865933879e-14
1.812973918194951e-13
1.3253138986163447e-12
4.331472732472535e-15
2.896976093598486e-13
6.031664041551028e-16
6.289223017525288e-13
4.595595849765222e-13
6.110493824130673e-13
3.1600127678242164e-13
1.2646810325137854e-11
1.9206109183966787e-16
1.3166386814942664e-14
6.786282044167412e-13
3.2148392424635792e-15
2.1570547124242757e-13
7.406501279253374e-14
9.059760198279113e-13
1.3481489487962614e-12
3.135860082458587e-14
7.964684674130562e-12
5.159537732250712e-15
1.6506480558157723e-13
9.1781408357061e-13
2.526128380922009e-12
3.19282542177933e-15
4.878322263910605e-12
4.8130315665389355e-14
1.0359875192659797e-15
4.4964758639908897e-13
4.446711341484368e-12
3.371130674817474e-15
2.518051154243425e-12
1.0424890214247486e-13
1.4088056015354442e-11
3.1700987584865165e-12
7.630173436387445e-15
9.132685850485184e-13
8.520083512622537e-14
9.296447535717284e-11
1.62541071644178e-13
6.055067695319551e-13
1.8387122667747498e-13
3.514302484870719e-13
9.194929879905124e-14
4.4329073200927445e-13
9.017195831478247e-14
4.950927524534096e-15
1.3542617991864733e-13
1.977206006154738e-12
1.1153659832992286e-14
2.1689207429801843e-12
1.720570764027358e-12
9.215861630926583e-19
6.885221179794443e-14
3.001269334266729e-13
2.0560858288512192e-12
2.5428714698710785e-13
4.44478013837928e-14
3.0097610730226568e-12
1.0415794664972866e-11
2.0874115216479868e-19
2.1459547646756846e-12
1.3115888214472265e-12
1.4216441940230292e-13
1.8481126675516225e-15
8.562697943211367e-13
1.717663597839178e-13
1.1564810010455154e-12
6.196836159702764e-13
2.0700325201416553e-12
6.847167405243375e-15
7.189149795509016e-13
1.5921922516906764e-12
1.2831858524699988e-12
1.6360807593229982e-14
3.827703099222128e-13
6.755714563676985e-13
2.746279393774059e-13
7.671828016100078e-13
1.5335718202633273e-14
5.474315900457366e-13
1.7965440650323216e-12
1.8706568222076363e-14
1.9223994534895273e-15
7.559415748728119e-14
1.432144790352321e-12
5.652957725877124e-13
7.102724869375165e-15
1.520777850740849e-14
6.16187229486962e-12
7.590534262588527e-14
5.280854863955327e-14
3.3912045130827226e-12
1.0235741215567835e-14
7.793958582200662e-13
5.31641848753037e-13
2.5052227401006438e-17
1.0370353034215311e-12
7.178607467109562e-12
3.478266913584664e-12
8.094350746809582e-14
1.3999664769445702e-18
2.2098064921255393e-12
1.548956759753506e-15
8.080960927141524e-14
4.685596596767088e-15
5.562069338809919e-15
1.282724472673933e-15
1.2037394494692576e-12
8.533379629908153e-14
9.841311918297736e-13
5.80479000203696e-12
1.5672827264046762e-14
7.644596389874679e-14
6.1094346994229345e-12
2.6973523541507733e-13
5.092233257556777e-13
1.4644406465649196e-12
5.850516369946351e-13
4.004003585059919e-12
6.612363860671233e-12
2.192850596736635e-13
1.3555930483934523e-13
9.465708941408191e-14
1.1894593742036524e-12
1.1571739863591808e-13
2.3738040086150127e-12
2.2735543634752316e-13
2.2214831714322934e-12
3.2530934188411533e-13
5.51804669480939e-16
2.248171977349556e-14
5.626988907299034e-14
2.1277890592274296e-12
3.206665165646013e-14
3.9758908094326263e-14
1.169090468005107e-13
2.8294215449967965e-13
4.091534918089284e-15
1.0526389004658461e-13
6.337959974362211e-15
9.487152433874388e-14
9.129031526127998e-14
1.206707376427446e-13
2.909774015280248e-12
1.3044630351465097e-13
6.264995397475534e-19
1.7015580236690776e-12
6.24098194373804e-15
3.190080387704097e-12
2.9354501317323633e-12
4.967214718051975e-12
1.925039545964524e-12
1.0935302037401717e-12
4.838847200725841e-16
4.4762357441960914e-14
9.121720307706739e-14
6.7572656004741285e-15
7.809331907447905e-13
1.3667919238371947e-12
9.806430016781418e-15
5.1233222462674355e-14
1.83501772354156e-15
3.8073021727201595e-18
9.80248093937735e-13
1.603060993365363e-15
7.565212504552597e-15
5.672833161150347e-13
9.855093288940695e-12
1.1017876821128515e-11
5.794078424768259e-13
1.6228128193830907e-12
5.929071727495051e-14
1.6696597810957505e-12
1.1252567952587328e-12
9.845088234809172e-14
3.2845696103689267e-15
5.069229355912974e-15
2.1288988063502208e-13
1.7804771932137213e-13
1.587802474744174e-12
1.708068821443593e-13
8.288230098376127e-12
3.718468778757148e-14
5.503851399540541e-14
2.2718792906714103e-12
1.111448114298177e-12
3.110265440289791e-13
2.5767667144334517e-12
2.1864468212690217e-12
1.8197029340424083e-15
2.4825579736605033e-12
9.109270848593613e-14
1.8161930397189268e-12
2.5353575034960166e-12
5.626373168681161e-15
5.818141601012327e-13
1.0325185955231692e-11
4.170810494212317e-15
8.378597692433244e-12
1.310024818329925e-15
2.350305844613821e-12
6.587637253618529e-13
1.8649568261819924e-13
2.0916272347413103e-12
5.751928957404706e-13
1.8967215768638052e-14
1.7396654196258963e-18
1.9430057764870423e-12
1.0275951048536256e-12
1.7166928088262514e-12
1.5793620856254205e-13
3.985812847874189e-14
3.3002502367081003e-13
1.6287714787495422e-12
8.492766777955166e-14
4.0069833636451797e-14
1.662882288172506e-13
3.75265718801843e-14
3.0871370036903087e-16
5.3273269993662406e-14
5.059987750967289e-12
2.1716606764319745e-14
3.3588825603870963e-13
3.871099439606299e-14
7.364297692619005e-13
1.2374680945875592e-12
9.245974972299005e-13
6.006729196836393e-17
1.015747311910049e-11
1.8600026756667606e-12
9.021477616584565e-13
7.076161347278485e-14
2.658137544301528e-15
1.0486096610077742e-13
5.119556123506338e-13
3.272044422224298e-13
2.446697131727798e-13
3.340284753407182e-12
4.883575885152704e-15
1.3788709516814796e-11
8.283198493107329e-14
7.167542773160325e-13
1.1124276786847443e-12
7.324894626818665e-13
9.78102442584383e-14
7.020173609767181e-13
2.6209043580966114e-12
2.2013146746221406e-14
3.813870354074637e-12
7.45173986057801e-14
3.442161459228847e-15
5.756253110937436e-13
6.950295062107973e-16
2.618799226542885e-13
5.178595866869496e-15
7.550291619069862e-12
2.988032302071236e-14
6.283671439597094e-14
4.1043148052144803e-16
4.8645124091578756e-14
5.27827575012026e-12
2.901074604419485e-14
3.389527155871586e-19
5.761832764048334e-13
3.889033602951402e-14
4.288644007673854e-12
1.2212137498738204e-12
5.5523592516665955e-14
5.048730251940157e-15
8.960599664789894e-16
2.1439026951215058e-15
3.6229158491329473e-17
9.313710748803144e-13
1.9156872887559472e-13
1.6343589714908617e-12
1.255987506798793e-14
1.4845047423161661e-12
1.0495819366780125e-12
1.4547129647918003e-15
4.956139225916021e-13
6.427577870219334e-13
1.235681376703843e-14
8.190776623673496e-14
6.612448767788244e-13
8.601762794219596e-14
6.272088269461175e-15
2.9234272865998492e-12
4.2170971223264e-16
3.938181405293034e-13
1.8292942908485925e-12
1.0039683936146089e-14
4.398694265906671e-11
3.3152480162351073e-16
8.739595887133066e-15
3.074843754814281e-14
3.9217962859876994e-15
1.2254680720879445e-12
7.341255216522825e-14
6.997035499102123e-12
5.527945121255043e-12
2.338424343628496e-13
5.812035210006845e-13
1.3052688837334572e-14
2.285678929219447e-12
1.8236462652322676e-14
2.573125480841891e-14
7.810518150024135e-15
9.91855466160836e-13
1.3564612633281493e-14
1.0319011525865935e-15
1.3058323653420834e-12
1.245525785185359e-12
1.1290822294637823e-13
5.760914312795584e-13
1.586470165924836e-14
8.066038049993639e-13
4.060809096895177e-15
7.047334834102941e-16
6.437652696105177e-13
1.416370934374075e-16
3.266350979904335e-14
4.17760948632962e-12
2.6484686414493027e-12
2.567012826298817e-13
6.24852002593542e-13
2.2895431950043864e-15
9.878687698999941e-13
8.721126028088882e-13
3.2049297399625513e-13
8.691090054268981e-14
4.5035745237705254e-12
6.710928968075062e-16
2.0447231865018422e-16
2.5623188515529203e-14
3.8966584492350884e-13
3.177416296248783e-12
4.8777604872323895e-14
5.699423488360066e-13
2.392893261312388e-13
3.823160271080013e-12
1.7449718906059288e-13
1.088293006759019e-12
1.434083557915015e-15
1.5884341486819175e-13
2.662309163269628e-15
6.528802189896706e-16
4.739737049711699e-14
1.8219854007592813e-13
1.0387340655217115e-12
1.8492112649067538e-12
1.302867732352596e-11
2.8273970288924277e-14
7.613890964028927e-12
3.1005005979168545e-14
5.484391193455563e-13
3.8846413860022045e-13
2.8896737802401433e-18
4.116937250998381e-11
3.258149663179851e-13
4.765172587088635e-13
1.1419899490190864e-14
7.387562987832096e-14
1.711128994604341e-12
7.816516142686551e-13
4.401774892114997e-12
1.23848083032348e-12
7.593600082644516e-13
3.6839022159631424e-12
1.0279054156962825e-13
2.6808451200918764e-13
1.8454479374238893e-12
2.294333457777473e-15
9.038308653838437e-13
1.1774292993672264e-12
2.2458223750290924e-13
2.0268176014801851e-13
5.870260565237949e-12
3.230454762908932e-12
2.984808661952725e-13
5.426706354265357e-13
2.9708231556130574e-13
4.6999400364301894e-15
1.5271796510187984e-15
3.1901068389681757e-13
9.867745199796543e-13
1.3302736378376218e-17
4.3855663832732957e-14
6.675317095493691e-16
6.14591419648098e-14
1.0878933022262178e-11
9.221575342485388e-13
6.204958068639987e-12
3.733682928442016e-16
1.031740310341373e-13
3.405546647484244e-13
1.3531204656133013e-12
1.970211435655453e-14
1.5340294521335278e-12
9.252418237770638e-12
1.893723543666448e-12
8.115282168052165e-13
6.417926734394863e-14
6.6630786547278586e-12
9.218446371429317e-13
9.514496430753154e-13
7.45127485032317e-12
1.4121929021325675e-16
1.6173505387523065e-12
3.1637338881605504e-13
3.921025983566186e-12
1.942539007613473e-12
6.092949338292e-12
3.870336757073078e-14
1.257990730142387e-14
1.1557408128384368e-12
1.8570091714485672e-14
1.1465377825025789e-12
1.5846862426451529e-13
5.401350125807765e-12
4.724959817149934e-12
6.95343621248958e-13
5.368363006815194e-13
5.463512817831616e-14
1.4406613166442597e-13
4.7124879595636884e-12
4.3843177413635265e-13
1.1720709496791884e-12
1.3722402136483865e-12
8.184829271359689e-14
3.553421939043991e-13
2.8746697092847426e-12
3.426012213188792e-14
1.6512344106469686e-12
2.3281046656220776e-13
1.864220525937557e-12
2.0270430750017355e-12
2.3612758498618265e-14
7.370038942413372e-15
2.1502796644715085e-16
7.326146625591531e-16
3.699021801106037e-14
2.352916869197517e-13
3.1335176714641103e-12
5.047219558267383e-13
2.2114460038181525e-13
9.579423492825392e-13
7.458489810920825e-13
8.8099219092325e-12
1.4649429257412517e-13
1.590069640563118e-14
9.138122159845812e-15
7.235124127326265e-12
1.858468710896968e-12
7.1649263598520755e-12
2.345079082498159e-14
9.3844286179957e-13
3.88460662657112e-16
9.94180626948412e-13
7.922179294243721e-14
4.49938927488489e-13
5.513964736290681e-14
9.533010558821331e-14
5.913264286214211e-14
1.940971344300394e-12
1.7889733082616e-13
9.549891813732076e-13
1.2478092923921845e-12
1.1615269353737483e-13
3.0532250503058794e-13
2.667929923927766e-13
2.20341616815299e-13
1.1839926057106566e-12
1.0561767710741461e-14
3.9114591535712165e-12
7.880754424126901e-14
1.4213963845253218e-16
8.801426617773297e-13
9.562922663451093e-13
1.2636262636978329e-12
1.5009438331223114e-13
2.3694988610380965e-13
1.804217187254331e-12
6.125192933747509e-14
3.6405228821993426e-12
1.7394607395696848e-12
8.289024470649351e-13
2.0064771581092788e-13
6.219883515675007e-14
1.8187739862911622e-12
6.488737691494741e-13
3.4122203368437055e-14
7.576764204657365e-14
9.150906729794297e-14
6.200980267713921e-13
1.0118130069722133e-14
4.338782134076259e-16
2.498852495957462e-14
3.358540704781708e-12
9.423455996744624e-13
5.2823532656068816e-14
2.460437979869791e-13
1.902394914458078e-13
2.2351406516680795e-13
2.8483505632782657e-14
8.894428265327164e-13
1.0026010317771646e-12
8.93011079334867e-20
1.0503452481247861e-12
1.5926970286471982e-12
2.670305044159315e-13
3.491300115798664e-14
2.272811621293452e-13
1.5600186039223298e-12
1.1639638952274614e-11
1.6120889584146146e-12
1.550269213312197e-14
3.8246333350095264e-13
1.7507894449646358e-13
7.175943055454532e-12
4.088610250103062e-14
1.211680688866436e-12
2.1127891800266124e-13
1.4020305435165952e-14
1.4067920709762095e-12
1.5993724288486965e-14
1.573836733131223e-14
1.164305142780692e-14
9.514571859175679e-15
6.512805853638951e-13
1.5180274074392477e-12
3.822145978858149e-12
8.642894558840472e-20
2.292092452508428e-12
2.015725377645899e-12
3.5751910108753907e-14
1.7383095805917012e-12
3.624720003383634e-14
2.198401075541798e-12
1.4667621081081047e-13
2.4546680888964525e-14
4.00116386648897e-13
4.6162272998069295e-14
6.328438471290228e-12
2.5547299392578306e-12
1.5643491323555088e-13
2.256147180983889e-10
1.8167109639030536e-12
7.923604805176876e-13
4.9331170230589025e-12
1.3721619238325856e-12
5.374762533269556e-12
9.995382477505497e-14
6.0310212406684356e-12
1.7347163344752477e-15
8.370859556298127e-13
3.500711685846295e-13
1.7937714599114663e-14
7.985825875504054e-13
4.275185668655458e-14
1.5028417310059717e-13
8.811619360890797e-15
4.058213849078797e-12
4.086501622274243e-14
1.0923420798341996e-17
8.606460744542179e-14
2.8627831876155156e-13
1.253103583625914e-13
8.37306082121816e-13
9.627818560247521e-13
1.136057658548172e-12
6.648272360865972e-14
7.286872631460919e-13
1.507169631974426e-16
9.326307450854292e-13
1.5920716646602258e-12
1.252200072489442e-12
1.1551136367921958e-14
2.3682500146465956e-14
8.85848965969464e-15
5.262097779508381e-14
2.0067862128229342e-16
5.8316167050435006e-12
6.502342118804881e-13
2.4261586173401976e-13
9.69421884863833e-14
5.608172427891604e-14
6.210991490728446e-13
9.871647525100939e-14
8.925457905340768e-14
7.91520180279809e-21
4.039220409174559e-15
6.527363512542829e-17
1.5373629966066841e-15
8.824170300483222e-14
2.1640352779899172e-13
5.179161422511807e-12
2.5013889703006222e-14
7.983543251926578e-13
1.7265773754521562e-14
4.6402201543368635e-17
7.401050085909227e-12
7.553113149818468e-14
3.8281478471734285e-14
2.162862211675053e-12
1.6201741621576028e-13
1.356461084970591e-13
1.4997510258003513e-13
1.1620015361836014e-12
9.364342322966532e-13
7.726113402643545e-13
1.8021796348258526e-12
9.637138253201232e-17
4.956302001283758e-15
5.5221969588000796e-12
3.8721758184665517e-13
1.856290426215568e-13
2.9192560542080423e-13
3.0221671204699126e-13
8.91731785658616e-15
4.275084348809989e-15
1.3911370541440507e-12
8.82216865516449e-13
3.233813492870572e-12
7.116073205726669e-15
8.401140209274027e-14
2.748112372564985e-13
1.3635422668088163e-12
4.893892812796645e-15
2.797002848969904e-18
1.4481259910578271e-12
9.994638999775228e-14
5.5155680048662397e-14
6.261220820038972e-12
2.8321886295364276e-13
1.0230299358947038e-17
8.125087508767827e-13
5.2361814336558395e-11
1.4874751966511006e-13
2.7273313494382373e-13
2.3345972629032363e-11
6.943677433826361e-13
1.359458845038839e-13
6.832883692128503e-14
1.9029385219159896e-11
2.3038848684238536e-12
1.5870238531268263e-15
1.9247234304899116e-12
4.325591793482623e-13
1.2843980326040164e-13
4.562875231808217e-13
4.790702809396335e-13
1.16190766326455e-11
8.693342035780713e-12
1.7030949032061762e-13
1.624693593257743e-12
3.87510245682021e-12
3.9462528456265954e-13
7.353452562496111e-13
2.3459641045245303e-15
3.5602612801614095e-14
3.5365538835777195e-13
3.787645154290292e-12
1.2091095996174753e-13
1.0294323697774563e-13
1.3731463904898935e-13
2.7095681594529784e-13
2.7261160971346507e-12
1.0120326072890443e-14
2.0823374350645657e-12
9.918806366716791e-15
1.0576693169483426e-12
1.0604250192700232e-13
3.611580722557279e-14
5.889267754093188e-15
4.902084756061862e-12
1.3213152274415106e-12
1.6458273172829324e-15
2.7697030696269658e-11
1.3607764774848406e-12
1.2516670847500732e-14
3.218662120748833e-14
1.4278605627917185e-11
1.1583992966823104e-12
5.455088152215166e-13
1.5291112293096827e-15
4.8306771541776775e-15
2.053495335859068e-13
1.314216934196952e-13
7.288745610529169e-12
1.9923095829123244e-13
4.075689131858575e-15
8.943164080893412e-13
3.006190962588593e-13
2.79178652746385e-13
6.378905149951837e-13
2.1044075963926772e-13
3.300360527909347e-14
2.303087072698231e-15
1.1159259595793414e-14
2.348825878800749e-13
2.395200217034933e-14
7.538920425733724e-14
8.572803355288332e-12
5.519739265666309e-16
1.0069391943724983e-13
1.5022704784173184e-13
1.3361845477472775e-12
9.667458447855411e-14
4.41276339091595e-13
5.539222274596543e-12
4.3052518308919937e-13
4.308836658581106e-15
4.333400754260828e-13
9.420851163006367e-13
3.9287934109301015e-12
2.857803142802562e-14
1.7847651404640122e-12
2.943060804533729e-12
2.6889036648323446e-13
4.284516116567123e-12
3.882039087350594e-12
1.1979692598230307e-14
1.9478657784822096e-13
1.5160588337296378e-13
2.0575749153551858e-14
2.3692958395304195e-12
4.120200026222889e-14
1.1586558886785198e-11
1.4578003072748502e-12
1.4268229589469867e-14
1.2663931496432432e-14
5.8613282670092065e-12
4.257065034852543e-14
1.3571718446938509e-12
5.3631039219058e-16
1.9716642964915105e-13
9.877966168354844e-14
4.268247927264835e-15
4.577946204630496e-12
5.313534506788555e-12
2.6902734276399968e-17
3.383069203840295e-14
6.802884214235193e-13
2.861580818050501e-12
3.3266558397548626e-13
8.94099603379425e-12
2.458833162555556e-15
1.642852024522269e-14
7.658629393264322e-13
5.560637267035816e-13
4.1282398162604146e-15
8.585856797802049e-13
1.1748527893911119e-14
2.0912480498746447e-14
5.852306573123373e-14
1.2346919337589205e-11
6.181104574329953e-13
1.5547334651762818e-12
1.6655263136326596e-14
2.0536482981386627e-12
8.870202955920061e-15
1.2380152080101443e-12
3.5274299923075327e-14
5.170400554516062e-14
1.826014135003115e-15
6.179251042285108e-13
1.1797119414548528e-12
1.438758633185785e-14
1.281714564849677e-13
1.114576469184453e-12
4.998772850720728e-11
2.4074198312498348e-12
1.570920415672691e-11
1.066057845510293e-12
2.9834908933550587e-13
4.2947108393267184e-13
4.8863961231193636e-14
5.571140013856852e-13
6.275096940045462e-12
6.243761204807316e-14
1.3118365672219954e-11
3.929809914815661e-12
6.501616639475204e-13
1.4710943702775823e-12
1.914592105162718e-13
2.0374807135659558e-15
6.483413898208817e-13
1.991304431669476e-11
1.959463009098114e-14
3.7531928312789067e-16
2.1429868675828917e-12
8.286669067449572e-14
5.6175722957169945e-12
3.201717246946664e-11
1.3159261262289376e-16
8.688875308991177e-15
4.392009527184908e-12
9.201690638688563e-15
2.494319071710338e-16
2.8226986059860337e-15
3.646036111380147e-13
9.905129701732855e-12
7.596814625667e-12
4.826062209400478e-13
5.028337269790578e-13
2.5269040303592147e-12
2.318442944270169e-12
3.108167368045827e-12
6.500683856134241e-14
3.184706002756129e-14
9.297220213572383e-13
1.4158085327625401e-12
4.897503882570634e-15
7.179341974704795e-12
6.541923149991011e-13
1.0198542052024631e-13
4.682777333756967e-16
1.8615422516213163e-14
2.469597855116255e-13
5.2928004668155166e-14
9.455328330373843e-14
3.2135583301693747e-14
1.8806622564791457e-12
2.0908801044635992e-11
3.071865214292166e-13
1.0851579357497097e-12
2.6833302581791294e-12
5.537715271845071e-12
1.3364485085882998e-12
1.153277630114231e-13
2.9616292856644406e-14
7.093494308481218e-13
1.9335490455209265e-13
6.553561698032906e-12
6.90571801577895e-15
5.664921498655961e-15
1.4407149898423712e-12
1.4219283079626409e-11
1.6313890069035608e-11
6.951998443428021e-13
4.735319043919796e-15
3.208151647883781e-12
3.9371506378434274e-13
7.454180889790649e-13
2.9553084063757854e-13
1.2537747189077343e-14
4.719221709878585e-13
1.3355417083683045e-11
7.95371069146072e-13
8.7827704099093e-15
1.599771479354017e-13
2.6477693098618063e-13
6.798387083767975e-14
1.1226543318519956e-12
1.6843491710579573e-15
5.604913247747331e-13
1.7259486652473575e-13
5.493371349663525e-12
8.604646103601901e-13
2.8383578656819385e-12
6.401925281888856e-12
1.0806200334242884e-13
7.29762556638876e-15
1.8740629907644912e-12
4.631149223383585e-13
1.2192483375235942e-12
1.9870167806747945e-12
4.1037251670210885e-13
3.5085757091457666e-13
1.5372651282833478e-12
2.515460039371556e-12
2.487656240522784e-13
6.404576494655484e-14
4.666884140640513e-13
1.0648549908242255e-13
2.6718621198469703e-16
9.987299625795056e-13
1.2120550469273246e-15
1.9409452002107806e-13
9.968591640752804e-14
6.020017757064709e-17
2.767715619862685e-10
4.3780903407327833e-13
5.964160770662602e-16
6.333744722259761e-13
5.023805327082046e-14
1.0263693454959384e-13
4.036998374121905e-14
2.3516403874590688e-12
1.6201414041235093e-10
3.2800012209710145e-16
1.285980186533995e-12
1.5195837485449532e-12
1.796964432339591e-13
3.1437326073583334e-13
1.095289196307903e-13
1.0440356768000386e-11
4.979365396114579e-16
4.778294113981345e-12
8.169890460579017e-14
1.3357055250514235e-13
2.808952337555478e-18
1.049871917020781e-13
6.817749592219889e-13
6.960468106462867e-13
7.396032629425369e-14
5.694048747577046e-13
2.0623136934093043e-14
1.4017216739368408e-12
1.3520542786202109e-13
5.364232906027504e-13
4.7957903299876566e-14
5.850570601719209e-13
2.3779801392849657e-12
1.5129780714017914e-13
8.305387105798415e-13
1.3833224858264713e-15
2.2252653251744278e-13
4.914627754200077e-15
9.581080735580325e-13
1.5051974669549395e-14
6.880598620788221e-13
6.222689181921612e-17
7.943731370994404e-15
4.2209567156060676e-12
1.5843373839599743e-13
2.3117638859910825e-12
1.1611008492513503e-12
1.4817725111883724e-13
3.1829044765801873e-14
1.6474179496003087e-15
6.055012092993201e-14
5.729534172091985e-13
3.3702207974871298e-15
3.3544069034784292e-12
3.40682723453838e-13
1.2702812092095488e-12
7.510605450844549e-14
1.8572069681893779e-16
1.4943196976570219e-12
1.0217445359829337e-14
3.008249285544656e-14
1.5869998757907723e-12
1.9076732044735403e-14
4.515511581327627e-13
3.9168720418609184e-16
1.998619948829002e-14
3.427101016151758e-11
2.3012004499985975e-12
1.9348864465662054e-13
4.068881354895631e-15
1.9094039717672392e-13
1.0077063860630486e-13
1.6434008235305912e-14
2.907376474837081e-13
1.0387385139118533e-12
1.7926286465361887e-12
6.395060591057471e-13
2.0586037717789068e-13
1.5256894081152167e-12
1.1182435968130031e-12
1.1193756990159911e-14
3.248075370620101e-12
6.496324445298864e-16
5.132249837158033e-15
5.245467685381456e-12
8.609848922570023e-16
2.765504171213403e-13
1.9291519398917435e-13
7.879859008942147e-13
8.49016661581175e-14
6.207588634377904e-14
2.5341921296690806e-13
5.891030621281785e-14
2.463552188005022e-12
9.424441582305067e-15
2.8233626756696224e-13
3.832311536614287e-12
8.231962008908548e-15
1.7189691648259322e-14
2.579120595806796e-12
1.0314907126843538e-14
7.624091403041172e-13
2.620558476702405e-12
6.233440059577612e-14
5.08681870669908e-11
1.211924125948751e-19
1.6657455611800655e-14
1.348357982057505e-12
2.353049069793098e-13
2.951620287400174e-12
1.0773371281739715e-11
1.7488349289930888e-14
2.4214921366661728e-14
1.1924065409937752e-13
6.632658892980674e-13
3.35559659192232e-14
2.21295915506869e-13
9.95121691678376e-13
4.116356430579695e-15
2.8516743341050905e-14
3.8358699236202205e-13
4.415457620894432e-13
4.342652516945289e-13
2.7425383348682608e-14
1.732895439433281e-12
5.1979025081229173e-14
3.619887640429051e-13
5.907760852034037e-16
6.729072484759427e-14
1.0015681350276572e-14
2.8056332069368806e-14
5.543326407025041e-13
2.0743327747143775e-17
1.3777471177444077e-13
7.653320055357508e-14
6.264051855209742e-15
7.875359861315208e-13
1.0598946654208234e-13
3.081475416260467e-18
1.645753000421231e-13
1.1496928369024526e-13
3.724274812179247e-12
2.264297768749636e-14
1.2269165752625388e-13
2.9060177866211966e-15
8.205463751013587e-12
7.638671346859398e-12
9.37518638141202e-14
2.3352061072079216e-13
3.41655690314143e-17
5.840123693046389e-14
7.562559511045227e-12
6.761014133611759e-16
6.103754062982467e-14
3.332683002698846e-14
1.342545728071544e-13
2.417588276437083e-13
5.36418828017784e-15
1.0871660451230839e-13
7.010847778260873e-15
3.4474109318079075e-15
1.2723788913633101e-14
2.4461294427513086e-17
8.483875234854925e-15
9.501053679086263e-13
2.9170070958272777e-14
5.262576266939956e-12
1.1476809584389314e-11
2.5322898252492437e-12
1.1149045921955182e-13
1.6927139734142952e-11
5.752573094016731e-12
2.4949801795793797e-11
2.621110163233879e-12
3.150705495213685e-13
6.982651657373846e-16
7.940095477171749e-13
3.1330391550726904e-10
5.001085795275081e-13
1.500524937289674e-12
1.3695480423468128e-15
8.781383865793984e-13
1.558346099006354e-14
1.2716990425131662e-11
6.145160587308873e-16
1.9477231556990526e-12
7.988532714219973e-14
1.4595193124947175e-12
1.5662742203052057e-12
6.728099854671975e-16
1.8182940729227641e-12
1.3749776735408836e-14
4.877732520116434e-11
7.714159515208903e-14
8.901460060302773e-17
1.0376946092002055e-12
4.1156966839881e-17
5.49439521990038e-13
1.38557943424018e-12
3.6586478043901196e-13
2.1868520184154982e-12
9.78363221029754e-19
4.1047065962368305e-17
4.856305439163216e-14
1.493248616516256e-13
9.590596976415791e-14
6.814409251219424e-12
4.1579086687153926e-16
2.43470234544654e-13
3.57004390118623e-12
1.5252540910990665e-13
1.3935449471528852e-13
2.165859362164083e-12
8.193228488330614e-15
5.5377739276547824e-12
2.1428168940727483e-14
6.066664931554004e-12
2.2340483918440472e-11
3.738705006152947e-12
5.200782376223141e-16
8.816980376584359e-14
6.783202668952192e-13
2.283471336799648e-13
3.0932119114040538e-15
3.123095295142233e-14
2.747847405013221e-13
9.298976226322223e-13
2.7038385010653484e-15
6.968036634678907e-12
1.7978362968467665e-12
2.1509935001329825e-12
2.2467790527489147e-13
3.479899241894643e-15
2.0745330256537827e-12
6.018065887016659e-14
2.078356739864108e-13
6.605433136308163e-14
2.1587641815631178e-13
9.389202627402164e-13
1.5305735430538084e-11
4.5315239396562625e-14
1.1273490283066501e-13
2.101419144321383e-11
2.0938776492703803e-14
3.4197476632487464e-12
2.443729992663077e-12
4.344191175462183e-13
4.3446610347670555e-16
1.6288657965004253e-12
9.367951879331594e-13
3.7118536088372694e-15
1.212399863586601e-12
3.569033112939553e-15
6.472436579744988e-12
2.1781361130519294e-14
5.81344370492549e-14
3.0522284484170914e-13
4.315583150543022e-12
1.5627555781850203e-13
7.573543929431302e-13
2.6332427433933657e-13
1.1495097945639723e-12
5.1246063725239445e-12
9.590070711418189e-13
7.64501772415869e-13
1.2151826975008747e-12
3.970400627194209e-12
6.674373761127441e-14
3.945572305828623e-14
3.547340049831481e-12
2.2932575247556307e-13
4.2531809243437905e-14
2.032161133330322e-11
5.622766953799042e-14
1.0931241882890431e-12
1.8996921718695073e-11
9.559222860548223e-13
9.112770705496058e-15
8.205720957808703e-13
2.030496123807366e-14
4.251282734592846e-14
5.725720272683419e-14
2.3149655235922727e-12
6.39515767755323e-14
2.0193542041810315e-12
4.5101742706265285e-12
1.5879045868418553e-15
2.9885215205791785e-15
2.1061315140770646e-13
5.880800135505943e-14
2.1298445906107112e-12
2.2171458037494577e-13
3.2591250909645105e-15
9.490724589280524e-15
2.152709991416166e-12
2.5319214676479326e-13
1.8851654236190065e-13
7.98336800520922e-12
1.1574537249836644e-14
1.3065814290648412e-13
1.6706776375039739e-12
3.390352888257583e-12
7.667126921079273e-13
6.640218633311229e-12
8.623616769444474e-13
1.1569197713302887e-12
2.9956095038945826e-13
3.3952924304020043e-12
4.1554610256038085e-14
8.391724929129123e-16
1.5913650515683489e-12
4.617939393445229e-13
8.603190007840692e-13
8.814788603123047e-14
1.9685150765508346e-12
4.1008102493531716e-15
3.192509962028537e-14
5.377954209313495e-13
7.624045077323155e-13
2.0917926358668177e-12
9.554007914437813e-13
3.235894127130847e-14
1.1309810736088793e-14
1.0475811608415969e-13
2.0839591782109853e-13
3.025168709122327e-12
1.2064802022997938e-13
1.6376858253063677e-12
2.0135017938084147e-15
3.390133844256802e-12
1.0852693203575747e-12
2.2141248453766744e-13
5.787452663262162e-14
1.1693460305854095e-13
1.741989718665506e-15
4.699210296490728e-13
2.104234540835263e-15
1.2003102010618827e-12
9.495458925064407e-14
1.613098496626236e-12
1.2959024211579502e-12
8.342076467519526e-13
4.418000039323515e-14
2.501473609691077e-13
1.666355617997375e-13
2.699701705112522e-16
3.1703978454392405e-11
4.78975792603483e-15
1.406555853003226e-14
8.280267831548294e-13
4.698379861900347e-12
6.948801741145261e-13
2.2237259988700264e-12
2.43106789198495e-12
8.82000630653004e-15
2.5893900148305084e-12
7.470637905501552e-12
1.3963352816252037e-12
3.7134468051994907e-14
8.684876157512627e-14
2.0342572733045083e-14
2.7879359736263826e-12
4.827408531084628e-14
9.556051488706887e-15
2.3420515900606657e-14
1.0296233389729247e-11
1.38856991402258e-17
1.2333150782095811e-14
2.6524455285538822e-14
9.225351110605163e-15
5.188485441398664e-12
5.882535700247291e-16
1.064103117137959e-12
1.110113657416928e-12
1.1020548473834231e-11
9.71740294280023e-13
7.149721667222695e-17
2.6252695008725292e-12
3.130181456844433e-12
8.482157142053876e-12
7.791992964668534e-15
1.6332140670368177e-14
9.585405256654813e-12
1.9803312311470197e-12
2.847670109131503e-13
9.528375337899532e-16
8.900989663576442e-14
9.401256073227469e-14
7.120108198245356e-13
7.396477362923407e-12
9.052436350103228e-13
5.967727567943055e-14
4.196118629741218e-12
1.1776987854648089e-15
1.8095124918686184e-14
3.5155596803847164e-14
2.4667313534045376e-12
4.123498933349354e-12
5.4395141819680336e-15
7.178674500443535e-13
1.1643984518321198e-15
8.744335803634492e-16
2.0863374438873844e-12
9.105251175493939e-14
2.448653061387031e-13
8.583311101343432e-13
9.43288531045864e-13
1.5853020842304545e-13
2.5667193769651837e-13
5.804671824776115e-15
3.9403809955772504e-14
6.062264187539837e-14
1.3843031112368278e-12
2.36581647298505e-13
1.2898172499207193e-14
1.345438921021281e-11
8.084647822832119e-20
1.9567032397559326e-15
3.972222274700215e-12
5.105384608543743e-13
5.998013720846655e-13
8.194856247273577e-13
2.266139087785482e-14
4.108589235169972e-12
3.782625519903113e-12
2.63626296280918e-13
5.799916972443501e-13
5.3247094076928705e-14
3.76644740305159e-12
1.521961179674555e-13
2.0433313456309867e-14
2.387884301587693e-13
9.925738817491203e-14
1.4107053798859836e-15
3.94375074430047e-14
1.4704353620240007e-13
9.724000885883098e-15
1.8759638412432996e-11
3.181634536733596e-16
3.726790565570643e-13
1.2819142316126403e-15
5.983895114701099e-13
2.2304403548805564e-12
4.237387165354013e-15
8.52854188799321e-13
5.698139369829332e-13
2.942938943582366e-14
5.992233025062066e-15
7.251087931581405e-21
1.2322465462357758e-12
9.9769065202283e-15
4.471868040970607e-12
1.6335780031740108e-12
6.692871496029698e-14
2.374037585464945e-15
8.41129793450392e-14
2.2253852705005702e-12
2.139412013160712e-12
1.4129453578562754e-12
4.68800515847615e-13
1.7884498875933593e-13
2.3124594117671157e-13
1.7407318677034257e-12
1.0595463861416343e-13
1.4433210271666076e-13
3.2969023726984695e-15
1.0643609617996614e-12
1.4429716391196457e-12
2.0811955573930192e-14
4.4142422712243035e-15
1.7412327567608458e-12
2.4928214531466944e-11
3.123205238402971e-14
1.47870183114609e-13
4.927967502892796e-16
3.4653358629500104e-12
4.061212438852497e-12
1.976870318358336e-14
1.6117977400178614e-14
9.422106273134578e-13
5.762136728215397e-15
1.2195707384904125e-12
1.330815694028316e-13
3.89082990964678e-14
6.509774370831281e-14
1.3177668129971254e-15
2.8960485344084544e-12
4.066213433010708e-14
6.723710981526322e-13
7.575556722569315e-15
6.271277689820314e-15
8.81550487080427e-13
8.080115408803829e-12
3.7820080799004705e-14
1.0587056190301975e-15
5.4717654603284886e-12
7.741801711366039e-13
5.096191999081304e-15
1.5074000040025373e-13
1.6982114074950225e-16
4.819416590888463e-13
1.3211345687508397e-11
4.854544748310888e-14
1.2340146395661744e-14
2.564451350218816e-12
7.775866439880747e-12
2.1309874074681805e-12
5.721821062125373e-12
1.8374252989246843e-13
1.2875295984140573e-12
1.0168680473353614e-17
4.3672163503259185e-14
1.6038821254054997e-12
9.957037232132721e-13
9.66777170943536e-14
7.215479301142219e-12
7.753436662183676e-12
1.3444378986391224e-15
2.96915333918549e-13
2.852646557320713e-13
7.45678005636498e-13
1.621900896360373e-14
8.803131824775643e-15
5.397927655985308e-12
1.9643834848205385e-11
2.376797001483979e-14
2.6235108071205235e-13
4.614045027602792e-13
7.526607803089201e-13
2.246650376269441e-13
1.987524960164954e-13
6.644342377188948e-13
2.553379201764575e-14
3.4456038095893703e-12
1.4495333810131633e-14
7.030007593954209e-15
6.881263988063039e-13
1.3297849505016168e-12
8.034321692640549e-15
3.677196431027583e-13
7.863940894088316e-13
2.140311187320434e-17
6.062490783580598e-13
1.635776255042377e-12
9.496875068526232e-13
9.887935018766764e-14
2.1731545483194839e-13
