18.132395492590895
14.777083110098147
12.54997325019752
10.734730914245539
8.452612166306634
6.884245614313592
5.822543292039768
5.000785888710141
4.413055472395429
4.060589124973621
3.7961208437387546
3.5548564903008204
3.356820635858126
3.1948516961797075
3.059510796358005
2.984356515545592
2.9341230452399767
2.8931407514014396
2.8504884534031323
2.8118966873360467
2.7754188918717064
2.7408374840470966
2.7085180399967044
2.67386405053436
2.6384114748539442
2.5966657793420183
2.549214961600727
2.4868452319757886
2.4224604937374714
2.3612430948039353
2.30323532202649
2.2481841033810666
2.200297522762537
2.157951798642486
2.119305258278822
2.0824786962859747
2.0447963674183374
2.011274958524533
1.9721914540696766
1.9343292886603427
1.900864165608387
1.8695812582959679
1.841683443579674
1.8138489724214777
1.79021524346886
1.7660573853232577
1.7435982278712423
1.7212792525290093
1.6980182125572725
1.6776343343378262
1.6568669703707535
1.6365144469577722
1.618120062713591
1.6014121891933337
1.5875730865776099
1.5755305347262416
1.5643197393833326
1.5537557460376004
1.5414640160229833
1.529171104058677
1.5176907179702397
1.5056427747042935
1.4943545789957593
1.4838321867466062
1.4738726974186251
1.463728754310174
1.454669690321702
1.4466910526575703
1.4385647375131354
1.4320542909799245
1.4254386094962532
1.4190269275379714
1.4128531433645142
1.4073391543176292
1.4016123950953512
1.396599809148011
1.3920416483971527
1.3873824955391187
1.3834245098362805
1.3796257961038858
1.3767808861038615
1.3739901193915829
1.3709781577011695
1.3682144534475569
1.3656605140888178
1.363107725275385
1.360520380550625
1.3580298016802805
1.3553471213352468
1.3529404931564262
1.3508092507435876
1.3486960597282538
1.3462985812559687
1.3439434069398075
1.3417387669629592
1.3391435004815548
1.3370795326103586
1.33500024893406
1.3327127206641736
1.3308694326615989
1.3287024954627578
1.3261384913607523
1.323663309841467
1.3212780259698444
1.3189351316028661
1.3166298173418598
1.3141076819792463
1.3116764426879097
1.3093444254835678
1.3070953666976957
1.3049966466606087
1.303025089162313
1.3008068371122858
1.2986060742249101
1.2964528436002052
1.2945232597247172
1.292796338330632
1.2911343048694475
1.2894417054196854
1.28769069913369
1.2859581874229145
1.2842660629881664
1.2826473164594674
1.2809437671346595
1.279095815031333
1.277068401050232
1.2749441281759726
1.2725398826269982
1.2702215407735409
1.2681350136445682
1.2658385433222152
1.2633002407359832
1.2609950372327923
1.258883494642995
1.2570155610212987
1.254935437232933
1.2536102009503534
1.2526051825570468
1.2514628281142448
1.2501435433889432
1.2485108199884953
1.246942628847374
1.2457090730115246
1.2443329274705874
1.2419410230482129
1.2391376624731727
1.2370298415700312
1.2351525803953072
1.2338066310156766
1.2328665077218668
1.2320942165135875
1.2310679321897213
1.2298547316489818
1.228552578443801
1.2270869257666828
1.2251217216428127
1.2235401354114241
1.2226228715610112
1.222080762427196
1.221672559259125
1.2212560873955862
1.2206919876582498
1.2198833779502065
1.21891305979931
1.2178160733257988
1.2169108345350939
1.2160380475886576
1.2152620038377577
1.214566564622154
1.2140792963259237
1.2135640043875293
1.213081804666185
1.212585632650053
1.2121296437221822
1.211631928728167
1.2112106630027242
1.2109102364926496
1.2106847341648725
1.2104612512396908
1.210231387464387
1.2100126717430006
1.2097950894338156
1.2096602638300107
1.2095548966378775
