1.2288982225676016e-10
7.28928069586453e-11
5.051810117568863e-12
1.8167242498649414e-14
3.6256554277647173e-11
1.5118720238318749e-10
4.142031265201095e-13
2.4755296842661983e-13
1.409395725191035e-12
1.840502499644622e-15
6.22290440053783e-13
1.270458752066605e-13
1.872947732350949e-11
9.113011596060161e-9
5.415587367821775e-12
6.606074537292906e-12
8.23855056286057e-11
9.825298628111903e-11
6.65134322757858e-12
1.7499606972807236e-11
6.80132901392969e-11
2.2708941580297107e-13
5.173460805489223e-12
6.412410855555317e-10
6.842822959035898e-15
6.194455159102094e-9
3.926990057361963e-14
4.3606961400414206e-11
1.5731646196096518e-15
5.607949549167379e-10
8.938874509905043e-10
2.846763823520317e-14
6.796787006965147e-14
2.823394469919272e-16
6.678790309922308e-16
6.070019700359491e-11
8.869896451440508e-10
2.9018743494668747e-14
2.280170300215617e-9
1.7585127199306051e-12
2.504730880580928e-12
4.394622888555169e-12
1.1667703323555441e-12
2.2092469266186545e-14
2.3115770765411444e-13
2.6537212609922707e-10
1.9628420960329183e-13
2.1541573828807745e-14
2.1531988160087926e-12
5.20599025199367e-13
3.8991116467743e-14
6.375157090539811e-10
4.303656282191154e-11
4.664572741935997e-10
6.789567186431525e-13
5.853339494816569e-10
9.35487968586241e-13
9.135392808814052e-15
3.4543414389324838e-12
2.0950733203878846e-11
1.4725710386539936e-8
1.2007595480689426e-12
4.47817627916132e-14
2.3186093515136622e-14
4.2710649691618055e-12
3.27552463979257e-14
5.265000989213583e-13
1.528388303443213e-11
2.447695348336415e-12
6.034085627103641e-10
6.4392633818572446e-12
3.6147649357643117e-16
8.295674342917095e-12
1.1615407776200083e-12
1.1927887688568926e-11
1.5315761872583083e-13
3.7120501832682735e-11
4.9093721149153385e-14
8.87390321066809e-14
4.552142511340512e-13
9.726780619772233e-15
1.1820547948424652e-13
2.0771016789205053e-11
3.316384384077363e-10
1.543897806040502e-11
3.3675553239517886e-16
2.6925518225476637e-12
2.663594377778737e-13
5.051669161928057e-12
1.0818944552361464e-13
4.76089520054808e-12
3.916354305980895e-11
2.6643324725565873e-11
9.572774753294149e-13
5.3825646702468085e-12
5.610443233404025e-9
4.471950842487101e-11
7.17456004935803e-16
3.851327884977476e-12
4.674300473182491e-11
8.833493506132346e-14
3.4385618699524846e-10
4.475292814154251e-12
8.187943281996746e-13
1.3142530569064742e-12
2.4509009344400515e-14
2.2894615385072172e-11
3.168771465411315e-15
1.6439866450611664e-15
3.8954420781022103e-16
3.666285028171157e-11
6.1629469632070205e-12
2.3334642236187025e-12
3.0750894885062185e-13
9.45927684142477e-10
3.409715855238272e-12
3.0386139913110166e-12
7.489830773442779e-13
6.165253960107174e-10
1.788488019668391e-14
2.7564732557357354e-11
2.073471710612752e-15
2.1498604259094378e-13
7.667402788029525e-17
5.370626456759005e-16
1.1911779081461742e-10
9.593436829519501e-10
1.9080771275154153e-15
1.7661419654030617e-16
1.1067805134485954e-13
7.072788536602172e-10
8.744024578509341e-14
1.1597781242414748e-11
3.276538741720808e-11
9.53262016692571e-16
1.4792323059525473e-14
9.11461341630077e-12
1.0963394077691954e-12
9.403140835513466e-12
4.4247789819629615e-15
2.4476251266564655e-11
2.900526854785457e-8
1.5202559594676026e-15
5.218507047662236e-13
5.1413161508786043e-14
9.907078622294252e-14
6.5399537127504695e-15
4.060876762035312e-14
5.775982894560507e-16
9.990843153140994e-11
1.227558140551314e-8
3.798084725535141e-14
1.7463668852589011e-12
2.232890942368066e-16
1.419954666425841e-10
5.430039357712338e-15
8.047131819611448e-13
1.979543691793782e-13
1.0803909934446676e-13
6.78594776133967e-14
2.3139786896557656e-15
1.8427865681177797e-14
5.356300714681666e-10
1.9426740632194604e-10
1.0316528318553542e-13
6.419031444738541e-16
2.0649261232311815e-13
2.518303556544838e-9
3.3572248622765054e-13
5.4894899939117474e-17
5.26780760825357e-17
3.9053214230628446e-12
6.677734242839794e-14
5.3807417254215316e-14
2.373940379868736e-12
4.217738374525645e-8
7.660920273633349e-16
1.0122473795033957e-17
2.0805199187401336e-11
9.818956792626927e-18
2.91944220761939e-13
1.2230020247381015e-13
7.015505493211555e-11
1.592420810805518e-18
3.3512971636312095e-9
3.7692619900515335e-12
8.077393889220393e-17
4.544174856396103e-13
1.0937206169350298e-18
2.2972525288230503e-10
5.200486036273426e-13
9.632617866265077e-14
4.393255357837412e-13
7.21701171770017e-12
3.913506386307641e-12
8.315935657531408e-16
4.0200899470128116e-10
4.651022807622904e-13
1.3250061550212773e-15
6.959479230499999e-11
3.1294535714807246e-13
8.036004164895197e-16
7.036669367450623e-11
5.20776084788332e-16
1.3265529061353446e-17
3.974439070531042e-12
2.5409667485090903e-19
1.542286800553705e-10
9.115503321890089e-14
3.174230179111305e-13
1.2591009034178241e-12
8.449396910496335e-11
8.172207770621718e-14
1.426689315270889e-14
2.726816802178084e-16
7.2364330931683645e-12
1.608054605374624e-16
3.3169003737654692e-15
2.4099844765186996e-14
1.0854673828930968e-9
4.381391493019552e-9
1.7416662270270037e-12
1.7344417666485475e-11
2.0693519107317098e-16
9.761855591958928e-11
4.578327291097728e-11
6.478239927890705e-13
3.7852997884373026e-11
4.324136913958549e-12
1.1473921541590382e-13
2.5954457776743726e-9
2.2529550979765712e-13
3.224120583253258e-14
1.7175901260221546e-18
4.9586264270318295e-14
6.81529312769275e-13
1.9311740028540556e-10
3.5396850383808664e-9
3.649864406267501e-12
6.773295262391386e-15
3.4575302625007354e-14
2.903061348458986e-14
1.0776153602761018e-10
1.062831885432849e-9
2.0504832177078387e-11
1.0026597735959878e-11
2.3097291737604036e-15
6.700558489797647e-13
1.6778360049617246e-13
1.592086587597275e-16
1.2218286256423084e-11
5.054089161910406e-14
1.1038006448070924e-11
9.405892285601267e-10
5.746203273493396e-14
1.4180660590009264e-13
1.124754049263345e-16
8.162518997710459e-16
9.127379308914488e-10
2.1402072909277933e-8
1.8848411627731677e-12
1.9855434735765373e-12
2.0594104642361417e-10
1.0810643692368686e-15
1.9651621846484275e-9
3.7500625138771e-14
4.819584707852457e-11
9.526083877680742e-15
3.683418697931323e-20
1.1225905521542992e-14
2.5370576064553994e-13
4.71724757127904e-16
2.9205295340875566e-11
3.753672765778518e-13
5.403114727711093e-12
2.171844576205219e-13
1.3117662047949939e-15
2.270945495198698e-15
7.125036815655497e-11
2.2607514268164975e-13
1.2987491291372821e-18
1.8323214196477096e-13
7.090937947134782e-10
7.767094541302124e-14
1.6616614401837892e-11
1.2439962932250752e-12
4.146917439239786e-15
7.0243388904424435e-12
5.122189512855866e-12
8.3968838362485465e-16
1.6643086830203978e-11
2.390303043577632e-16
2.0187015500455662e-10
2.732090258298041e-16
1.9452511540778175e-13
4.0984402499177867e-14
9.11840148397983e-16
1.5748389788238233e-9
9.507295847391837e-10
8.128634610155427e-14
1.2683669978426667e-13
5.592753579556491e-11
2.256917385633414e-11
2.773613821940425e-15
1.1443061851557219e-12
8.604825767433968e-11
3.1473310591755055e-15
9.387523081453245e-17
7.500456217053012e-15
1.942308245729188e-9
6.0645958248439915e-12
5.56905690766156e-15
3.440401360607761e-11
5.2692674057754545e-12
8.900335066559934e-11
4.688003011803287e-13
3.529212790767386e-16
7.620563047890404e-16
2.8638574662078157e-19
5.359869628980341e-13
1.0274897341948988e-13
3.883950029732562e-17
1.1567434314618552e-17
5.099474921131898e-13
1.12681020720712e-19
3.6169845362016146e-10
2.2606145518368914e-14
8.132991960789683e-14
1.3680215005053518e-14
3.759887831325341e-13
1.3875911798381387e-11
2.4196494383247692e-16
1.1529237023480955e-10
3.617074910355285e-13
1.24938667587752e-12
3.469807365361971e-12
7.959909363559281e-15
2.237946389411958e-12
2.7442732945682422e-17
2.8280639596689324e-17
7.032223028174602e-15
6.031556445008273e-18
9.364977313812385e-18
8.573129359665425e-16
2.912275413158227e-11
3.7595645290065854e-17
3.390661825340493e-15
9.225691001033621e-14
7.991093204284497e-14
4.1387758698724226e-14
3.1168613877790143e-15
7.990182630913471e-13
4.892672797342957e-15
1.3940338314364457e-17
1.283193293361534e-12
1.0176113100972086e-12
2.388172525577173e-15
1.6623354435609066e-14
1.3430444235191475e-10
5.003579034959625e-16
4.643796851411054e-18
2.54132787419825e-13
1.517446859151356e-14
1.91506413429705e-15
5.393750696837568e-10
1.662576472505804e-19
1.918314575781391e-13
2.612028631437667e-12
2.8870561499681576e-14
3.54216455787773e-15
3.275393556939307e-15
4.4422957569500724e-14
7.00787991606191e-17
1.2883050897838265e-12
4.015634909525089e-13
3.7447976877243283e-13
1.2711162059204468e-14
1.786906534815757e-11
6.636453009668987e-17
3.203554879023735e-13
2.983842228074034e-14
9.96825707629315e-14
1.6202256550278883e-16
1.3443043572599017e-17
1.8983470126091747e-11
8.15333187718713e-20
1.495497900009826e-13
1.141401322301977e-16
1.3354192018060346e-11
2.3390697301329895e-13
5.134246382380915e-15
1.7849483523834075e-12
2.78260736842145e-18
1.1709898723314717e-10
7.063642612803106e-13
6.321257892848395e-13
1.735263898538699e-18
1.2489597116419657e-12
2.0807382571806171e-13
5.54473236427014e-15
3.6126690362357865e-11
1.225271438101159e-13
5.132121161384376e-9
2.4209943013515514e-15
8.379874736186659e-19
2.377108481906705e-15
9.483429206965172e-17
3.277435455636833e-11
3.341106082344713e-11
1.8417806079550373e-12
3.641752422574839e-12
2.3868791555408158e-17
3.8075445117028996e-17
2.0590862618197613e-10
1.2482408044896474e-11
7.606311688776879e-14
2.248562951720205e-16
1.3578437822946235e-16
1.5604615095132431e-16
1.1188772909635507e-11
3.3350044830421505e-15
8.990451773498074e-16
1.7115836268664617e-10
2.761721071391012e-13
5.975088111193483e-14
1.3740905630921013e-11
1.7948215820825816e-12
3.3942597755539383e-17
1.3832008385700296e-11
9.155761369931319e-15
2.1361532901733448e-14
1.368216618199082e-14
1.6312860924341548e-15
9.069755751219376e-12
1.4538131829555942e-12
6.221073178807841e-16
7.461766258997828e-10
3.686003701825967e-12
1.0430248179317413e-13
1.5716974485172259e-18
1.5790096385511896e-9
1.4196380388620713e-14
2.866204039963368e-12
7.756999422164348e-17
6.938867953161256e-12
4.336883565913411e-15
2.226267703310614e-11
2.8965467023830214e-13
4.762979225093406e-12
5.5352126023062126e-15
3.2973391536397856e-9
1.2240199259632358e-17
1.4136955031903001e-11
1.1059767735202288e-11
2.399424249646864e-10
3.9941855901220205e-20
2.3764116481677405e-9
4.496980905312903e-18
4.2409042774187936e-14
1.3919560292819573e-13
1.914938111089793e-14
1.202344790732999e-17
1.9753833459154884e-11
2.9722902895891604e-12
4.882399344979717e-16
4.1555137676115965e-10
4.5865391585288886e-18
1.2812481311075694e-16
4.8556585252268806e-14
8.921054319280499e-17
7.530267269652943e-17
4.877937244000204e-17
2.5267962430773896e-14
5.0001943278810155e-11
3.6718506278261843e-10
2.2042217521760676e-16
1.5625143891511052e-17
2.766185308241646e-11
6.853791937505463e-15
6.312792613746872e-14
1.1889377587743497e-10
6.865619424059007e-14
1.196689370482359e-15
3.235077695326812e-14
4.785075382318433e-19
9.126528367814227e-14
5.374542925478512e-17
2.0286133792645916e-18
2.6270972819548175e-14
3.4381646279195825e-11
6.002897977251064e-18
4.2634331450557787e-19
3.564959990289756e-12
4.189697843465103e-17
6.588768701502007e-13
8.381280734881702e-14
1.356629483956043e-11
2.365732648875967e-14
2.979894352154375e-15
7.629913563444464e-14
2.3644480812736573e-9
1.5319376733682222e-17
5.630033812488983e-16
3.1561040732879665e-14
1.0003956554499082e-16
1.9062896824676813e-10
7.863101024577304e-17
7.655955137185617e-13
1.311361991672567e-10
1.4150372042888824e-15
7.83231243077835e-20
6.55981592589114e-11
4.607357577918899e-15
3.9595454279695566e-11
2.6712739645592152e-14
4.465176820872899e-16
3.2022757802093843e-12
6.153375121197259e-13
2.431444137937153e-7
1.847884586021222e-17
4.704472376802272e-13
3.334470790828542e-15
2.1482646924266654e-12
4.906933318147719e-9
3.4302480232204014e-14
2.621922694035829e-11
2.0456500514404575e-10
3.650755113287837e-12
6.1765627325441406e-18
7.537682631694225e-15
3.1067334819919327e-9
1.2013483698362159e-14
1.9884708306419225e-15
3.4807667521138436e-14
1.62294092005981e-13
1.3607617033903982e-12
4.153792265213912e-12
1.2751949896974025e-16
7.162659362143885e-16
2.263721074300689e-18
1.973599990129446e-17
1.2562923830005947e-11
7.901844957924664e-12
7.1153680182668695e-9
6.847865188569481e-18
5.5209856157020326e-17
2.0512908722558944e-20
2.355951046128591e-15
5.311578829656597e-15
1.868172785290578e-17
6.297105228481527e-13
1.1337563576876146e-12
3.8025184855380406e-16
1.68683172643712e-10
1.1077835903369803e-16
7.514730364382807e-13
4.469532497667853e-11
3.576400688339931e-16
1.3376261068362678e-14
3.8628565499673954e-12
3.1747679640387203e-18
1.5143393210233268e-14
9.437814090387502e-17
2.0235881320018625e-13
7.990821305614427e-17
2.593028398304795e-16
3.5224918634768303e-9
4.603956725720357e-15
1.1283464493927079e-10
8.523790238741293e-16
1.590594749280513e-8
1.9668201566319965e-15
4.7842774476580326e-14
7.798301548996599e-20
5.927167861502003e-14
6.035334597817745e-11
2.8521019289384777e-12
2.26611454179618e-14
3.528040164720698e-16
1.5116247646811869e-13
2.0224443220118863e-17
3.0092646313893425e-11
1.067304757424193e-8
4.827825825073355e-14
1.1109583158997467e-13
