1.8773581101536458e-13
2.4834648753132037e-13
2.7697604879527534e-13
1.475934574989822e-11
1.021114680363387e-11
6.727997397659397e-13
2.6569020715101254e-9
1.5640933575909006e-13
8.844019286195905e-12
3.0220441111029488e-12
5.366717523842592e-12
1.999574381688154e-13
2.7316816487793283e-11
4.982560747114166e-12
1.6786768895101619e-12
2.913042038073697e-11
2.521743389322032e-13
4.041806842251646e-13
2.7105776949140403e-12
3.804770801308438e-12
8.502365818678152e-11
4.3219180638319755e-11
4.6651883144235196e-11
1.1732436127995048e-12
7.395203271206679e-13
7.442835262677412e-14
3.1152145310462236e-12
2.735112457666856e-12
5.868405340091435e-13
6.080831111303127e-12
1.5092817230138362e-11
2.31262476671054e-12
6.164261714244555e-11
8.058459528924668e-12
4.628454756734871e-12
1.710194031917576e-11
1.6271702685557607e-11
7.508930339657077e-12
6.954948185594615e-13
2.271632895556798e-11
4.74467419295947e-10
2.3125853032621262e-11
6.515934995930246e-14
3.3142223095475233e-11
5.371276720407483e-12
2.5386571334580376e-11
3.797357743754756e-12
2.0037609354324313e-13
4.65574487661511e-12
2.5930771090207655e-14
1.2199896920213915e-10
1.2508824508088583e-12
2.2869577545317955e-12
4.066643575234653e-11
2.3633971934627575e-12
3.741973986087837e-12
9.146935805187942e-12
1.316320777014002e-12
2.1286123528459192e-12
8.407678980018997e-13
2.487682968165489e-11
2.1801950973935595e-12
1.7514620270082795e-13
9.142672399489222e-12
4.023152353524922e-12
7.556926966931763e-13
5.333799033065433e-13
9.308499632841677e-12
1.9263633495458524e-11
3.2469993850488977e-12
7.032731015037162e-14
1.6741871726893868e-12
8.444392996251204e-12
3.26434948727886e-12
4.685646946320271e-12
2.5135979773398247e-13
7.89541048796089e-12
1.449369761333856e-13
2.24814654365754e-13
4.233146607891853e-12
7.124886235622172e-12
9.021972549089133e-12
7.35647180010411e-12
1.0940774557483025e-13
5.889653687498982e-13
8.700901703584836e-12
6.9589506096136525e-12
1.1770266337035746e-12
7.434907436806306e-12
8.155937956284731e-13
2.7201710846217616e-12
4.7877305063482186e-14
1.8487564680615386e-12
5.396272746965114e-12
2.6765359994796775e-12
2.61671220525263e-12
4.956643092452502e-13
1.2426437784703167e-13
6.7164557703630014e-12
2.224445398294409e-12
3.3804244982908385e-13
4.4206259998017986e-12
7.913418010154326e-12
7.960644844855691e-13
5.768559121225509e-12
5.4569161796684425e-12
3.1054199160349924e-11
5.3906631810662e-12
2.6167607740665443e-12
1.3973906077396611e-12
1.3289908327928872e-12
5.1258940410344874e-12
4.676200396261551e-12
4.787207633655411e-12
6.892366583459818e-12
6.419903859838586e-12
9.34005756584565e-12
2.977150827831473e-11
9.098057624290075e-14
3.790912120290336e-12
3.3280429693715587e-12
6.344196390401852e-12
1.6816333548041714e-12
7.124312693762434e-12
6.374509602745016e-12
2.4165352375892032e-12
2.043303943980461e-12
1.6687334170166285e-11
5.3746946339047405e-12
1.4637373890033637e-11
1.012915087150842e-13
1.4314299512786394e-11
9.440754390652012e-13
1.023051701115313e-13
4.620178416992498e-12
1.54173272854301e-11
4.8131458526034774e-12
5.2562095223989206e-11
1.1099409290951907e-11
7.551540606850018e-12
1.0252035625697525e-11
1.0023889840011946e-12
6.366291596822574e-13
3.3927223233217485e-11
1.6929144380742978e-12
8.341832956849156e-12
4.215208262297344e-14
2.442684257600779e-12
1.3968141705739746e-11
2.8595801895117947e-13
8.54077298127633e-12
5.2238417907777435e-12
1.949795719286281e-12
1.1359682088447861e-14
1.8817870971935626e-13
2.56793247662615e-13
1.0057325735817106e-11
2.495561511407137e-10
3.2954467568405876e-12
2.4202017473745e-11
5.7385287719174055e-12
1.8304120219903773e-12
2.8193794619179263e-12
5.132381706816841e-12
5.796752709159715e-15
1.7813433252846487e-12
6.297675622635322e-11
2.035610633386748e-13
9.609290701713521e-12
9.453851885174818e-12
2.738041798499819e-11
1.2998312294393619e-11
1.1504784120634353e-12
1.4663463965074995e-12
2.5622821435433548e-14
1.4327960652366689e-11
5.219907357442357e-14
1.3843099136109597e-11
2.1091909993397592e-14
3.4445244076336085e-12
2.1956710203789973e-13
1.0280713182894775e-13
3.036462191017515e-12
4.3941724908247296e-12
2.9875245638976517e-12
5.255846394469594e-13
2.572694028043209e-11
1.2518545652490017e-12
2.1228452165124623e-11
1.3461985143478914e-12
7.0691917763973745e-12
1.9241695258113054e-10
1.5085438019215425e-11
1.6407721020332842e-14
6.041531214701724e-12
3.5460727314624336e-11
4.05242158471068e-12
9.663228536098494e-13
2.3478731240646433e-12
5.880714392525378e-12
3.08374814316035e-12
5.828781480301623e-12
2.4067218793082345e-11
4.0432349842424504e-12
6.934770601204023e-11
6.951508294331385e-12
8.492177702349026e-12
1.8122633904956085e-12
3.8997732875547843e-13
5.797320487224337e-12
3.116281743101218e-14
1.3427873247598951e-12
8.25666233255795e-11
9.207269709519192e-12
3.000422384064722e-12
8.2377974526245e-15
1.3639346866670916e-12
3.0937605417333527e-12
4.539940820406659e-13
6.640755507300948e-12
2.8328786159439584e-12
9.973737841612844e-12
7.678263827204379e-14
3.255783557135879e-12
8.615066110575582e-13
2.623992347824415e-11
7.799671527179999e-12
1.812701788113464e-12
2.2088245648743635e-13
8.275880646148101e-14
1.458093791595103e-11
1.3220282952227963e-13
9.520684277220943e-14
2.0708534601628456e-11
3.5113355193882574e-12
1.9300250320864772e-13
2.919319940290655e-12
4.253546074640567e-12
2.9790968576910602e-12
1.1733031345338056e-13
7.561076561238057e-12
2.011009755535989e-12
1.0920137135438761e-13
2.888912170788316e-12
1.0799332961345212e-11
3.091394011009816e-12
4.4042896623395334e-10
1.738836329363491e-10
5.6911363198884215e-12
2.785370562601256e-11
3.0978094502506533e-12
2.67957455778788e-12
1.487819173159525e-11
3.8092622662370214e-12
2.1218280560060204e-13
1.595760844248001e-11
1.159468811586524e-12
6.875492647441744e-10
6.183137511899482e-12
5.827187025537867e-12
1.119986521547972e-10
1.0123505808665434e-13
5.076083249332052e-12
1.0694351430824896e-11
1.9771016110386424e-14
4.137065254105525e-12
4.256611821035123e-14
1.718583897205845e-12
1.2616187106331286e-11
4.8936990941022676e-12
1.5389131571545492e-12
2.2886280688518626e-13
4.304949984905017e-12
5.708907295939187e-12
7.04854687024115e-14
8.723263546649822e-12
8.106855490225111e-11
8.962899688033074e-13
1.4209265516631536e-12
1.4069625795248075e-11
2.5996594661908788e-11
2.059003068123242e-13
1.8956295271601646e-12
3.0426861180620085e-14
9.356494694141134e-12
6.115479548630392e-12
3.850001810191836e-12
1.510813834780581e-11
3.515579144506933e-12
3.5881246744929925e-12
1.0371054274927403e-11
2.978757691573381e-12
1.0875562747474598e-13
1.7053254657289025e-12
3.2904698533164956e-14
5.2380008107745555e-12
3.02090453298154e-11
7.001756880072305e-13
2.9163904782437877e-12
2.2151297239546577e-12
8.801645120732682e-11
4.545277401053934e-12
1.6945614911223999e-12
4.015240810805256e-12
3.179556539170465e-14
6.253991491910432e-11
6.4312380835316665e-12
5.560278966705616e-12
1.0856235638339007e-11
2.519023741289338e-13
5.288103856886484e-12
1.873136278781139e-12
2.1548810495477397e-13
6.607476866613619e-12
5.786251875454359e-12
3.213751365394484e-11
7.050062116600721e-15
5.733865349740541e-12
3.3908139606114097e-13
9.556595589967882e-11
3.5789938480813458e-12
3.254627006243468e-12
1.4150714612534517e-13
2.1241413974500876e-12
9.68892349137764e-13
1.201095269156301e-12
8.907806147610582e-12
4.601224468480832e-13
3.6466375676513316e-12
9.697637443662851e-14
1.4141700290044922e-11
1.3937436148430252e-12
6.122813448237684e-12
6.305149194653983e-12
1.8859900455456253e-12
5.973962640004641e-12
2.3226302313389866e-12
6.231293740269262e-10
2.299614469294791e-12
1.3841146493018433e-12
8.640208237587096e-12
2.590552742478314e-12
4.090429720926162e-14
1.7123914926687097e-14
8.200759198284804e-12
1.6662456250580022e-13
2.050271481933251e-11
8.28691724886882e-12
3.1329166233059955e-12
5.6300455711935115e-11
5.141433056823877e-10
3.091758680078751e-12
3.236888515412557e-12
4.1133480495008993e-13
2.4147638367501257e-13
5.91608872760924e-12
5.049108841079943e-13
7.066992731195973e-11
1.1327412317015689e-11
5.5634473847849176e-12
2.860752468953087e-12
9.772367465910054e-11
4.4650718604910105e-14
1.492052877854832e-12
9.741024117073823e-13
2.152245195588051e-12
6.770629632790904e-12
1.0769784068125951e-14
6.311329501208217e-14
4.571338301729785e-12
1.3910663571697273e-14
6.74530567992536e-12
9.645334088029855e-12
3.779890525918736e-12
6.186021324606686e-13
1.3403770159615827e-13
1.8527483707362768e-11
5.779978095695858e-11
1.6368558848548916e-11
8.348504714643743e-13
4.375018886219489e-12
6.1321059757202206e-12
3.600214429523379e-13
4.130829141287684e-14
8.103341744584577e-14
1.1570857219515645e-11
2.9479708089190673e-12
3.2645114065986417e-12
1.2093810270789165e-11
6.7204769649373676e-12
3.8880517876917824e-13
5.01675269791371e-12
2.0670407892321807e-11
4.1968378475322424e-13
2.1657113912551636e-11
3.6388781907280615e-12
1.7678816018502674e-12
1.4705270996962458e-13
2.669947807640228e-13
1.86364007993945e-12
1.0283292082770738e-12
4.429459394908156e-13
1.5671669008846247e-11
3.292587576468675e-12
6.393373977503106e-12
5.884142105337132e-13
2.0598712474677345e-12
2.0365808142018404e-12
7.72128099582071e-12
4.703462288549846e-12
1.886834991747351e-12
5.217634020695849e-12
2.0636525097424596e-11
1.7171201566438528e-12
4.827929877921208e-12
1.7833377512975033e-12
4.5280909211875974e-13
4.227994347406275e-12
3.496096186095826e-14
1.156804204347552e-10
9.593100085701698e-15
6.18639420756052e-12
3.9817796652010157e-13
6.500019831407418e-13
3.9575228095407685e-13
3.5207622669875818e-12
6.665968335434031e-13
4.0790356810179533e-10
3.058417415651916e-14
3.479636556866483e-11
1.361784397536617e-11
1.5079377484061601e-12
1.3063501382030563e-13
5.008095871169598e-12
8.623731877239846e-10
1.0422152524272465e-11
2.4051559742222413e-12
2.595761664856539e-13
1.9327210989022304e-11
9.120148615174517e-13
2.707626248281112e-13
4.483915595414099e-12
5.5913694069118775e-12
1.6492850572815993e-13
6.291703345850213e-15
1.5413887803959793e-12
2.3260109511702883e-12
1.490184348632455e-14
7.609564578339112e-12
1.4583475208871874e-12
2.541445268178127e-12
2.7849108369061277e-12
1.2982316111260574e-11
3.2166153575554717e-13
2.766773573069151e-12
3.158236209723765e-11
6.100852970712055e-14
1.8767158001296683e-12
3.294344205234414e-12
2.0313596246070473e-12
2.7798082655101703e-12
1.5383640195810082e-11
1.2449241220664268e-12
3.740417858406791e-12
6.550840581997178e-11
1.5085256566304707e-12
6.018651122122117e-12
2.3503303181777774e-13
5.851414575203805e-14
1.6116606577285155e-12
4.5562029750725953e-14
6.15361692129923e-12
5.12556083644351e-12
6.747626965418867e-11
1.0272814865595343e-12
4.4459090601980887e-13
7.390221662434887e-13
4.744806432203718e-12
2.4055914144266683e-11
7.1428610385534e-12
7.747652730505575e-14
1.3916778199437011e-12
3.387174135123743e-11
2.824592940183043e-11
1.4196179170309e-12
1.4989196242371296e-11
2.880267871591342e-13
5.256558884551832e-12
2.114381505755893e-12
1.7713349268550187e-11
1.009934355258485e-11
1.9985258740615927e-10
1.7928283324389318e-11
7.187399240491265e-13
3.837993319410225e-14
1.138609147940597e-13
1.9135844608619962e-13
5.765788275695188e-12
2.9279228207902754e-13
1.8964004942709962e-13
1.871936384383435e-13
1.2956192352017097e-10
7.181106561772711e-14
5.664881429759536e-14
7.815226453429586e-13
1.4027431901316116e-13
9.077493559937604e-12
1.6298367133918595e-10
4.327808350990929e-12
1.0714532063337376e-11
1.733499785026952e-11
1.0831918643126985e-13
2.746595297829064e-12
8.073090904834065e-14
1.0477650433341191e-11
1.7166771573340122e-11
2.2923772695711284e-12
1.3303785082610311e-12
6.132506823865503e-13
3.7613268015557735e-12
5.790805331520078e-13
7.235196249822913e-12
1.9464398231753158e-13
4.544765302550334e-13
6.4688020189306416e-15
9.283147500320596e-14
3.674388693464441e-12
2.056755705663998e-12
1.0860816990674794e-13
6.782083762334917e-12
7.992956133568844e-12
4.11218813220913e-12
6.3472038363747335e-12
3.449181205299071e-14
6.881045154638097e-12
1.9092013913235604e-12
3.87616271851164e-12
2.2432779716522337e-13
6.699231268194121e-12
4.77813829846165e-13
4.096669220387346e-11
1.951331232321837e-14
6.399621558674979e-12
3.0474590306419693e-11
3.703366647225873e-12
5.6677568014492994e-12
1.2582165188018965e-11
1.972802706995101e-12
8.87929825499803e-12
1.0063081833225212e-12
1.881230474999674e-10
3.747378737668368e-13
5.574487557024928e-12
7.751397833856432e-13
3.260567691162812e-12
6.506996767095926e-12
3.929714645824521e-13
6.575835593836944e-12
1.3085348973146999e-11
1.2554338736643817e-14
8.974046256498273e-13
2.617199610964125e-11
1.0795701995443e-12
4.68963238260359e-13
1.9216475586858333e-11
2.219375658087467e-10
2.1981664353290437e-14
1.7994890471853452e-10
4.1820068456807654e-12
1.2988915310900125e-12
9.694083117359814e-12
1.553301998075888e-14
8.443903102546333e-12
6.200728064014776e-11
9.632313910905709e-15
1.2975638152004759e-14
9.339007859968801e-11
1.0705860466931538e-13
1.9660410556677176e-14
4.874269309607919e-12
7.789572304019856e-13
1.5097871202511322e-12
3.709220418583163e-12
2.3835963546878698e-11
1.933226652846321e-11
8.895381784174806e-13
7.628643905253533e-13
5.0433963116626884e-11
2.5076412343102734e-13
2.1882373732045193e-12
8.844162458590659e-12
4.3687741928987184e-12
8.861703108287954e-12
1.9940730629211837e-13
9.416897515163205e-12
6.5216233299980794e-12
1.4474693421808932e-14
4.2877922141946024e-13
3.3122365949470094e-13
6.638481394200398e-12
3.169751203624563e-12
1.8167010590221564e-12
4.334304571414865e-12
2.513101841594399e-12
3.759647493067421e-12
1.0891751952713284e-11
5.034019501309083e-14
3.3163652045535057e-13
1.2711444245220777e-12
4.871614077343838e-12
1.5003323181840643e-10
7.497909110446979e-14
1.6412886559034747e-12
1.1531106788653341e-10
5.826093909779882e-12
4.284096391668088e-15
5.6335279241329565e-12
8.661354450045003e-12
4.4034277185586495e-12
5.840136365970711e-11
6.708825459984818e-12
8.772572069069042e-12
5.26115142294421e-12
4.5145823405332124e-12
2.584960157899213e-12
5.880088445793325e-12
3.3839295896095036e-11
6.400531003077585e-14
1.3344585156112286e-10
7.626355633691832e-12
2.5844881213134613e-13
2.4251860220603146e-12
5.958816090657084e-11
1.7667124889792626e-13
9.338488988748707e-12
3.642160394299675e-13
1.7792655941695692e-12
8.79638782801989e-12
9.877970219038125e-13
2.6526706032419e-12
3.997166317272109e-12
5.244681138491462e-13
9.142588742700425e-12
1.8521445944442156e-12
2.629285116291488e-12
1.012132748412788e-11
7.997712333364657e-12
2.7666574939225236e-13
7.143085794929478e-12
1.456768029202533e-12
9.39078684755725e-12
1.2284435667743074e-13
8.609449818658706e-14
6.85102715817601e-12
5.122827215164945e-12
1.7779917066360362e-12
1.2908824577979335e-10
4.469045849868109e-12
8.768822752138911e-12
5.775159140756623e-14
7.34403870205935e-12
2.0501914090894247e-13
6.587978312268359e-14
7.310885144664679e-15
3.217982805211796e-14
1.852036027897276e-12
6.421826941665906e-14
8.320074310356706e-12
1.2584303580916852e-12
1.6199855364770368e-11
1.4530313153887396e-13
3.7258474025245386e-13
1.5815608351094863e-12
7.668472328330734e-12
6.349274182949217e-12
3.325273280194209e-11
5.654224587444279e-13
2.2264429752116993e-12
6.25056470157692e-12
1.545966865141741e-13
2.5485879453006078e-12
3.842980968166733e-12
2.6396139066952676e-13
9.715645017182938e-13
3.097607094330415e-12
4.2805580955506436e-13
5.481970616287588e-12
5.876298045909126e-14
1.4146481606508452e-11
7.355719307833953e-12
1.9989123378191388e-11
1.0050329204633777e-11
3.208284134773826e-12
1.1229321414595958e-11
2.9230201708166834e-11
7.14879750791043e-14
3.2378524937956767e-12
9.225579523068364e-13
2.293709470914487e-12
6.785378755285509e-12
2.922115515690814e-11
5.653561910844584e-12
9.275827925697247e-13
1.8869589632865925e-11
1.1907095159597662e-13
4.835261923148356e-13
2.7235959509641674e-12
4.714801069643815e-13
9.50926240320959e-13
2.114996330983509e-12
2.741351301513472e-12
3.0095309158771928e-12
1.311327674888456e-11
1.6647990006372863e-11
1.3963931206094645e-12
6.281054938956254e-14
2.9412881049578125e-14
1.1223727435507404e-11
9.448627222725029e-12
7.437902327088319e-13
1.8603569254764926e-12
4.769643433658883e-13
1.0099698840251594e-14
5.05967750369262e-13
4.094040566545865e-12
1.353079787964375e-13
1.2089409264573958e-11
5.204655583416064e-12
3.5590434053442553e-12
7.763975869410685e-13
2.3194920348216106e-13
1.1514677748166194e-11
5.573607477657843e-13
4.4571204497094135e-13
1.3017065686914816e-13
6.369470682051146e-14
2.1451584089123849e-13
1.705609273877915e-11
2.176012121465592e-13
1.1798584526878749e-11
2.901641301910733e-11
5.3241452057458794e-12
3.2216095781937304e-11
4.276648900165361e-12
6.76785095585848e-11
1.1127655691198113e-11
6.192024431815369e-13
3.39897650653511e-12
2.9300201955446406e-12
3.7991180423716644e-11
2.1556097179501476e-11
1.2382150746987984e-11
9.051181434078317e-12
9.170396124016682e-15
2.3794370947415546e-13
3.687662779285046e-12
3.4659214723905266e-12
5.260620616758716e-14
1.7380328453423678e-12
2.2439920971624666e-14
6.750910741444443e-14
5.586474360978461e-12
4.006071285509795e-12
4.6346299223610515e-12
3.782678447915706e-12
3.925103811137971e-13
1.5773736402572051e-13
5.9652814356546685e-12
7.112270167824044e-12
1.598454123710583e-15
7.997320245743327e-11
1.531179886949115e-11
1.322956561014339e-11
3.430816862650763e-12
3.5747882666383896e-12
2.9825634450375146e-11
2.1937723096266068e-12
3.0175030693434027e-12
9.023345241297451e-12
5.476233329120967e-12
5.149387857160349e-14
1.625954396122523e-13
9.52411242609638e-12
9.918833533469059e-12
4.965118122616075e-13
1.0722167269363308e-11
1.4934998305822318e-11
9.172447788629879e-12
8.608254308164934e-12
6.399180770975774e-11
8.108812445835778e-14
6.696818273950806e-12
6.899536762261248e-12
1.4297890403648921e-12
4.653768281306731e-11
7.399647647003873e-13
1.7460386650238685e-12
4.861906103375888e-12
1.5131699064008735e-13
1.9737288961135544e-13
2.1290019139845235e-11
1.9628298914461193e-10
8.027630605842434e-12
2.1459874694981555e-11
4.577261540095513e-12
4.947432714038606e-15
2.0338186575442366e-11
6.995152723673822e-12
3.955679910039164e-12
3.6198676291859373e-13
3.4454437961040824e-12
5.233323316121541e-12
3.4164422168132474e-11
7.337541568191921e-12
6.090183677064738e-12
3.7215264374174295e-12
4.4854510545338955e-12
1.3297979459506046e-11
6.86328633593719e-13
1.0391497714408376e-11
5.819274415443417e-12
6.681911631572497e-13
1.4499476714923634e-12
7.174111001874679e-13
3.3892732586020483e-12
3.487953890028548e-11
3.468957127318795e-11
1.0242052542802752e-10
1.119822798843838e-11
1.6225622463150867e-12
8.398139837509201e-12
1.2175801214062074e-12
9.205036394963233e-13
6.455288265301128e-13
4.182624692273679e-12
2.2225337174118577e-10
2.847473013685092e-12
1.1440073190104304e-12
1.4023886666323128e-11
2.060463368096274e-10
3.189172808779045e-13
2.1338873626067996e-12
8.746500988468298e-12
5.977244124682064e-12
6.5491013540902215e-12
9.406482541080474e-12
3.2877636515963406e-11
2.3330105878342177e-11
4.945485363485611e-11
3.847090137552975e-13
8.03560680328808e-12
1.5905032014337122e-12
5.148668035361555e-13
8.293023877509935e-12
2.844327582406705e-11
1.2349747486871288e-11
2.5039444941660452e-11
8.45601984892742e-13
2.899156698438485e-13
5.7059660435212475e-12
1.873340495610515e-11
1.7027908659672576e-11
3.473752840586782e-11
4.692317613819828e-12
5.419068331112024e-13
1.0647949454437718e-11
1.9718532288560072e-12
3.1574235195342382e-12
4.799916735103358e-14
8.400932741819544e-15
1.6569425213112904e-13
2.6082614958821092e-12
2.7547145225702255e-12
4.033262098648065e-12
1.3559358368922664e-11
1.0602295398031008e-11
6.647502387146924e-12
2.112792476248235e-15
7.091880969269242e-12
9.899675984612119e-14
2.5528390165065765e-11
2.6681417868057845e-11
7.625671652871034e-14
3.4673097734807867e-13
4.0418999965062875e-12
2.1591260547263607e-10
4.513758745134862e-12
9.705574619083196e-15
6.988831450055124e-11
5.18963712806348e-12
3.442550516755441e-12
2.901355860644315e-11
1.3432851887573442e-14
4.3973258662611676e-10
1.3149280235361013e-10
6.379007118583813e-13
2.8862429511894553e-13
1.4322745207715624e-11
1.869568764114841e-12
9.257804969517045e-12
4.244694195781613e-11
8.098339720017597e-13
3.280363288952863e-13
3.675454172583463e-12
4.471153087124703e-14
8.079849053234777e-12
2.966995586338542e-11
1.1048756414777958e-12
2.563958926533007e-12
3.4947949021271813e-12
3.480942899816711e-13
1.5632696895657504e-12
9.183336275223688e-14
9.048474245850106e-12
1.1783491850459633e-11
8.069449108575172e-14
2.052587524144818e-11
2.3198275156930537e-13
2.1903031233067186e-13
1.8858249899179024e-11
1.9584885183220162e-12
3.1850471059922463e-13
9.003099473757564e-11
1.2794879013477124e-11
2.403410463653938e-12
9.291729394694563e-12
1.3455182928562035e-11
2.350479671363019e-15
1.4469027429153278e-13
1.3590035827373899e-11
4.006572979651641e-14
4.650227152495879e-12
5.831235203235759e-11
5.585834518303844e-12
4.210608061293131e-11
3.2156607847548078e-12
2.682422173860211e-13
1.761740801346685e-11
8.339057070989401e-13
9.534761522734837e-12
7.546502795828657e-13
8.146131473603803e-12
2.2566448296063988e-13
4.577925551238061e-12
1.133710389142688e-11
4.171189737198185e-13
5.355947906269993e-13
7.913016070284673e-13
6.601758002314449e-12
1.1561753915070839e-14
7.594071018130398e-15
2.7792200003092675e-11
3.621201229706876e-11
2.8566104364678972e-11
1.2738586017393892e-11
1.959650293166642e-11
9.65832519308058e-13
3.406248589688725e-14
3.701307569094295e-13
1.3815853998109474e-11
9.812378657274869e-14
8.846399259274517e-11
2.4525995757690842e-14
1.5524535217809337e-12
1.3964496267753128e-13
5.6273829392849974e-14
4.1914112939149554e-14
5.944422354067854e-12
1.9248884167741136e-13
2.6262074009701787e-12
6.2770335249580416e-15
1.9553857041103035e-14
6.864572472241499e-12
6.3744246293498444e-12
7.793493950524024e-12
1.0896358582395019e-11
3.405082717031481e-13
2.01365558974344e-11
5.319696688393487e-12
4.6865736968891636e-12
1.501890398165058e-11
8.012594223752702e-11
4.6250458322529635e-12
2.0554611915865966e-12
7.078663037648557e-13
2.911023403017414e-12
2.4635023958866985e-11
9.523276760488008e-12
1.134103353349184e-12
1.0928382618564071e-14
7.636753492594513e-12
1.7024660487418575e-11
3.061614170073856e-14
4.077761672361957e-12
6.278959698615551e-13
9.638918438853668e-14
3.273227688884344e-11
1.0522751915821768e-11
3.4267424998978273e-12
9.019434656260391e-13
3.4448061907523524e-14
8.037635620849723e-11
3.0279836968473957e-12
1.0174628793445492e-11
5.3950446605140806e-14
6.857915720202037e-13
1.5299186180717624e-12
9.687962733600648e-12
5.609467423494062e-12
8.58263196615198e-12
2.968090805699413e-13
1.7349008873684464e-11
8.896106824568802e-14
8.44092245191133e-14
9.420472974659495e-12
5.384038600639463e-14
1.4356683496380913e-14
5.1264904307826615e-12
9.031044975852596e-14
2.3873907195957257e-9
7.455607107395033e-14
5.843578568120442e-13
7.29973906061826e-12
3.728569024624675e-12
1.4991078939389676e-12
9.46789901456372e-15
5.1036846348360505e-12
9.17402847187963e-12
7.376590057378749e-12
2.6091266378006255e-12
1.0072666343935165e-11
3.3407778145713727e-12
6.481523169922538e-12
3.9853528743426483e-13
6.482991186090389e-13
7.575547721483713e-14
5.4308735422335765e-12
9.288391406495907e-11
1.1185959464778647e-14
1.1092658579487913e-12
3.6471845964524884e-14
2.8000469841188137e-11
2.1106614716395085e-10
2.8966105978085284e-12
2.238460417468187e-12
1.9675333010992042e-13
2.665601582235165e-13
1.7580188721398543e-10
5.490237405406279e-13
2.3395067931502536e-12
5.054500521028147e-14
3.2242587607134413e-12
4.1534947584215915e-12
9.118095021927927e-12
2.6782831022390354e-11
9.475852168416397e-13
4.6237276674741067e-14
6.3379377882653164e-12
4.608337378580747e-11
1.1246697797453061e-13
2.7651109328586577e-13
1.5088173536654412e-12
6.670681882475884e-14
2.6585131412329033e-11
2.0009948532714492e-11
4.9956604533512416e-15
2.586072521071847e-12
1.0945371731993744e-11
1.2711700386112166e-11
3.171998181030982e-12
9.893159110410801e-13
3.2995233685510592e-12
4.180172622330107e-12
4.73789125151239e-12
3.4693017943552048e-12
1.1534334882725134e-11
7.039373884071727e-11
4.196705586432255e-15
2.4496192142434902e-14
1.6680294657943484e-12
1.0132664454139936e-13
1.0082568367365213e-11
3.236812260246614e-10
6.871324211073722e-12
1.0639125398873305e-15
1.2996708806481742e-12
2.3795865071200522e-14
1.925865980265343e-12
6.849435630450572e-12
1.3641022935734091e-13
3.7518930559385467e-13
3.128267262224018e-12
2.6609650273106508e-12
9.165760570036965e-14
2.2121718209384535e-11
4.766599894579284e-14
5.130381743040697e-14
5.8763392648301795e-12
6.023981865070435e-12
4.672325852206342e-13
1.4183050109178488e-13
4.8111817288607244e-12
9.73214235697212e-11
9.25813531020039e-13
1.4715658454204017e-13
2.8141379822293776e-12
7.489722393751008e-13
1.0285637808977282e-13
3.396005423061755e-14
1.011470071345944e-12
4.2024999994828314e-13
2.301443139874075e-13
6.973498102566696e-14
1.1439266232947529e-13
1.0937636627348369e-14
3.7108533430282636e-15
2.2928528304669214e-12
7.546624554207182e-12
3.08448798696028e-12
2.8738993475585717e-12
4.817282691132155e-13
2.109560549134031e-12
1.0777945630903818e-14
6.033736179841965e-14
6.9140305904365494e-12
2.279487584275462e-12
7.622877473238168e-12
3.3148167270575376e-14
1.4203097415568418e-13
2.3718143397766146e-12
9.072900794195407e-14
2.3490102228129666e-14
6.024418456322067e-12
9.931575112287993e-13
9.174888863202154e-12
4.236432967438162e-13
1.2440974332796272e-13
2.744390969351538e-11
1.0467884968438311e-13
1.544688502347404e-11
6.2003362770958144e-12
4.4615664013195884e-11
2.05958228639136e-12
1.817187107972131e-12
4.245769576117198e-13
4.847965162336976e-13
1.649277485207912e-11
3.5183476749826253e-12
3.4492238122663055e-13
3.093566695955832e-12
3.853995421996148e-12
2.1123168970831118e-13
1.5757467805603e-12
3.3577335342526142e-12
1.3308671094422047e-13
7.439905033732418e-12
2.8335448545896025e-11
1.4973499161189255e-13
9.523448342001976e-12
3.900980321516742e-15
4.439407025275779e-12
8.18339516305458e-11
4.255461625159594e-11
3.7245326280122634e-12
6.446272750702337e-12
4.796342386476862e-13
1.925071921232524e-13
6.964631686837991e-12
1.6938339179343e-13
1.0073392493896104e-11
1.1079926430371904e-12
3.522386282374393e-12
6.536102622775015e-11
1.2696229669959744e-11
3.263076480510836e-11
7.382850891819792e-12
1.8822206643291268e-13
6.0409587473533155e-12
1.0384011694924326e-11
9.578843939356117e-12
4.8489184186673894e-11
3.4976196415560794e-13
2.3355621384166156e-13
1.0643914207781429e-8
5.1957554311319064e-14
4.107763129616395e-11
2.7851412705716295e-14
6.298575585529434e-13
3.498196456618681e-12
7.205589706219855e-12
1.09463857297512e-11
1.7069621482790262e-11
4.0824617831623045e-13
2.5412951096270545e-13
6.321582318319267e-12
1.2486946149529575e-12
2.4591205582104883e-13
1.1751413554511259e-14
1.1123389054928173e-11
1.8420662737179164e-12
5.854345010425024e-13
5.260901416760072e-13
1.267408187779099e-11
1.5022810021763894e-10
1.1932772863329902e-11
3.1771736900099643e-13
4.518127528870939e-12
9.899410369027518e-12
2.1893978705102416e-11
9.766630354296806e-13
1.728010803465149e-12
1.6141521657888295e-11
2.3125855756318536e-13
1.803637248808503e-13
3.0115203065427986e-12
5.307786311179195e-12
7.185503746234089e-13
2.1771204330042222e-12
2.535248756883309e-12
2.1388074064756878e-11
2.6730028141081023e-13
2.7853301662498014e-10
4.561584018768879e-13
6.239032705589249e-15
5.164159156348125e-12
5.011496130299387e-12
3.888444180155067e-15
4.422594726028264e-14
7.836308225483153e-11
4.755610411323707e-12
1.215166503929271e-11
5.011848479560202e-13
3.0945577700746844e-14
1.6324426731794947e-11
8.022389308504177e-12
1.0891771350488396e-13
3.3521124811769456e-14
1.6431691845003644e-14
1.4504990076557889e-11
9.64543534304799e-12
3.272269404415453e-12
1.4140733974304191e-11
2.442747733125766e-13
1.968391053278449e-11
1.899270283317186e-12
8.08305705800243e-12
3.1357593680885717e-14
1.9780051045034354e-12
2.9106128859889135e-11
1.6666522987551515e-13
1.7277937010180733e-10
3.1496701648104567e-13
1.0344253878143114e-11
3.294992583560658e-12
4.0274510587754945e-12
9.481911559094964e-15
2.202316926366189e-13
1.1888853843238285e-13
3.5242695864580764e-14
3.454421049848899e-13
8.03246271496536e-13
5.066526868549221e-13
2.4987436579164753e-13
1.6104038402354506e-13
1.7795025074423895e-11
8.215938315939252e-14
8.848456239137653e-14
3.78572059210518e-12
2.583853046494272e-11
3.240720936235861e-13
9.405882748354235e-13
5.064131823539232e-12
4.614937971982409e-12
1.5144747476024237e-11
2.8810022653091333e-11
5.072750600190019e-12
4.817521100197571e-12
4.594219088931767e-12
8.280251860463229e-13
1.4135655893027005e-10
1.6787835847845332e-12
4.4882282018063456e-11
1.8302082507431106e-12
1.4478574896259573e-11
1.2775044925037397e-10
3.573745596709738e-12
2.187119655680488e-11
4.915022077177674e-12
6.979971503333806e-12
3.444768742519852e-11
7.424602699303769e-12
5.2856399065849785e-12
3.910281003796907e-13
1.4206555789366525e-11
3.048501277940588e-15
6.774805215225339e-13
1.9123219573900436e-13
6.051777309232404e-15
6.06045095633775e-12
1.419765566271197e-12
3.150677679557144e-14
9.105945651208151e-12
1.3605157627522661e-11
9.859555978600412e-13
5.8010158258314317e-11
1.0318926857897432e-11
5.911595610968757e-12
5.440362294378306e-12
1.3059189553405335e-13
7.464682803093582e-12
7.128650521516283e-12
7.865943791822103e-14
7.537091872989996e-12
1.6182617642998768e-12
8.517717312182272e-12
5.6101201779984825e-12
5.850381469548742e-11
8.629616974295598e-13
2.8535806568390817e-12
4.7993940617767685e-11
3.3622018277826016e-13
2.704174769551197e-13
1.9214463363744977e-14
1.7271423871628183e-12
4.534475232195232e-13
6.670076391144245e-11
8.996483933737409e-12
2.414060385612847e-13
4.9348857401698395e-12
2.3088448637908926e-11
1.1091426128097028e-11
6.805468901606038e-11
3.862383775876436e-14
4.523114676469112e-12
8.679034840091772e-12
3.325991095084173e-11
3.0208681773992795e-11
1.0060629272305795e-13
2.754318281748546e-11
1.2840435246506267e-12
1.4435137102692063e-13
1.0059242648458065e-12
1.3956370195375097e-12
1.0709225536303655e-10
1.2577713090066099e-11
1.6177606687864547e-11
4.60901846370599e-12
4.645953569972626e-12
1.1497366766124042e-13
5.27044596870193e-12
3.4911090729519896e-12
2.698984786310745e-13
4.689422676186294e-12
4.984728139429862e-11
3.4337701254479975e-11
5.8513376513083106e-15
8.500982815065268e-12
3.0443733570688665e-14
2.435889841758074e-12
6.666136966370702e-10
8.805799352570084e-13
2.2972647753891996e-12
5.072127364837308e-12
1.267711701585372e-13
9.043018376722484e-12
7.699278529800751e-15
5.433183246192545e-13
1.0378669601643533e-10
1.6624379167967422e-11
1.325945262336669e-11
1.7255596429227926e-14
2.5122615014247307e-12
1.4195001229078677e-13
1.294884302921062e-11
9.222237811619385e-15
1.2533805659482775e-13
6.550300709251421e-12
4.274356272083243e-12
2.0390885875124997e-11
2.741137547999231e-12
1.94861587381571e-14
1.7494024497284107e-12
1.7924909960555395e-13
2.4408670146006103e-14
3.187664739623324e-12
1.300016707815397e-13
1.9972655475516857e-11
6.07203355753584e-14
8.405292194155701e-13
8.170129231884915e-13
8.634874952154899e-12
1.5168521373225728e-12
1.823307065023027e-12
6.521833775351168e-13
2.571996517811038e-11
2.9168696760977056e-13
4.533632120618804e-12
4.9399105551579716e-12
3.4707904069130386e-12
7.34138802379508e-12
2.062969139417298e-11
9.717687751900439e-12
6.17237854026564e-13
3.9502242335839776e-11
3.771015960196693e-13
4.160009890658985e-14
1.1150203055700346e-11
1.0507776710253161e-11
1.4631542325210285e-11
7.089168161840458e-14
4.6732118632079834e-14
5.205969742659365e-12
2.332994881313228e-12
1.6842771909419353e-14
1.0439469348609182e-11
2.4792821242574834e-13
8.914225570989164e-11
5.6125440323445054e-14
4.111792622804182e-14
1.3564624846527075e-12
6.174078764355397e-15
1.4611122526435155e-15
9.900113301636359e-13
4.1863734051514625e-14
2.143159939287426e-11
6.249478098579802e-11
9.508479130600792e-13
1.2784615987485829e-11
1.2578232222784928e-12
3.1921731637243532e-12
2.9928337000458386e-12
2.1878058023895003e-13
1.4080345953612148e-14
8.809561619714379e-13
1.468602520837399e-13
2.3298036802069878e-11
1.8166935945999263e-12
1.2535003697724178e-13
4.2104590243451776e-12
2.903855107850862e-11
1.6366491425129755e-11
6.843461543839321e-12
4.373381187884935e-13
9.375968010150462e-12
1.6099870596321135e-11
1.5078680777280706e-12
2.6697729041475663e-12
1.2486050609463716e-13
7.241091349325617e-14
6.322032482154949e-13
5.6686130239876494e-12
8.539649437378578e-14
2.051314924176937e-12
3.655046030623197e-12
8.895431329319623e-12
6.9738184445994656e-12
3.1013071339739825e-14
3.272837743990249e-11
8.326674343805358e-14
2.687419987004921e-13
6.569102381513833e-15
9.771604431045825e-13
6.554865375339237e-12
5.796754158108196e-12
5.743964933406014e-12
7.612656717362017e-13
3.570082266399449e-15
1.8197687837209516e-12
9.123942875823327e-14
9.740147564007429e-15
1.0756552016805086e-12
1.4267962918152443e-11
3.2215681258539866e-13
6.439801037961242e-12
3.8790735521481633e-13
7.266060904513919e-12
1.4004370560799605e-10
2.5660202802477654e-14
8.909339439950647e-14
4.914959135197753e-12
8.960852365134817e-13
6.95003706097692e-14
1.2129491193663304e-13
5.583082640204505e-12
3.815601379836261e-12
2.4972466854406165e-12
3.78128052568893e-11
2.2453547394405218e-13
1.0310529344570916e-13
3.429005257991444e-12
2.159122033097442e-14
2.4411923796277195e-13
7.311807056085474e-14
9.660270413275274e-13
3.268383820225575e-12
1.0914173433920789e-12
3.996208218032621e-12
2.9544705729815876e-12
1.845262720511179e-14
1.661670293189014e-12
1.3271527181376429e-13
1.7345915432762007e-12
1.2992314297343219e-11
9.110177858993192e-12
2.921966512305348e-14
7.62391969941135e-15
2.673338693146534e-13
1.1651669726713598e-12
4.033016540874198e-12
7.584943966407356e-12
1.6805025651656316e-12
2.826580176954619e-12
3.2289037632808406e-11
7.818945844025124e-13
1.0155877114396234e-11
1.4778273604506932e-14
1.3763724494765028e-12
4.828474365620074e-11
9.69760973491983e-12
2.967476846549846e-12
7.300479666425462e-11
1.3931692422594165e-12
2.4946864456884015e-12
4.542360508995005e-10
8.3040856670263e-12
1.285209661473348e-13
8.152498310178907e-11
9.002739817244319e-14
4.904106903575791e-15
7.236262069392969e-12
5.186165864569158e-11
4.7709583711230175e-14
1.7952742509037228e-12
4.123244673976974e-13
4.272557583390956e-13
3.40514858838377e-14
2.5646621399048995e-13
5.130156536644601e-13
6.714897659147785e-12
3.904431018623922e-11
5.258771287177652e-12
1.4192788239768684e-11
3.8082013642822087e-13
1.0899867497054563e-10
1.2424008348061723e-11
2.881141398625722e-11
3.6122399791319077e-12
2.4118711957071917e-11
6.149986711761253e-12
4.9681766613191904e-12
1.0208666825534066e-14
4.8747936508261245e-14
1.21670827903796e-13
1.6957122934998065e-11
2.4749318291092237e-12
3.1289185734384307e-13
6.924835097877537e-14
9.25158787993364e-13
2.457638329707226e-11
4.352557839391441e-11
1.6026880918673128e-11
7.417343104148092e-13
1.2014948593124337e-11
3.9050981774285346e-12
2.714373709751675e-13
9.316059266592017e-12
1.2214881655634713e-14
5.081444409942744e-11
4.546196876616852e-13
2.6425228958245937e-13
6.808061405963075e-12
5.457302544023283e-12
7.117554587785979e-12
3.055952432582362e-11
1.4443793888047522e-10
5.5101999369512845e-12
5.72006751246778e-13
1.9802811146991355e-11
2.0489700012546168e-11
3.7655456705700683e-11
9.176765424798252e-12
1.9104801730203785e-12
1.1396084481089567e-10
2.3459916264001464e-11
1.1666224400711505e-12
2.4738823666643286e-12
1.1525910453399327e-12
8.55034264294503e-11
1.7128803080790656e-14
1.3083766000798854e-11
1.0467896253956737e-11
2.4844520454773806e-13
1.4149085595721032e-11
2.2927704259915953e-11
1.0465305598694118e-11
2.363432397487526e-13
1.240074668501434e-11
4.782430856772392e-12
9.681825696340176e-12
9.703573694656803e-11
3.949143249723716e-11
3.8859213658555765e-12
4.960429538319609e-12
1.3288670579127668e-11
6.870643021355991e-15
1.6365132007801284e-13
6.1181784728429715e-12
4.065296106365099e-12
1.63470188634218e-12
1.5478588181148097e-10
2.584191128504132e-14
1.6031044220399946e-12
2.348809659887532e-11
8.059051275019334e-13
1.0824337906903913e-13
4.1953935262415583e-11
8.375315231351951e-13
2.574950690454956e-11
2.5568085491939592e-14
4.348376032525909e-12
3.5243472988352276e-12
4.583253481292781e-12
2.394917724802269e-14
2.068836587727222e-12
2.689642516883364e-12
1.2415629311685944e-11
2.634876430782607e-11
2.2716585207641947e-11
5.4451458174013243e-14
2.6551641060390817e-14
2.011039100788082e-12
7.745277719566876e-13
1.845118660546578e-12
5.1551199165960836e-12
4.223887972436339e-12
1.2777552255697608e-11
7.278980475059773e-14
8.811858230448058e-12
3.253742435245038e-14
2.3074284955759355e-12
2.8397007873108302e-11
5.5348391528179485e-12
1.5627863379750912e-12
2.105571481859402e-11
2.551604489714366e-13
3.139444979225128e-12
1.1012871960580606e-11
5.3536330065780026e-12
2.6011461681277038e-11
4.117538862833466e-14
2.1629084795065013e-13
7.373096389334096e-14
4.01306457973718e-12
1.0885361624268758e-12
1.3645388679646964e-11
7.780384727381486e-12
2.2593546122313916e-11
7.51409198262639e-12
1.4983069690946425e-11
2.690607896735073e-13
4.6756823366929095e-12
2.9145056410668963e-12
9.748052005282311e-12
8.555041348621617e-14
8.735932904647785e-15
7.143887061255184e-14
7.569879282311894e-12
1.2316503725521797e-11
1.369579200460339e-12
9.402901301293017e-14
4.197278399894992e-12
7.2162896991196455e-12
3.817195152469851e-13
9.529196468331521e-12
1.767255238841781e-14
8.252401064066278e-14
3.4775833873378816e-12
1.7968196385657585e-13
9.91826393692042e-12
4.974452943241537e-14
1.7472496855508584e-11
1.4061558375803053e-13
1.0161556753615719e-11
9.581059424583722e-12
3.964859018377644e-12
2.865368298159178e-12
7.927400019714427e-12
3.3620085130269234e-12
7.876290641600007e-12
3.95768780132669e-11
1.9468965980988436e-11
2.0658176751961877e-11
1.2341795728096325e-13
1.0862259700183268e-12
1.0170739216626102e-11
1.8375747867298062e-13
4.673843158261761e-13
3.852110996430893e-12
8.752934815868731e-12
4.275650535815342e-13
1.2986917868841856e-11
6.668164102630327e-12
3.96736119222202e-15
1.1111108747867735e-11
4.2101626748350866e-13
5.072988680020559e-12
3.4114575135393334e-13
5.417811486874656e-14
1.3800240611102819e-11
8.595454015962537e-13
5.922894920771445e-12
7.791009178357032e-13
5.241699488066478e-12
9.629370480605554e-14
1.3202761973327142e-12
1.1092996143468355e-13
1.0355206599469311e-11
1.7067027766507407e-12
6.599749625092399e-13
1.0754771716473029e-10
1.0833734916916161e-10
4.922973791058648e-12
4.2277810711349857e-14
7.971439154940005e-13
1.604968838874464e-11
6.511933464988253e-13
1.8709734900695025e-14
4.898732499029643e-14
1.6338390400900908e-13
7.804812196707641e-13
1.5016445798580593e-12
1.0320209841084575e-12
8.841754456730546e-14
1.2966938964799594e-12
3.8748114968999785e-13
9.190749422132378e-11
3.8321656499195883e-13
1.6107595713243076e-11
1.393822626734787e-14
1.9035305596154962e-14
1.327239654144288e-11
6.596504023056884e-12
5.908897622290413e-12
8.621042928778068e-14
2.003852345537625e-13
2.0545124073246416e-14
9.218019977374024e-12
