2.2633677830398146e-8
1.9464061722124034e-10
1.4874657164851244e-8
1.7107164596973454e-8
3.715547177966361e-10
9.57662849434203e-12
9.028211723718795e-11
1.8627908112786174e-9
3.1476943729828625e-11
7.023710689485114e-11
2.5134166916604837e-10
2.2506787954739665e-11
8.362195747032019e-9
8.878309474715044e-10
4.134566222807679e-11
9.79760993008615e-10
6.895095685804592e-10
5.614564372737567e-10
1.480706483761959e-11
6.198158891422934e-9
5.664712327199713e-9
3.865449080067586e-10
7.005056395945357e-11
1.4971876681994036e-9
2.2144067701072747e-14
6.882907320173827e-9
5.626746764343474e-12
1.561121328931487e-11
2.4347996846885166e-13
2.370228414490805e-12
2.370170135437079e-10
1.9169716898137532e-12
5.04673917415665e-13
5.2025972388025076e-11
3.3593052689233573e-7
1.4207040553511666e-12
2.039946793214935e-12
3.100621718639282e-8
2.8412079735085335e-9
3.6901847778702353e-10
2.973524253365999e-10
3.685239874669386e-10
8.165508728626468e-9
4.017300634123254e-8
7.523225462088412e-11
8.465412041643163e-9
2.0498399500558506e-11
1.4512938128210916e-12
1.1326803595657319e-12
3.2867080315531237e-9
1.4090826615493786e-11
1.1168185462631587e-11
2.7137270168548746e-10
1.5861626426037762e-13
1.5423344158660584e-11
1.5702534422522714e-10
6.183049961990595e-11
2.824799753328616e-15
7.397949366059731e-16
4.787543638311745e-10
3.8556705886034915e-7
1.6694481797189044e-8
1.2788144911038384e-12
4.249016104442523e-11
2.105170842920037e-10
1.759797058040122e-11
2.2357756117745798e-13
4.4126170268473295e-12
7.390508286686972e-12
4.894515643080313e-9
8.867733051204324e-11
4.529774499433245e-10
1.1547164185393139e-10
9.51883568415831e-12
1.3470727790321708e-13
4.271550289146855e-11
4.297883173961617e-8
7.190544396024479e-13
2.259710762634228e-11
2.0667252841293207e-12
4.684201794064995e-13
3.454223645520757e-11
1.0268741480032109e-13
1.0783890270788196e-12
1.5460786791745832e-11
2.6116611599756314e-12
1.7450459699548342e-10
2.9665336375146442e-9
3.2051857898340826e-13
7.45559691408275e-11
2.2720410337625884e-10
1.5860124447298964e-12
3.253249002800179e-7
2.284286377206979e-10
5.5775625704313205e-9
1.3872620496585938e-11
2.3546502227035496e-11
1.3308518357526664e-12
9.956153566836984e-10
3.642180093683231e-8
3.279792724606098e-9
5.4947314095982764e-11
2.674504158717347e-10
3.3060384036197882e-12
1.5804931847057577e-8
5.266201578310761e-14
7.446653426263199e-14
8.0017875203376e-11
1.917719843643148e-8
9.498488249528143e-12
1.1918259145213538e-12
1.217699516496282e-7
9.639661995321577e-13
1.55487912041617e-8
6.68311933196805e-12
2.3132940574336476e-9
5.1103791188269475e-11
2.0152716283599818e-7
1.4139735835040796e-12
1.4123642580742172e-10
3.3941023183931403e-13
1.4431793340729094e-6
5.247369372869185e-13
1.7952696810625236e-10
5.956883116808212e-12
5.701525839433071e-13
4.848912152225942e-12
1.6238742637212937e-13
1.302110077319437e-9
3.778582720229802e-12
1.9636784319752055e-8
6.23012664101212e-9
8.62355672208855e-12
6.055611993648578e-12
1.1339748396162279e-13
1.6927640672260895e-10
1.906331598324192e-10
2.0405629025337156e-12
1.3787560334885371e-12
6.125613445668935e-8
7.015794914325916e-11
5.904593179760223e-11
2.2308564079131484e-7
8.637675624712621e-11
3.283987579892801e-10
8.208054267502343e-13
2.107762164806228e-10
2.6029616433764665e-8
6.663456269421745e-10
6.859684301206561e-14
2.529142931585043e-11
6.116729874293013e-11
1.6356637095966565e-10
9.10869730965283e-14
4.7436702043619385e-12
4.9380918474942e-14
3.470016921891648e-11
8.253950296741285e-13
8.809251728660588e-12
1.1859478151166174e-12
1.8349166928222834e-10
2.560078156519429e-14
2.80140086135303e-14
3.7568705577766473e-13
6.900254561616868e-10
1.446473445085011e-14
4.72731565502067e-13
2.3342163203039434e-12
2.4240197287886155e-10
1.7553162905406233e-11
4.0472812117482875e-9
3.239197770186737e-11
6.576266562688541e-11
1.5482199348824776e-9
3.481525226340071e-11
1.085331429172735e-10
3.2519489107738444e-12
3.4331549020553357e-13
2.0471292793567455e-14
2.5115816250528404e-12
6.703010941737527e-12
5.4483749650179996e-14
8.911438864430128e-14
7.754069438785788e-11
1.8001433581703998e-10
3.327091583046255e-13
1.1102648049365489e-9
7.6621580006759e-12
3.4302912942977376e-6
1.786041273275988e-11
6.91094241163898e-13
4.1168114722428033e-14
5.4427566716757626e-11
1.354881861505179e-10
9.352925392092709e-15
5.740805185779566e-12
3.036769480530341e-8
1.763391128753112e-12
1.0534969859708116e-7
2.100570797220152e-10
3.311101326050589e-6
9.899625456904513e-12
1.2472361513323963e-11
1.952679479128102e-13
4.464050060282496e-11
1.3607923549773834e-8
9.099736874034313e-10
2.9318627383544124e-14
2.346587513015828e-12
2.920005054227034e-17
3.463592668474377e-8
3.3924314702199084e-13
2.101990575631968e-12
1.2807458008940262e-11
9.91096509733198e-12
3.854320884380398e-12
1.5610097237507918e-12
1.162466942253873e-9
6.421256345555285e-16
4.255678458112382e-11
1.7864016766386482e-9
2.880318579752417e-14
6.644273297154286e-14
7.296903542424949e-10
3.5857616415825755e-13
1.5779441328086103e-11
6.714138183445294e-12
2.443523445305096e-10
5.247674822591487e-12
6.658359948581631e-11
1.457011496064073e-9
4.103080711737662e-15
1.4572759298411e-13
3.186340175300061e-14
3.6000177191364186e-13
1.7405081808637906e-9
8.776309110594169e-14
4.536688113708178e-13
6.923187210691425e-13
1.1064852954482913e-13
1.813487544219686e-13
6.761534839709282e-11
1.859744181101593e-11
4.5210004940627114e-10
4.556499154662457e-13
1.729414865568146e-11
1.0395366357896629e-13
1.0168479109326348e-12
8.466347378100641e-11
4.8711242091568e-13
8.340837016197576e-14
9.894409901821267e-11
2.625498828692638e-15
5.272341577258189e-11
5.856071661619365e-9
1.7348907638454376e-13
2.6033187863005e-13
3.7023910978082437e-13
3.393056952311736e-13
1.785470473051563e-11
1.5441433994115015e-15
4.278598963364983e-12
2.5114412460372916e-15
1.1960620899542995e-15
2.500184923619254e-14
3.170399916273404e-13
1.1590787953875186e-14
5.479580039662518e-15
1.8828165289380022e-9
2.6874671410615763e-11
6.728055657965086e-13
8.640268078339635e-14
1.3691309586646733e-10
9.04868830016857e-12
2.594217653175245e-13
1.757719716991791e-14
1.5806214427338654e-12
1.64831455531906e-13
1.1114914797655083e-6
9.719223034279415e-12
3.528725288987942e-12
5.6057095377147656e-9
1.6110143460698425e-9
3.5079819291768194e-10
4.3134751169405864e-14
1.3123053194164897e-12
7.146830823304763e-12
3.756591718438666e-12
8.391842350082329e-12
1.3462904073236113e-9
6.318484350246248e-11
1.3716748766120885e-10
9.297608421303743e-11
1.2099290030513521e-11
2.838304453754872e-15
4.422908625638103e-16
2.234574670341763e-9
6.1733192881023786e-15
2.0422067142129098e-7
8.356125899553644e-9
2.7479732291898227e-15
1.721408333573315e-12
3.6186830238514625e-13
8.553587082403797e-13
1.2553983195843993e-10
3.6864578782365272e-9
4.028381055641942e-16
4.3436940746685485e-8
1.700021214502686e-15
1.3593954667831693e-7
1.0639059937096248e-10
1.8718390722035805e-7
9.143764565647596e-14
8.625467138858792e-15
1.7659313994087047e-11
4.0261587501270994e-12
2.7944692982899975e-12
2.7309358005727356e-13
1.0894563292913912e-14
2.7864732001949292e-12
1.2930905329062375e-13
2.0695544336354687e-14
2.513615932639137e-9
1.744207977331704e-10
9.15741674227691e-16
3.9904283821242425e-14
4.069991681211524e-11
1.9337155280092097e-13
8.9054320820602e-10
4.1190311197033395e-12
6.130900934930684e-13
1.7095014819124886e-8
5.293200132794392e-11
4.469204515303371e-11
2.229635152649689e-16
3.06831322054758e-12
1.4728145490739305e-11
3.614746554113789e-13
2.140044065021391e-13
5.642564355889712e-15
6.0629718105587685e-12
5.736514091594195e-10
1.000673665397424e-15
2.9230314316445174e-11
2.005464761792691e-12
1.2591409101018169e-14
7.570061904362399e-11
4.741287092117083e-13
8.225316415609169e-12
2.241689973572036e-15
2.104437707389471e-12
4.6280765003780485e-10
3.5188354729360295e-12
8.706907702870597e-15
4.489809048175777e-14
4.1542671756731495e-9
1.0575645501505332e-10
3.190412459648124e-17
4.7359857709066e-16
5.352646643751861e-16
6.734049050543851e-15
1.1798622303186026e-14
3.409853930243576e-9
7.458662851039525e-14
4.728133659926269e-13
1.3389055732319257e-12
3.681409425082303e-10
3.8699408236962797e-13
2.9756208077135815e-14
4.7135636298929587e-14
1.4459405926979435e-10
3.8992313822353194e-16
2.3401142996650392e-9
5.1922349871670684e-14
6.466783526432141e-13
2.3698891916258506e-11
9.480281694005147e-11
5.375027353675917e-12
2.6542409951056553e-16
3.881360307020509e-14
1.485452861595007e-10
5.940330557483517e-12
6.197139966386277e-13
2.9929563694563786e-11
2.5071704307970886e-11
4.9339556115669485e-15
3.575962143496979e-12
3.646519429400506e-12
2.990653227836907e-14
4.240971984906902e-9
6.962758507642112e-13
2.952854504877706e-13
7.135271982848699e-12
1.2751693967879042e-11
4.4776863384671343e-14
3.527737739143736e-13
7.261688335286688e-12
3.9284484954276824e-13
1.124722775458196e-10
2.3243359603283167e-9
1.5215154301086765e-14
8.087345920715359e-17
4.261927012769287e-11
3.193087988087179e-13
1.0857323950668995e-14
8.67119752566062e-14
9.456383908627025e-15
1.133441926847569e-12
6.926461609901532e-11
1.45294729106119e-10
1.7311058082754562e-12
2.2119078351919415e-12
2.4636055043722537e-13
1.8634031504200813e-16
4.411436670742836e-13
4.443488366087896e-13
1.1864418758038982e-15
1.1841653645972424e-14
9.367380562723313e-16
2.1706231896313705e-8
7.300077248424183e-13
1.5797302093822285e-16
6.302850097185261e-13
8.583424493176314e-12
3.887790528375537e-12
7.914385061287714e-14
2.5988900111493026e-12
3.783628199398777e-15
1.2674507363108548e-11
4.580938872919577e-12
3.1357730211243137e-15
3.2733173543693866e-14
3.52160866778834e-15
2.815697449549882e-13
3.069513667672997e-12
2.4437108822948007e-13
9.870445248494615e-15
7.068901616530587e-15
1.5272716321093395e-8
9.756544506168012e-15
3.8072796460246365e-14
1.326072941915107e-12
5.919969023253236e-17
1.766794399653592e-14
3.3629154346561997e-10
1.2897616454397788e-12
7.239821687774651e-13
8.669403263996796e-13
8.79793481590103e-12
1.8407655534721085e-11
1.3086001197876799e-12
1.343849157320023e-15
1.3497429671806911e-14
2.263283775945956e-14
2.419101180237425e-17
4.4406694149735015e-13
8.280081593300107e-14
8.4724215822063e-15
1.4133622512514823e-12
6.1078914883219876e-15
2.295034817071433e-17
9.344642339677295e-17
8.616570878221142e-13
4.0058942671811326e-9
2.694265087205569e-16
1.1507184875129283e-11
4.3955637225914314e-12
6.7307952529317595e-15
3.190148340252622e-16
2.5886074617686825e-16
3.4184277691227023e-14
8.35722616515806e-16
2.9094718055373555e-10
8.642656631007926e-14
2.1548983191166674e-15
6.181927367812828e-14
5.347559365239168e-16
1.5086385531211017e-13
4.832279315747958e-10
2.529615920023128e-15
5.194023911640167e-14
7.4704618710678195e-6
1.2565138651563273e-15
1.440055038531237e-13
2.6491412870008043e-16
1.4886643244707294e-15
1.1441192164393284e-8
3.0733845700988807e-12
3.927725316692868e-15
3.6291800620819516e-13
4.747743757860737e-16
2.1872912819193505e-12
1.8098372337854184e-15
1.2165932244975542e-13
2.2479227764748115e-11
2.5361756852773732e-14
4.174460690112548e-14
3.297297733296145e-16
1.7645233774372748e-13
2.867796809205806e-10
1.712952163692028e-10
5.342890527374862e-15
6.564117638762007e-12
2.2709302593457007e-12
3.067654507858128e-14
1.32198820176759e-13
1.7941974222067198e-12
1.0948700924297759e-13
3.7435456017438654e-14
5.196898860514822e-15
3.8313320724751333e-11
1.8841717881322874e-14
1.5396425443787408e-13
9.814815903471343e-13
1.670394125455237e-10
3.4911270060229686e-14
6.965706427932551e-14
3.1877937657441054e-13
1.8028937723857528e-12
1.3852504602259296e-11
1.124792191132172e-13
8.138624204472978e-18
1.7508322795222057e-17
6.592476833960646e-15
2.7143968106689917e-13
2.470158474727017e-13
1.9347272668772863e-16
3.680018756100441e-14
1.0068707719850643e-16
3.104134986644164e-10
3.0734529783167644e-10
8.559217837439188e-15
5.217512485249552e-14
4.4642110533827555e-16
1.1408076814173013e-9
2.1010922321456025e-12
1.953700276443241e-10
6.533655234758259e-15
6.687117203151122e-12
1.2528608933824534e-13
2.0722308268484402e-10
2.3914386839783655e-14
1.6382686230611866e-12
2.63289010070257e-9
4.702748667397567e-10
1.2656998473254703e-13
4.407781839565096e-16
3.2768768832436334e-12
3.412952568270538e-14
7.720886205063995e-15
5.452638773962054e-7
8.173286523006636e-12
8.799224840602852e-12
2.906791896664155e-14
5.5685032093665985e-14
2.520664678192097e-13
9.288456926735308e-12
5.53162420598443e-16
1.794893922482028e-15
1.9230193171996676e-11
1.0663977465315931e-13
4.488191353862319e-16
4.761818405826763e-15
4.110110150223964e-14
3.641405353482051e-14
3.7857813351277866e-14
1.94277087082142e-15
5.4158839115630245e-17
8.478218450596287e-16
2.244007223763764e-15
6.000758207441565e-14
2.436733589258014e-12
3.4501740173641786e-12
1.1412571828768747e-14
1.0855780610487686e-11
1.7001498026140729e-15
4.442960701297171e-16
1.7864967339907983e-11
1.1407359113948094e-14
4.299564959902887e-15
1.2892008081354926e-16
2.4445638719578644e-13
7.332939225121675e-13
8.868588529392412e-16
4.2119876409718e-12
1.8837376442584677e-15
6.378771560680994e-11
1.632458463451122e-13
2.2753454557879207e-10
1.5573435477621292e-13
5.897949219758785e-14
2.916333829249384e-10
1.4052888143317155e-14
6.602074132230017e-12
2.5274135309679615e-15
6.906166728220149e-16
5.723212598719089e-8
4.08940738379246e-15
3.834294702230134e-15
2.3920145294201537e-15
1.0609969855149327e-16
4.25331954398899e-12
1.7816571517280816e-13
2.2388827814044633e-14
3.1345756439462733e-15
7.465906292544888e-15
9.236066903421472e-12
1.9709078826780837e-15
1.0898979269432634e-14
6.038288480900655e-13
1.8717469154310387e-16
7.971681055704608e-9
1.5075299794484654e-16
4.284200053955386e-17
3.7961993703983047e-13
2.5929278212675256e-14
1.26323549853645e-17
1.5400939782574477e-15
5.6137373040228e-15
1.287617980027884e-15
3.040562597173921e-16
1.8472516934994536e-10
2.0520979609340676e-13
1.8813183615089182e-14
8.206035621495652e-17
7.000480048321262e-15
3.2192648465918264e-8
4.351707587490261e-14
9.331351212797848e-17
1.006557461727938e-12
1.3993757042963147e-12
6.237927803017899e-16
4.03703379043336e-11
5.036402016186955e-12
2.5929676711473136e-16
4.493862735972148e-16
2.012361661076179e-17
2.569033513804362e-10
2.34545850433061e-13
2.8482497748525785e-14
3.636695431264974e-16
1.6899017628571272e-15
1.2014523995718937e-14
9.40566571597641e-13
1.9530741154250377e-16
4.116589937289744e-13
8.421233543767242e-17
1.4531445478742594e-13
6.753617451243833e-11
2.2815342873254648e-15
1.3916958494726953e-14
3.1070270430412564e-16
9.35483844716627e-17
7.075038195057338e-11
3.615803469374368e-15
2.4737838181707464e-13
9.919261844155123e-18
2.2703010349906197e-15
2.345384644730186e-13
3.87892723209698e-9
1.4085890005059262e-11
1.6065989832938563e-16
6.135079441675278e-16
3.516652533345926e-14
1.4972248308180942e-10
3.1899683006118247e-12
5.19634881378198e-16
1.5336224348981825e-13
3.731420870705614e-17
2.386766254233433e-16
2.697152764214752e-15
3.209952328771998e-17
6.3681811282204515e-12
1.9930392078552747e-12
1.887398978910028e-12
4.070974733650952e-15
2.3578528887296494e-17
1.453436146803678e-11
2.922584890932018e-12
3.5640773749746723e-16
7.370327355928489e-15
3.0427026367934506e-11
1.1977388881618732e-15
3.527221959643987e-15
2.8049370956507514e-18
5.047811097182706e-11
4.088545478345229e-14
3.472724986515191e-14
5.1115702920137815e-15
3.500404415137791e-13
9.001299200186744e-12
5.853382545093239e-18
2.0852224116494387e-11
8.740732046539957e-14
3.922050262615119e-16
7.526530355364646e-15
5.8843248857704e-15
2.30509315733563e-10
1.9463688558305655e-17
1.0265141652949328e-14
4.5313016699287966e-17
6.568749679244467e-10
1.1316995563256307e-17
8.87528304213706e-12
1.7634224441355222e-10
7.9586251574266e-12
4.514771561859284e-17
1.3346759832833295e-8
1.2808551731643597e-12
5.666155917679876e-13
2.6015056654929897e-12
2.7061132513678255e-11
1.6492476903261628e-17
3.341068694872777e-13
1.3866158473260124e-9
3.2226183976614836e-13
1.041835479825392e-14
4.429961925404062e-17
1.2959401065135681e-11
3.3172628955084546e-13
1.4339418219143825e-15
8.634090725401308e-14
7.962520440859385e-14
1.171377441541378e-13
2.656243439087971e-14
1.8074183998695392e-12
8.198411669026319e-17
4.710417365637976e-13
2.600640487983995e-17
1.3164868157131752e-14
7.478780194726425e-17
1.94523798009845e-15
8.373500868637976e-12
4.1444787464460986e-17
3.916420355474132e-15
2.455359440822625e-15
1.0672660779398949e-11
7.975567613570919e-13
4.9995422169794014e-17
1.4378586943018499e-11
1.730279278029516e-16
4.317963712030426e-14
1.8619549234703535e-15
5.032834901938227e-12
2.752296335301402e-16
2.0877300907395746e-14
1.7484168307802254e-12
5.890651554488541e-14
1.938624461867433e-15
3.6849646398414237e-10
4.515597511749685e-16
5.15050220547051e-16
3.0216010952866216e-16
5.683237904601305e-14
2.222222194077348e-14
4.35175020900253e-14
2.298919219676683e-12
2.822668063982937e-14
1.1994063285039262e-15
1.5040814771418162e-15
5.9230813968841264e-18
1.4039920639159693e-16
8.828680977836723e-18
4.8762821076019186e-11
1.3884395684198493e-13
5.328931167201804e-11
1.9021290840578264e-12
4.4954264494637664e-14
8.960076394045698e-17
2.9805674048470306e-16
4.0260893498662565e-16
6.826282512227425e-10
7.401192826968384e-16
6.723086985936004e-12
1.0639176498879576e-13
2.3136301791818914e-16
7.834385972328895e-11
7.283306605797804e-15
4.8175628633406986e-17
1.9577320115314366e-15
2.0803057555491454e-16
4.716318075548313e-16
2.1890956501671108e-16
2.103290665587695e-14
1.709129735975038e-17
1.3838453978488763e-16
2.630454115889795e-10
9.128788125165224e-13
2.872316519694147e-12
1.5038770844809256e-15
8.08947667399032e-14
7.663105254967294e-16
3.280259419155141e-16
2.129854911167808e-13
3.564038045130293e-14
6.845061035771536e-17
5.825296747297567e-12
2.6382393857836447e-16
2.0734035016232226e-11
2.640925220288647e-12
1.5913143633105864e-12
7.79515744986411e-15
3.381334510172314e-16
6.301947556080486e-12
5.561047713670005e-15
1.5184467199382432e-13
2.8670254756736034e-10
1.277590528264785e-15
3.157919621644536e-14
1.4475858608571475e-16
9.293431144596367e-15
7.247690276476868e-9
2.2919311033437115e-15
1.957018174702748e-16
7.255179798246785e-13
1.2420665278750606e-13
3.069241309273731e-16
3.553358878429617e-11
3.8440492371833885e-13
5.694430997838317e-17
2.9794831135576776e-16
7.229073226360713e-16
1.0952683973774896e-14
2.7251806321424998e-15
4.048620853855976e-12
1.4509698300544989e-15
5.920306453793197e-16
1.049233872350512e-9
3.9875326250762743e-14
1.528783421086274e-16
5.364910188529837e-13
4.0828218003367884e-16
9.26434682543078e-15
3.907232741879664e-13
7.161860028080709e-16
2.4968726260297393e-16
4.235761217458458e-15
9.024645412848004e-17
3.465619141637709e-17
3.766458421673348e-16
1.235867789701524e-13
9.597692121258805e-16
4.213942665325546e-8
1.3220506247057842e-12
2.5162294139345514e-15
3.9044038326213286e-17
6.394179845844815e-11
3.301722812641546e-13
2.8315586021648384e-14
3.2747217718914485e-14
1.3461895397943296e-14
7.419657396377288e-9
4.772449105898012e-14
3.44311790048387e-9
4.660364515056339e-16
5.6598621902577114e-15
3.8164093328763316e-10
1.4860310391452591e-13
5.394581036327912e-8
1.5977207939943663e-17
6.964050620380531e-15
1.0582205057223337e-17
2.641424677634707e-16
1.673250096140776e-15
7.818196997269658e-16
3.637011351972718e-16
7.288876005702163e-18
1.948297466767968e-16
2.4997602782200687e-17
3.650188059395789e-12
8.451126665091031e-14
1.7400546642305433e-14
2.703092641868897e-16
1.0723480547581873e-14
1.9771600753576016e-15
6.101850110770607e-15
7.419971536252458e-16
1.3203261211294819e-14
2.6237565474939385e-12
3.515390212657665e-18
2.0441637755397396e-12
3.769629076513277e-18
1.082892175411777e-15
2.1955533781746459e-16
5.643979694951006e-13
2.03521199831213e-17
1.4546708785074983e-16
2.0709002141534196e-14
1.3108637209709293e-16
1.3965732818567395e-15
2.54247685575441e-16
1.3706916478762812e-16
4.3086374118459046e-8
8.993116960223753e-16
3.693566446867842e-16
1.5005035318323649e-10
2.0620215188205311e-13
9.101446216616742e-17
4.041968277039724e-18
3.785199232723858e-17
2.5423106506132525e-15
3.8885482702794714e-11
6.3581407843182865e-18
1.7414910165081957e-18
7.252905024276408e-14
2.990888904669772e-9
3.786870327952604e-16
6.385344931782735e-15
9.934988797060148e-13
1.5441044906374111e-7
2.1287423042241365e-13
1.6002954244210252e-18
4.089560452953787e-13
1.114193093323959e-8
1.7389231945519801e-12
2.218565672148671e-15
5.893879192519992e-16
4.52254128820512e-9
2.563274374941314e-14
6.425508386760993e-17
2.2553772588759006e-13
6.4381260950837505e-12
3.27083356236479e-15
7.116993878902493e-12
4.486518672271889e-17
1.3948703358598123e-14
2.0035476837036222e-17
1.6841788957377482e-11
9.137302011206936e-15
9.660569254433579e-16
3.908554950306765e-15
1.1625296173245635e-11
5.5580486184338866e-11
2.9325210398169727e-14
1.5456030805750114e-18
1.5013667448330014e-14
1.295390159428731e-12
7.386769344879213e-12
5.966358919556206e-8
1.4513958248258365e-18
1.3968011076954734e-12
6.434460936891944e-16
7.427802656109033e-15
1.015455485226671e-12
2.668739343784408e-12
5.4605598948106597e-11
1.4324841959798507e-16
5.185447757645389e-16
2.0161180979646028e-16
3.8920571182080646e-18
3.374900814983968e-16
1.6599032811808078e-11
2.008869268508419e-16
2.966253596859837e-16
2.1041349175707918e-11
5.3072398214882185e-16
1.8150867225863302e-13
3.1913492874945855e-13
3.1340931331134745e-14
4.948768151451118e-15
8.137201167870596e-12
3.017481565660758e-15
3.4518023594664006e-16
2.9339747405207536e-16
2.6387404859527422e-17
4.465720522852893e-17
7.012198077080571e-18
1.078737981758105e-12
2.3675117877526052e-14
1.17149414361029e-12
7.4432146364974914e-9
5.5205808817221545e-15
7.78209492533128e-12
7.039119169867305e-14
7.297464271970627e-15
3.268923851551567e-17
2.5164491643618888e-17
5.435661214200666e-12
6.425300341084281e-17
2.249847510676135e-12
7.938403909615542e-13
2.907087133508357e-16
3.8951631818879004e-17
4.654576899759381e-16
8.210249912871841e-17
9.936640123900494e-18
9.41809842560272e-16
5.794572034293697e-16
8.809945116317088e-18
2.3358229762857615e-17
1.2935796995710292e-14
1.977018492016188e-12
2.483854040525952e-18
9.151937524812642e-14
4.54847378607595e-16
2.235386430780291e-11
3.9739747701477e-17
3.6754244546420904e-18
2.0363460310377592e-16
1.139740371282296e-15
5.599183233505602e-10
9.051862192180732e-12
3.4063898720270853e-12
8.483506792521204e-18
5.925312804865199e-18
9.53434903205956e-14
1.0995068276395911e-9
1.5846031020909216e-18
5.044323620154476e-18
4.5886053761204033e-14
1.0960232623264567e-16
7.084302907572634e-16
2.587759998847478e-13
5.610294563934056e-17
2.0350336386895536e-17
3.627085983284386e-18
6.672718956262114e-17
4.659362292102814e-14
4.15464683231667e-14
3.839263309765578e-14
9.440745861582147e-15
1.4674187432824507e-13
1.4918632583165341e-16
4.0074221832192606e-17
3.3525337066963272e-15
3.817853480530653e-10
2.4802103806983917e-17
2.752035315234831e-14
3.510161063672144e-14
1.392627465453949e-10
1.5174185168142714e-18
4.3207510774562107e-17
1.0049728337430637e-15
4.731114319397858e-17
7.033130226221602e-15
1.6715625416317524e-14
3.346553972106085e-16
2.5416567641753372e-17
1.669579985620854e-14
2.9398439316531327e-15
9.21874569009977e-16
4.419683358224898e-13
9.78720483516286e-13
2.655667943998064e-16
2.067759611512923e-18
1.5615553493235267e-11
1.8065895271408586e-17
5.0562989039713144e-14
3.9502582092765067e-16
2.2982002746277063e-15
1.337130628946886e-17
2.9936221280113084e-17
8.399643261086315e-12
3.1386867062939923e-17
7.875474175785441e-13
1.142404612285395e-6
1.2917856598950527e-17
2.921697514431345e-18
3.3684914483463153e-6
4.5008187874772436e-17
1.3420915459481274e-14
5.188157412546497e-18
1.5689931092967932e-8
1.2462518822460136e-11
6.630065579761147e-17
4.055872802612936e-17
1.9774889481589633e-18
5.257719204430864e-16
9.243109951285725e-15
2.3033812374338743e-13
2.9852190559780947e-7
1.153981253168506e-15
3.676798307501642e-14
1.0874221092542096e-10
3.5601305303410077e-13
1.6747360207775373e-17
1.4366819601481837e-13
2.715858414026334e-13
3.912314992363173e-15
3.290783883522384e-18
7.751074926539696e-16
9.427275666768869e-15
2.3579969067833285e-11
1.8793211377589844e-16
3.8574850219059454e-11
1.4411569401254502e-17
2.156421540340186e-16
1.5634899069929816e-13
1.5228311092785622e-15
1.9878351632041252e-16
5.498771841601408e-17
2.526216844431953e-14
4.371428157017873e-14
1.7462463406360785e-16
4.284311439697808e-14
1.0203494278478993e-15
5.766681245362424e-14
7.609211971563496e-18
1.0445545733279588e-10
1.809243964154014e-14
3.2226564696039707e-13
3.9536796154768344e-16
2.044573508112097e-13
8.688318812499621e-15
1.478431103905104e-14
1.6991015740189824e-18
6.545335348626606e-16
5.126752143327343e-17
7.971458299413126e-17
1.3419140634228323e-14
2.2072691838600801e-13
4.118289649934884e-15
1.3154187046773565e-17
5.354955187095993e-16
2.5642445049454696e-15
1.7989529320958793e-17
6.678772013052627e-16
2.0894811018403638e-17
1.1637837361895873e-15
1.3114983558572047e-17
9.153379421238426e-14
8.172702499456716e-16
1.1072500667148011e-10
2.801215315203694e-16
3.9867126851095845e-17
9.615849590236592e-18
2.2746020693714926e-17
2.092239563522742e-15
2.582801538991457e-11
6.00248007171151e-18
4.472796754489697e-13
8.880488024179844e-13
1.9605076181323183e-17
1.3532549036419272e-10
2.689493071612626e-16
5.791614255219705e-15
1.938074741714622e-14
6.736015684952009e-11
1.2351149542794946e-17
1.1210321780777062e-10
1.796322306662385e-15
1.860045341435677e-12
1.0200156944150133e-17
2.068985765163832e-15
2.3465252100161912e-17
1.0937035797903893e-13
3.835916957384297e-16
6.7005977553214934e-18
3.4432460763297742e-18
1.2900442886995837e-16
1.6781371691114938e-18
1.0789788003998398e-14
7.247002304747647e-14
1.224411560881902e-18
