8.840095888450931e-13
5.430631123598554e-16
2.6881941957768926e-11
1.0495139649274497e-13
1.480833833681373e-17
7.146001877626286e-15
1.7359277314683315e-16
7.405744892310396e-18
1.8241422633863098e-16
4.5542627344824165e-19
5.050498564637577e-14
7.397380455590348e-15
1.2415331281143496e-15
4.2786360761732033e-19
9.652530909623005e-13
1.0260268267296215e-15
1.5989695614422028e-13
4.369875575905371e-17
1.1257022867094266e-16
1.9676593662628775e-12
1.1860352694400832e-13
4.27147352007551e-11
8.818012522960394e-14
2.1680566876967828e-14
9.359002376037316e-18
3.265416977551586e-19
1.7319895328379917e-14
5.0157118474300336e-18
1.0446879858183958e-15
1.5423073353990085e-13
7.284561837187931e-14
9.173610291854932e-16
2.536768189152672e-16
1.4030658191325466e-19
1.0056341634476597e-14
5.854287193656364e-13
4.189950395442975e-13
2.0359178283694233e-12
8.10504548013032e-19
4.0117696761558483e-16
5.310726856578856e-17
2.379585063414165e-13
1.339706154875231e-9
1.7660090561346208e-16
1.00701881755507e-17
1.5022634974979116e-16
1.3843073028684755e-16
2.750565867217297e-15
2.691394248024746e-20
1.5702534899203922e-18
1.0533705654755521e-11
2.8983653566183924e-18
1.5675070432894137e-14
6.977850785512517e-17
1.0802076521305e-15
6.437836442593707e-19
2.906722216544914e-13
2.047681030913976e-19
1.7996360461026346e-13
4.752782347436879e-17
1.407709552909473e-16
1.5905384521728463e-14
7.989944600697503e-15
5.310324465006295e-15
1.1202231656981766e-13
5.645999623595031e-16
4.6814532622466447e-17
6.691312581247568e-19
1.898908722321337e-14
9.654476767687993e-16
4.4890784276910154e-15
1.1426336476386894e-14
1.037471024564107e-14
7.983973182315463e-13
3.16704113003357e-15
7.239296387389906e-17
2.147588100317152e-15
2.2249254385216082e-13
1.151693141883134e-17
9.28620301094993e-16
2.4175909343969495e-15
1.6322431929454388e-14
6.820816286525284e-17
7.142643864949958e-15
5.639236940733915e-16
1.4072776724619349e-11
6.879463898229266e-16
1.7190210691880494e-16
2.664768151800961e-16
1.7429178725314238e-13
1.5914011031032115e-11
4.386261959710019e-17
1.9026145778645417e-14
2.9242249922813145e-19
9.305210357128745e-12
3.5090335813459944e-14
6.199564543629481e-15
7.765506132857764e-16
2.0976147006516328e-15
3.247973319076321e-14
3.633617021358116e-13
2.3523756796914816e-17
5.832957071642942e-14
8.425072368908534e-16
1.580516295707132e-15
2.4691048408233183e-17
3.405910231520284e-16
2.202302881835134e-13
3.5804525750812593e-17
5.751776692187318e-16
1.188638046704616e-17
4.422792696281907e-17
6.481254909005649e-14
1.6205111339573854e-17
1.6676005033455537e-17
3.3068602779176486e-14
9.6617267465795e-15
3.6607494894767914e-15
2.4714844723567284e-16
7.579696151748178e-15
3.1912651836569864e-18
3.615901739755053e-14
7.17283353195066e-14
2.2940564726400897e-16
5.484756907012077e-15
1.8285876626417524e-16
4.4154544355833e-21
5.28548630435004e-17
2.648614712963296e-13
2.5253964559445306e-15
4.629587854500803e-16
3.8735815812305775e-17
6.837985136725464e-16
9.026045542383935e-17
6.234785063463173e-18
1.217089522818776e-15
7.327173623896544e-18
6.238555254709898e-16
1.7618631013320844e-16
1.1805357631247402e-14
2.580102570875872e-16
2.459522188674601e-15
2.4997836612625067e-17
1.924297508941441e-16
1.3353897905210089e-14
1.6978987175390544e-14
6.280182297933826e-14
2.4319692553147744e-17
5.277062975945107e-16
3.314336114457271e-13
6.740028014608049e-18
4.362569558368494e-17
3.8903298800705315e-17
5.4627769552930975e-21
7.546958139065095e-18
4.073377775328869e-16
1.5779960518228427e-14
5.729385734026158e-19
3.0554286149639815e-16
2.131880227816913e-15
4.6360019639676175e-21
6.928222479446341e-15
1.603618869836758e-14
3.05865335528548e-13
4.4007255403442417e-13
1.665334882336943e-17
2.883480993303126e-19
1.5217340766685551e-16
1.4925795915354912e-18
6.900192874480742e-17
4.607878065676931e-19
3.30338193138328e-19
4.352144233337636e-17
3.906666392626008e-16
4.2057380200077175e-13
1.950983316333288e-17
1.1023239024746999e-16
1.8981581401195553e-17
5.467984191522379e-18
2.8467223529330196e-13
2.1878509635666472e-14
1.5398722099654425e-17
2.823176425683907e-15
9.124142907208541e-11
5.409762552431178e-15
3.7489219721824523e-16
6.2558550829970135e-15
1.3921157069694583e-17
1.7403990698620896e-17
9.058560804594896e-19
5.653736027955375e-15
3.972110134055641e-18
2.1791468749402344e-15
4.536261864797784e-17
2.2337733476792585e-20
1.0566603071784288e-16
5.895418890950341e-15
3.945783583061784e-16
8.654349368983031e-21
9.05449814142425e-16
5.333627540857585e-17
2.0565487519089854e-17
1.2135983796407153e-17
8.325452885477637e-19
2.9718992691056236e-15
5.11478494523316e-18
6.0073112568253785e-18
4.744600365962495e-13
2.8750325962482554e-18
2.0028858412292374e-13
1.05211671288882e-15
9.957968210035573e-18
9.902645573839724e-17
6.884067176565906e-17
6.114067790272172e-17
7.607510421632007e-20
4.636379505467297e-14
3.067059247517927e-16
2.641573169447598e-16
1.6203633140275217e-14
6.775444618446068e-14
2.4853241200729728e-15
2.9365502806633267e-19
6.087605560888997e-19
4.444759807888926e-19
2.782913538396894e-16
5.582924250335742e-14
1.6528102212810873e-12
2.738930760655595e-16
4.7628201508915e-15
2.85686304392204e-18
1.0321318542434326e-15
9.098511396581435e-18
6.1209120139011956e-15
3.031643429868215e-17
3.630068132008738e-16
1.175545674283539e-14
1.0061051554918053e-10
5.474015040545203e-15
3.170464239111056e-16
5.408204591046236e-14
9.047529624389267e-19
4.575753018924729e-16
7.257960873164755e-17
2.3687648000310745e-19
1.8497779543126173e-16
3.968101659241315e-15
7.44294554068311e-19
9.489336015067306e-17
1.7963010141484049e-12
1.6434904267983953e-15
1.496076377180579e-14
9.929134053460762e-18
4.00961789976708e-14
3.9556889883181566e-16
4.422238557259226e-18
4.872338959333112e-16
5.39692266865197e-18
2.7983447870015357e-19
1.4811346474060603e-14
1.614302273305801e-18
1.8880097115940478e-12
4.693193001901926e-16
1.588884759717431e-14
2.8778725411299113e-16
3.8010402215752863e-20
9.713924374861324e-20
2.270361972918058e-16
1.2141428987641128e-14
2.8245196602679606e-20
1.6857695694602815e-15
2.730114702974516e-16
7.164025941314392e-16
5.335732679792025e-15
1.1563633288817688e-19
9.055396498258735e-16
4.157177819643043e-21
2.0845059272606255e-16
5.023434475415517e-14
4.727715070447614e-18
3.4615742184106796e-15
2.473501986579717e-16
4.2721829717616725e-16
8.651970763443449e-16
1.138489304713971e-15
3.8402600093654437e-16
5.557463751396843e-17
6.842727678924986e-16
1.839828931786243e-16
3.584537977529925e-18
5.168660260771615e-16
2.092266868891954e-17
2.7683245695098e-16
4.972909159020133e-17
2.304910020555314e-19
4.5462434729428254e-20
9.2291945624823e-21
2.6664779989921716e-18
1.1014570100208114e-18
8.284738932615865e-15
1.3164534113664233e-17
6.206842088414249e-17
1.232153065092695e-16
4.1708788767918384e-11
4.859565507160652e-14
8.963189939132667e-18
3.1008741581605327e-18
5.203228280343616e-11
1.3031680945538226e-14
3.2489947308645007e-15
3.782672706018525e-17
8.312714980058365e-20
8.310714921031795e-19
2.76511797763178e-21
1.2232919150028765e-14
1.3716478375765507e-19
8.221422416278921e-16
6.083736985430713e-17
4.8158642514416454e-12
7.284136837299524e-17
1.1723584126393948e-18
1.0423868497323533e-13
2.563561927300435e-18
1.021051575267868e-14
9.687455865603361e-14
1.4193192686925803e-14
1.8832073178150986e-16
5.994345482206442e-19
3.7638802107235157e-13
2.5481105994839213e-20
1.2815957056190747e-16
9.9630690761875e-17
6.968451021193121e-16
7.939190928216627e-13
3.953133473831194e-16
8.414032342772763e-17
7.4879704858329525e-16
3.5805602018379333e-17
1.9385714973058621e-19
1.0044595754420907e-15
1.2084848102239401e-16
6.9992463194608575e-19
4.4700462831536466e-17
7.687701199159611e-14
2.989328964851181e-19
1.9092539574637962e-13
1.0882108111981634e-15
6.359789652805473e-12
2.413144754298239e-14
9.79578981151207e-15
1.703252897187335e-17
4.126156520838952e-17
8.554057849205064e-18
4.441171048063746e-11
1.6465543965382968e-17
1.3836475245201356e-17
1.5887252664248788e-18
2.065118952913046e-18
2.4515705884805958e-14
4.3435704446713256e-18
1.4377894831059706e-19
3.0103603124137923e-18
9.951152883676033e-20
8.187503706339458e-16
2.058320898039043e-19
1.91206813529289e-14
1.139249741015671e-17
1.5122259472782356e-17
1.324984624841176e-18
2.5711881197387904e-13
4.1224063461597177e-16
5.25526887142507e-17
1.3585069581210199e-14
6.018122149690857e-15
5.6331706263365855e-18
1.1133388448245763e-20
8.376810520695704e-18
3.1333481939963365e-17
1.214380068526066e-14
5.812255024482068e-14
3.6004599349371694e-17
2.5142627257036765e-14
3.0737593787350736e-18
3.3154374532409125e-15
5.841751284163024e-17
2.065265307941701e-17
6.229796495534916e-17
5.350646271899324e-18
1.0213404075083554e-12
2.210145616685337e-10
3.3157590991421887e-16
1.9880507939914612e-19
1.571745946309532e-14
7.460700511780245e-14
2.263515335981395e-15
5.354866689829939e-18
3.7996621429573455e-18
2.7704646614197465e-15
5.994586440801098e-18
4.837973158307561e-15
2.3022743688205818e-18
3.248829449445143e-20
8.015599065686844e-15
6.8627474952993824e-18
5.282716295893016e-18
3.8002798163232914e-20
2.212682130696684e-19
1.3161410553109818e-19
5.226742046675731e-16
4.47540151381278e-14
1.868281506017496e-15
8.005148430127906e-18
9.194494027040863e-18
3.9760106698137986e-17
9.542739998593404e-12
6.177379030100183e-17
1.6196540231652358e-17
7.595583998883124e-16
4.7692227878739465e-17
3.499075654371523e-16
2.7980401650679028e-18
4.781750407528635e-19
3.761190899916326e-21
2.648863201155163e-14
1.2928970989873246e-13
3.2313526005930193e-15
2.6639899983075618e-15
1.0399929939229962e-17
1.3539054750921654e-14
1.52500465218897e-17
2.518681101231884e-18
1.5905185689879483e-16
4.3795102438115096e-16
4.952269040378463e-19
2.6759188491374776e-20
7.310118734927284e-17
1.9025758712667574e-13
2.282198026339885e-19
2.34513680167227e-16
4.7758370879745867e-20
1.1915894462497443e-16
5.661780259945225e-20
1.7052616054255994e-14
3.0458662223163376e-20
2.466090281195213e-16
1.6672558292731536e-12
1.696013726661357e-8
5.525311616761878e-17
2.125240100555203e-18
2.2397011766507115e-17
2.2022994844756976e-13
1.1504961818725608e-18
2.392715802362229e-18
1.7799109990039203e-15
6.774712011586553e-14
2.5246405897744725e-20
1.25334883276496e-13
1.5017068427244465e-13
1.4427257879368837e-19
6.012257225979004e-19
1.4802743582356406e-12
3.6351804108400783e-19
1.2222343598607467e-16
1.3531996749525082e-14
2.173575822764167e-12
1.6574212984732108e-20
5.333487858013337e-11
1.6543342050148844e-18
3.361211445252229e-12
3.4014402057458504e-16
5.018370086687508e-16
2.4371767906959063e-17
1.2952073880266432e-15
1.4886428387275543e-17
1.3029908471477687e-18
3.075835577065994e-14
2.0284131171894837e-14
7.033761372172282e-20
6.712912608389151e-14
2.5857568553942853e-18
5.0695093818694496e-15
2.6806100117902684e-18
3.8741567623017672e-19
2.296143148633617e-17
1.1831399286523473e-14
9.338995192076386e-18
6.218594966592278e-17
2.662723874810229e-18
4.343060865917424e-12
4.7591318382063584e-15
5.668770584096202e-16
1.1818064672528644e-16
8.158912984816473e-17
1.0893060818093772e-18
2.4392926015562485e-14
1.1310953252990674e-17
1.4634086360610149e-8
1.4840098227462944e-14
6.348851315553295e-17
2.828110937339072e-15
7.246265370649535e-19
1.2364626511957484e-18
5.002110936295946e-18
4.82127494719242e-18
2.6254716903214704e-15
8.709515131672536e-18
8.305967871176422e-17
7.705903536874891e-21
2.579986282678033e-15
2.5911470427176014e-13
9.366843687662861e-16
4.247447519354561e-21
8.859263268666955e-19
5.529206418917224e-13
7.090992549779832e-18
1.993107233325535e-15
9.17338741087133e-12
3.438208377874714e-20
1.2623721901703159e-18
1.647239574668991e-14
1.8737179498409396e-13
7.168171236648436e-18
3.2633135996149475e-18
3.5392401101372106e-18
9.405300984183282e-19
1.0517866347985271e-17
1.678686753357853e-14
4.3608771192907234e-17
8.218988111340669e-14
2.2849736725067114e-17
6.445940274547371e-15
3.591456634281459e-16
2.1675563972872664e-18
1.6565444879653726e-17
1.7718542763932958e-18
3.831402865899792e-18
7.604660859722878e-17
3.112401413318641e-19
5.561360275542286e-15
1.7931172608287435e-18
2.4437380766636174e-19
9.031732892128024e-16
2.2098700870345273e-12
2.4121746604213434e-17
2.084640937276344e-21
7.270690744982628e-19
6.932556412624693e-16
7.009861582391195e-20
5.484849369522609e-19
2.281092617810931e-14
1.743268687508089e-9
3.004063024266444e-18
9.536609485792464e-13
5.010313651217643e-16
9.46751858032477e-18
1.2406565970629892e-15
1.3117921912698399e-14
1.053980004161362e-15
3.725779403107059e-20
1.0395433362701478e-15
9.046679332502284e-19
5.719515981789334e-10
1.807288538431258e-17
3.8285794075954444e-19
2.2845987093343e-16
7.792947390530212e-16
6.7972415429368525e-18
7.365129163055005e-14
1.0840596131938678e-18
5.244807304073716e-13
6.333754630892695e-14
1.029796049978792e-16
1.1006920464710233e-18
6.424722285100706e-13
4.111055343559618e-18
4.063718552007807e-16
4.627630313520561e-14
1.5634354873436175e-19
4.599278259449639e-13
3.512256397427113e-14
3.410694740710084e-15
4.343506414524118e-17
1.711109657299262e-18
2.2974477545921975e-15
8.707099989984715e-13
6.8451272443405856e-18
3.9856273886957725e-18
1.1069987386575301e-13
2.515675712606349e-19
4.061126466684617e-12
1.2269879218109344e-17
2.695409257721878e-14
9.497445799844693e-18
1.8692587929448357e-18
1.4624590532196492e-14
6.237095360123056e-19
1.1452606194047213e-18
9.695631244492609e-21
3.90687794369107e-15
5.3343404859937646e-17
2.012024714839649e-19
3.72868551982669e-19
1.85463579074788e-18
3.0821177346367033e-18
9.948851804670658e-19
8.675920912466592e-17
5.713049603202988e-13
1.4529058292403448e-17
6.628116448331641e-18
2.247106734519e-17
1.1317779104047123e-14
8.450904157852693e-15
5.142015782423672e-19
5.982309884308686e-19
1.2321144969314284e-13
6.307715649739699e-17
2.1424928331596716e-17
1.0020554841773761e-19
3.020564878015386e-17
5.731987414178543e-16
9.001075313435656e-22
1.7880536424438479e-16
1.5966340036689763e-19
1.2486684271817054e-15
1.8407049605705788e-15
8.854158277030963e-16
1.9322265189486598e-13
2.1092268578171855e-17
3.876318941222896e-19
1.2423035542348455e-16
2.30700670540539e-17
1.002393751982276e-17
5.050379442017122e-16
6.288948738172188e-17
5.6800449346545115e-14
9.117356815012529e-20
7.984308626887253e-17
7.181004139624613e-14
1.5135100333970007e-13
4.37854406388791e-13
6.18648978748913e-19
5.04258947954154e-16
1.9127779208976127e-16
2.4581913441424403e-18
6.163606165060841e-16
1.0357562772339524e-18
8.276671941440907e-17
1.0594018612840673e-18
1.0634459975527826e-15
5.071878983219212e-15
5.97630039054526e-16
5.0104148725034254e-11
7.202824707937058e-13
2.2488315969815312e-13
5.594628545581476e-18
1.4319026911020493e-19
1.0021981655307804e-17
1.0050075097274594e-14
1.4216724197664086e-16
1.1685475298992038e-15
8.286782172907336e-18
3.6683347119984926e-19
3.1901122029985523e-15
1.1696788812353184e-12
1.2481933795945018e-19
2.1077183419909407e-17
4.8425822510204305e-15
1.8968354436743002e-15
4.733381963689321e-18
1.6793402076051273e-13
6.85434550126414e-14
6.062690110651791e-19
2.196947465791126e-18
1.9878861010907952e-16
6.45551381830414e-17
9.714158089279828e-17
7.138239479716865e-18
1.8885728946343323e-14
1.217347447931737e-19
2.9421244353027567e-15
9.747633112030363e-19
1.2455957260032587e-14
1.207614195775641e-13
1.317394093164206e-17
1.3702852446487258e-16
9.643662051550025e-20
2.6035399444834027e-15
1.8581033292733114e-12
1.6887443623213776e-17
1.4219620146387944e-14
6.839331388842024e-20
2.6773398507055367e-19
3.335747435224736e-15
2.392672716223928e-18
6.584488724138555e-18
1.4020070631237631e-14
1.538145204507335e-17
5.399873885256402e-15
1.3200832449987629e-14
4.024645332877141e-14
2.9980824722890536e-12
1.4511235129102524e-18
3.0717551369170027e-19
4.828354199671018e-15
2.742945420857581e-16
9.792854542478158e-12
5.2919311040016973e-17
4.560289763830107e-19
8.529537975826762e-19
3.964889152716469e-14
4.514375397597135e-17
9.813758130516505e-15
1.012429459841981e-15
2.496895082673625e-12
2.4123509509309875e-17
6.982626331295684e-20
2.3345801380640877e-15
9.820494651206913e-15
5.396609092430642e-14
1.0886200660466103e-18
6.921845798457013e-15
8.347852535144328e-15
3.409503529917357e-20
1.3016194191738468e-15
1.1212927463298703e-19
2.2502707888277777e-17
1.2366765004228763e-16
3.439365762828005e-16
9.738601256027294e-17
5.100861175174383e-18
2.1751436249793287e-13
6.3316386136295095e-15
7.943958016673607e-19
2.9458169748700694e-14
1.2281970001447117e-18
2.3054072101007127e-18
2.3391302812960462e-14
1.2802852727862469e-17
1.415145111730376e-16
8.01677323576157e-18
2.273124910864215e-19
1.9979792773297e-18
2.3716984659097595e-18
2.238777038636882e-18
1.2411395470572432e-8
2.5676489763417887e-17
3.4763373188911145e-16
1.7526627665222733e-14
4.047014639210169e-18
5.459779384438828e-18
2.9499117885762416e-18
7.170477598778996e-17
1.5875498367326153e-17
2.127118744305659e-13
3.5989314630225384e-19
1.138149606840701e-15
1.0778296416886027e-20
2.4382744620465306e-17
5.122475792848595e-16
9.862405946976756e-17
1.2037493843098755e-16
1.1941560294786348e-16
5.098780999279833e-18
2.309412304802945e-16
9.723088161594086e-18
3.266202866916941e-15
2.1352164039895508e-18
6.269626876452366e-20
7.620101093846798e-21
1.9838057088756703e-21
4.599378459220988e-15
1.2989599126404618e-20
2.1480758734558652e-16
1.0345400090648163e-15
1.511676035144301e-14
1.9728604853780006e-14
3.3840393283083684e-17
1.8969490376386165e-17
4.803429883737681e-16
8.948343726084226e-16
3.2991862471878502e-18
6.389968675624739e-17
2.4135897349098356e-20
3.0184239025670384e-11
5.5452873989510326e-18
2.270115998575321e-19
1.4553506803034756e-14
5.811515767525655e-19
9.36439221498599e-18
9.110255456764346e-16
1.2706317104743987e-15
4.405467147295148e-15
5.863174578798351e-16
1.9298407739042743e-12
2.0307105148681823e-14
2.4474378087887976e-18
2.3457038142379202e-18
3.1919561146772703e-16
3.007934538656523e-14
5.478508158971677e-18
1.3548613138884367e-15
1.5673320866964493e-17
4.047630875807151e-15
1.8794857877314302e-13
1.5086271627745553e-17
5.999353665493301e-16
1.315158187766976e-17
1.8776282976424283e-20
1.3220069804083999e-16
1.0935955491083724e-20
1.3426379681095647e-17
1.2551946144964846e-18
9.836560745965015e-19
2.263258669179429e-15
2.9695526462458723e-17
4.552593020471925e-18
2.4629611008399194e-15
3.2442432358432463e-13
4.497641049997375e-18
1.4941178789104193e-18
5.422766948017891e-18
7.151990413169631e-19
5.0380741727933166e-18
5.404018912204056e-18
1.830350355539566e-17
4.535430992540095e-16
9.322384598386208e-19
9.558796059796751e-14
1.827579801350088e-17
9.44699037776872e-18
4.464608539452359e-11
6.505926306038295e-19
2.4063751324150237e-17
3.4511721038614773e-15
1.4661647770430947e-17
3.0913077061731555e-17
2.0287478349643486e-18
5.288244223653944e-15
2.855647896220698e-17
5.730207639374873e-16
2.8490254230697648e-18
1.0847859260009337e-18
6.359940176211841e-17
6.482279141840212e-16
2.267949261668635e-16
2.450950885877257e-18
3.92627510214396e-18
2.2206381986383326e-17
1.7373148436558536e-18
5.4268424795151654e-18
3.1289514262622623e-16
1.369781548416842e-19
2.220695649941006e-15
1.8824838590577122e-15
8.647173232270369e-18
1.6847985929312507e-15
3.840044441332375e-12
1.1230038994568243e-17
5.1705877537114275e-17
4.822395062819073e-19
6.264716877612799e-20
5.94604443804755e-16
2.2573595264343176e-16
1.3824684166839274e-12
8.892757150847533e-18
3.1619411423777736e-16
1.4928197737814238e-19
3.651432338451167e-16
4.613048602686439e-16
8.052105170035171e-18
2.3038594787552783e-13
3.5672321780036934e-15
1.394728670659596e-15
1.7885056258701223e-13
8.655577780734162e-20
5.362299589210359e-21
2.798449996327055e-17
2.55494885930314e-15
3.3736837567492307e-18
6.216692209024056e-15
1.3513220023622385e-15
2.9856348070961576e-16
2.21148731581001e-16
4.831321472559164e-16
3.1319262103921943e-15
5.555259668714137e-15
4.437244244196767e-14
1.213683643969006e-13
4.4012074684223364e-13
4.980108829285107e-18
8.75701560232811e-19
1.89544421891167e-17
9.50462610458646e-15
2.6424141940344265e-16
1.684914941978653e-17
1.8099612902568688e-16
1.636428365290536e-9
3.834731078273314e-15
7.889990308109445e-17
1.3254048931018972e-18
1.1786339222576597e-19
2.2730183456296153e-12
2.0658985315777258e-17
5.257690398690461e-17
3.3948224209580117e-16
1.2471869397949554e-14
1.0605957463370406e-15
1.2803515366252437e-17
3.773491413552632e-14
5.1033133362735305e-14
9.692014740958162e-18
1.6690959517520544e-17
2.6028851858207663e-18
3.0627983591754034e-16
1.5278447459203075e-15
8.464404149163204e-16
2.902295778467083e-11
1.6899351923984918e-11
2.5805979584492494e-16
1.8743317865274073e-18
2.637068988595562e-18
5.0588891521969775e-18
1.3050732826375282e-18
2.1077324224929315e-13
1.3259047479551037e-17
3.1898000654157196e-14
4.8238638832485824e-15
3.790859402876559e-14
2.3435360372504426e-17
7.182933821447889e-15
9.909502474366713e-21
2.1110662219927268e-17
3.0615605256278026e-15
9.332832167880104e-11
1.7063591051921148e-15
3.4351710173341245e-17
6.461705847353281e-17
1.483181771021191e-13
1.4671376146350225e-18
4.664775746203254e-15
2.4646075102884076e-15
8.112499234069536e-15
1.046523690229893e-14
2.432740036456113e-15
1.234345866337473e-12
2.8197053425456617e-13
3.22196832115569e-19
9.311509064202868e-15
3.978342273832187e-13
2.216331642950262e-20
1.918946046098052e-18
7.468821544453605e-16
3.0435643917513646e-11
7.367416453901699e-17
1.7030658415452843e-18
1.6310993751275603e-15
2.6798000666957887e-19
4.760095069007647e-19
5.526242723382677e-16
1.1765927729153689e-13
5.146125182181627e-18
8.385859788684235e-16
1.2492937727448961e-18
2.6346818558085575e-14
5.205500263914389e-18
1.1195641959002636e-12
3.9533937937482684e-13
1.0393604230462307e-12
3.8229042576722176e-19
1.6285877565692094e-17
1.042086391954332e-13
4.81246089811767e-15
7.357069640483525e-15
3.2070014223090207e-19
2.9379161007352907e-19
7.590070786287934e-17
5.742470755125273e-19
7.676433717326741e-19
1.1071841183776846e-16
1.5761541816456084e-15
1.5843704781835966e-16
3.4604811898877587e-18
1.03492336201572e-17
1.1074252005803757e-18
1.922965858681169e-11
4.469093912096281e-16
2.121488081930129e-17
3.783052771437761e-16
2.591303946811592e-15
1.9375398975524284e-15
1.4135025107204427e-15
2.3693222521610976e-16
4.2899462239951807e-19
1.2395968086309053e-19
3.214526770434791e-16
4.5916030128697356e-20
3.924937841891591e-17
4.5687020435341226e-18
7.346611386632141e-17
1.4822003483093955e-20
4.250555192592681e-20
6.221436706212325e-16
1.0492916226216083e-13
4.95461524915566e-19
1.2594129562224818e-12
1.4138065609775083e-16
4.718650691514406e-18
8.238760867903287e-19
8.031049058666194e-19
1.2512995121067627e-12
7.280990013226536e-19
4.371433258510545e-14
5.811278973448545e-18
8.153529310537307e-14
1.5311694590946528e-17
8.127727754093227e-14
5.195490062084183e-16
8.603336313996098e-16
4.5774825555009525e-12
1.2228971997874084e-13
7.814021697604368e-19
2.1528429072875669e-13
8.003537565156269e-17
1.133797062452391e-11
6.54640385763941e-12
6.105352707325472e-12
5.340854108808148e-10
9.524535323372869e-18
2.016257118206307e-12
5.234463152560459e-20
1.5302040240464145e-13
1.1122272507290632e-16
4.297000309628929e-17
4.852430852898999e-20
3.895172621425119e-22
5.914261679290293e-19
1.1337766144845136e-12
4.1984833257016253e-17
3.540203495362909e-12
5.506655427318588e-17
6.854870379981713e-19
1.3036137873054561e-12
4.9351966738897244e-14
5.029843586036707e-16
1.1741541189578963e-11
6.587314691904295e-18
5.79566337274386e-16
2.7394159390000985e-11
2.8869875095679155e-12
1.133522628203029e-16
8.53592876615542e-19
1.2530263681407203e-17
3.485705527150495e-16
5.168024314653692e-14
1.5854982821887249e-15
5.668033242248137e-17
1.2632702021517968e-9
2.4345511728177333e-15
9.604981487412782e-16
1.664286999890559e-17
3.3733972172040814e-16
2.647141589114824e-13
5.104086773061821e-15
5.759138403278491e-19
3.0950899140433323e-18
2.863866018748474e-9
1.5619085573053015e-13
1.4711933546431177e-17
9.082231576489149e-18
4.1285987212271505e-17
7.748446160352883e-22
4.947760950963659e-19
1.7148522400325302e-13
2.688071145023094e-13
2.3366431130001972e-9
7.4390806265465e-19
1.6267842766754638e-17
2.6770560366824866e-15
1.0430736098342716e-18
6.712294306361939e-17
5.9862895440981125e-15
3.0312669091582346e-20
1.7670371719450807e-15
1.6168670106623719e-12
2.3746917389397725e-15
6.408325212300808e-16
8.77710912625674e-13
3.155784454935824e-11
1.8009033957254146e-18
1.3660366696313114e-13
8.181244430537886e-15
5.798002432396583e-19
4.6458061260433975e-15
1.8134305087991268e-15
5.114527979431928e-19
6.417437589382896e-19
2.998377434463815e-12
3.0172855843217805e-12
1.1007693597666204e-17
5.3553858368532325e-18
2.796415326820488e-17
1.2844586720591904e-14
2.1238774603869811e-19
2.169696181439383e-19
1.987212458839351e-19
1.1455210828318237e-14
1.3444120332003049e-11
1.9759232280490044e-17
9.172670080876517e-18
1.604752442876478e-17
1.53586410914031e-17
2.743130081589049e-14
1.6833298295728031e-15
9.973831597555817e-17
1.1107062624172237e-16
3.6547970917728525e-20
8.617951944261426e-14
1.2794117311188834e-17
1.5908775859023452e-17
1.2955015052583545e-17
8.65068109243082e-12
7.779524075703443e-19
1.0502016253917715e-13
1.1783116417163978e-19
3.542814425770139e-17
4.829940933886244e-15
1.2998919326310624e-13
2.975879935693008e-17
6.944246878968679e-13
2.3700393365348198e-17
7.648085911279551e-14
2.8268401453446796e-17
2.0045764478236244e-15
5.2976772882889925e-15
1.0042127278146662e-12
9.012208143594663e-18
6.509260907820263e-16
2.7881906736952766e-17
1.0192555463813889e-12
1.938188062214354e-18
1.9343624020824322e-17
3.126483989471273e-19
9.520114127013266e-12
9.728704817392686e-14
4.595455162558022e-16
6.630632505778044e-16
2.5948134060159803e-12
7.836108096161783e-13
8.16845849718978e-17
1.848780763945276e-15
1.0143563712302559e-12
2.9278184957568748e-15
9.890414346054136e-18
1.7645322726682716e-16
3.869076870859533e-11
1.0699119040052937e-16
1.3262063835957361e-16
8.6676329338052e-14
1.1503005432574712e-13
8.951384718027877e-15
3.903096126588763e-18
3.192480827554945e-13
8.520036511352723e-13
6.836614682026584e-16
3.604974738739959e-13
7.5766163042780125e-19
1.8392316819823908e-14
1.8160246326944288e-20
7.877416219344586e-12
1.5750339644971664e-15
1.0302033319113909e-13
4.277825163733944e-15
2.229727054578795e-11
2.1471338322988045e-11
1.160164010349735e-15
6.658702513856453e-11
3.619913267363925e-15
1.4200109242974368e-14
1.7071821920576816e-17
3.447052989686159e-15
3.932648503015109e-19
4.0157139484669806e-15
9.725195410060443e-14
7.345959629928103e-15
8.373144786206403e-18
1.3960574800414652e-15
1.6436928758449087e-13
1.364427145879552e-14
8.729506960780411e-18
5.887759687968161e-11
1.9193233378902944e-14
3.703234537254333e-17
4.863201778491477e-15
1.0399912136528124e-14
2.428097269889989e-15
6.17991460171389e-16
2.3535385699652033e-12
1.3515591601769524e-19
2.938589376012806e-12
7.590930072519009e-18
1.7513060457924037e-17
8.661246969196704e-14
6.420448659106484e-14
3.8952356706094186e-14
4.283545846047934e-17
9.423660350396104e-12
4.545216819871041e-11
2.1620194069671856e-16
8.581271905077003e-21
1.1563429322803649e-14
4.50443986571514e-16
1.5448989822225218e-14
1.38233314942707e-13
1.099892785703653e-14
2.462097433144653e-15
4.496340023837054e-11
1.218409268157057e-16
7.131866553863858e-16
5.288091840871946e-13
1.116454333862336e-17
6.435580286834724e-17
1.710960838528533e-14
5.331911429070581e-17
1.0074090178874301e-13
4.1025771016425953e-16
2.4994394865721855e-15
4.0500168655797374e-19
5.905984980402615e-16
1.7710998402076347e-13
1.1688782528972425e-14
1.1563701541057367e-14
7.476436404139188e-16
1.1683818628924013e-16
4.561811264647011e-13
6.747329679839761e-15
1.3898051145845819e-12
9.145961895818382e-19
5.916386186638926e-13
4.703949492840803e-18
9.857551829846319e-17
1.1836282087975676e-16
2.2073803185046496e-14
1.5545530383963108e-13
4.574229865011407e-13
1.0674503277786578e-14
1.1039498246786573e-14
4.9761407257314085e-17
9.743924896611596e-16
3.931059365316747e-16
5.9178393459242e-17
1.1005743285725525e-17
2.013509391629316e-18
2.337439439555479e-18
6.822005089209007e-16
4.464291954102981e-17
1.3177098303011226e-12
2.1397178265074042e-12
5.174922080078984e-16
2.24805507750604e-16
5.10224714503534e-15
4.4000394855627226e-16
4.956876784675525e-13
9.170489252711525e-15
6.75098357920466e-19
2.1237292301669956e-16
6.903681299231388e-14
5.071655834703204e-12
1.6666704413135923e-12
3.1658451049274895e-15
3.038162826371779e-16
2.065200884699296e-15
3.5609400253621495e-14
8.280398661150202e-19
1.3058482544468233e-16
4.172382411182938e-15
1.2998839752617607e-13
1.7195650807339033e-16
1.5207463085448798e-12
1.4122985900986864e-16
1.0057161413207798e-16
3.520695094628873e-17
7.262054847158866e-18
1.049264857490302e-15
1.823013304698843e-17
1.948322859636069e-12
9.492292824185807e-17
1.3797147741876644e-14
2.5923728571910436e-12
1.8956267216534593e-14
4.611505639790971e-16
9.330970141378939e-12
1.6460612957948706e-14
5.183742792984473e-17
1.7028248411592096e-15
1.6481798335677188e-17
9.043685773801797e-16
8.547987253134252e-14
1.7701699998351344e-13
7.233005110317338e-10
1.6667646040775868e-13
1.644411338639729e-13
3.780953283343085e-14
2.5754745718200035e-17
1.4843520164018049e-13
1.3021386109955282e-18
2.5946027300509165e-15
1.096733476577814e-12
1.3779801922907596e-13
5.518988311499832e-15
1.8661099140984296e-12
3.406842203820903e-20
1.2571004304528706e-14
2.2341285094171714e-18
2.5971818794848817e-16
1.3545804267868047e-18
5.966556362723929e-17
1.4133230130002316e-18
4.063248252935935e-16
4.931737627924674e-13
1.9570538015363285e-15
2.33069895972927e-16
2.3469689205738424e-15
3.357049789362803e-14
6.060374214244623e-18
8.546775655261106e-16
4.8026690184741516e-17
8.194220381868011e-18
8.543399886131337e-17
5.662643804114415e-18
8.006711736036098e-16
1.1103288533307988e-15
3.1026589521632454e-17
4.500102430465577e-15
1.1863956875445356e-13
1.8819650318811902e-14
4.611766240205594e-18
7.460839660166226e-17
2.8850087085639065e-15
1.1918216681976812e-15
9.535843064994748e-18
3.1399110886630255e-16
1.699234600085456e-15
6.253542774372889e-17
5.096877823257194e-14
2.7398520650531667e-16
7.9284467700967595e-19
7.453828330797456e-18
1.6034250394828655e-16
3.775959683819861e-16
2.8850209157369475e-16
4.1433880471548515e-16
4.512023919401818e-14
1.6732873411904872e-13
3.7060603712148347e-17
3.153419574877454e-14
2.492609487030498e-18
6.117261190196772e-14
1.3270663608204037e-17
7.009747566632984e-16
3.117578437873669e-22
1.2673045662057756e-17
5.12148358082473e-15
2.0592073958776243e-14
9.351128117114012e-19
1.0975126163648371e-14
6.755514970023922e-11
1.7248040321088991e-16
1.2523415430078221e-17
1.7066729415617732e-16
7.772576282115174e-13
9.191184674511681e-18
1.0203876533035474e-19
1.2122471008297038e-15
2.362378772038826e-13
2.5490087081006944e-14
2.456942476616771e-12
1.332008058222598e-15
7.218152240369588e-20
2.2607901512363123e-17
2.3936652467038697e-18
5.442854926022593e-19
3.084266019788989e-17
8.570372640721848e-15
1.564681673136239e-20
2.0913858556304515e-15
4.212058954440825e-13
3.056516019380509e-16
1.4806476164123552e-15
3.331274202337025e-16
2.5298701017284716e-17
1.2717815637953577e-17
9.54768449354417e-17
1.408803944195144e-12
2.0840351220157257e-16
1.5985246507941626e-10
1.0150965943534297e-16
7.705343160749005e-16
8.789033354508327e-17
2.696820596840421e-14
1.2419920250722032e-16
2.8609788571840565e-15
5.756592892436956e-16
3.225502526407301e-17
5.146995744925552e-14
4.148950768258692e-17
1.419077512474446e-13
5.808610161683659e-11
1.218498975132811e-15
1.7827744296641245e-19
1.0944804308395395e-17
6.261743870413688e-19
9.659238320399653e-16
2.0877078093187935e-15
1.0803056997383368e-15
1.2358562634454083e-17
1.5445356890804262e-17
7.56614331310212e-16
4.707414251031228e-18
9.699147882569227e-18
3.8562032575291093e-17
4.515926576376323e-12
1.2991923149849263e-15
1.832960201820998e-17
4.6174644095020656e-18
6.015721563972808e-17
1.9283839567118354e-18
1.1610297025380163e-13
5.729982338660304e-16
4.752988416818671e-16
7.174781919926126e-16
1.4664721195514088e-16
1.9244721190146744e-17
4.2295467857493914e-14
1.2628459029412912e-17
2.1496200490395813e-18
1.5697360331480647e-15
6.907137264779267e-16
3.156514911726052e-13
1.6512129285028027e-16
1.1857679988102792e-13
1.4609912385914403e-14
7.49893217386478e-14
6.305035031374219e-17
1.2815787830273924e-16
1.2591511295162882e-12
3.739504627186433e-17
7.375190627637118e-15
2.5260220133167166e-17
2.461996855187302e-17
6.959759452736276e-19
5.750176762866876e-17
5.942801885609099e-20
9.771994857871269e-20
1.616223720610659e-18
7.132507162260639e-19
6.88443721725073e-17
5.339204160870605e-14
4.672264563384958e-13
5.046743638526231e-18
3.843203140707942e-13
1.472024004399524e-17
2.8322058368015888e-18
1.5629192993810038e-17
1.801451468114819e-16
6.261096070308502e-15
1.3404927383239068e-15
5.966466484644565e-16
5.957126566880801e-15
1.1657306573988367e-16
1.78310955819568e-17
7.758331206023208e-19
9.017113281894802e-13
7.663167145716131e-18
1.6575628201602857e-17
6.131261417476097e-19
9.843601805060643e-18
3.9078331900596025e-18
5.563570095624189e-12
2.9915419032678837e-16
2.3209072507202887e-13
2.6273910352086786e-14
6.534131511909485e-14
5.328850088870569e-16
7.575202895214593e-15
6.564281391395816e-11
6.86705146163053e-17
1.4005298200575519e-14
3.3720865997653075e-16
4.08723984540125e-18
3.173600038499991e-17
3.5414848901037526e-15
5.057649882676083e-17
8.31489019935982e-14
6.083098295751826e-20
1.85397542915649e-16
1.329974855487928e-17
8.382818868333229e-18
3.5719247255394653e-14
7.46586764343808e-16
2.0616241642649133e-12
1.2149914414788777e-14
9.679881550773225e-20
5.641742245616916e-19
5.146742216858732e-13
1.3911670793722458e-15
9.299372455042005e-17
1.978405928061672e-14
4.3227817609588795e-19
9.218208481829167e-14
1.286112419566361e-15
3.262293271507157e-14
1.0222175101400873e-13
6.045306558421469e-16
7.669535289335184e-16
4.8617342725266654e-14
1.2209386823717474e-18
5.806386881920766e-16
3.2882924847504424e-17
5.4341171538435386e-18
2.9391810168013307e-18
1.7406397102323364e-16
1.6027032531546654e-12
2.5732925484208298e-17
5.1253453342426555e-18
9.628654281793542e-15
2.786962073360845e-16
5.845772068214666e-16
6.663866470423837e-15
1.6264671889799394e-14
2.0188458152118643e-18
4.164061782950624e-18
1.9061757594940172e-15
2.3529376650695164e-15
1.9134561764428205e-13
2.701118670731356e-16
1.003284226527368e-20
1.361413867079346e-20
2.856848904925583e-15
1.112974074838167e-15
2.737278256404004e-18
3.458730821368114e-13
2.355324338213101e-18
2.1356627648856834e-18
5.367738929555739e-18
2.078453931469948e-16
4.553697594362942e-14
2.356098384570248e-13
1.4625527308539275e-17
1.5077646843262814e-17
1.681517851974335e-17
7.146168613749404e-18
1.8304693741281234e-20
8.232896486471908e-16
1.2350590279164127e-16
1.894793044990399e-18
3.443366943503982e-19
4.446334680841951e-16
2.7346918071517847e-16
3.2140634925718e-13
1.3442904343924377e-16
8.11970654160788e-19
6.624591909986141e-15
8.437876400565953e-17
4.6052197347354525e-16
6.271283490886501e-19
7.087328598355909e-12
5.445959966978093e-14
2.7442672317050756e-18
4.968962090801806e-19
7.526755297426888e-17
6.703957111385297e-14
1.278352598717525e-15
1.2797985141069591e-18
8.441144536393148e-16
3.8587812307109616e-16
1.701149972559166e-14
4.310104897818009e-18
1.7420216557493355e-19
1.4387265458544552e-12
5.401948935452713e-19
8.398697747590559e-18
3.002355457131061e-18
1.3520724668070804e-17
2.3898957966889276e-18
1.3631354619964799e-15
3.0337643295941048e-19
1.7395024143506283e-16
1.1856695655444356e-18
3.109265908576529e-19
3.6728364912940694e-17
1.7020195025976009e-18
2.8181391561087044e-15
2.5094974689384333e-16
3.4518936508647004e-17
1.6004022891370016e-14
1.4613333305487144e-17
1.672418632852956e-15
4.828919375807737e-18
1.4933958307012885e-13
1.3544587907407677e-15
5.909681908209175e-19
1.8945658442919662e-16
1.3566786863180214e-16
5.173348537357392e-18
3.74634033212221e-19
4.5476909675297225e-21
6.513208025654502e-15
2.1851196404838103e-19
2.134466640518829e-18
8.008048247584421e-16
4.2255181350859365e-12
5.2863710214791505e-17
3.8137006959346356e-15
1.1457095243896196e-11
4.0414308892874824e-20
2.6671965997999846e-18
5.385146803070681e-15
7.623973107536418e-18
4.749295728939247e-14
6.583553688794888e-17
2.824863948118662e-16
2.7910617945941436e-17
1.881475441040774e-15
1.5724286057390484e-17
2.6661700101535733e-11
1.0528852045033488e-16
9.296620047772344e-16
2.1298949897561494e-17
7.389381928496812e-18
9.905458010492501e-17
1.5184103424633855e-15
2.1391241481446624e-16
3.9933166379453653e-19
2.4170135470056054e-16
1.9436006068806066e-18
2.3207729961077162e-21
4.7974273620878354e-17
2.869823819267915e-16
5.531023315456142e-17
7.702039024684665e-16
1.0707990745053177e-20
1.6471519060461157e-18
9.379530347299177e-13
6.690078478410161e-19
1.190465993575479e-14
1.5982575975715494e-15
8.593006301664796e-17
1.3159222418327237e-17
6.469439929850713e-17
3.364600996903203e-17
5.905088661319157e-20
7.290804263258854e-15
3.5464188451063245e-18
5.533085664874929e-17
4.009347450243598e-13
1.22046743137859e-17
4.803114228040785e-16
1.3970943443778123e-14
2.966162882317383e-17
5.310877686873997e-14
5.303439007429257e-16
9.392812663974089e-15
7.006106197401081e-15
1.863562954412617e-17
1.6500046569139578e-13
1.5561325029187315e-16
3.634730833000702e-18
2.0537374885801582e-14
1.6918703760611776e-19
1.0273130322557016e-16
7.340272283490014e-19
2.0418550565256817e-18
9.366213507060994e-12
1.4509158337889391e-19
2.885551068074231e-17
7.681726573192277e-17
2.2123871068236867e-12
4.7344889713068005e-18
6.985511594797309e-13
1.4682494458263121e-15
1.0299285838800222e-16
2.710307104134308e-21
6.2997913286741545e-18
1.7763478548114272e-19
1.9765926666170033e-18
1.7949733262876675e-18
4.466563841223493e-18
3.0604628548845177e-9
1.8980568922963726e-15
5.964308882910755e-18
1.0235901051467523e-17
2.726311028724758e-20
6.224730808896624e-17
3.229150290373562e-20
6.61030770170534e-20
2.4341176692959046e-18
8.910001356756268e-15
9.350462402105998e-19
2.4298088126379863e-12
1.1334068912565789e-15
3.054929201760368e-14
8.076897388220127e-18
1.6299695344581796e-19
3.7060543262345274e-17
8.765294173197508e-16
7.377195393716801e-15
3.350509893045125e-15
1.223669043092107e-19
4.342134759361571e-14
1.8206885491533312e-15
2.16692420855542e-11
1.373749982105484e-16
8.927253094779088e-15
3.5866890913576965e-20
2.765012427930497e-17
6.275453770822966e-16
8.58866677850769e-18
3.162898544064597e-20
1.9203803246187e-17
1.466486012865702e-16
4.539389599977782e-16
1.4619361561721905e-16
4.737710369649166e-16
3.942314082795319e-22
3.6080644159382903e-19
1.0185606479386657e-14
2.189183056121145e-12
7.430427274383298e-17
1.119540635872353e-19
5.18529819425036e-16
1.283248211964612e-17
2.3073882778134746e-17
2.7401679820210405e-16
3.605799304044352e-16
3.686800048537954e-18
2.531692253972583e-13
1.2003310214314293e-10
2.9057654111232325e-18
3.2819931896090535e-19
1.2481751543432288e-17
4.847480360203607e-15
2.085413076839576e-18
1.1691289328634384e-21
1.8700247070437044e-20
8.365014172852473e-13
1.945362888232568e-15
3.06499241622298e-17
4.074972384390022e-17
6.371684168870968e-19
2.6195430177850717e-10
3.389909948411419e-19
1.881452885047657e-17
1.7740479077696266e-20
2.86725066655832e-14
2.299168037481754e-13
3.397117481963222e-17
3.8571338124012344e-19
1.578410353056103e-20
1.8211627192987028e-16
2.580508325996485e-18
5.353054429975312e-13
4.2836589609643126e-18
1.8284027161049885e-18
4.686083152132103e-16
6.136112013493879e-19
1.8866758220911932e-20
1.3614766776750062e-16
2.2162870618239428e-14
1.0397466815722588e-14
4.964866383646435e-15
7.179036016592068e-17
2.8378634124068703e-20
3.503889187049064e-18
3.4689761742997704e-12
8.124959496028938e-14
4.655993021523339e-19
7.43763126363973e-15
3.865128736460316e-18
4.544717398383857e-21
2.5079330273669976e-15
3.742125733431262e-15
7.40909899007943e-17
4.632795906258936e-15
2.021967305549638e-13
8.501696343940571e-16
9.85134848680585e-21
1.5155579025968844e-17
1.0734196237054717e-14
1.4477421460152017e-17
5.1553796224661404e-20
5.828468173461815e-20
1.4405716832991264e-14
8.285807683335746e-20
1.2215351074323858e-15
4.157445114429853e-18
1.6109900163959216e-20
7.29714399970546e-18
9.056564953511553e-13
1.0615844789100098e-15
7.485533371246103e-18
5.220805548844477e-18
6.660686641996492e-13
3.567803560820319e-16
2.058073391047227e-16
1.3848067954381583e-18
9.531606546706403e-16
4.632720814736297e-18
2.618881992190851e-16
2.4190898390424544e-17
8.1391111303719065e-19
9.18218819377123e-15
6.531581417987809e-15
6.146007756992074e-17
1.761164807266774e-14
2.048326146430887e-19
1.9175800599032967e-18
5.391119331586106e-14
4.118764809520309e-14
1.3309406913061004e-20
1.010735232174463e-18
2.5785237372092836e-20
5.2981039611513936e-12
2.2800741258529478e-18
6.611260446191115e-15
6.925869572092273e-17
2.284060931731136e-12
3.098031864429791e-20
1.32367374638885e-19
2.759021344785163e-17
7.590384335564184e-17
2.4006582628191287e-17
3.3789669166649745e-19
1.9395483791019277e-18
1.4651712102007318e-17
3.515255191070574e-13
4.11811803692385e-18
1.668877934191173e-17
1.2302880690977592e-20
6.952854797600715e-19
1.0389495464205294e-11
1.4748744602374992e-12
2.9785527259239966e-14
2.3498169544491973e-16
2.4069605145693506e-17
8.493130383189505e-21
4.6623808937869255e-12
1.4160585977766506e-18
3.2194400247573496e-16
