2.4386930090567012e-6
3.0364903693246865e-6
8.8076306310623e-6
3.74483518495679e-5
8.508054958366478e-7
5.335516352348931e-7
1.5754438608492588e-6
2.1572504355765214e-7
2.4674753053789903e-6
9.553211997582136e-7
1.8921183195171686e-5
5.123712146732826e-8
5.6657072221223225e-6
6.783955839394812e-5
8.536774378252988e-6
2.051801610349169e-6
2.8790565313590956e-7
5.756666867473467e-6
1.118261545015722e-6
3.555881272226584e-6
8.206908427984637e-7
2.7409047746534284e-5
6.684359165974048e-7
1.463445026734155e-5
1.3210749340686224e-5
2.22146600983888e-5
5.323753028406763e-7
1.6758045923787182e-6
1.0677862404910695e-6
0.0006009453766962368
7.012551866656072e-7
2.963403976246431e-6
2.2985134639631158e-6
6.15127060084601e-8
1.2309662801944616e-6
4.5351550295548506e-8
2.5622411244106734e-5
1.2867887367081843e-6
4.840967058072001e-6
1.5326869600172688e-6
1.1990584034035768e-6
2.410956891069527e-8
0.0007340596733973199
8.625779316286275e-5
1.3875238617106177e-5
6.460086826719772e-6
3.3420652109604364e-7
4.77239381509733e-7
0.0015580205696601676
3.3347514595690595e-5
3.3940741434572183e-7
1.1206093740909021e-6
0.00014559819675443448
8.032793522542485e-6
5.843479468712364e-6
2.9535364447092368e-8
9.264262079882699e-7
6.807037341974814e-6
8.6552239249867e-5
8.241995365343086e-6
2.791431727697571e-6
4.1104382070784126e-8
5.145086023097378e-7
9.604993839218802e-8
1.958616249113581e-6
2.8081502407763374e-6
6.363464503576762e-7
1.5301141318043684e-6
9.545842549839714e-6
1.0256802158436605e-7
1.3613200989974626e-5
1.036041530698072e-5
2.1395429660056157e-8
1.1793990318442342e-5
1.8626053552139568e-5
2.860252378163505e-7
0.0002059617093645487
5.6434966192437345e-6
4.074662931272053e-6
1.333901271671542e-6
1.2705181210658035e-7
0.00014268269687573733
1.2425880485456682e-6
1.9475421824500934e-8
1.4155251402031878e-5
3.668408049822075e-6
2.7568805260162344e-7
6.3436392618996216e-6
2.228796110726885e-5
1.0530630632655505e-7
1.8320522670461386e-5
2.9336765817052892e-6
2.0931305137552436e-5
1.6471241749760332e-5
1.9948935880313332e-6
6.34797556199342e-6
9.05580681921452e-5
7.424165648781372e-7
2.4159378342293078e-6
8.00511096979543e-8
1.570587030502369e-7
2.2558908821249695e-8
4.7068193831080266e-5
1.6394272574500283e-5
6.9841525517557706e-6
0.00021976056727220393
8.02444118088842e-6
6.777460851731248e-7
5.078903724593401e-6
1.977901394278338e-6
9.591825975120902e-6
5.3014136022998564e-8
1.4851658375864793e-6
2.154785077118758e-5
7.505027471666931e-8
6.247392390086484e-6
6.159808731459189e-6
2.2420254636395588e-7
9.211762893064793e-8
2.9961580561189244e-6
4.682253247699441e-8
1.6063226974914844e-5
0.0003473455553895575
3.169493229871948e-8
3.519610263170494e-8
2.7513110978904156e-6
2.775420926899106e-6
1.5806444194116723e-8
5.315719458403517e-5
1.409977711688145e-6
5.120896993938401e-8
4.242714816171686e-6
3.896926309368447e-6
1.9325027116765514e-6
1.5530533611147266e-7
2.0951372932325424e-6
3.874369826394265e-6
5.019744848067555e-5
6.437028304986559e-7
1.2550212647130718e-6
1.7127314762765797e-6
7.328350627963428e-6
1.721733206190546e-5
6.310878594659896e-5
1.953924193982696e-5
1.1181210031798763e-6
3.604864317086361e-5
8.377217679689347e-7
8.657554455673662e-7
1.1149707830825267e-5
2.4770909962238853e-7
1.9353541875250504e-6
1.6487978457246406e-6
9.655589981193279e-6
0.00023969609979330878
3.072583940693988e-5
6.631681852122838e-8
1.397491147948572e-7
2.04412223748828e-6
7.815954810625958e-5
7.69853527310065e-8
1.593989225713242e-6
1.391798542906736e-5
5.129982352016955e-6
1.3966265400300572e-6
5.363688254860231e-5
2.4194740721933745e-6
0.000100831801641847
1.2488713231320776e-5
8.115279956446464e-5
5.186460997796853e-7
1.3999319882868082e-6
7.540811049883141e-6
3.6880668017528805e-5
0.00012032734548823156
1.320346800795209e-7
2.034337786123527e-5
1.333543525545511e-6
0.00011754968273548655
1.0811603277952025e-6
5.928482568787855e-5
5.591764548502694e-7
1.6886868736109642e-6
8.301588463321217e-5
2.336421731901194e-6
1.9902056771339718e-5
1.3746469944061342e-6
1.4856974199430503e-5
2.377739555140791e-6
1.3692806415295732e-6
7.451125496754357e-5
7.938806301956062e-7
2.619213916621678e-6
5.055348513940175e-6
3.856853432925173e-8
5.1323775743251086e-5
1.9762088018905961e-7
2.0959166124357856e-6
2.457825933157265e-6
7.481154278798899e-5
4.104487046466514e-8
2.9447028508651073e-6
2.071451303829494e-6
1.4693716786448902e-8
3.291200638842105e-5
2.2175497843461863e-6
7.328915784898568e-8
3.378755295579245e-6
7.77702408191766e-6
4.477007180909833e-7
8.838376755306172e-6
2.4120474597867973e-6
2.958204098513599e-7
5.582497142653923e-5
2.4341255792145e-7
0.00011813249734516813
6.039895025963263e-6
4.0513422070375524e-7
9.101091524403589e-7
1.6453199366607818e-7
0.0003494331680194752
3.5636013143619473e-6
3.0168933272506717e-6
2.3835490087559978e-8
1.9538575362066543e-7
6.9226068872716135e-6
2.649796085889345e-5
3.6570763570789297e-6
3.7993394365126737e-5
8.369563438736661e-8
5.502996111979638e-6
3.5585654158736756e-6
2.8788478899323947e-5
3.176643109175861e-5
4.641312233654195e-6
1.556193430022776e-7
2.2547690814385297e-6
7.423610143787216e-7
2.2406601953733457e-5
2.7876253379751536e-5
1.0005544997688275e-7
2.3924208556135617e-7
0.000455058295182923
9.389963097962205e-6
9.40466574004065e-6
5.9947090772643075e-6
4.647618980775361e-5
1.7007479785500315e-7
1.529540112928218e-5
5.5533514703142186e-5
5.902100980542861e-5
5.463360059194174e-7
4.2606189198802247e-5
9.878113163486045e-7
1.6306705187981008e-6
2.7003143723938738e-5
8.165759145036749e-5
8.837674051690911e-6
2.0624297329469654e-7
4.2663133783177845e-7
5.06780600351705e-5
0.00013735452160816333
2.891791669216875e-7
5.795244729422283e-7
6.258186739203461e-6
1.2724886864901226e-7
3.0981113198429326e-6
9.364874878754483e-7
1.1758897354396614e-5
3.2040934995006335e-7
1.1984768759959737e-7
4.332329672651679e-7
3.8273525335590925e-7
5.2416225896381537e-8
0.00010999386543608989
3.677020343021072e-5
6.573857359790408e-8
1.634572334721722e-5
7.148329902678863e-7
2.4667950230838807e-5
8.895904964835421e-5
1.7230729965119327e-7
1.1904799452900254e-6
3.101881898045659e-6
4.789616435656155e-6
0.0015964421099423107
1.7889510364073028e-7
8.11249991049884e-6
1.2999962380035915e-5
2.4697909016366752e-8
4.553821808337091e-6
9.351470993277487e-8
1.9052576365269517e-5
4.510399996892579e-6
5.569949441146255e-6
4.9855258132928426e-5
1.1686864882838778e-5
1.1005933346078852e-5
1.6640942079780282e-6
9.9978179946853e-8
1.2840074695327422e-5
3.4442615814967307e-6
1.3277962753612743e-6
8.882356694482721e-6
4.286796423910333e-8
1.1104270575796545e-6
1.6305618947113761e-6
8.146072801362185e-7
1.5856684746040572e-6
7.705917604244021e-6
1.466693632890205e-6
2.2291933024068542e-5
2.298349178678144e-6
9.275808032682415e-7
3.5050737526213726e-7
2.7991834790922634e-5
0.00010538616735161066
0.0006275853967220417
3.804920054854431e-7
9.68805432670901e-6
3.896149088263017e-6
2.7751713549059388e-6
9.599713645643006e-7
1.5327287508676003e-5
1.5022774806740293e-5
2.5797210776533218e-5
1.2990075876149533e-5
2.951685076703833e-7
2.714134788526174e-5
8.885791593440501e-6
8.844570323254861e-8
4.506670112830456e-6
1.5730005037157139e-6
7.701300955960754e-5
1.6211750523186838e-6
1.8710841781704622e-5
6.868331696285887e-5
1.0013963257917582e-7
4.083368649200787e-6
2.7981146953854605e-6
7.803747506913254e-6
5.049974133515274e-8
1.8637844751752878e-7
2.447217103131952e-7
9.024592555487215e-6
4.429266303577956e-7
6.724210467861352e-6
1.0958093204387382e-6
0.0003404112987456138
4.927606210848519e-8
3.861560397660887e-7
8.372201869332787e-6
3.4462170862627096e-5
2.0066995402972813e-5
5.172980455692487e-7
5.926657884457156e-5
8.28930205051149e-7
4.0000240139188674e-7
2.018990912421335e-7
4.799556194815486e-5
1.744848375606235e-6
1.1232109731209118e-6
1.54580197820558e-5
0.005912638520452773
3.5070209368636007e-6
7.750561306447063e-8
2.2728109287214544e-8
8.965500680417256e-7
1.612661897423329e-5
2.4239223441506367e-6
1.2541047733684724e-5
1.56410737345217e-6
1.1359773047765728e-6
6.584535034236078e-6
2.513162864074558e-6
2.3167538294658305e-5
2.7776218506330823e-5
1.4441548768562094e-8
2.98089927727165e-7
1.9072885273631087e-5
3.34718323043143e-5
1.0015614456153212e-5
4.452847152797098e-6
9.655565555268535e-8
1.3208264278844583e-7
1.8699193193152679e-7
2.01213376595219e-7
5.33709667742745e-7
1.6116676743430448e-6
1.3286687792908327e-5
0.0015854958543672242
1.0972806593198904e-5
2.3043225387760224e-8
7.072242279028516e-6
6.590423940285186e-6
1.1479968627969734e-7
2.8671151064679167e-6
5.056453757590888e-7
1.67730913506025e-7
6.646371594354858e-7
6.746478866951213e-6
2.7568458955893106e-6
7.784850491555713e-8
2.2534626120594818e-7
1.9830863435228233e-6
1.0135789201843293e-6
6.129325464237334e-7
4.164168712662383e-5
1.9751403357009907e-5
3.6051630762662356e-8
4.458880836296577e-7
3.267631541807138e-7
2.192150163816594e-8
2.4024667524898162e-5
1.1417429449402496e-5
2.330950056813994e-5
1.559483470206499e-7
1.4781282161554625e-6
3.172939322115504e-5
0.00011213356502492337
4.466287287895188e-6
7.504588106466023e-6
0.00016763918048887528
2.2914557876533223e-6
1.195301229868367e-5
3.995718728611555e-8
8.563943299473866e-6
6.319563192849731e-7
3.94928464815112e-6
9.53510105655539e-6
5.28529083616661e-7
2.2833698415676222e-7
3.2853816102167743e-6
9.335759011854964e-8
4.3410253284746676e-8
2.8789269819216393e-5
3.3500920633004502e-6
