2.268473745078351e-7
2.322151609436055e-8
3.7450678986869005e-14
2.923246801117636e-15
5.25089049062682e-11
6.894255076751588e-13
2.452100047360731e-11
3.7143792119617127e-11
6.763002102973107e-15
4.5626480879097804e-10
2.7723137863612337e-17
1.2852625000193595e-9
1.5709480499403244e-15
6.7479445607312865e-12
1.5469512085373795e-14
1.2054704561532132e-8
2.586721308899442e-8
7.101127813772655e-14
6.754485580084928e-11
4.708697102941622e-14
4.8525336449548875e-12
3.6962100985575475e-15
1.1090807310156573e-13
4.703860602388362e-12
1.030359810864744e-12
5.109929401036209e-17
3.4896696821248633e-17
7.806044908164994e-16
3.975020604828721e-14
1.3248929041648765e-15
3.6184833691044106e-16
1.4284277498821203e-9
8.572603076820006e-14
4.3089906321526445e-16
1.043060276198731e-12
1.4664388236621834e-15
1.0687694811632484e-10
9.674746170905207e-15
3.221786178415528e-15
6.354451757948681e-14
3.530282069220566e-16
1.0132964601602364e-13
1.9301460957810853e-14
2.1227966656089623e-18
8.933933261918386e-9
1.2480220086068544e-9
7.232229236991094e-17
1.7868989856651146e-10
8.92445960674808e-19
6.293798143907506e-14
3.746107417326635e-15
6.441630275602788e-17
5.139430233924687e-16
5.0107321995083924e-17
2.8075565149381987e-10
7.83711464398202e-15
1.899498051390906e-15
1.5548013570809138e-14
1.8680797255884547e-13
4.321348916781051e-12
1.2322264969295816e-11
8.976144819681998e-11
2.3391444428638865e-15
2.8367098526658202e-14
2.7738223371865766e-11
1.1448359284140202e-15
3.702069414736686e-10
1.876180612173194e-8
2.221786768152545e-15
1.2192855328565854e-15
3.1070807394351583e-10
1.1552682663795446e-15
1.7231076612202658e-11
4.1144825776250475e-11
2.502471269294341e-9
1.0430442494072834e-7
5.456228839702878e-15
1.2861448537669012e-16
1.1442343255384452e-9
4.62151487746698e-14
5.3957618309228546e-12
5.475816790756205e-13
2.526953545879825e-13
9.771548121517403e-9
2.296288346738654e-12
1.4701173291306308e-14
3.4442483603939075e-16
7.954119828797015e-16
2.563368667740332e-14
2.6968415471311837e-17
3.9492217660335163e-13
1.874592189437369e-10
3.49007646187335e-14
2.7207413888179896e-10
2.477053709838167e-13
8.338873780318015e-13
1.25649966435429e-15
1.275096088723378e-9
5.375876460367465e-13
2.0404760381439713e-10
2.239809000141125e-16
4.221164891264196e-14
5.586704059006992e-10
1.1216680690331e-9
1.0152104885157411e-14
6.134063899756695e-12
1.1834448111602297e-16
7.540054120315137e-14
6.364931071443691e-19
1.4483736758447624e-16
5.992131447751521e-13
1.4293815407490795e-14
1.5045753356417766e-16
4.179651740752211e-12
1.3190905881661433e-16
5.951473352113044e-16
9.466937988081222e-17
7.840964010312655e-15
9.048786447796587e-10
3.9305832194580245e-17
5.210869357326773e-13
4.687238376012928e-13
3.110243759125825e-14
2.5208478176575473e-14
1.7530334566410014e-11
8.610432749062759e-16
5.363033446300515e-8
1.2690303131603998e-12
5.391215270794608e-11
1.7552098825164643e-16
8.115145706507417e-19
4.0634575305736343e-14
3.34944761549503e-15
5.2352174352199404e-11
9.815112294378866e-11
2.1770987624131375e-13
2.233137020944786e-16
8.743818146788221e-9
3.343220966450216e-13
4.273906951791418e-14
3.569510131235812e-11
2.7499196885804557e-13
6.026131953897942e-16
1.710835988678157e-12
1.6563314945795998e-11
7.94573741711e-15
8.007062225432999e-13
8.424126216243727e-13
1.7618292243086994e-17
1.4595900478749715e-15
9.943501981002889e-15
6.571083773930777e-14
1.9398745888505548e-15
4.767505657920301e-15
4.576195575591203e-12
2.1661574267577534e-10
9.80645282111312e-15
1.09874784760335e-14
2.907138188458958e-16
3.413679959095614e-12
2.8767185711510896e-16
1.229797674528016e-10
3.330934980481276e-13
1.0167522300687918e-15
2.7454524289678963e-18
1.1956142560440418e-16
9.897183480352599e-15
2.339104240839358e-11
7.934403898923465e-15
1.8803880604485234e-9
1.1639034980786758e-12
9.375604944172039e-16
7.052387889175239e-15
1.3571460130397848e-11
1.78899660101303e-11
4.079362073625857e-15
2.2803537951590574e-16
7.029304321817466e-13
3.066675313868601e-8
8.65300725962699e-16
7.630925593521554e-16
4.681122805938887e-15
3.7652357389461975e-17
4.87251407522161e-10
3.5040088971564786e-16
6.069859849711087e-15
1.2123330155695613e-11
3.577909001089378e-15
2.825742175371609e-14
4.9518812579797e-13
2.431586277529835e-18
2.2435334831844774e-12
1.8145692990016073e-13
4.0872905265916556e-15
8.716036270094022e-18
5.845813237720491e-17
5.627998640753177e-13
2.100524582742932e-14
8.715267686500603e-17
4.010498713224866e-13
7.557926900081478e-14
3.264890075004776e-10
6.03165563892297e-12
8.391578613130427e-15
8.343944546498896e-12
5.930703146425393e-12
3.4241117262319265e-17
3.606956665502918e-14
2.9595109101372626e-16
3.150452900643666e-10
2.4801958714214457e-10
2.7783066967522193e-17
1.0729703658236683e-16
1.879983781652759e-15
4.116653889723727e-14
1.3555724344483163e-16
6.643717026691421e-15
1.376215733265651e-14
4.687454616494042e-6
4.2415913493883935e-12
2.7600840126959644e-14
8.661155462235491e-18
3.7347194115483705e-18
1.3249020793211846e-14
6.377200338591811e-18
6.231809292220105e-14
2.180316818635649e-16
8.153289933237308e-16
9.312861233421087e-15
2.487861166708673e-16
5.981915831364334e-14
3.058083840534897e-17
3.297122973714171e-17
3.7163397843682708e-9
2.2813007405224053e-17
2.464027484770677e-15
4.547088110386123e-13
1.57887834783668e-14
6.320341801429295e-11
1.055424352587633e-8
2.9172305658788184e-15
1.0048491637405104e-13
2.5031809178790994e-17
1.0282887029357204e-9
4.4211736778208e-13
2.6627970633095095e-13
2.1008341922176346e-15
3.5341643667886686e-15
1.6942704098093673e-17
2.737111566255708e-13
5.335849522676518e-14
3.2241903882623843e-15
7.536772706174289e-15
2.628836118196493e-9
8.263909633788477e-11
5.2436206521287506e-11
2.3247263649833534e-17
1.3598814439157041e-14
7.019723818334844e-15
7.138665600143493e-11
7.306388071353154e-10
5.1155476472445596e-17
1.1602394653950968e-12
8.274680343842463e-15
1.392183458000617e-15
1.0164333059582088e-7
5.585833771054921e-17
1.1653101449479077e-8
1.9240739764759606e-14
3.2922690536732723e-12
4.446665545815037e-14
1.1102440889185253e-8
4.518277469232657e-10
3.3459776441764465e-16
1.7411533661199596e-14
3.905780000103649e-14
9.000807235302752e-18
8.434316676026901e-15
1.2079140846043278e-10
1.2545053762482217e-14
1.3995902242007351e-14
1.5712124698085114e-12
1.2739088865586185e-18
1.2323128388488406e-13
1.1386237182658084e-14
5.082074948921025e-18
1.0528504956655497e-12
3.258472580560227e-12
7.317027627623876e-15
5.326275023346334e-16
2.37444942590676e-15
1.327982898394737e-15
9.721514846630343e-16
9.38362399375242e-18
1.0202891793021002e-16
1.2036316775004743e-10
1.2944408108959107e-14
3.101069489337662e-14
1.6003708751697485e-13
6.577289208219586e-17
1.6387432579227647e-16
4.670810633464828e-13
1.310886027649291e-13
4.988578060192659e-11
1.15302573346139e-12
7.997026901744228e-14
3.592429696766528e-18
1.1325962110924317e-11
8.296979575827157e-13
2.3797468945127918e-11
2.4843600999247894e-14
4.756177001816244e-10
5.950355020346017e-14
4.305214242646208e-12
1.1143511769245433e-13
1.6646671754125485e-14
4.2301647117498244e-7
5.785666989260722e-15
6.118972361993917e-13
2.1282638157203753e-14
2.7759277635581665e-12
1.0437704458224089e-14
1.5988222177667977e-11
7.93270507417518e-14
6.808755348770787e-16
3.809725617058662e-11
2.193146931883393e-18
8.880891283709774e-19
5.670536735183323e-6
3.273068763938689e-17
6.00846805381327e-15
5.042060729773605e-10
7.963691595831315e-13
2.192289412500257e-16
5.291111175431671e-9
5.457324243756403e-15
4.1486609382932334e-12
2.513196565926849e-13
7.99749849163261e-14
7.912539568958714e-16
1.0519384149553177e-15
3.8384901364876455e-15
1.2826182087052538e-11
6.44853978985118e-15
2.959532808996891e-17
9.370953258297973e-16
6.096862755831466e-12
2.79157243239824e-14
1.4856871824696349e-12
6.501638781622342e-15
4.707861533477994e-17
2.031678928664364e-16
5.593736251391369e-16
1.9516393746531362e-10
1.2742904883936442e-13
1.4816746153098436e-13
3.09582634335379e-6
5.921167112080163e-16
1.435974674002493e-13
2.1139401590735217e-15
1.8889890510055765e-13
8.187646230953879e-14
1.482358731648811e-11
2.2139527011161686e-12
1.4722857124031406e-12
4.813008957924391e-15
2.082326334115168e-16
5.9885785511451284e-12
9.043723489324778e-12
2.224469827020749e-12
1.0486815251498666e-10
1.4197794404582643e-8
6.763650086829967e-13
3.011473478347428e-13
4.265001431219608e-12
1.4487612890337805e-15
1.2727520796454202e-10
1.265067965116195e-15
7.254869704424124e-14
1.0792052281298292e-11
9.198330339885407e-11
2.5400748244364817e-11
2.010501489695608e-16
1.0231800995138612e-13
2.1611935539887086e-12
2.4471037101045485e-15
8.345628944529021e-13
2.602494291245854e-16
5.090391464060269e-12
3.419793799941952e-16
9.69145664202667e-10
1.1387737640967552e-16
9.585258132361221e-14
1.4042302403078272e-11
9.683522901184706e-15
1.6933889702374646e-13
1.1808361658495157e-17
5.228374776214511e-15
2.0434759719767136e-12
1.1136542451593234e-9
3.2391475525648146e-12
6.663188314568863e-12
2.2533697080919274e-17
8.221178352798468e-14
8.359288549611816e-14
3.8423488190124356e-12
2.2904725627636707e-15
2.344637355758171e-17
9.321424685453025e-14
2.0718341547433568e-15
2.3878995967079513e-12
5.0611700868459025e-11
8.540938707770841e-16
1.434225445944661e-15
1.8460974849592765e-13
7.293413219518712e-17
9.76489791195153e-15
1.1555088582264256e-12
7.617330266513195e-14
1.3109249611204347e-13
2.2833046625115196e-10
5.977288174884269e-12
2.8617279941972817e-10
2.790489133517422e-13
1.0395604846714778e-10
6.752732867231527e-9
1.0943439640435044e-16
6.966833150259176e-18
6.574904178751277e-16
8.706993056305879e-14
8.995278409043541e-16
2.0454463430798065e-17
1.2754662491851588e-14
1.2281188571984186e-15
3.086329001695423e-16
5.601840117718417e-12
1.2819978776229297e-17
1.9322832489864852e-14
4.642674576197843e-16
4.17215916267212e-10
1.1748706709344028e-13
1.1570575272891397e-12
9.36130397638875e-10
2.0405104656580406e-15
9.158805466957069e-14
1.7347073617520456e-10
1.0879937577694676e-12
1.0647836405315947e-15
1.1897332225095744e-14
3.636354030249971e-12
1.555961695976023e-16
3.587799527550544e-12
9.327666129295446e-12
2.0624099664115006e-19
9.82109286299916e-13
5.4169174926642045e-18
6.965876051214244e-17
6.512111580828631e-15
9.087598836880413e-12
2.2512119053471505e-16
2.179299091900064e-16
1.2871065070414213e-15
4.121840612919493e-14
3.456923922554158e-14
1.3393135793829478e-16
4.6359309542033517e-17
1.494988989187583e-11
3.838388836180538e-14
1.5732703538187374e-15
5.934809617216335e-12
5.064452271888107e-14
2.0068367960181176e-14
1.0996804745613648e-11
4.973728838043667e-16
2.8194865782853754e-14
9.879474430564214e-11
1.7139899353221223e-12
3.5171711848665585e-10
1.4397631757949895e-15
4.149972512402415e-17
6.958574590087629e-15
1.0016200862781308e-12
4.2300848066834275e-13
5.817610299867172e-10
3.828990790144061e-13
2.915847153366131e-14
4.43195109334032e-11
1.2905223905323009e-8
5.714688071586484e-16
2.410659755621098e-13
2.245077246866411e-6
1.429014747207497e-16
7.799711603771844e-14
6.75806432306212e-13
5.671043398676021e-16
3.2079299439610036e-17
9.644651312039664e-14
7.796206997221729e-14
3.2189975185674266e-10
8.620208357053448e-11
5.98175645192704e-14
2.7378593620349938e-17
1.5569842035559603e-12
4.869773296234036e-11
1.6457758000575356e-13
8.429240893086941e-16
3.641680124297817e-15
1.7431514924257328e-14
3.795776123627687e-17
7.994091030411048e-13
4.4143875797619895e-11
2.2185720604228987e-17
7.289013438706163e-14
1.682976147104857e-14
2.5643396300857024e-14
3.210713188111999e-16
6.703154085428574e-14
1.9629025970454887e-15
1.6100225401920218e-10
4.516918024048377e-11
1.7065544953206097e-14
3.658442591614733e-17
2.7403206277789207e-12
1.7679489523510548e-14
2.243618734382333e-14
3.673751868692585e-14
1.9110263542108558e-17
2.8445056297885297e-18
2.917371642162473e-14
5.450794733047855e-12
1.6789372058656096e-14
1.461295199739075e-12
7.445923548022551e-9
5.840492252722979e-16
3.610765787875698e-11
1.4391015386569336e-14
5.937219310208049e-14
6.027971518341498e-13
4.8815106093732564e-11
5.953025836766341e-12
1.9519885665061316e-14
1.317006024173788e-13
2.5041075618589064e-14
1.1653430524933771e-13
3.706540606428162e-11
1.0211128527967494e-10
2.6840098312043613e-10
2.356555811241946e-15
7.1700543020189334e-9
2.5843840955682028e-15
1.0193432279024798e-16
4.70725349528155e-13
4.440779941154577e-12
2.9989933464668974e-14
1.2535945154880127e-10
7.55056467533684e-17
4.369361467027514e-15
1.033605645992281e-15
2.777079551626123e-13
5.355332528422666e-15
7.932758901678152e-12
9.759466151888117e-13
1.0186060385067447e-16
1.500611358192132e-8
3.017143531205068e-11
1.546854112513321e-16
1.6150696380427614e-15
1.9107319810203423e-12
2.6484610767273753e-16
1.0231656760478788e-12
2.678760167460866e-13
3.613873526361736e-11
1.3261081203670216e-12
6.484049089078659e-19
1.6987491885762913e-13
1.904423131927997e-13
2.303816696439426e-10
4.9317101293117983e-14
2.6083197696691886e-14
7.222425760530247e-18
5.9865736496798754e-15
3.670673654750963e-12
1.9066354109867496e-11
2.327001812302572e-12
6.882598570820935e-14
9.329044250882672e-15
2.2771169755569327e-13
7.108234401492523e-14
6.904177959747487e-13
1.59214687445569e-14
6.312727830851443e-14
5.216493519234808e-13
6.224673103331677e-9
5.55294630641463e-13
3.307781041885088e-13
1.3907637640143964e-10
3.559126341313699e-13
6.626794845991108e-14
1.47632403751982e-12
3.863750424575248e-12
6.059653922141957e-11
1.026730243649541e-14
6.986265061956784e-16
9.490625093911368e-10
8.14288965853403e-13
6.528867723276198e-14
6.582933940642383e-13
8.188765994816695e-16
2.236121405304628e-10
1.1353035429315063e-13
1.1150798464890433e-7
3.6341899121955616e-13
1.9714861305045185e-8
9.421698139718922e-8
3.3546497792057335e-17
2.3147624168733937e-11
2.833842069963567e-14
1.6601543432479412e-12
2.3417818527788317e-12
6.080326003798201e-12
5.28514585042093e-15
2.0714326011106827e-16
2.2592710576709146e-14
1.2580448495194999e-14
3.0082227874973365e-14
2.016998282887338e-16
1.6235848130768845e-16
2.1646872501484177e-12
3.433387990563319e-16
3.5331792257809777e-19
4.354740724758402e-15
4.170249981558728e-12
1.1834752588243296e-15
2.917953822328842e-14
3.4327167150785294e-13
2.442183393078218e-10
9.408326141485863e-15
5.04747241322146e-15
1.906568776808004e-14
5.0748966714485984e-14
1.2352908423544006e-11
5.007579954158485e-14
2.688079042831199e-7
2.7895939160259578e-14
1.4388963249114565e-15
8.57081533566299e-10
5.214322689102799e-16
5.62372125829377e-18
4.882520390875233e-15
7.395248236909368e-14
1.547208247985549e-14
8.069278363313493e-16
3.1227734474898006e-15
1.275688240284378e-8
5.830532083795944e-10
3.8457268465454815e-12
4.071432872426622e-14
3.4298673278477033e-13
2.4502180971191773e-12
1.1610636967474168e-12
4.119526869038929e-17
5.389168674582504e-10
9.954771940533383e-11
6.974799218372481e-15
1.2270108750399857e-14
2.9773490880628544e-14
6.350541051939172e-16
2.2562912835028718e-14
5.211868342936609e-10
6.447194215669819e-14
1.4624747996682645e-15
8.080137054694829e-18
4.423809750913895e-17
