1.1248299319837559e-10
3.6044198072931707e-7
1.2998973109483261e-12
1.7872569076834059e-10
9.306022147421022e-9
2.4651415808408125e-10
6.738936524175243e-7
7.894851840978081e-8
4.2468009452213145e-6
9.494464171806022e-7
6.830588266557225e-7
2.692569265002462e-10
3.0203480536772607e-5
2.0400097812440152e-13
6.452893859628877e-9
0.00019260965329219367
6.431769772243434e-11
3.055812186704744e-7
6.032270831484375e-7
1.8051483714565332e-10
2.1489372174278319e-13
1.7458798147324652e-8
3.4455345958975537e-12
4.400922071575623e-7
6.811522250879713e-5
3.3070809674020743e-7
7.78652424270357e-11
8.686492411934072e-13
4.3623167037486697e-13
1.577805078743824e-10
6.649464660631604e-14
1.1170420545751493e-13
4.3819781812732716e-12
1.9852553594583788e-5
6.2683542660936945e-9
3.983565439398166e-15
1.1999417520213249e-11
1.986865421837329e-11
6.308689816718854e-12
2.2635979354161032e-7
2.6363081841042535e-10
1.3608387285998999e-7
6.989291832751518e-10
1.1426365947288328e-14
1.4354995982055544e-14
1.6753685066415266e-8
2.8966886458108627e-10
2.3827928750909736e-9
5.325517001361972e-12
2.186975750318128e-12
2.8462496336343405e-10
2.1499670334821056e-13
7.920952795893595e-6
6.414197000568638e-13
1.871400940842906e-8
3.750939519171062e-5
8.741511487679024e-9
2.1555351011387413e-12
1.1305637854481665e-6
1.7944905594728334e-13
7.04313694895598e-10
0.017378943448167986
3.493183176145616e-10
8.411921422038256e-12
4.928253882059372e-15
1.4647218393142596e-12
1.096423406873157e-12
7.398865885082672e-7
6.160816614986193e-12
7.440814883551423e-7
6.389018429620178e-14
5.5635127751768837e-11
8.065637679700113e-14
4.367648612729992e-6
1.747163980242235e-11
7.888583879985681e-11
7.833012261360275e-5
4.4287855288648355e-7
6.682723138126201e-10
6.96020556171596e-11
7.263282013478318e-12
9.320455678803241e-13
1.0746984585869898e-9
2.8930034374452577e-13
1.5794088428830976e-11
1.484384726841237e-11
1.4957130487310055e-14
6.446738762514903e-7
8.593355813607927e-11
5.899686658660986e-9
1.1505243906217977e-9
7.723874625421341e-10
1.1566245536806516e-13
8.612152917721813e-13
8.72675253023859e-13
5.892959552464184e-10
7.0543547282449295e-15
1.2484384095901649e-11
3.0585814811815857e-10
4.582276548037932e-14
3.666344838293375e-11
1.6516470758676838e-8
5.511825594430899e-10
9.186172529613344e-15
4.16886692832565e-9
9.528361475055e-10
7.031531793645904e-12
6.288741663294595e-10
4.26953096654871e-11
2.6445012105659563e-13
1.3668668173400745e-9
9.898861445077971e-14
2.907668184098504e-14
4.0352309252605356e-11
2.4255313576746135e-14
7.450741848422346e-7
7.439339986453942e-10
1.472480372391221e-11
3.728282763562512e-11
1.214090789838973e-7
1.2590438415857592e-10
5.257592685911806e-6
9.197953248213798e-11
5.823188013865514e-14
3.816738730385607e-15
1.9040135727158274e-10
5.336177379238176e-8
3.3646348255953034e-12
1.2966638584371578e-10
3.3761351078303124e-12
3.0672036544079547e-8
1.255030553192146e-8
7.456662493459341e-7
6.475304657711144e-11
4.1578374614946116e-10
1.8148005707922298e-9
3.371743719240887e-14
6.184981410041792e-14
9.973844505965092e-10
5.525048919443721e-13
3.1819377085862837e-10
1.251590463427379e-6
5.6191322135080206e-14
5.480328760602895e-11
8.193571866948942e-13
5.441909049833791e-11
5.52251859014157e-11
4.545557482474773e-14
5.044071338964697e-13
1.9512594640288344e-13
6.933430797444212e-9
2.7740507260750964e-12
5.662497229469509e-8
3.835440193757018e-8
2.9754139894171455e-10
3.903853458095969e-10
1.4860732692173156e-13
1.8749547127346568e-10
3.2617331677511217e-12
2.4113760998385723e-11
5.0453370066002946e-14
9.946779520481363e-9
1.2453233288248564e-12
1.0525310056590017e-11
1.4382054345615695e-12
1.4996497117267131e-10
2.6407398748635918e-12
4.120713671373982e-11
1.2811296387421593e-13
1.8670246762051815e-11
2.5235625584241544e-13
7.18354576161411e-12
5.452023859786354e-15
3.39068899863004e-8
4.736754238938216e-15
3.5550190678683417e-9
2.168739906588922e-12
1.2125101679234826e-10
7.847816248163571e-8
3.888507694342403e-10
9.123008815098541e-8
4.3411080201120473e-10
2.4702924377792235e-10
4.229847362937683e-11
7.770214810162264e-13
7.782143607372918e-9
3.997507440109444e-5
2.2534388874969083e-8
3.010586782170139e-13
1.6532369666921715e-8
3.171292199888108e-11
8.021594258626888e-9
8.131603274345258e-12
9.793944154690162e-10
9.200762992985167e-10
2.738684213562974e-7
1.4784701747255044e-11
2.5161935264056313e-10
6.802784942895046e-13
7.320699517179568e-6
4.4607128569937276e-12
6.948554053846223e-5
8.863214585437939e-8
3.358525453409925e-12
4.727987227947738e-7
1.2301463150350125e-5
3.163818164940304e-12
1.4111833135237636e-10
2.5735724040057466e-7
3.0916849933327645e-8
6.659191598480039e-6
5.351036842078908e-6
1.1188517138068315e-11
6.692725777369012e-11
9.365020662794541e-13
3.343227117089713e-8
8.817144892026064e-9
2.802263476752535e-6
2.2441517285609766e-7
1.669218065253963e-8
9.888183872197229e-11
2.6013298075718163e-12
3.2294802094890356e-14
4.23109459603288e-7
9.297531093237055e-10
5.470367501641005e-10
4.756954309748271e-12
5.966590304263614e-13
4.7464840041826595e-6
1.1151062907901563e-11
1.3010126543254239e-5
1.1784138863598428e-11
8.927424792248716e-14
4.6992943223545104e-14
5.400913364342118e-14
1.2213240975761436e-13
5.864701809974518e-11
2.5347311643197646e-7
4.312765112952247e-9
1.1732576336594447e-9
5.696309990906099e-10
1.5432281979394602e-12
1.9661732535346786e-12
2.7085073783970025e-11
1.2971852562041272e-7
5.185569466829614e-10
1.1511076082783413e-7
1.501038751407538e-10
1.0092825256227935e-12
6.040122919325041e-14
3.5673164949938526e-9
5.96303054965397e-10
2.4171423109818983e-12
1.1254473928208516e-9
1.6919090748472124e-5
4.997381307655272e-9
4.2967674201083656e-8
0.0014992376221202718
3.5511046548750883e-9
7.903915527549785e-9
2.985735013626411e-8
2.5033061936979155e-5
5.5408090720644055e-8
4.0859415421992746e-8
2.4976079638311417e-5
2.0898781121874703e-9
4.366330589475291e-8
2.2289360898350512e-10
2.0608436944115777e-6
4.062756787641688e-11
8.025760362930878e-11
8.257744295457332e-10
2.1250474985339028e-10
1.5361391052419973e-12
4.557021988677025e-6
2.0118198131253874e-13
1.3843862600017273e-9
3.792162055637122e-9
6.922685063934463e-10
1.112332775283542e-9
9.108486125687976e-7
3.792645828455768e-10
1.0558928544615142e-10
1.0956212516812884e-13
4.504023337301959e-10
7.761375594093426e-12
7.903150110863123e-8
2.2008503805110154e-12
1.6759197085704093e-10
3.1564516511764844e-12
4.142327193764758e-9
8.568285088024892e-10
3.298475509616651e-13
1.0953600683911786e-6
1.2710417217828496e-10
2.95950340339905e-9
2.2324819767962843e-11
4.0538157798215396e-13
2.503677840401552e-9
1.9724527138581284e-11
2.5256371203158814e-10
2.3315190932636597e-10
1.6020128377344587e-8
7.706828972919118e-8
1.2965760262723902e-13
4.0621091383903786e-13
1.0438501388345656e-12
9.995255493241844e-8
4.788304399787084e-10
3.1262307404508155e-8
6.097786196334688e-10
1.2034152466510832e-13
9.158238917980781e-6
4.6129614525723495e-9
6.593508864769491e-7
4.45751497619568e-14
1.280803411442846e-15
2.112789667650821e-10
2.051776005550493e-8
4.5028019682838024e-12
6.588790909603664e-8
2.186668263946097e-14
8.233410739499676e-6
7.387402695862502e-12
2.800321592813833e-9
1.1770441210190977e-9
1.6609760194506664e-6
7.80905851038435e-5
1.5866235908033708e-13
4.69397012416129e-11
8.605356422606829e-7
1.625931889842038e-7
1.8279442817464793e-13
4.4930748498797945e-10
4.048875560549689e-6
3.238470220769027e-11
1.5151482003011679e-10
2.3355209657887283e-6
5.956883678408084e-7
9.806919665915096e-11
1.1272310807112704e-12
2.0168940912492407e-10
8.34667087296931e-12
1.971637479455665e-8
1.1366502264017493e-10
8.991938407764289e-7
2.9745255413347234e-12
4.990046714276554e-8
4.74480376619838e-9
1.9323424637672313e-11
2.451877819588367e-13
2.053199894418776e-11
1.6471946214359023e-7
5.190467872709885e-12
2.223865877245909e-10
7.609673371374397e-13
5.780041053714437e-6
6.973219846670504e-5
5.242586772460159e-9
3.3737531145754406e-9
2.0598168234374982e-10
2.0509996229894498e-9
3.314970879090467e-9
1.4682831841627607e-5
1.4437928518817366e-6
9.360276058046966e-5
7.948672751546884e-11
3.6235245308752187e-9
2.488380043638839e-5
4.82201812785063e-10
5.088508039144612e-7
1.7851609989585903e-8
5.029340966067585e-10
7.704219047069873e-6
5.51187868084421e-7
4.440235079037751e-8
3.9044944011890504e-7
6.307664387618377e-11
8.453108643315777e-8
1.0745301858365846e-7
2.888749885696652e-7
7.364944242833648e-15
6.764283758815638e-8
3.323940552234172e-12
4.922395966624465e-10
9.047626400759118e-10
1.65473837145755e-6
0.00014256953879162625
1.1090091723458674e-7
1.0635963190413229e-6
1.5384664138586649e-9
1.2998494304544706e-12
2.8409170371512063e-11
8.060570267308301e-5
1.5819292460912367e-11
1.4267456634359717e-11
1.1299241792066922e-5
5.372868534209048e-9
5.3948433325715496e-11
2.1035113880570574e-10
8.962241399045469e-6
5.796968289158903e-9
1.8125184439540316e-12
4.0918376845191786e-8
4.647071616084712e-14
6.739105945972694e-13
1.0269835123940569e-13
6.757281217040183e-15
3.1962538582584785e-10
4.506383267900737e-9
1.0721355365988209e-13
2.4950815420427326e-11
1.7381658844953677e-9
3.2397663413041346e-13
6.781760496862824e-12
3.214491442821682e-9
7.947442353157398e-12
5.8623963590981645e-12
2.746314274792366e-12
6.021087044344389e-9
2.4632966792876047e-10
3.2670586891617746e-8
1.791653436877118e-13
3.4982853327366005e-9
9.769242653636758e-6
5.733608286074677e-7
1.6685635985729887e-5
5.379557854025071e-8
1.4990245274388303e-7
9.046894844938793e-7
2.8429980789544276e-11
1.0415682463395299e-6
3.8956544234028235e-9
1.0904117140347787e-11
1.0774340240664029e-14
1.388680626189758e-9
1.6405808592295394e-9
2.450523808572688e-8
9.792949923354949e-6
7.05391966978776e-12
1.0550623826560603e-8
9.231935427322176e-10
3.267655186161186e-13
1.6610948482494341e-12
3.979625082860264e-10
3.851095170617551e-9
2.986674633209827e-9
5.1824600616121103e-14
9.29588217198153e-7
1.6334555766726691e-9
1.0791816859308916e-9
3.1635216619440674e-9
1.2737178320484093e-12
4.76433957514467e-10
3.118141914060371e-8
1.030862944273055e-9
1.426943965938436e-9
1.7567462386994656e-8
1.6712634899282661e-10
5.7314375506327507e-8
7.298267669915894e-12
2.627076076823543e-10
1.0291101448779596e-10
6.495503108237415e-8
8.731280222500057e-6
5.8098835962705475e-9
6.589953872354749e-5
1.5541295371999238e-9
5.4381781420111345e-9
1.7453594034998728e-7
4.149908223452395e-12
1.5354602945641153e-12
1.038137712276451e-8
3.325445872049371e-10
6.348669088008188e-12
2.0841787410861116e-9
1.1572605777704886e-6
1.0942540363633643e-8
5.04409993370868e-8
9.025838653149225e-12
1.6884449873840415e-12
3.5886923178809537e-6
3.801660285399943e-7
7.794528931799962e-13
2.773230222779187e-6
7.708209124561061e-15
1.7237388845164754e-13
6.797131503322078e-11
4.758670443300264e-10
4.202817165102144e-11
2.4924464562936698e-11
2.3481808358789317e-9
1.6455341083776582e-10
1.7147198609448468e-5
2.90440977588144e-12
2.2470636357238459e-13
6.510824684636307e-8
1.6100458915263642e-11
6.865826914953185e-10
1.9070892588938933e-12
1.6579566579222764e-6
1.0853645492022677e-8
1.993042294461715e-10
1.0315977129590857e-7
8.969448001620892e-10
1.553090278661377e-12
4.837298012406737e-11
6.166928923529827e-9
6.722167998423236e-8
9.469810763305555e-12
3.51031332921212e-8
0.0002006944714865298
2.7237116351940686e-8
2.7685721203066135e-9
2.1159567366440339e-10
7.311381307292581e-9
2.9016822434058425e-8
2.3809617208176065e-8
1.7077075103989052e-6
7.71827172250487e-14
1.8558139211246163e-8
1.5575756313700485e-10
6.575346039695804e-5
3.0697149699024354e-9
2.1067502513988252e-5
1.9461239053431387e-11
2.9424757578795515e-9
1.6293084806486232e-9
4.314528299655644e-8
1.4490586725221436e-12
4.391071240702163e-7
8.398465008151538e-11
2.0091256380960305e-9
6.279214176213835e-11
1.4915709232795754e-13
0.0005199549852593662
1.262736523215444e-10
1.3594727879008612e-12
2.3147615487568427e-11
1.0709841263382023e-5
4.900940018051716e-14
3.3854054400045573e-7
4.9571467443178155e-15
9.441667696817898e-11
9.895062609927927e-12
3.362945695211626e-10
3.1000317022644966e-10
7.642976798945364e-14
4.144972631442192e-9
3.2587973441984966e-10
3.649600249666675e-6
5.469317282858761e-9
9.234821188527362e-13
3.848690048355481e-9
8.16097995063074e-8
5.209190397720396e-13
1.4184411486736801e-5
7.1820494834494256e-12
1.941545815981432e-6
2.1727183887034817e-10
1.7022699176407978e-8
1.8466834826978256e-6
5.188988097588951e-11
4.562086639568373e-9
1.0597913958466734e-6
2.7664534333482383e-5
1.3035054562027018e-8
7.24401974567509e-9
1.8956650157173195e-7
5.9109796677697424e-12
1.1339034416520895e-8
4.72819219619218e-13
1.4666577155310468e-14
9.962358972103713e-11
8.895006393648445e-10
6.9221523629710825e-9
2.537076972539163e-12
1.4681084674230604e-8
2.5888296896304303e-8
9.526671048106946e-15
9.146814327465943e-6
9.285646147412703e-9
1.2629140148413758e-9
4.556367530825743e-8
5.369667123040651e-12
2.0539031783031274e-15
7.272816425029011e-13
1.3472030033989874e-6
4.150210521154301e-10
1.8546483225718817e-8
1.394866760106933e-10
3.930024456660762e-5
2.534080130043883e-9
1.2237515145840424e-9
4.707970715870209e-13
4.725331371933837e-6
9.749441047961755e-9
6.809892212292627e-5
3.153132422433632e-7
9.997739994044804e-9
1.0794365591510833e-11
9.275888484584597e-6
5.062407439091076e-10
1.3505699603008024e-9
7.56936800323015e-12
8.695005691751699e-13
3.5710351726022894e-7
6.373992170622896e-12
4.8354041090339464e-11
2.7564377705122087e-11
5.089247709148563e-10
7.431929025070559e-13
6.324029356791512e-12
1.9823037913689634e-9
9.536749401247504e-13
4.74489497256087e-11
5.224134619269977e-9
1.2039536901288744e-8
2.6150922379854677e-5
3.532010527588937e-11
4.932667603138572e-10
7.617602037715612e-10
3.919753892815475e-10
1.1774432155290006e-6
2.5161901082513133e-14
6.371966991168192e-9
3.191091499758379e-10
7.28451195289008e-12
8.682417340811456e-13
1.0039395251202279e-7
9.592557380190652e-8
1.4615491508115323e-8
1.5308403611199145e-10
3.0939967954657684e-6
9.082742135398284e-5
1.6693872640943486e-7
1.1785809572387884e-9
2.7375207583579673e-12
1.4127541129660472e-5
2.6168841142534357e-8
5.628243386043946e-14
1.6750683216277453e-8
7.191152061173232e-6
6.2301187844992e-5
1.082022894769745e-5
8.123445995144964e-10
5.690773915137112e-8
5.876131872947817e-11
4.793593481514875e-13
5.0071894023474234e-8
5.670297099614472e-10
5.795585965541654e-12
6.975264905347821e-10
4.0444755275781014e-12
1.2810715765405364e-10
1.9061371744887198e-10
5.039038507931794e-7
0.0017989952870376942
3.0326926370617247e-12
6.344361777581111e-12
1.891935523338917e-11
1.7253835632133984e-9
3.7785163631035993e-13
2.6860731148338855e-9
2.466995088525387e-11
1.7624538965912628e-13
1.2224190846039254e-12
5.580559367852807e-8
2.204772220760884e-11
2.142681767630837e-14
0.00019711945422471055
8.728012142846612e-8
6.070962264014945e-11
3.374510176621303e-7
1.1376732666988984e-12
1.9706630849689493e-6
1.1502632618481948e-7
4.40598077435037e-13
0.000968104457325738
1.9505005032733245e-7
7.113395044816979e-12
1.4232593970127291e-7
2.1911868940092896e-10
2.8944529252039942e-11
2.5483757540629517e-12
1.0311107560939849e-11
3.419650519474832e-14
8.968436630281309e-9
2.1840726650576446e-8
2.740115514292409e-10
2.671268189347017e-12
1.869889842572228e-9
4.710232066884355e-10
1.0596053481968805e-7
3.4952720149255906e-8
3.240682287370302e-13
7.151120851787615e-14
5.6625003041205365e-14
9.232092365859858e-9
1.1635328365321131e-7
2.844071879725843e-9
3.764665981964051e-11
1.0889111590948106e-12
1.1365464658100274e-10
7.96821595736477e-11
9.782249619601316e-11
3.704569490604346e-9
1.1106739448294004e-12
1.5576648206911807e-9
7.23799058763608e-15
2.0397869704094204e-13
3.148426503949788e-11
2.2789428487959744e-13
1.62326500729393e-11
2.989863443207028e-11
4.580350819233176e-10
2.1787282305397659e-10
1.1193577624577265e-8
7.090349838259072e-8
2.0470166726552237e-7
1.879363579616504e-10
2.1001989236205958e-13
6.2024724888282e-13
1.6476462545606591e-9
1.7921776440317963e-9
1.1481626961532862e-9
2.632668947318913e-9
3.1238975642073846e-12
6.0118885503995534e-9
2.840238661421678e-10
4.204704104599479e-8
2.9347233254640742e-8
2.648175526692483e-11
9.993196622584007e-8
4.1366258076422156e-8
4.313529746247158e-12
5.5889532104062295e-12
7.160965500920014e-11
9.305290407644728e-9
4.34474546028988e-10
1.7437987679535587e-7
4.68163987675838e-9
3.922147912289792e-6
2.2553579240955584e-7
4.869228395401928e-9
5.502987488114241e-11
4.748742079759078e-10
6.088455590516397e-7
4.8710857242372427e-11
7.329525711085561e-11
4.26900495775469e-9
1.2005326064458827e-6
1.5784665425486497e-7
1.6516317822689487e-13
1.3256660145354219e-8
6.782101266331718e-9
2.7486092799129822e-12
5.1011814984301486e-8
0.000437894605329523
3.666451424327731e-9
2.7868100025208666e-9
1.4419535853750891e-10
3.3792860245674568e-12
1.0986480745330161e-11
9.537092711916078e-5
1.0221975972806676e-12
1.339468431956177e-8
3.147709509140382e-11
1.594112296459532e-10
2.4445370655037286e-9
2.4465686688956306e-9
3.2945749727643064e-7
1.8700402849166737e-10
4.277864178500488e-8
6.7387321592168995e-9
2.348653539973834e-12
1.2122154006979028e-9
6.871133455184495e-5
2.7925519032838005e-8
8.952898709109173e-10
7.498672595820299e-11
1.260807919146738e-11
1.0107316185197202e-5
3.067831433473165e-14
1.9523462130839047e-11
4.651254580945236e-8
1.0370554148005506e-10
1.5137103343835378e-10
8.504654698671292e-8
1.7378732549056448e-6
5.711793288815644e-6
1.1065520156088634e-10
