7.322886115758814e-12
4.4069764194890936e-12
1.6966139826671207e-14
2.6796824833874338e-14
1.5827645133971058e-12
1.5234686460782323e-11
3.347396424771025e-14
9.274978869506903e-13
1.3507495312659258e-11
6.059992349265067e-10
3.7614357557830466e-13
3.696836406879572e-11
9.564356622788676e-13
2.9639094793201916e-12
1.253876427506218e-11
5.254814343672841e-12
1.1486885601940318e-14
1.1880738049655616e-12
2.5292664348183465e-14
1.2569685248757818e-10
9.637854220841095e-14
2.0280262919457953e-13
7.773135191572735e-10
3.720106498820501e-13
1.7786777735580807e-9
4.1886475040843493e-13
5.253258356798185e-15
6.833546225982434e-13
1.8723544376990748e-13
1.3784564284773753e-12
2.8352650129425695e-9
1.7824060698748566e-12
5.0872534166576706e-9
1.6621885705171143e-12
3.0990852132333666e-13
2.418321885690525e-14
1.0477909696570129e-13
4.755840711479313e-13
1.5846407148228978e-11
7.006101568240361e-12
5.662469598970334e-11
3.926591448741032e-15
2.495537702259111e-13
2.250569015747284e-14
3.171642864666749e-11
1.8393398876872353e-12
8.646179156474106e-11
2.8088234376290323e-15
1.4105646091228122e-11
1.0209106934320267e-15
6.789962185422955e-13
8.280993605872172e-15
2.9042546849892604e-14
1.941561042364832e-13
2.1776633489234827e-12
9.201074140995465e-13
1.674426213857213e-9
1.9461407919114947e-11
1.6050488402181328e-13
3.090498728577685e-14
1.3416969748153691e-8
6.8793627650335614e-15
5.376295726451048e-15
3.46568175678159e-9
2.304347617996153e-13
2.5250813700821262e-11
2.073839073797061e-12
3.560714677700587e-13
1.2933992171968045e-12
4.190544076236985e-13
1.0919112988223615e-12
1.193781870350127e-10
1.8067347059409396e-12
4.3716025297918014e-14
1.6192102218801192e-13
1.3711068149982568e-13
2.7162503002963136e-13
2.7142074867580018e-12
3.9252954188418274e-13
1.5497681656815896e-12
3.323589116787609e-10
1.5654202937379296e-13
3.882851849211531e-14
7.584947326633911e-14
7.363531739147073e-12
2.857826798342669e-14
4.7216754714203106e-14
3.4169180500290095e-12
2.286897173516795e-15
4.618889116338848e-13
7.02007173889473e-14
2.0910738872168219e-13
1.5845739175532637e-13
1.6642713086023888e-10
6.6764097098617e-14
3.4927834729760887e-13
7.63081739867189e-13
2.1329380866194316e-14
1.4979818909315396e-15
1.0028707843319022e-14
4.4103591276185347e-13
3.575275672738199e-15
7.434399333146787e-12
4.6145771025619454e-12
1.7562339829335354e-13
9.957542475407213e-11
1.1318182451343921e-13
1.5641058595601432e-11
1.1240921854416904e-9
1.4511950938995343e-13
1.3321488952438336e-14
2.1134284470975142e-10
1.3128338236674984e-12
2.0138081261935273e-14
7.000485669179203e-16
8.75007983193626e-14
8.138776587172967e-12
1.5168638391451994e-9
1.0082776920139248e-11
3.977340715233027e-12
3.814362936866673e-11
3.8632431163689396e-13
2.5176610760707897e-15
3.3633345797157187e-15
1.4335667313635356e-11
1.9599840750314265e-14
5.44097167733149e-11
1.9715240614599078e-14
5.6483137799485776e-14
8.426987362297879e-15
4.8845842256476495e-11
1.8566042850933318e-9
1.2930560955588828e-15
1.3655601782612802e-14
3.7636204932506186e-13
1.3413885538655987e-12
2.595445440625747e-12
1.956914713368021e-13
3.524892651092845e-14
5.886114941449088e-9
5.0832581934132055e-15
1.978116219475839e-13
9.264811295035283e-15
9.312130160711252e-11
2.8495147671130945e-14
4.667782280460346e-15
5.879081108005439e-16
2.2771210181870998e-7
1.6829597329027698e-10
7.3064900417149e-15
1.7075140344897606e-11
6.825452300129977e-15
2.4891455578776052e-14
1.503108948039507e-10
9.775201908758745e-13
3.6665598733989843e-13
1.7490337548294087e-9
1.7836979442040667e-13
1.6078521499878767e-12
4.2362410912478655e-11
1.248838006113714e-13
1.7315235299764677e-11
3.471273841652976e-10
5.32738105871455e-9
4.5943489797362877e-10
1.915366107138046e-11
5.404477108433439e-14
1.6851979357651053e-12
1.684421135298701e-14
3.6559876070238976e-11
7.034174350114628e-14
2.359911803094452e-12
1.5267303554670825e-10
1.6210148455571252e-12
6.103090096910065e-12
2.1621495692067403e-15
3.4795207365146067e-13
3.723227904530363e-12
2.2733979525334308e-13
2.4034351959765316e-13
1.7607636467466384e-9
2.298252371076858e-10
5.6396415623303046e-15
1.076962106615609e-12
6.320200566958028e-12
3.3151382207521364e-10
3.3209215048033486e-11
9.346415731913165e-13
3.848056705545262e-12
5.169786570219065e-11
1.1425618521062926e-12
3.1329093124692235e-16
3.2679392499123414e-12
3.25097978745762e-12
5.245128933065086e-15
2.2476426372356808e-14
3.5775670899589206e-10
2.7134903353870323e-13
1.0261481360562067e-13
3.627828299090908e-12
1.0566421779714954e-13
2.0821620147674205e-14
3.822973670848993e-13
2.1062705806358926e-15
1.7723519191966956e-9
2.3745412152554327e-13
3.3415719613711253e-14
2.0081367901875446e-11
1.7458939277451384e-12
1.0048595807969223e-11
7.077851093577287e-16
3.98866322225944e-13
1.0094388703378123e-14
9.211784891361457e-15
5.594868122476474e-16
3.157338126028594e-10
1.4829496752400528e-8
2.1501928117498598e-14
7.565222997376716e-14
7.82853292391788e-15
4.8573148091609414e-11
3.5948325622485316e-12
8.158095247454218e-16
2.697206992198898e-15
3.1689569788656798e-9
1.4233768179213768e-12
4.5842315938417954e-11
1.6370649618210056e-15
7.585015764280581e-13
5.999341242549091e-9
4.807916104077212e-11
9.372902214708826e-11
7.167572866490094e-11
1.1463742752180738e-13
1.1624413545643569e-15
8.224536729432473e-9
6.256225718219414e-15
3.436919062369173e-8
1.2758236101486514e-9
1.325437264933552e-10
1.075134252623662e-8
2.204173494653476e-12
2.0322373127109924e-11
9.154591283736207e-13
5.005469313281049e-13
2.4221206876456926e-14
2.2643328825770632e-12
3.7007565673472726e-14
5.5783277263582094e-14
2.902582265631411e-13
7.672261899612401e-11
3.239030625368799e-8
1.2755061104719031e-8
1.4187936906363344e-12
1.976685946655436e-13
2.268404343067744e-12
4.085041964007e-14
2.7237424599912255e-12
3.000750454344758e-13
1.3009659561076569e-14
1.2519528596211992e-12
1.3251411040946283e-10
4.218402151828118e-13
1.0574850692618175e-10
5.622000094620981e-12
1.4276822955003587e-12
1.1354584748270194e-15
1.0490659654852733e-15
2.442828331481268e-14
5.2174728748482354e-14
5.618674580745585e-15
5.815897566235587e-14
2.0174514644527365e-10
1.8633276644248946e-15
4.494262068979912e-14
8.550339438351957e-11
3.2916100189321503e-13
8.727454897946584e-11
2.2937274088747144e-12
2.1060244155818855e-13
4.997398526589591e-10
1.991010448207543e-13
2.5086170069359784e-13
1.0615969615126251e-9
1.7646094776065728e-16
3.7810392219743016e-13
1.6258241053894113e-10
2.3201407302277835e-13
3.68769366972843e-9
2.0094616259914568e-14
5.639901019194839e-11
2.8893535103589712e-15
7.960929448875124e-15
1.6605838616611122e-12
2.499313662485672e-16
1.0876552420182745e-14
1.9331674758573236e-10
1.7530969924067986e-14
5.938861209666424e-13
9.480301827570938e-14
3.235405998762877e-11
1.1251751865884158e-12
1.7912846816371797e-14
2.2239217850333708e-13
6.247007442441473e-13
5.607241416892897e-13
1.5647701185842914e-10
1.872825565892418e-15
1.6919822337903766e-12
4.287807560778865e-15
1.653898601562086e-11
5.50026678188933e-12
2.8382446726811018e-11
1.0256786387347068e-12
7.686939997421015e-10
4.0968797837762783e-13
7.686681101652622e-16
2.8293155336873033e-14
3.7480030000597793e-16
5.580855956571371e-13
9.333144971170316e-15
1.1048104512305025e-15
6.902531933595406e-13
4.2215734881971875e-14
5.578879163353563e-15
1.0744673050123514e-12
3.881266609348803e-15
2.3076481019515675e-14
1.586231212206841e-15
1.4436790567042108e-9
7.975361120968019e-15
5.66415656936649e-8
2.6740927904965934e-13
1.5091562091116257e-10
2.5377378002109552e-11
5.180857981054816e-14
2.947695291856986e-9
3.900935406593469e-13
2.439609288605201e-15
3.692930252841335e-13
1.0714830666951653e-13
4.018487779632341e-14
2.2362992397457744e-13
2.281710133995049e-12
5.173435241056417e-12
9.708862242107856e-9
1.2432687535239867e-10
8.975126415693397e-15
2.4237646100106435e-8
3.5872869008168456e-9
5.542608602858111e-13
1.1474084789915096e-10
5.173850167519391e-16
1.719306391634808e-12
6.671318461905053e-11
1.003075485941226e-11
1.1484781393514295e-15
2.8165086002308057e-12
1.652041465563782e-15
7.892706882907994e-12
6.760584354597448e-13
5.282127824973159e-10
5.839613938107564e-15
1.9276249085952024e-10
1.7165175880226975e-7
4.426777853890817e-14
1.0015356718785087e-12
1.496438716779859e-10
1.56519178767408e-10
4.593756236737471e-11
7.45645365075361e-14
2.785972108525165e-12
3.5436705950936775e-12
4.406263152964422e-14
6.63865003338547e-13
9.769405846002536e-14
3.1727420858415306e-13
1.2245854435505978e-10
1.0293307884936251e-9
1.4552833441756733e-14
1.1494644194793932e-13
1.3715230089673647e-11
4.653264342717269e-9
2.7709778733914006e-13
3.4533523136892714e-14
4.394773204149554e-11
1.055164489531845e-11
1.974021197866716e-14
7.22741515923712e-14
3.6295304823144084e-12
7.86742329904794e-11
4.3674405611331956e-14
1.6459304104371956e-10
6.476553850071669e-16
1.2027216057019287e-11
1.942390682823446e-11
3.30745213384603e-14
1.4693666248894781e-13
2.377309832850594e-12
1.9105345763700957e-11
3.60662847082211e-12
1.2540266192519508e-10
3.2889802766473875e-8
1.632170440539853e-14
6.491983366937638e-10
6.348616009378472e-10
4.932413493719894e-13
1.7903816004119497e-5
4.5136379344143157e-14
1.3179306641155138e-12
4.052949655731279e-15
1.964777402617083e-10
6.756750268246556e-12
1.9471864483088575e-10
1.3177605134194568e-12
3.95610877045896e-14
1.0599818905418949e-11
1.3136752162638504e-11
5.873690489887943e-12
2.2506802234269532e-13
9.089702654428424e-14
5.019714621782872e-14
5.679990531736272e-13
7.896531003255278e-13
1.32919777690985e-13
1.1981339593909438e-15
9.162340832152877e-15
3.8489397637488147e-13
1.877466314921282e-9
1.1183159146848359e-13
1.868172501993325e-12
1.3556254591303016e-13
1.2536687846259537e-14
6.16947965691976e-14
5.537005926867932e-10
1.3929482133362233e-12
1.8602046373279735e-13
1.3042919159033409e-14
8.911471153584146e-16
9.637214094021225e-14
8.74246770741963e-13
6.393315256065614e-14
2.9917199252148566e-12
2.736017345995826e-14
5.778393920935721e-12
3.4747736987145693e-13
1.3699451448917153e-16
4.44151825920459e-10
2.174546217462035e-13
9.644612053224143e-13
1.171100803912599e-15
7.242774453000825e-12
2.577933634953113e-13
1.7183566825551616e-14
3.167744925531809e-11
8.104375679625023e-9
3.095254862161369e-7
8.00604826223542e-11
1.757710951618524e-11
9.385017321685169e-15
7.39230134751438e-11
1.2828362740210742e-12
1.2924789861187368e-10
1.327246094690329e-15
2.72840322220957e-13
7.355310192180578e-14
7.41780760728467e-11
3.1025326394965454e-12
4.9673950695133276e-12
4.096570302756804e-15
5.091844982580825e-12
3.0405535054963596e-14
2.87681540011461e-8
7.78962266246713e-14
1.3782996999334137e-14
1.046541940192352e-11
1.7137935575253464e-9
2.4646381200628094e-13
1.2383535118088408e-9
8.473426254130604e-15
7.250371513627941e-13
3.9082853714136476e-11
1.0087048543796539e-15
1.74295998636194e-14
1.7174396065817143e-12
2.655355988311643e-13
6.734163424523519e-13
1.9388201562532969e-13
5.8318383345592075e-12
2.984508081353401e-8
3.563895962090316e-15
2.8590142547420856e-14
6.095808398134663e-12
9.493427406211257e-16
3.719084879770568e-14
4.966560633735834e-14
9.209920102742523e-9
1.712864443269392e-13
1.3334293043958728e-14
1.7021385134046228e-15
8.44770824073098e-14
1.113702192454111e-14
8.68574228143311e-15
6.75395201496554e-11
5.19591422598894e-9
4.5573009336608825e-15
1.9346711113379354e-9
4.4098423826347057e-13
6.2727401254547206e-12
8.872185361110698e-14
6.152400685883767e-12
1.7148825018537466e-9
9.89289456046577e-9
1.2123739007378768e-13
3.544262554832232e-9
3.40087044776373e-13
3.2521543443498826e-13
4.955210419138224e-14
8.663093897841518e-16
6.57984711161127e-14
2.2862401337207388e-9
2.4806710906471625e-15
1.4164524914491913e-11
3.116610827822079e-10
5.922031476820155e-7
5.017117246984069e-14
2.2653537579993148e-11
2.857722889607992e-11
2.44743118187512e-13
1.8739916547680362e-13
2.8070997908685442e-11
2.5367625232078234e-16
1.4826396793830672e-13
2.944217261831145e-12
4.268080559926804e-11
5.072810100100981e-15
3.755363244646354e-11
1.8768503119745374e-12
3.2618804963686714e-13
7.242289115497712e-11
9.296008507867976e-11
1.46890528638441e-9
4.751479265298268e-8
5.702517590801689e-13
8.397357361947775e-15
1.4945830093092818e-15
6.556774407882837e-13
7.933348833146242e-13
9.921951493577334e-9
2.59370581379193e-12
1.1828819411469202e-13
7.576572596720985e-9
5.97840375799186e-10
1.8512639539295115e-10
1.3276139732386913e-12
2.9687690634306586e-14
1.8653330487120787e-14
4.616636374864588e-11
1.2549670228728335e-11
8.95950105999974e-15
5.1727577346875865e-14
2.8140981998092547e-14
2.4169021582225735e-12
4.047727530663437e-15
8.017139740730183e-14
4.6600142006013365e-14
4.262598238882051e-12
6.089318952383266e-13
8.93017601277049e-12
5.303779229483315e-14
2.981190319024545e-11
3.233315630372182e-14
1.2211568874044062e-12
1.052226262009831e-9
1.192303209601028e-11
4.581026374756744e-13
3.5100084654388615e-11
2.347827907642584e-9
1.809517622092362e-11
2.6041030717098332e-8
5.542595831719495e-12
7.01000110296002e-13
1.1569622312061991e-14
5.96975234669936e-7
5.372979434985626e-9
3.5864825612744376e-12
9.210612874405668e-12
8.118386660769989e-11
1.1782689812769466e-14
5.052024646105457e-10
9.304006418193952e-15
3.2127247985796663e-10
1.3123790725757948e-10
4.578900010082132e-11
3.138637258354942e-15
3.27582109774449e-13
1.967992440893073e-11
3.583256633899926e-15
1.563429202497339e-11
6.115859890205123e-16
6.551584588776593e-12
3.2458797914046247e-15
1.1074777814225862e-7
3.5870789882251556e-13
2.3476869157391614e-9
1.737981885546168e-10
6.84686166196308e-14
2.6669597962266275e-10
4.13911952031523e-12
6.486059474580927e-11
3.337118354377954e-14
1.9551290806689656e-13
1.0144780062822307e-14
4.3636234153987895e-16
5.688549882817199e-6
4.051421419962364e-12
5.789990038464039e-15
6.195371313788919e-12
4.587573267562834e-13
4.243420522112243e-14
2.3924033703128837e-15
2.9617193775802276e-9
9.562663299628404e-14
8.786168606628939e-14
4.6973341363670026e-12
4.382296162241278e-9
1.6431675545700445e-14
1.8377106701441771e-9
1.5497679056719734e-10
8.515380821530222e-14
1.4361408372527237e-8
7.254503013460084e-11
2.725612098658784e-14
1.2253013176051686e-9
2.5074184831898895e-9
6.545736379690292e-11
2.1923500197434165e-15
2.1902538204599274e-11
3.4585292419949873e-12
2.572472686608715e-10
4.4514784772219147e-13
9.143410702206418e-13
2.438019200705647e-12
3.461893242860133e-13
1.895305373044713e-9
1.942798657293512e-14
2.14570016418918e-11
2.966136407771586e-13
1.5868588860919232e-12
2.4651292849585717e-13
4.617349354327716e-12
2.1092663994783103e-12
3.358971895738375e-14
3.919488161369037e-7
1.8758269781800884e-14
1.1205178257107331e-9
6.286486638049057e-14
9.491488978824986e-13
3.199962155721084e-11
3.1229371412706754e-13
9.620249051608822e-8
8.995724815510344e-14
2.777156868702848e-13
7.882015106783483e-12
7.873081725445694e-12
3.819531533091043e-12
2.3630390215337004e-13
6.093139509501179e-13
1.5157652518896633e-13
3.803985499915509e-13
3.564244790200587e-10
6.066582598998383e-13
3.993078156539331e-14
3.843784640912821e-14
6.428160988181124e-11
2.6657078042382266e-12
4.962731037943978e-9
6.579457373649715e-11
6.4281077473848195e-15
3.0485313652132176e-9
1.98413943099454e-10
5.7737929578144985e-15
2.9064711016006183e-13
1.3720958713313039e-11
2.6369478401353484e-13
5.344274392925201e-12
4.428627051501807e-11
1.8658311525391506e-11
3.035448427227033e-15
1.4037882665099897e-10
7.365588462421893e-16
8.25674298968311e-12
1.456102223052187e-10
1.9039563372862784e-14
2.2461539822830805e-12
5.144088131632293e-15
6.751977132818812e-16
5.5580022862229344e-11
1.846768605369583e-12
3.5065431068670296e-12
2.447190643204953e-11
3.0082764893708166e-14
1.0842143982593111e-10
2.0294765480190325e-8
2.8714985363474567e-16
1.8217714136472702e-11
2.241068721839187e-12
3.349814892604642e-12
6.762956140189385e-6
6.246832645734196e-13
2.0252421075848494e-11
3.9715468652908626e-13
7.576318983761737e-14
1.347036811835405e-10
3.7049096730655486e-13
4.691225964837894e-15
5.047317334111844e-14
1.6976884582379797e-11
2.935581499304189e-14
5.734141954767629e-10
6.235190925751618e-12
3.4837075224609833e-12
9.266310263998193e-12
1.5267857374034925e-8
1.252930193367287e-13
1.2279801003836323e-11
2.2945985891628883e-9
3.979592673012506e-12
2.6623843419189305e-10
1.8062118523699727e-12
6.054272269416785e-13
1.8632626797782818e-13
1.5157059088118543e-15
5.655441724137477e-13
2.6661353451008538e-14
7.717741840494917e-15
2.0940660312927586e-12
5.0971347865067076e-12
1.3473640360088883e-10
5.706554442977079e-12
3.006291724982819e-13
4.9140560272177303e-11
1.4003249001429431e-11
1.1038014935188544e-12
3.6493483938215686e-8
4.328793622790127e-14
2.270049474533939e-12
5.5875693608347087e-11
3.3210528282198704e-14
2.0089949850232374e-13
5.546209897864784e-11
2.0350395412528508e-10
2.2087065822029916e-9
6.783617145012596e-12
4.7810053385342665e-14
4.09820361994416e-11
3.2426335739768194e-11
3.0827785710041795e-15
6.217947509543752e-14
1.4233200864154652e-11
4.24850676007209e-11
4.368352671786452e-14
3.2247820175840555e-12
4.7007916711330327e-14
3.3541430874429027e-11
5.693913998922304e-13
1.5513837289350685e-13
1.74598673390475e-12
3.114709284931282e-13
7.590702265843787e-14
5.485033881121353e-12
4.9097993813995846e-14
7.1044159215085294e-12
5.464412995188761e-12
3.46745714471984e-12
1.3082006458295831e-8
4.365995211572104e-14
2.2079171694762056e-11
8.726921113865366e-14
3.053507758772733e-15
1.0384053224046167e-14
9.378951455458895e-11
3.6128806321820867e-13
6.658149386872587e-10
1.8332528786334284e-11
2.4017905884981667e-10
3.3023457854030554e-9
1.6250373933619544e-12
6.156358759984057e-6
8.013011534580419e-13
9.854859033904277e-11
8.427539546005807e-9
9.734234277573152e-11
5.776309517498282e-13
1.464950421853358e-12
1.7870681610813368e-9
1.795490110436206e-11
5.032864229078214e-12
8.380458877519734e-14
3.093579619760151e-9
1.5769719672107435e-9
1.6945789961934813e-15
1.1705344852854173e-10
7.511344245536544e-11
3.320634836975452e-12
6.10493158087699e-13
8.933211368052898e-8
2.3779188457431636e-9
6.08591149600973e-8
7.358381551714402e-9
4.043343052487464e-9
4.831548229646631e-12
8.107155792480305e-13
2.7358017916995665e-10
1.1686649604478807e-11
4.0349289448413056e-10
1.402702735140362e-12
3.5750065710293395e-7
7.344861398295224e-5
2.1065796991943863e-9
3.9275268790786956e-15
3.181048230095801e-14
4.5784015893130556e-14
3.90032050361095e-15
8.619894522536449e-12
8.064595181342775e-10
2.984567110079747e-13
2.6757257705033956e-12
1.1949908620540313e-12
6.744544989766057e-14
6.621601849232153e-10
4.7900429050591014e-14
3.81892279435831e-15
1.2313567968112265e-12
2.6945721068024933e-12
7.50631353139771e-14
4.569282568902838e-11
2.7564653108585754e-14
1.1618238065966106e-6
1.5747305368603079e-13
1.7568968349642375e-11
9.872704080319868e-12
1.6706487484118183e-12
2.8247959710685264e-10
1.550437623814613e-13
1.1280262989751538e-13
7.788509274014882e-12
2.38326722627186e-14
1.470307685628317e-13
1.7458680663508806e-15
2.077039809485629e-14
5.050895857672561e-7
3.9762749004535446e-13
9.882969110114639e-12
1.0008098242542951e-13
1.0367562892259542e-11
3.2784340724426376e-11
4.019240296172971e-14
2.488921941058248e-9
7.719239346838019e-15
3.694473419821775e-13
2.68814409909874e-12
5.359983410775793e-10
2.8305699710296185e-10
5.82608858799114e-14
2.355286663906905e-16
4.360550716219445e-12
2.8021171535864966e-11
2.1339648931893615e-12
2.1558350075620483e-14
9.768801154861851e-14
1.0957489982874768e-9
2.4406461489340413e-11
4.840672472223172e-14
1.1016888250139527e-13
3.6237559554042087e-11
3.923674312907738e-12
2.216232851809567e-12
4.31129021278023e-10
2.5622947894813874e-9
6.678935711515581e-12
2.1206575744324396e-12
9.024570243269877e-9
4.5827170214471056e-15
2.5934374734085166e-11
1.7959330470683222e-14
4.384112830627449e-12
7.539651332407926e-12
2.615090358690513e-15
6.180301170796034e-12
3.8412920135830884e-12
6.54780933452502e-10
7.213504951555911e-11
1.665002580429321e-7
2.487984983405731e-10
1.2713316264091269e-9
5.3432008842241905e-12
3.208551272082291e-11
1.995369805210004e-14
1.8886762967054833e-13
2.8515628549829355e-14
1.9643703559293183e-8
4.065260836479502e-9
8.427572307006759e-12
7.669370374268227e-12
5.3774896872827e-13
1.6111411497173847e-11
1.4278341813669309e-9
1.8640538723801168e-14
7.471068563997364e-12
4.2899816532610706e-15
1.727925867826757e-13
2.9705346565122384e-12
7.47648784860102e-8
8.815911019380207e-14
1.7139973400626578e-15
2.9694626208486382e-12
8.097299354128825e-11
6.457083638372246e-14
4.2697582815494984e-9
3.13835963270292e-12
2.153635863297392e-12
7.742473856441403e-15
1.0698561839009271e-12
8.239647372369938e-12
1.7091622173840721e-13
3.375043965017456e-12
1.9285501392157571e-13
2.298005549838258e-9
1.28068233432578e-13
1.505068510064801e-11
1.1331916673941055e-10
1.2916240600375789e-12
5.191981136285529e-13
2.231073783306993e-12
1.0676407239608482e-14
9.539778807640063e-13
5.590446732042737e-7
7.808260708760653e-12
2.3033749321075243e-10
2.3571272098831407e-12
2.927631916753049e-13
1.984421711112442e-13
1.2578382162072037e-10
8.298543853539747e-7
5.0553384499762794e-11
5.462597053157483e-12
1.2644046329674132e-8
1.0980573762436154e-13
8.712657238124759e-14
1.7840807886851707e-12
4.958428496893925e-12
1.0631238878325383e-9
2.912166024485927e-12
2.000108491408178e-10
4.5022657990709145e-13
3.2118789315585124e-9
1.3286220707778919e-12
9.292859740436853e-10
2.3076199177479576e-8
5.422295382282556e-13
6.423520642953644e-13
4.348633742638877e-12
2.04701821216721e-10
2.013834124226098e-12
9.464872567218353e-15
8.311258545329646e-11
1.9364707380047366e-12
6.991695886135147e-9
7.226122100453309e-10
8.222022225350211e-8
2.3877114282412034e-11
3.864734959986368e-14
4.487435327028601e-11
1.4010567537787305e-12
7.626738437999421e-13
4.2690246995103513e-10
1.9271321882408086e-12
2.5002799764489846e-13
1.986489397148078e-12
2.38183772360555e-8
9.576502755189295e-15
1.9730751870467978e-13
5.402296909749006e-13
9.424601297536216e-14
4.400007054112155e-11
2.6555664547003263e-13
8.51556280171059e-11
9.986501334516356e-13
1.4378943627835642e-10
8.246812742672306e-9
2.3516052351137223e-9
1.916534603298958e-9
1.5332439131564654e-13
4.4232984406724396e-13
2.216558131096004e-12
9.792318698767871e-13
8.347429933276477e-11
7.711766004279708e-11
6.875683905234819e-13
1.5515044444139756e-13
9.465667619390824e-11
2.8104427672870317e-7
3.4649335517575364e-13
2.2815196290786016e-8
5.881755556145039e-12
2.7813429514622457e-12
1.0835840334128654e-9
2.1138308595481282e-12
4.004095102969497e-16
7.175481828714222e-11
1.258145156489088e-12
1.6712346468375142e-10
9.735234417621298e-11
2.8346226537431835e-15
2.4313693103992e-12
8.882178291746647e-12
3.746273242700504e-9
1.0890572704954888e-10
2.2969028091386924e-11
5.090024719977629e-12
4.5325629299243336e-9
7.678518983540511e-11
3.4292025711968314e-10
6.431290549517913e-12
1.4837642064808453e-8
5.47580837733526e-9
2.105253107538347e-13
4.916506604640219e-12
1.2140832894537405e-11
1.6935982008544563e-9
6.638914278331299e-11
1.973710678112456e-12
2.080687808782182e-7
5.690723482915354e-11
7.77845462797519e-14
1.594209892740382e-8
3.979363011266642e-14
2.70608190903595e-9
9.357741994506643e-12
1.884277718277234e-10
5.156055992080711e-13
2.716965398212278e-12
7.508406357675869e-10
7.275489880695327e-14
2.689463364721625e-9
2.5566252909580187e-10
5.222015302934369e-11
1.0888000126583996e-11
6.276910895105492e-11
2.514844830072266e-11
2.3729966088512546e-13
5.042289571214164e-13
6.161162174319425e-12
2.3470299234254585e-11
4.553858663430693e-12
6.701195065710773e-10
2.512003755411939e-12
8.822248601785061e-10
2.8397491826795692e-11
7.848329750433728e-10
2.878802783517835e-13
2.9120861367785055e-11
4.77915982335327e-14
1.1526684152939359e-10
3.6282207962185263e-10
1.5139078376896772e-8
2.461825529218817e-10
7.566598183062286e-11
1.8016877999403076e-11
8.404960591904242e-14
6.460259971595816e-10
4.847534938844129e-11
6.898227537476072e-9
1.751456344916077e-11
2.9054330350860807e-13
2.1726145538857883e-9
3.445104224494985e-11
1.413114963297756e-12
1.70337362470468e-12
5.533459418056852e-10
3.5045622796915127e-13
1.0680270658479091e-13
2.670829533987482e-10
1.9055302909003702e-10
9.139660496816537e-12
4.2037457134108644e-11
2.3250546904055585e-11
1.863454253221141e-11
9.167061585554888e-10
3.4152703271165517e-12
9.066324742908354e-9
7.373738057232359e-10
5.8098683707657015e-8
4.110175288474897e-14
1.926342427535573e-13
7.458342029132353e-10
1.6444008271040058e-10
2.7906040959683514e-12
3.8603910911965345e-12
3.0661205469217336e-10
1.9690206655845866e-9
2.2272149646751713e-8
2.0568039123047564e-11
1.1769162523438774e-6
6.875099509662813e-12
1.945089522656423e-12
2.1253084619932982e-9
