6.3629560181408e-15
4.243033483735473e-14
2.4936210231004963e-12
9.799113059128153e-12
2.0388355018035926e-15
7.471634498921215e-16
1.3709199028379672e-16
1.5927871792886719e-10
5.5618589662745437e-14
1.4721087841668033e-14
5.456673069848692e-12
9.955439421020255e-12
1.2306684667077145e-11
1.4770577002091116e-15
5.256057170795865e-13
1.5040564514684867e-14
2.1551858347571642e-14
5.995989453263089e-17
1.986892316353305e-12
2.1759095961820383e-13
3.5615510095389056e-15
3.567864672534681e-14
1.738690527649222e-13
7.25167978819254e-15
1.660607607533056e-14
1.9870878865987e-10
1.436806230203835e-12
1.6452672413394877e-15
4.110049017580805e-10
1.3093582069120377e-15
8.544376706232201e-18
9.158633705029572e-17
4.334660334508988e-12
2.1986217301655916e-11
9.354493275981424e-15
1.7985705468418125e-11
1.6347627432711566e-15
1.069827320022581e-11
4.133607294080509e-9
9.714959956992832e-13
1.9294957423611303e-11
8.781536087467693e-15
1.0192475996221405e-13
6.16683768588368e-14
1.2243145630116316e-14
2.262849156003889e-8
3.5355044611545665e-15
2.6807691081311592e-14
2.735452068355593e-15
1.230140706580029e-15
6.326695305276459e-16
2.948729447391401e-8
2.5802232220604334e-15
4.4058707506177027e-14
1.3096871799948195e-15
9.180153113854534e-13
1.8733133151410353e-14
1.844259658551647e-15
6.820038986746517e-12
7.355558062908348e-17
4.5390258620255454e-10
9.37625390842057e-10
6.304403310776011e-12
9.996996492135449e-11
8.274351364307655e-15
2.5253259015579614e-16
8.926724591671823e-11
3.425311218674281e-14
1.5631769182495895e-14
6.055789954870239e-16
4.172383033667809e-15
6.62976560680958e-13
1.678355343847592e-14
1.3868819670602093e-15
4.517187337847227e-16
1.3594491459713265e-9
2.855893396834429e-15
6.959217448811849e-15
8.634560153468509e-16
6.421995024704351e-16
5.9501717744410004e-15
2.1291027342198394e-17
4.2910130409314653e-16
5.044780970221332e-13
7.518710879106624e-13
6.73833469614551e-17
1.0696841480398427e-13
5.077489612578988e-12
1.0850508615381723e-15
1.1609450662363467e-12
4.457676966612436e-14
3.1891562783815374e-13
1.0837498775942672e-15
1.5103035679427302e-14
6.797448463686473e-15
3.1378975270985964e-17
1.4147149525499118e-14
6.478071551802883e-15
3.273660720197858e-16
7.676597576297864e-15
1.8748671249728844e-12
2.7722900551778666e-16
5.306610331852755e-14
2.0420347850097398e-14
1.4988131147212218e-13
2.941555176225954e-14
1.8592293723051534e-12
2.966913027395101e-15
1.7228503136427023e-14
1.0037193881742251e-13
3.782919482973363e-14
9.588726175279936e-12
4.950265636011839e-15
1.5401894823583248e-14
8.280384268882277e-13
5.083293461871506e-10
8.673161953986268e-12
1.8454890230041804e-8
4.0399429947043875e-13
3.0637694829312215e-11
1.5996187016778153e-17
8.314823835732906e-13
6.050907718993336e-15
1.6723583001409867e-11
5.240972689745849e-14
8.733323515367737e-13
8.365590432107398e-8
6.703599638998964e-18
2.6901926647725828e-15
3.0117016560164867e-16
5.83735318765195e-16
6.565767778736448e-16
1.159995287366882e-10
1.0013681742758547e-14
3.072877955947801e-16
1.2123544194730562e-16
3.5630313216188665e-13
1.426371843229226e-9
3.908062618382651e-12
5.323964636079115e-15
7.76100583639043e-14
4.893578371817841e-10
1.1029133079559036e-13
1.5162690519876635e-11
5.514300519351175e-14
5.145107810650599e-12
1.9461118829681045e-13
7.333284109583162e-16
9.363589331716025e-12
3.223187473381624e-15
9.753728340292933e-17
8.693460139307031e-12
3.589651067417005e-16
4.0527367326652484e-13
8.304789628045442e-16
8.845201788500045e-15
5.805110841145777e-11
5.1331193243712727e-17
1.1990472201769377e-10
6.2175159694706215e-15
1.1859884095577695e-9
2.9253981277596152e-12
9.58587680453909e-13
5.1070082812130827e-14
5.2463277307007056e-8
1.3146329330977267e-14
6.760056996955762e-9
4.84020829531599e-13
1.1339464727852484e-10
1.804996240103322e-9
1.0230663514691342e-13
1.0808079036512452e-12
6.229004481787341e-12
7.862966185791538e-13
8.796437745853801e-13
7.334369312671115e-12
7.809113216052656e-15
9.55386959383878e-11
1.4002542824761972e-12
5.729056350912038e-16
1.2268919623635217e-11
9.98555522260771e-8
1.6160535834861383e-15
5.470732139352625e-15
2.7031152796387676e-11
6.713857642932836e-10
3.358789118636691e-12
4.571091377921865e-16
8.887863722658095e-17
2.1887105064506347e-15
4.425265824683658e-14
6.69735061122957e-12
9.477518284886756e-12
3.243707393598851e-17
2.2548881791348906e-8
9.532753101428975e-11
1.520428314595379e-11
7.627088195364205e-15
2.585142579956382e-16
1.8909605181159597e-15
5.064122718676687e-13
5.801604790186882e-17
1.1159856197616797e-12
5.156269072058833e-13
6.203203694554788e-10
1.3152306276008592e-16
4.0741802364558867e-16
2.189416747503745e-11
2.7517561254474076e-16
7.527599006867923e-15
8.502420188149105e-12
1.155776151932457e-10
1.4746021622691894e-16
2.1583476568634786e-13
9.016008271676463e-16
3.3162970938408034e-14
1.6117306324370407e-10
1.0408304188256536e-16
2.5489785077621327e-14
1.925988858477055e-13
1.3339335374304534e-10
6.461432769143798e-11
5.1735891643295233e-14
8.495004161296028e-16
3.3341291815205005e-10
3.250857021148932e-12
5.482874880815809e-12
5.200317723886387e-13
1.0266556493969376e-10
6.082667414768163e-17
4.418410736086084e-13
1.5927537853025325e-15
1.1240573330379608e-12
8.855472907916684e-14
1.8131331175732187e-13
8.92563365005282e-17
8.267577563912144e-13
2.077713973359023e-10
1.913072309061829e-14
1.1343915768670813e-13
4.725761422723798e-12
2.7308018131446656e-12
1.3826654316828995e-13
4.944005458633577e-14
6.386331633218755e-11
1.9099381718423667e-11
5.795485241636162e-13
1.3171075798801486e-16
8.249047844508286e-10
1.229982367277001e-13
1.8934745137801172e-14
7.712398359886276e-11
4.3098927978250835e-15
4.220614584517973e-15
4.2321877894790296e-14
6.9027611203858445e-15
7.0419100214907594e-15
7.47741760174719e-13
5.685407938630745e-13
4.299418853866106e-11
2.0996295973856362e-17
1.952427917295483e-14
7.524530346024134e-12
4.9512567214973715e-11
2.9565041853983737e-14
3.6847014968514164e-13
2.3672613816153113e-12
7.703204039324833e-17
1.8402634586954559e-10
8.323166814537763e-13
1.9851798831249194e-14
1.4866056651199105e-10
3.7382286507120536e-13
5.371980562120633e-14
2.21101136158653e-13
5.701000251190436e-10
1.8255882461522244e-11
7.656729183446651e-17
2.425528819985912e-15
2.1210400466592444e-14
1.5805231438541578e-16
3.4445433551142166e-9
1.1163038608669853e-10
1.3931480827431717e-14
4.816198337548061e-13
2.0519385434577815e-15
5.330758259867064e-15
3.1403545348574476e-16
2.0017258262808668e-12
1.7606356459509354e-13
1.876190568697932e-10
1.0573001083748386e-9
1.2258376727517665e-12
3.1936340920088675e-11
3.4093945646348535e-13
4.5209456103953837e-13
7.409194238491743e-14
1.280171123169665e-15
4.729987248096575e-12
8.187106141697264e-14
2.3821683989615345e-15
1.3975363281777927e-12
2.86327900591656e-14
9.68927125624832e-13
8.775024444616266e-14
2.4728637160843755e-11
7.489987566405828e-10
2.459514735633725e-12
5.744169792625012e-12
1.0048947585031664e-10
3.948784971012312e-13
2.1347201702627529e-13
2.4437197443176653e-10
1.3164280645744365e-10
6.927549203591966e-11
2.376010451527019e-14
3.6171114086286945e-11
6.417788582409478e-10
4.1460478066784817e-13
1.8280718909830934e-10
9.78677454633596e-14
2.065273124557336e-12
3.994255278310669e-14
2.8485254710192262e-11
4.242930998173154e-14
2.47808600028212e-11
4.786123328781409e-16
7.485838481443816e-10
5.146783228322028e-13
1.2211179265900578e-10
2.292252651710776e-12
3.479623022047841e-10
4.908939470444933e-13
1.6329427583172638e-11
2.0598483725740174e-9
4.036489579042436e-13
6.271384750287638e-17
1.3394042916761196e-11
3.537050681238628e-12
1.1074452930047844e-12
1.6290035168131385e-12
3.380954938517408e-10
9.128545954040724e-14
2.746436658421511e-15
4.187958933490633e-11
4.412617767091438e-12
1.3759854454713156e-13
8.798697211976095e-13
1.4543126164451144e-13
9.51025654785628e-16
8.496211995261164e-14
4.043635613289267e-12
2.1862583531313092e-13
1.6388194147551516e-15
9.232132975990316e-15
1.8465582528251244e-11
9.049056307799998e-12
8.127599254233201e-14
5.192830801857336e-12
4.810887274173405e-12
1.9334468845848817e-12
8.202046199466113e-10
1.1445205650059494e-13
1.4393678866667527e-10
2.0712602347166214e-13
7.426057791379859e-15
1.223275407877936e-12
1.6460797966436128e-12
4.641819701690424e-12
9.457209553240934e-16
8.625391273284873e-12
2.1192344141197313e-11
3.6099934551120667e-12
1.2107804049726678e-10
6.118747537978429e-12
8.471644837461174e-14
6.878881384239928e-13
7.877219158379976e-13
8.659559677241513e-15
1.4668844108188715e-13
2.9305126051654597e-13
2.4574315352325044e-10
4.373962060783971e-12
8.422493495734864e-10
4.4134402557263355e-10
2.316389348202707e-12
7.62660711796948e-13
7.379244808470292e-16
1.5187887307641634e-13
2.1658265506825818e-15
2.622072811499383e-12
2.8543442135070173e-10
5.955023557252794e-10
9.50857026558955e-11
3.8377708921867006e-17
2.3405919522282385e-12
2.3684477088829125e-11
2.0152312646362967e-13
8.66231924340203e-12
3.8479263410402264e-13
2.6056083669787286e-10
1.7432872982578765e-15
4.1228506652363756e-12
1.5254068084308056e-11
2.5322636689757445e-10
1.2774966201558625e-15
1.5237801680468525e-11
1.3813592780257342e-14
1.3896502160378798e-10
3.1220233181434377e-12
5.478878635019054e-16
5.329270877669878e-14
9.29415034411149e-16
5.108898959253319e-10
1.533083440804584e-12
1.1616992962830054e-16
8.015450108954459e-12
7.898945646900478e-13
4.040180338319001e-12
5.268665150566276e-15
1.3928867286964121e-13
1.9729493453666858e-17
1.4932659194761215e-13
2.3075382192707436e-11
3.3661728322049257e-12
2.06043399351547e-13
1.033798079884268e-10
1.0989331885956209e-14
8.758634145831913e-12
2.0199260104659445e-13
1.6623655038360713e-17
2.746531017756456e-16
2.011664625049825e-15
1.594554404020937e-15
4.51362495201711e-16
2.872466147061313e-14
5.570146957780886e-14
6.341292867778751e-13
1.469530985607964e-15
4.331226337557367e-15
5.624800259799657e-13
1.6937615115324362e-11
4.896468281027509e-15
1.5530883215455772e-13
2.4934245327145477e-13
2.4428924805715267e-10
8.781883467122216e-14
1.958937659068019e-15
3.274830944953766e-12
3.091067632363698e-13
3.4200051785844006e-13
1.3536479457838754e-11
1.8493720850684848e-16
1.3576497727088174e-11
3.417970318027008e-12
1.1313158807512871e-12
1.7094056856667012e-13
1.0786599487667399e-14
2.19123874576473e-15
2.1278666139108226e-14
1.2490942364000042e-12
1.1471852222497476e-12
2.444203318649603e-14
2.8891302318480365e-13
1.9688250836251436e-11
3.569440799114433e-13
4.769398513671094e-16
2.9580683359144896e-9
1.0498896282023352e-14
3.4702688426446324e-14
2.4727517620623192e-14
5.5537677235833595e-12
4.1554173482898893e-13
6.712875071491144e-11
1.6079726254139978e-10
3.6039784667707098e-12
2.003343396329949e-10
1.0673231998446835e-16
6.032481064193396e-12
2.183575851583797e-10
1.9524743664602415e-13
5.637942052978765e-16
1.9213858180976665e-15
6.943836183540686e-11
1.0504257441919023e-16
6.012019133938916e-14
2.820078922859451e-11
3.668303892537201e-15
6.574020819891736e-16
7.45417320206008e-12
6.14626471619945e-16
2.8837082628454843e-12
6.247717082596563e-13
6.855447731186567e-16
1.0565573386989686e-11
2.3816973349580273e-14
3.5657726687619994e-15
8.440639131723578e-13
8.619694075199295e-17
3.60706953377385e-13
3.053515567103103e-14
7.839539738225348e-17
1.5631943130119904e-14
4.7079744180683524e-14
2.2833608692614747e-12
1.0264905060298033e-16
8.501746966622433e-14
9.438754315117276e-16
3.4165835476381047e-11
5.008895299349165e-16
1.485940857971685e-14
8.155414813284618e-14
2.1304454859067012e-13
6.571630981836064e-17
3.2267585055919165e-12
2.516960100188493e-14
2.102301990178363e-12
5.057135540621197e-10
4.309557131601493e-13
4.458174941695313e-12
8.649977662093849e-16
2.9534395934996667e-13
3.4411386299990865e-15
2.8891057893324647e-12
3.2591531503622636e-12
1.0446335487615525e-12
1.5516119378704164e-10
5.192558991216994e-15
7.094641778464481e-14
6.627921804193853e-14
2.659153278618878e-10
2.468827450820743e-15
9.081334769606187e-13
7.425088722230927e-16
2.3579948757112826e-8
1.1764713382224697e-10
2.92590656818319e-12
4.569518307239391e-13
8.246364064973654e-16
4.252967997324615e-12
1.0462951936385758e-13
1.8611783886889252e-11
3.317056074139382e-12
1.189346166407819e-12
9.552492043464282e-14
1.8418773545737623e-11
1.3185975966458424e-13
1.6715801223183405e-15
4.573761401210192e-17
3.759545483798882e-13
1.5194945217705974e-13
1.6802586234944584e-15
4.3437602847512535e-14
6.085170091984542e-15
3.20268041159231e-13
1.563742619098703e-10
4.808382362032858e-17
9.400209297941772e-12
1.622280964174802e-11
9.456912604633187e-14
1.2641792835302172e-13
4.212145802792426e-15
1.47861996881075e-17
5.105240898294919e-14
5.192717747943765e-17
5.93768044520209e-12
1.473188050277766e-16
5.5647005751860415e-11
5.509724424995717e-15
1.8211867764163842e-13
3.64082039753873e-11
1.8085449954871117e-14
4.4577240626447045e-15
8.994851923169976e-12
1.541101602771315e-15
1.3130968407680923e-13
1.9552198118570352e-12
1.2530250913641302e-9
3.2852992003808368e-12
1.8219356066552856e-9
7.015809035119413e-12
7.549821470250192e-16
5.600749498611045e-16
1.0190513276222983e-13
5.305038947342664e-16
2.3535916346738567e-15
3.1610611265590415e-14
8.911997736256495e-12
1.5750819765595407e-13
4.395585544922394e-10
9.708575793879306e-13
1.423629685046076e-15
8.418423471555567e-12
9.797216824409686e-11
2.30014962193184e-12
3.7955396811901746e-19
6.147226603552521e-13
7.200571628199999e-9
9.328914777174096e-15
7.032078199628842e-16
5.5341855264319313e-11
2.2898460777883707e-11
1.356235277279936e-13
3.074068394923628e-9
1.2990308075073563e-15
1.4023544650696769e-16
9.842872811032426e-15
1.5003019365437848e-13
1.0622119261191153e-13
1.7385785328453762e-14
6.39844083833761e-11
9.763469621076557e-14
1.0888961877927876e-12
2.0237320578279826e-15
5.361632855849305e-14
2.5921312000129284e-12
1.2945145991185445e-16
6.873141160874738e-15
7.738950982430156e-13
1.9544410259864624e-14
1.22842663844682e-13
1.0004361438282186e-12
8.480824953846727e-14
1.7390376864205246e-12
7.136353142231353e-18
1.4214281043120613e-12
1.0155209210792306e-14
4.881465224423991e-13
2.693995820329767e-13
5.978296995054392e-16
7.732173873536497e-14
8.459116683738018e-14
4.962004287955588e-16
1.0735496447024605e-11
3.4562905506553757e-13
1.376074142743272e-11
5.610456869442464e-15
2.2089889252625465e-15
3.049855689387808e-17
2.92955643131759e-12
1.9024258412973345e-14
4.1160827634052425e-13
1.5513190328842565e-16
4.5305562457365174e-13
2.6537931409218244e-11
4.703807836800548e-13
3.0581989811827165e-12
1.8297884180976963e-17
2.3526817762778315e-15
9.005884891605881e-15
1.405163310765631e-10
9.043119685612309e-10
5.772482836702029e-16
4.159900972606403e-12
1.1470664691026041e-16
2.8970699743366046e-13
1.752406446810716e-13
1.4040528176467532e-12
2.5168767978603372e-15
8.071546151393608e-14
2.537444410932602e-15
2.2934546601790563e-13
3.5072282387141073e-15
7.448922266282958e-14
5.792654708880555e-18
2.888714416930009e-14
1.185268402620608e-10
9.359113443418362e-16
5.5055969341709766e-11
1.613838518213085e-13
1.0979624652281118e-12
2.1006905271730403e-13
1.95185102651921e-14
1.753357179117965e-16
2.7267427521760266e-13
9.20834569972142e-16
2.915268782844003e-13
3.73212560664215e-14
2.6139251728581107e-12
4.811535051538219e-15
3.1976847181678825e-14
2.5313624258648497e-14
8.297280115972879e-14
6.624724808964073e-15
2.118186206136578e-14
8.596459196056277e-15
7.829381388802684e-13
1.0202822271721022e-14
1.318713324151112e-13
1.0921230575096919e-14
7.015101568023983e-14
7.990280414953727e-10
3.6357498739043444e-12
1.1553325567186603e-13
1.7412339281177167e-11
3.111678120318177e-16
2.467158790756457e-11
3.039348723766407e-11
5.553591389726215e-16
2.2673947707933636e-14
5.05202187771004e-13
3.0991820197906844e-10
1.3167091212735145e-13
1.1873019572443773e-15
4.861644667242594e-12
5.865652697111899e-9
1.6483662244461679e-15
2.102179278109659e-13
1.5560135672598225e-13
8.280499278900858e-14
6.609867315252233e-12
6.006017767617703e-13
9.438396849061096e-14
4.532001075711393e-14
6.768098014713022e-13
7.688687003161575e-14
3.168087177734867e-14
9.770753229308306e-13
3.1617166547844677e-12
3.606538282070532e-14
6.803689137691355e-12
1.0267754968143512e-14
3.6059962585366826e-14
1.2590736448991823e-10
9.10378076358289e-10
1.0991697636693418e-11
3.046902046283083e-13
1.117746858500846e-11
1.802665700436229e-15
5.691381184388221e-12
2.3803735178347013e-17
1.1473349662741978e-13
1.0026669402215902e-14
3.5309362398863427e-10
1.425937481466709e-11
2.4331448673538774e-10
8.042458877099977e-17
2.327963487317911e-13
9.248880462611843e-14
1.7428327256143932e-16
5.566840528738261e-12
9.723946698537816e-13
2.491155024419111e-12
1.259569811337788e-10
5.875165633996941e-14
1.9702991392153444e-11
1.857485725601696e-15
5.155488810337216e-15
5.335760264158517e-12
4.98953610476513e-12
2.619756672415178e-13
2.10898108604189e-16
4.250064953485564e-14
1.144307389279576e-12
1.1469346980134667e-16
5.7574812669301444e-12
3.907916681710817e-15
1.4867827110664182e-14
9.198205327509046e-14
8.372624160691001e-17
6.099128355564351e-12
1.106432772470966e-14
2.8002502585402705e-15
2.3507797038885115e-9
8.897176494616437e-14
1.8932366635486823e-15
2.4263528278675235e-15
6.57551606444662e-14
4.657501593006726e-11
1.87528071046562e-14
5.573725258919167e-11
1.5104754912426724e-11
3.7455025703871595e-12
2.800916646422546e-14
3.9343115943773375e-17
1.8998908443221267e-15
2.2693213960000856e-12
1.6075386828200023e-14
1.3569581435332896e-11
7.132753879786351e-14
7.081561316266338e-11
3.9115808916107086e-17
2.833187199793896e-14
6.351411444817433e-15
1.3707565878203431e-14
9.579678937628722e-11
3.7431985047578837e-11
3.9625975976337855e-13
4.5544499194241265e-15
2.7519220287855967e-15
5.621834484579498e-15
2.0967390323346214e-12
6.827095738576803e-14
1.8857855532062102e-13
4.1920822453983894e-14
2.404594286649735e-13
5.753385455316763e-14
7.963305257887122e-11
7.001758019134115e-14
6.41059425613784e-14
9.510882172840511e-14
1.448555070388143e-14
1.0534326006137436e-9
2.613022404173544e-15
9.748716924484445e-14
5.518356777057194e-10
2.875984306302548e-14
9.266313019002663e-14
2.940488554501349e-8
2.6015493834434526e-14
3.8763838067724405e-13
1.0944854661837685e-14
5.676737363175837e-12
4.130727372220592e-15
1.832212570469351e-12
8.46868733574266e-14
1.228629155622838e-13
2.850053592613399e-16
2.762767160526976e-13
8.08528985853515e-14
2.7702021663786336e-16
1.930738444742905e-8
1.3930647831292772e-15
2.7769350041257588e-14
3.844754827851548e-14
1.6585022362592794e-15
3.10312949572951e-15
3.60112561886027e-15
5.9039570458350995e-15
2.4264357386599695e-15
1.0545580524898033e-11
1.7398737305810622e-12
2.58414175085669e-10
3.1637926487723776e-11
3.0325190643398945e-11
2.5390155517432596e-10
4.030982966335163e-15
9.77264875503593e-16
2.788891061697753e-16
9.024662085196306e-15
2.2137335183847146e-17
7.866582774238886e-15
5.710202025863065e-15
7.65252397960548e-10
1.4787171181879432e-12
1.9361007632170765e-11
3.5863043907755013e-10
7.913616531101564e-16
5.807574433130006e-12
3.1571075853089288e-15
8.747521140892215e-15
6.228600192462288e-15
1.8290803972774004e-11
1.0329115238076633e-12
1.6328830728128287e-13
3.27321106518921e-13
3.138394179746172e-17
1.322407210298108e-10
4.35751148865359e-16
3.10857183726589e-13
1.1438632952276269e-10
2.2276741158464584e-10
2.649591187663777e-11
5.667863898004672e-13
2.318117708241443e-11
1.8267197587317559e-10
3.912409181812998e-12
2.7638962412478744e-10
1.8419195488523606e-14
1.5255374331541162e-9
2.0004835998481033e-13
1.201851544399905e-16
1.3751901510500034e-16
1.4903748509602076e-13
3.4163502405406635e-15
1.3185781743448758e-16
5.260368053809887e-15
4.6889906152526016e-12
8.243779742302316e-9
8.453704592749437e-14
2.791504880764989e-13
2.418584181271932e-12
4.70554447325828e-15
2.728949913224098e-8
1.5523527201570521e-15
8.035861311838885e-15
7.627102148816526e-16
4.903091523623311e-11
2.984130287868962e-14
2.3878637781448556e-17
7.194254611485444e-12
5.922660314306949e-11
4.4565040029645714e-12
4.1081233734683555e-13
2.7662711684327113e-14
5.7491895109274645e-15
1.7888496322728754e-14
1.473123757300676e-16
1.4941309318366274e-14
8.673717904839893e-13
7.60770994580932e-9
4.423592014593171e-15
2.634889240907709e-16
1.0800683265523133e-15
1.5665109385403645e-11
8.537823533933047e-9
2.0504479166307819e-16
1.7668174886569723e-11
7.443899390788943e-16
1.9664095628149498e-11
1.0409858378331764e-14
1.7507383177993773e-15
6.09319391638699e-16
1.9160011566557817e-19
2.037915083504674e-14
2.1452853726850005e-19
6.9204120078076e-13
3.849211927097926e-12
8.765167413511594e-17
1.4443206553759089e-11
1.6592748153354863e-15
2.0509527481024102e-16
2.890160557583889e-12
4.842058341180496e-14
1.3528176629354357e-16
7.289982331599511e-17
1.8692390416371653e-10
2.1214310257500427e-15
2.3061986292121447e-12
6.100573802621681e-10
1.0882225047520972e-9
2.229132560720151e-13
1.0984641637185917e-12
7.796736945482036e-10
1.0680367667291708e-11
9.562799817060113e-16
3.0047821987177278e-15
4.2193604013077026e-11
1.0127403992317877e-13
1.4556121985893476e-14
9.535850476428356e-14
1.760172392067027e-15
1.439070646056882e-13
3.838755682904037e-14
1.4055339753507148e-14
8.469142279952649e-11
5.195651859332979e-16
3.792061291151098e-12
1.286509194050127e-13
2.752540748268623e-15
4.002296482531556e-10
1.6968588017306728e-11
6.388647025037922e-17
2.2405221306854187e-14
7.052209002825865e-17
1.1871121630015382e-11
1.2002602157461428e-13
9.458897834058704e-11
9.419271387417491e-13
1.218638335097981e-15
8.040473135598334e-12
7.687527269181152e-12
3.2680049426191455e-13
7.869678452297937e-14
7.641087848014273e-11
1.5089093669948044e-11
2.761714848910097e-12
1.6632387353394118e-9
1.1495553414645683e-10
6.377407727061888e-14
6.892396893757833e-14
7.836480087877661e-14
1.151674785990887e-14
3.591082236975141e-16
9.377903139855358e-17
7.35038917186158e-16
2.189951447878281e-15
8.087700814593655e-14
1.0842053382481112e-12
4.0077636433060786e-15
4.863294877322071e-15
1.1084745235853596e-16
1.5470555345707855e-13
1.9286584083680203e-11
3.913343585158781e-15
4.194368319862701e-12
4.824734835308987e-16
1.4867712191904634e-18
5.187275405695875e-15
2.784474842567812e-14
8.870698558125754e-12
6.193196860168457e-17
1.145282890255827e-12
8.908825197271021e-13
8.872307616720239e-15
3.4510685029733946e-14
2.7563630158597702e-11
4.120426569890019e-14
1.343375326449907e-13
5.109474224404625e-13
1.1246904186858067e-13
1.3756345392462601e-14
2.0573633327291697e-9
2.5594979613494583e-17
1.091851287841203e-11
6.234590075476202e-13
3.3504176771808263e-10
2.0022476225491064e-15
5.181451720803101e-13
6.073787261120427e-14
1.9445152573044854e-13
1.815430764381835e-17
4.116832786137567e-15
3.288766031948152e-16
1.842378772868887e-15
2.3235692430465137e-13
4.734423051262647e-15
3.270559153325261e-12
1.4363482167299251e-11
1.3404301520607972e-12
3.0455442506948737e-12
9.018820968283481e-15
4.486532705114341e-10
2.523827858856756e-13
5.530744409900157e-16
2.998301897537484e-13
2.2139234816591467e-12
3.1190185131456694e-11
7.527873871752377e-15
4.6096584862870665e-14
2.2824700538423103e-16
3.2838564465925316e-10
1.9551837154623392e-11
4.08676266465777e-14
5.892245826319257e-13
2.1430885373029636e-15
4.8172334749638736e-14
3.0492188323606626e-13
2.4445361735307696e-14
6.646744822834254e-13
7.498147543093029e-13
7.258218123662929e-17
2.6933178635463827e-12
1.0067672448803773e-9
1.327383426067131e-15
7.92363901163156e-16
2.1597824628851715e-14
8.038757569184663e-16
1.6743730255584077e-14
5.220892722688174e-11
1.1474023617209743e-14
7.427479805799355e-11
4.3174271830772675e-13
2.544122115398413e-13
1.186811028071057e-13
9.714599040149543e-15
2.0866905149754151e-16
3.8452319375864075e-13
2.268252549164335e-11
2.084410454430957e-11
6.098382471345142e-13
1.6794048327109264e-15
5.57980536402758e-14
1.6779215087326295e-13
7.033315926045573e-14
7.437891572982297e-14
1.1007104983340648e-14
2.1782145181116424e-15
1.0186239930756293e-15
4.5123093787300447e-10
3.4216289027999905e-11
1.5723696607919714e-14
7.829104720334655e-14
7.152602071932915e-14
8.103112566485247e-13
2.6551805352161437e-13
3.8542566171357745e-11
1.9587804102870973e-14
1.023970515808686e-9
5.858191924069028e-12
2.641031107264235e-10
6.8875922445462645e-15
1.377312045582132e-15
4.0037180253228553e-13
7.0856275345121514e-15
7.782450107414122e-16
3.0564466950378224e-9
7.756897325334148e-16
1.5223001376472917e-14
3.997459727646326e-11
1.653160174895636e-13
1.8834440134486215e-14
3.64629558481085e-15
2.2032997524764574e-15
5.97037948314539e-15
1.415264848325859e-20
2.5091734545774964e-11
2.4708350037609237e-13
6.964853172891128e-13
2.1107452262339172e-13
2.5063262502113663e-15
1.8568426792418747e-13
2.3380798027997314e-11
4.2331872759938944e-11
1.2534382116815734e-8
4.000242311323052e-14
6.53551358368416e-13
1.394420787444351e-12
8.628009811087418e-14
1.6899092071029483e-13
1.7368132689900103e-15
6.159885288351474e-11
6.3219514738766865e-12
1.1523454606622549e-11
1.401643741545448e-14
8.10598186387118e-15
1.7016044548924173e-13
1.3542219463457935e-9
1.5879258243544005e-11
2.683595359783201e-14
2.6531438387947046e-11
2.5678671079186623e-10
3.8331226512809453e-13
1.0836501827710504e-13
3.250480907248028e-15
6.449934687676371e-13
9.933731400062086e-16
5.004979064889528e-12
1.902768077472785e-12
1.5951396653461986e-10
5.504238727722455e-16
5.661321627431343e-14
1.255268660879122e-15
7.328794517187237e-15
1.0173654652631026e-11
2.2799010218733766e-11
3.931038756478969e-17
1.342417329564636e-10
3.802531232754332e-16
1.601133085817351e-11
3.820760969157663e-12
7.698808414339892e-13
4.565887370649519e-15
2.366717239275948e-12
7.7848268094079e-15
5.592501085896418e-15
2.1681238527818222e-13
5.904468458423377e-14
8.576050934024769e-17
3.8894331398189897e-13
4.760157687203317e-12
4.5249993757818354e-18
4.208522458660748e-17
5.736448665893463e-12
2.44138198887376e-15
2.8570318087019696e-16
1.7731282026587708e-14
1.635968054184893e-10
2.150056654147925e-14
1.9460470534912693e-14
8.757838862603727e-14
1.0134512217776768e-13
7.556487723632102e-12
8.880991477026207e-16
3.103396584882646e-15
8.993545472814822e-14
1.3297785026933499e-13
8.743638194672081e-14
4.741790748970188e-13
7.1962585353263e-10
4.484151027424341e-16
1.0642413913565454e-11
8.775720665946454e-17
6.868663112884471e-16
4.17381024589809e-13
2.896722030814758e-11
5.5352171392141096e-14
2.276133500916889e-11
4.233056142995919e-15
8.921880068146096e-11
2.359688191989312e-11
2.774536230001236e-9
9.100624521728046e-13
2.11506499017963e-15
2.138878348961224e-15
2.2243054194652376e-14
2.033635615240801e-11
2.3570428716647334e-11
1.0028856756958298e-15
5.0786914673608e-17
1.7456213486097535e-10
7.61119741680683e-11
5.195666542158355e-10
2.3861073280593443e-10
5.959092876343696e-14
6.270004935687315e-14
3.985379995707126e-12
1.5208480904610334e-15
8.69226284128676e-11
3.7999170295372376e-9
9.048057917634799e-13
1.0218571940261671e-10
9.104245756032072e-15
4.085826451877933e-15
6.861604637420708e-11
2.2738133828600787e-15
4.620416316331635e-12
8.690013974823117e-15
3.0155109897728934e-15
8.975827680895099e-14
1.8111676094358125e-11
4.3149849669335765e-12
1.3782657043453228e-14
1.9628220306360477e-15
2.110767498693873e-12
2.1242906278202602e-11
1.1009385985292645e-14
1.657054562894219e-11
3.1907555249924426e-12
1.412279948207371e-17
2.0408005773888708e-14
1.0261892287323705e-14
1.703549275476261e-15
6.283493422000781e-15
1.6690497576104922e-15
5.2927520277375165e-15
1.0837741098993904e-11
1.780652778475571e-10
2.5036355146128335e-14
2.0567344037526902e-12
3.234904483808114e-17
7.699762343515189e-16
4.636477133043489e-13
7.770348017214498e-15
3.91490664827743e-11
2.905310595049683e-13
4.2477682517218307e-17
3.730958689782096e-16
8.842497862067323e-13
2.011130534764351e-14
1.737547818922043e-13
2.6868991164458072e-14
6.173150351699727e-13
8.308484522951053e-12
1.7010399313436926e-14
5.016632398019698e-14
9.765364917910064e-11
2.764434376733377e-11
2.8298432441524475e-15
2.6207899593879993e-13
6.18166451635636e-13
2.4297978968359624e-14
1.4611849491821445e-14
2.396443683735583e-12
5.874593569568099e-17
6.671204161158457e-13
6.629404047830577e-15
4.954885069836817e-12
1.139276298336834e-13
1.3888624017370665e-12
1.1882126732728748e-15
1.380174543850832e-13
1.0680445928382751e-17
1.6659394008477385e-9
2.889439857556268e-15
3.835301423441383e-13
6.042814575986163e-10
2.254788903901366e-10
3.7052150735043696e-13
3.114452703329783e-15
8.295390610713559e-12
4.060806941141176e-11
4.278911081542853e-17
7.457662299045367e-11
9.574155773589383e-14
2.1954045535782303e-14
3.141444730285773e-12
2.2015472931571032e-14
2.7451039361965833e-14
4.706105170067714e-13
1.7739862444621112e-16
5.080058961738403e-15
3.048801059746947e-16
2.644914692218689e-13
2.992961019687109e-12
7.184764332211877e-14
1.9337991090083905e-13
4.37757821217805e-16
5.164910148765784e-10
1.4105517519614592e-10
1.4428426629543533e-14
8.380553321462366e-20
1.7887508828086917e-11
2.4090010743954076e-15
9.242024037825395e-15
9.535473049113373e-12
1.8705932635654942e-11
1.8207223126691778e-14
3.7233614345203837e-10
2.425750619231998e-10
2.13730650983106e-15
2.5277464526377435e-11
3.559973862898125e-15
1.7590855561893353e-12
3.448546470741173e-11
6.244955911125982e-11
7.817998916923159e-14
4.226626302224363e-12
1.9886574791627852e-11
1.0400356341445721e-12
1.8664527156967027e-15
1.179418591925175e-12
1.6148409027937079e-9
1.9922036133684382e-13
6.171289378991107e-12
2.230623938608449e-15
1.9902135959151195e-12
2.971132117639858e-17
7.771795594140932e-14
5.724853636264035e-13
1.460101396521904e-10
8.281547842161399e-18
1.0511467549815698e-13
9.225990977578613e-11
3.0888007645953187e-12
2.240367982499045e-10
1.0981841532762049e-13
1.1488663535529628e-11
1.071229267798032e-11
1.2648788937062783e-15
1.0613863566177434e-13
2.5446909320730697e-16
5.602018206258684e-14
3.379260919385055e-15
1.7321529581800435e-12
4.1939579496037516e-10
2.2573857172333086e-11
1.0162034582566731e-13
7.784609559631369e-11
1.0485071530449511e-15
1.7738029257186946e-12
9.79258947781489e-12
2.9381450884496455e-13
2.985901215249632e-15
2.7236459394542306e-14
4.939735658016365e-17
9.285179809987148e-12
1.3074041967947861e-14
5.305058848847718e-15
8.49440087809614e-12
3.7021026743638143e-16
2.039332481683704e-16
1.3338174102379194e-13
1.2595665468057024e-11
6.826700636129995e-15
6.867186041033702e-13
1.889615071790565e-16
8.13637755983675e-14
8.126230985015905e-14
8.627889927578855e-14
4.570289332280564e-14
3.5679980078605644e-14
1.8080319431620056e-13
7.823179430005482e-14
6.045990239529715e-11
4.510150801619902e-12
5.391477795765024e-16
6.105326387412282e-16
2.667928936123804e-17
