1.0127161046779368e-21
7.108901902753627e-21
3.476967766169598e-21
2.6157611270697474e-25
1.0713692325276613e-21
4.198252032064467e-26
3.0157981280384034e-21
3.248296811379449e-25
1.3364548617463128e-21
3.9005170951561586e-24
4.847418851120111e-25
1.2541773764188044e-24
3.355657091605778e-20
9.681628637277654e-25
4.9873469217892006e-24
3.717166627068893e-23
7.014934122476632e-19
3.0941049877183345e-25
1.6170485860740025e-26
2.946419787981621e-23
7.88363551911787e-21
2.5718206752381184e-25
2.699930708909765e-23
5.4714187752966774e-24
1.4934862747402381e-18
2.9751358742785876e-14
1.2750054756331075e-16
5.1678852379890626e-23
5.570453472595663e-13
6.485054206787674e-17
3.7746992791632342e-16
5.509672942020572e-19
4.6649837377150835e-23
1.0787849283731294e-16
1.5255927981555516e-21
7.700739969739678e-18
3.903868580514944e-18
4.843738481245718e-12
1.315149724251683e-22
6.686942850619964e-25
1.2121331645804416e-16
1.2362695608101612e-19
1.3125984201652826e-14
3.8868235549519e-14
8.01943644054379e-19
3.4051079601587697e-19
5.2546892649868e-25
6.457204101312532e-17
4.188589762235491e-16
1.6848830664847819e-19
3.406671461740184e-14
1.3462663211009522e-19
1.6047813667065943e-25
2.3770803414469885e-18
1.1095969678820049e-16
1.5378505192295052e-16
1.2832080296404586e-16
7.830010287004484e-18
1.0372118974118815e-15
4.694052030447067e-17
8.711808503275286e-14
5.720294624488508e-17
4.570807255188011e-15
3.647624221964004e-15
2.7566545557558356e-16
3.0431508018940864e-17
8.336376357909381e-18
3.892764457812191e-12
6.754952550987827e-17
9.754675316166846e-24
1.3088370773219877e-13
2.3603497178016517e-17
1.389227490005742e-13
3.5786571577795184e-15
6.278458114785398e-20
3.046077538685422e-18
1.7687274007760827e-15
1.1400872337742608e-16
1.3283519654773706e-17
5.483317385654629e-21
2.728322414899679e-16
8.711272368341357e-17
4.5951662569353575e-21
1.4868899383345995e-15
4.5259685285380246e-17
2.4446076431514262e-17
9.68250571896516e-13
2.813615234059489e-16
6.989647204602754e-20
8.74316652459097e-19
5.457484123455506e-13
2.2905779698334583e-15
1.3249655284030759e-15
2.327302705289884e-19
2.210578506748973e-16
2.6943783982285943e-12
2.0407183301528273e-15
6.57104319348537e-17
3.244981752211802e-17
1.6351062875905952e-17
7.731265045058222e-19
1.6060804553047833e-16
5.5251661926313825e-17
9.34658905948469e-17
3.766423031574914e-16
1.6926969457356178e-16
1.1428482306780139e-17
9.988079846681266e-15
1.7162170724161956e-18
3.847472931723457e-20
1.4458864887461805e-16
6.019256710743379e-18
1.0122086320338194e-20
8.388823215757553e-19
3.1241296756220504e-19
2.760479517064259e-17
1.611590616710648e-17
9.496111230803125e-21
5.649152520362908e-18
3.818913618042061e-16
9.700320859301108e-15
7.287711587308604e-18
3.5974885245201894e-20
8.881141456035968e-18
1.3213505599996577e-18
4.591692239748543e-17
3.805890761497623e-17
2.2880989621798756e-19
1.3743407482285889e-17
9.222945126525774e-16
5.516732153679564e-17
2.2374286222191626e-17
3.899573603416731e-18
6.435259174013462e-16
1.81132252433641e-15
2.3326715673791413e-13
1.2850513410928948e-19
5.850271488770617e-18
3.950348950689657e-23
5.715672947715165e-16
9.951153217437351e-15
5.375837080676587e-15
1.689569400174062e-19
4.495814677082612e-19
7.905286806031601e-18
4.141487602092397e-17
2.3576957356067633e-17
1.2531743918924999e-19
1.2929428911632436e-19
2.2142444162035734e-21
6.986650323219269e-20
1.6008493158982533e-19
4.344474149809802e-21
8.241749201727523e-17
5.89054461330546e-19
8.054453953371546e-15
8.76355785417137e-18
1.5986874076326715e-16
6.511452725687478e-18
4.386121820269699e-18
2.337163188541723e-19
4.366471858711642e-17
2.7222244632560736e-18
3.4614874979906857e-17
7.427231672518751e-19
1.5142852641837179e-18
1.505927125882796e-16
1.8156814336829625e-22
6.8462599540846645e-22
6.09694224706587e-21
7.058361425376048e-18
1.8521847860514285e-18
4.699747672769263e-20
4.3728912551301785e-16
1.0408923415605534e-12
3.601971016797679e-18
2.080374963610322e-14
2.5374688866167844e-16
1.8114474313585236e-13
6.646012075097361e-17
1.7707470560572086e-17
1.731157847367945e-19
1.3560457273200401e-15
7.3665841313169e-15
6.00643989445214e-22
3.8244192910803664e-17
4.178041715582204e-21
1.1844634489089039e-18
1.497113589152011e-20
7.291304682092926e-19
5.996185101521105e-21
2.1495224634419785e-17
1.473690140183281e-17
4.141129683790126e-18
7.077434071393587e-13
6.222870364532669e-16
1.1752770969074035e-17
3.713455232671374e-17
1.7062530326218757e-17
6.013886410151584e-20
1.0931413212796555e-14
1.826682768754045e-17
1.8476047223915986e-17
3.120631437623522e-16
2.2172999535480807e-16
1.3637132318573501e-17
1.227195147892641e-17
1.642620728443578e-17
1.3850942585805192e-20
3.716116031354071e-16
5.1421540075970814e-18
3.261076962074322e-15
9.489220518783955e-17
7.003894125367531e-16
7.223901101421816e-20
2.47080532059509e-17
3.5048699443134975e-21
3.865076216001514e-17
5.3201900076724375e-17
1.2345233109365652e-22
9.388086915103251e-23
1.2607563002721584e-19
1.0078897891225758e-16
3.3322503903534424e-15
2.0526876980257778e-17
6.109334974044628e-16
2.0119118345924457e-15
1.3890280039781585e-17
5.417942568613497e-14
1.0744762420949225e-19
6.049452264701565e-18
5.341895936655417e-15
1.2412163245170748e-19
9.278001522282323e-20
4.106021125656964e-16
1.1067721500056123e-18
4.57039312786839e-18
3.471168285081606e-24
3.129275808124263e-15
2.518979593294201e-17
3.851961671532317e-18
1.856380952724092e-19
5.0527074164884763e-20
1.0242201916789493e-15
1.0628777985298429e-16
2.9161671336417206e-20
3.2980841249580414e-18
2.9514555296804574e-17
1.395746282401275e-19
6.544643629808747e-19
5.688558490464129e-14
4.253657657200653e-18
3.9372190222176624e-20
7.894266714555868e-18
8.710710469193915e-17
4.0591449820914495e-19
4.919853125120596e-18
8.039467940713702e-15
5.464008838880156e-18
2.2386969772136716e-17
4.3676358162854615e-21
8.539464282922534e-16
8.100221523389393e-19
2.7165720547008756e-16
9.02902795726511e-17
2.116574676445672e-15
2.7367123954138826e-16
1.0607986875268491e-19
2.3645788004238e-20
5.210633917306463e-19
1.7089859007916828e-12
3.4955479829315493e-15
1.25323978149063e-21
6.659648665897826e-18
3.747529602724562e-15
2.5259883238108397e-18
1.5411013121251026e-18
3.791020185429984e-17
2.374965621540518e-18
1.8107852477125025e-16
4.066409852644755e-17
5.01929965028268e-14
2.2833266508485675e-16
1.0026540450041612e-16
4.2875314156965873e-19
6.391366940512346e-19
1.3252881204400169e-18
7.805867778904222e-14
1.0628596674016945e-13
1.0692971015889911e-18
1.300898183137584e-15
2.3095269399136387e-16
2.969797365568297e-17
3.44601807725418e-16
2.6583627123916335e-16
3.1758523629542233e-16
1.5062084665221517e-20
1.3814944374742717e-19
1.4509391346316234e-21
2.3542460215454415e-16
1.7903420930347723e-19
8.905420223130005e-15
4.969806338863178e-19
3.4836191741209432e-16
6.019520231885588e-21
1.1799419736382597e-18
1.8591120566321417e-18
1.74881210527213e-18
1.2962180316048588e-13
2.846349641464849e-16
1.0724954023208058e-14
9.958820604677815e-21
6.649158763916086e-19
2.1960870344931883e-19
4.9394531901683915e-21
3.469863807649433e-21
1.5420533669334916e-19
5.775052096144901e-22
9.604745730623756e-22
7.667685528163094e-22
1.8319698905799964e-17
1.7459911701485962e-17
1.9515814308511927e-20
2.7939609603440325e-15
4.5651659535563194e-18
8.385825907258772e-19
1.056714580819619e-20
4.4937650500767664e-17
2.392866713647107e-20
4.251262455395273e-18
1.4034764266585484e-19
1.0222236088684919e-15
2.454414012441802e-15
5.74457612215131e-19
1.114415962600092e-13
3.658971801022665e-15
7.612001879735788e-21
1.9620474618773114e-18
6.916583757752827e-14
3.27278952420144e-24
2.5463157131086496e-20
1.2718713229049652e-17
2.503229738068177e-20
2.7095242301529412e-20
4.7455623884780567e-20
2.3030101068669866e-18
7.674153494806938e-21
4.219763996310925e-17
6.774125789815718e-16
2.1956413663574515e-18
1.5822859193503946e-15
8.675260988822042e-19
1.7585758812453843e-20
2.5957457866585285e-22
5.4848763729503534e-21
2.597923352473076e-20
7.244926561434336e-17
7.105165005643727e-16
8.804075295650235e-19
1.9270096345338643e-19
6.326931585497691e-19
1.0560759773971367e-24
5.233565555974491e-20
7.133206726891788e-19
2.2554006347154917e-18
1.1795951664632722e-14
8.544146127179905e-15
3.665339071653743e-17
6.855658217548441e-16
2.448639015000675e-21
4.2069192220439685e-17
1.445525763880467e-14
3.1133809956978322e-18
1.0901664216356017e-17
3.3950891478033004e-18
3.6885257772069673e-19
2.192015405751186e-20
2.972379001734819e-23
1.0378599695710598e-20
3.7255505372712114e-19
1.7574542525532782e-18
6.308123142690277e-18
1.6736221910622641e-18
3.784285740839238e-17
1.3573190077892445e-16
1.717592645378366e-19
1.0381645332560143e-17
8.657524558893594e-22
4.256968897522732e-18
2.4244077409708826e-18
1.858141065184801e-18
2.0697491839046673e-19
1.853600189009169e-17
4.403714052048038e-17
2.4272344407892034e-19
2.3856401605884207e-22
4.139486018812627e-15
3.020285778606141e-18
9.790889622552292e-21
1.4963243649813494e-19
4.579003742089296e-18
1.238493238547849e-14
1.9812591342631498e-19
3.779392192315637e-21
3.839225210906112e-15
2.4305890277226363e-17
6.2947987502842064e-18
1.5410888461882175e-22
8.03962960586556e-22
9.01788633394801e-18
4.116093731803384e-18
2.453309434627205e-18
3.021310966416844e-24
1.3004422680652764e-14
1.1343335504558274e-16
9.38557323331099e-16
3.6734669048377643e-14
5.922240648338723e-20
1.3234361202852436e-21
4.811084755653322e-21
3.4286810135190066e-20
6.311555115093042e-20
1.1658418323381786e-21
2.1947640132778417e-18
1.8716846502498066e-15
5.410920613719425e-17
6.350900052085628e-15
2.2417033381630474e-12
2.8234165162976067e-21
4.29905302460399e-17
1.1189619051852966e-20
5.575754738945306e-13
5.790709672314803e-15
5.191854663153388e-16
4.2411996536779223e-16
5.882132097702405e-16
1.881358922499289e-19
8.92871242273793e-22
4.109962335083079e-22
1.4871275804363046e-20
6.358395581694985e-20
1.0557312774626612e-16
4.830468063252031e-18
2.375464219183975e-22
3.4401025064151336e-17
9.416955054561231e-17
1.1056612762361337e-20
1.0285624141996936e-15
1.245558733265089e-21
4.989299692901791e-17
3.640794447627066e-20
4.1643685922453777e-22
1.6596182541038788e-20
2.7519427046978127e-16
4.784782725787158e-21
3.7125804084069714e-21
3.737296309113603e-13
3.0560578211448705e-16
4.787322706170772e-21
1.0209421979967496e-14
5.578732262077657e-19
6.980528341838902e-17
3.2607634549792923e-17
1.8432290259946201e-19
2.6791317305623725e-20
1.0144145359770002e-18
1.837572676907885e-15
1.1234510765406733e-17
2.833123644603195e-12
1.2849909553898728e-12
3.528314701003211e-22
1.045912647600247e-14
6.862467613833601e-20
1.3559533999440696e-19
8.039987563632598e-17
1.3152458061102463e-19
6.693326831962449e-19
7.575120049634282e-17
4.837641742526707e-15
4.343128646722867e-17
7.808402303896716e-21
1.455399121980928e-20
2.2811674501011004e-20
7.627028893898871e-20
1.5825101169839737e-13
1.553372643380018e-15
7.486642250634943e-22
8.662508905646257e-25
1.0407645897008284e-18
4.059430219239634e-19
8.22968987425606e-19
2.258731525655672e-16
1.5500620567882727e-18
6.255104301286308e-20
1.0666726150519352e-16
3.5390406626878922e-22
1.0727987576194904e-18
4.251216093390163e-18
2.2789692555783523e-22
9.402099758115744e-24
6.177992879787716e-13
2.8847346496186134e-17
3.574811934740973e-23
1.0229656159261321e-19
3.563691518194357e-23
3.6143048977483165e-20
7.425841557256057e-19
3.5479934555459563e-16
4.320549244223259e-20
1.149372598455487e-19
2.0972827889907692e-14
4.037750764536976e-17
3.103302019977663e-23
7.522766406332286e-18
5.626902694236459e-21
4.957847120058391e-17
5.030533855358077e-19
1.6937578071544852e-18
1.476810849015727e-22
2.1474533943609597e-17
1.2939276496575522e-19
5.279503897480601e-19
3.981048495532684e-19
1.4333229403781954e-18
1.868144232567214e-13
2.1409659373808905e-16
1.0556984733876319e-15
1.2658504446121662e-20
7.395246352239341e-17
3.0149232828320132e-21
7.909655920948894e-15
4.431846419187438e-19
7.322064166824993e-18
1.6778016133095583e-15
1.4604994529395528e-22
1.1276139569997136e-18
9.885194265211054e-20
2.9401340208830294e-19
2.7458072521376202e-15
1.5310027352710948e-19
5.536729063771459e-23
5.621182559086417e-19
1.0910254811410398e-22
6.394397979796643e-18
5.663513168521146e-19
5.555586811172877e-22
3.84221061421411e-17
8.193696015240662e-17
8.946089913833248e-23
5.709806685058659e-23
5.269343023575049e-16
1.0753715048961588e-20
1.1325636089605626e-18
2.6277747900877044e-15
1.0450003761502353e-18
1.632591157527268e-19
2.1596288970844237e-22
1.2736232540071329e-23
2.5836297167123675e-19
1.6393514796262003e-19
2.2398455487949723e-20
2.6551414524094747e-19
8.246447564854934e-16
7.214213942020073e-16
4.07904482266329e-16
7.305335165627608e-18
1.4352928019043314e-13
3.3828626260497205e-13
1.1406194272567473e-17
5.4277446545116356e-21
5.100403954415598e-19
3.6334460407149175e-16
9.776467720819883e-22
2.84566224006199e-17
2.382117896403216e-19
2.788589150739729e-17
1.3000494742027194e-16
9.677645316637171e-17
5.374983191714412e-19
1.71909708971562e-21
5.368408366039576e-21
2.9033108159274712e-18
1.218280784784903e-19
8.089396508186753e-21
2.1350772122696406e-18
3.003926387636702e-20
8.800748303930406e-16
1.241783898227422e-15
1.2547410649285872e-19
5.484743664198106e-22
1.7061963986610482e-17
5.9486977521569935e-18
8.611330373698039e-25
3.9144756509999606e-17
2.1356979187215243e-18
9.112585929665878e-22
2.2338228854312893e-19
7.32117242426407e-23
8.956464758541526e-22
8.451511408376474e-19
2.671918521535588e-18
6.048381315808562e-16
3.607556540779912e-17
5.431720830978967e-16
4.585790646279431e-22
5.663730965374466e-20
1.400668141147442e-17
7.478304002721962e-18
1.2108370418914035e-18
7.00117260470672e-18
4.272461693878397e-22
6.752631265459566e-19
4.1045065487909924e-20
1.2425343838401754e-17
2.889051665109032e-19
5.984390478112817e-20
1.753292862218456e-17
3.2268957828091584e-17
2.5873068675659644e-19
1.457855796746253e-23
3.5275621175140835e-18
2.148146169760162e-18
3.751540369964686e-21
3.1530920408710657e-19
7.002947545250253e-18
7.198499879900932e-23
4.274437526819147e-21
8.87453342333666e-21
2.6384282474607187e-20
7.440703978090015e-22
2.8436469289200136e-20
1.6416944194241607e-13
1.0286592290278045e-18
1.681901252872308e-17
1.3580061746564236e-20
1.0917264613689624e-24
6.51928284480048e-19
4.1504491584608875e-23
1.95936299234332e-17
7.35495513016264e-19
2.494538065574323e-18
2.7175940576743215e-16
5.14799351854028e-17
1.837303692209992e-15
1.6779798985803664e-22
6.560184873120817e-22
1.0233052348689267e-18
8.418464918939785e-25
3.0045527351850597e-16
4.3028763694699253e-20
1.2371449317768003e-14
1.9006634968384318e-17
3.1880443210899754e-17
7.804316506041981e-25
3.5817823830285095e-20
1.9951850098328617e-17
1.287227557092072e-21
2.5064015643773123e-16
3.4318317310847626e-23
1.1039068360870913e-19
1.1922423466362453e-21
3.360924968928821e-12
7.738469206639954e-22
1.519059146128916e-22
1.3394002816542601e-21
8.523884622687698e-16
3.405933197018911e-21
2.293848413929211e-16
1.6972549263288133e-20
6.12608950992655e-14
2.833398129214226e-17
1.4238124924592845e-20
6.182122849567376e-18
1.2072075314391013e-21
6.329555545123898e-21
2.9665115122996744e-21
6.798938389705318e-20
6.679069560313405e-22
1.9800574253439267e-20
1.0322964500043093e-23
3.354997146181261e-18
3.004160119081663e-18
4.3233462780698213e-23
8.734875103868019e-18
7.936056619880373e-17
7.076296408840159e-18
1.6445408610027973e-19
1.2976791598529976e-18
1.614105793691063e-16
3.213922620541527e-20
2.2947232394100094e-19
5.441239674299096e-21
3.694127804675768e-20
2.9691644609102826e-16
1.2803469026829687e-25
2.2246909109311993e-19
2.264011720728246e-23
2.1449434515472502e-20
4.7807404042954954e-17
1.3863682690294317e-19
4.424020003242238e-24
1.321934502899543e-19
1.4119326824955194e-17
4.9794717505019244e-17
1.0004156770859801e-17
3.5465759357250395e-22
1.0964190237482605e-16
5.54600132934143e-23
2.717792747705031e-19
3.639572596104508e-15
1.8995286019763056e-13
4.9711896912194325e-17
1.335091993006057e-13
1.6648904098833427e-15
5.489064283841219e-21
1.3265437798955424e-15
6.241070495412302e-20
7.57042794210476e-19
1.1863216273405323e-22
1.810533652411024e-14
2.5979739960209368e-20
3.0830585823978454e-20
2.1345562839124084e-18
1.0665941119009142e-16
1.2455657651634768e-14
1.7149373318569945e-23
2.5731122164100215e-17
4.068497819683711e-15
5.522074522306695e-17
3.129420734833726e-18
1.1801819834002133e-20
1.3101625624376568e-20
7.898356681735188e-23
2.6028456161214847e-20
7.979679089659638e-24
5.183559544495491e-18
4.859462676021205e-21
1.0629885872438483e-19
5.426909983991784e-23
5.302276309985785e-17
2.021614154623264e-19
4.626092895767053e-18
6.556440400833274e-22
3.327716169778709e-22
4.805256966849431e-14
1.1814568699003399e-14
2.6238167214027192e-18
7.03752838890447e-18
8.177306309286359e-15
3.63871578626488e-21
8.231144839174599e-19
9.95064394775644e-19
2.2336960783390594e-12
4.518240501671415e-19
2.228320778582708e-17
1.5020830398934354e-19
1.2744453976643863e-18
2.4209674835955162e-20
6.180208058533082e-17
7.523163250848918e-19
7.480640510976137e-19
7.930609566546209e-19
5.930169781219978e-18
6.444085115081627e-21
6.6178060616176414e-21
6.110333505204744e-20
9.423283529412098e-19
2.2289201555350276e-23
2.929846229523837e-20
8.39965569028054e-19
2.0328520110542787e-18
1.0370754314422883e-24
4.37000059251386e-22
5.293885469959776e-19
1.1946757142836016e-18
1.154132682264791e-19
4.274246517842984e-25
1.5291438192723296e-21
1.3741122483803816e-17
1.4023234419135784e-18
3.2165662772153625e-22
1.4873368958291453e-15
4.471026829853447e-17
3.4559991180101565e-23
3.8905270324614546e-18
1.0073763238563041e-18
1.2186068026561675e-18
1.5900064821208433e-16
1.3832208782188223e-20
6.800287558187489e-19
1.0577826156191997e-22
5.260259654822017e-18
3.973043432368215e-20
2.0145129777042247e-25
7.098283293648014e-16
8.194752787992328e-20
1.3996289664995252e-24
3.851589023917933e-23
1.7592284470721004e-21
2.6377764089937684e-15
3.8117925678068555e-18
1.07388629910168e-21
2.0540147488255647e-17
2.2533564207334535e-18
1.1315956708503836e-16
8.79554521761082e-17
2.807741079775448e-14
2.565043044119658e-16
1.8069040616006498e-13
2.545369753460877e-20
7.57622695766989e-23
7.721617189153785e-25
5.371640704506088e-17
7.036880677830682e-21
5.579870560473594e-22
4.794981173481522e-23
3.738611034023556e-18
9.218959659418243e-21
3.5780452668286137e-19
2.0798724255928551e-19
1.6651502914789366e-12
2.59288671427342e-17
5.486960367206531e-23
2.8597524127752645e-24
1.0587255378314141e-21
3.348386477048608e-16
8.63243985639122e-21
2.362414792403055e-19
1.454549315577954e-15
2.796864936962629e-21
3.91061516868491e-18
6.7285921393981845e-21
1.0916840735092793e-16
7.646971963064878e-18
3.479658289784973e-22
8.080030990237384e-15
1.72720847440938e-24
1.4017873927638462e-16
7.287286952609227e-12
1.0624601638768175e-20
1.2492504976201026e-22
7.224087033174292e-16
3.947934352820083e-21
4.0752869626096054e-20
3.282170364180314e-18
3.201537301845419e-18
4.86875352845715e-18
1.4753371973723699e-18
2.9707113578383055e-20
4.3601160846898e-16
1.4004233656782382e-19
6.5701470438891134e-18
1.1179088163302939e-15
4.121524880683965e-22
1.6885495974132887e-15
3.785816482704415e-24
2.0804678922677205e-17
8.350082659050999e-16
5.785011257787994e-20
4.346853171735972e-18
2.975063311984637e-20
1.0186663289456508e-18
1.385919711297683e-16
3.2002096375056824e-20
2.1172370431588037e-14
1.2290350804068977e-15
6.342590671236625e-18
1.1043100067147818e-14
1.095480382961497e-19
1.7599129864954628e-15
3.461224100194645e-21
8.160493273907461e-20
2.804247566824823e-19
2.872281583446009e-17
2.0074329952829152e-19
3.845434943076061e-17
5.937636463468961e-25
8.142802602197866e-19
2.571331222541971e-22
3.547436945639692e-18
1.6799418133007327e-21
2.5339631417302767e-18
9.674163886782792e-21
1.2684425550418202e-21
1.0668502356916555e-22
2.2784075577431928e-17
1.1316456315525635e-20
7.23421388053808e-20
1.2571573408778688e-20
5.4513461152728255e-18
2.7353772273078226e-23
6.589712182195322e-21
2.3976776183630954e-23
6.128633504980316e-22
2.5881453172570067e-22
2.4394658876824463e-22
5.048108335380559e-18
5.005609183232843e-19
5.352039387235074e-23
4.437598819769389e-18
5.537033890468079e-20
1.248849770523859e-16
5.072988336084098e-22
4.533960134724658e-24
6.207835780618657e-19
4.7512835649224516e-27
3.161962723174919e-19
5.610899601873976e-17
8.084014410921719e-20
2.482100848098792e-16
8.879709654683249e-21
2.1906086233862463e-19
6.746189293278467e-24
2.718373388745073e-13
1.7674758465787614e-18
4.481666833780993e-16
3.6543606167599686e-18
1.549359508091843e-20
3.5244560567282684e-21
2.4695767511947336e-23
1.6265267677919547e-21
4.982809751119746e-25
6.790585840233068e-17
4.379664563393261e-18
5.415596619110843e-20
2.9732971102711374e-26
3.420750351283569e-20
1.3035233107856351e-21
1.3228264820150437e-23
7.002427481706534e-24
4.037723413454548e-21
6.516659324865054e-18
4.908452110491953e-21
2.7693298561524345e-26
7.007485046225305e-19
4.734291096949974e-22
2.5972831961197787e-21
2.45447076215879e-22
2.942339049121691e-16
2.4674401249935226e-24
1.0282674198801709e-17
3.602589402794601e-15
6.656863355622134e-15
6.364804188939899e-23
4.709964365521095e-22
1.3279317037859403e-16
7.715083279630718e-18
9.44104446761376e-26
2.3767482467533717e-21
5.086670639391005e-19
2.9543637546577084e-17
7.152798633438495e-19
2.911547710426664e-17
6.59066750387458e-21
9.678004609452649e-19
9.024847290988595e-26
1.321054290741183e-21
4.491581872599193e-21
3.142111262156838e-26
9.493979417873474e-25
3.2543335259236937e-18
1.5922156381136813e-21
1.9291562895101416e-19
1.1984942242281387e-19
1.6205679353580178e-23
9.556849861356211e-22
3.520892228916762e-21
1.3687069241675305e-17
1.030167860285866e-17
5.71511505267169e-15
5.848196897609967e-17
1.0059922465223238e-21
1.9210209038459237e-22
9.661148160345568e-19
8.250586713714343e-15
3.17932024410855e-25
1.1471945369094469e-25
3.280980467637503e-23
2.3851519514896904e-21
4.731019600076128e-19
2.617526625860635e-25
3.2638445985345077e-21
1.1787016684855385e-19
4.1215148000150996e-20
7.40194875839655e-26
1.0550725805012087e-18
7.339876538206385e-20
1.5078037739807903e-18
7.22899288241528e-20
1.260688835426341e-23
3.2908681714055766e-20
3.254627376943493e-13
1.450851246374404e-17
2.1853213309935793e-19
1.9679089052061487e-25
7.11323383486312e-18
2.2592151082809232e-20
1.9319788965981408e-17
8.796517695406603e-20
3.79411751426416e-23
2.0194307600875135e-14
5.769547677388823e-22
6.628974526041076e-24
1.9354682432252055e-19
1.9553786516121145e-22
3.8880713044853517e-17
1.2822055059454814e-16
3.1941947764351087e-16
5.464742613284621e-22
7.995182082160324e-21
5.132782929725872e-17
6.942092942819381e-24
2.853210768093204e-17
1.5530160583918176e-19
1.622024638140544e-16
7.262793163829318e-18
2.2836959514204934e-24
5.066049144611183e-21
5.437085227319655e-20
9.847022882998834e-20
3.0991637020555854e-19
1.0690773967165275e-21
1.0673760510698385e-23
8.483968838618302e-20
3.80150073607877e-24
7.594484628191291e-20
4.8571199143618686e-20
9.206310200764225e-17
6.910745317761776e-24
1.7038129588766677e-22
1.731122669180038e-14
8.19615446693705e-21
7.915385213521786e-15
5.731517568157077e-24
3.1844177983838763e-13
7.004901666088241e-19
1.3637339236222773e-18
2.7617131564825477e-19
4.677731745209455e-13
3.7936484465711784e-21
5.980891401218082e-15
5.178785392338508e-23
8.186002675333859e-24
8.268503053579967e-19
2.4101979968641694e-20
9.897662536592337e-15
1.0991076095960804e-17
5.024021841123254e-20
1.0144797688791193e-22
2.5639461151875196e-16
1.9322634343839748e-14
3.2358593114786794e-19
1.3305549766579417e-15
7.034289704623665e-20
1.8421963819367202e-18
1.3123188006060823e-19
2.057143326510479e-8
7.119553477115838e-19
1.2485017588146056e-24
7.140106700534456e-17
1.1704398842742427e-21
3.485114685964878e-25
1.768939520438275e-22
4.934149019524683e-15
1.1174995738085844e-16
3.545816090482216e-13
1.8796643860757814e-20
4.503451593760304e-19
2.0190687215163115e-14
6.439995692292944e-22
9.076658094210297e-15
2.0242177683212366e-21
6.663168784228564e-18
4.324793506057199e-17
4.6272420630438996e-21
1.0363548786957499e-14
3.3525163265144884e-21
2.6087523403626183e-16
2.42807021314092e-17
2.2315034288290584e-17
2.536730253504172e-15
5.977925847708314e-22
8.655505298023082e-21
2.9450235662104865e-18
6.337656533449501e-19
7.033929151005433e-16
5.1752966211359196e-15
1.0898652561408086e-18
3.2973691113866445e-21
2.0870494582403763e-16
3.6395088972231185e-11
4.902605425506177e-17
2.165592481746512e-25
3.031500201797027e-15
1.6917153710637393e-15
3.141639116821335e-26
8.920953573201806e-18
6.546924678033595e-22
1.826594572831387e-17
2.909741141445294e-16
3.599568847182505e-19
2.0792457769944958e-22
7.113925810746933e-19
3.714055303674672e-23
2.874082442407403e-22
6.933028746216581e-22
6.874504167009611e-19
7.511446597436019e-17
1.215768621184509e-21
1.7428235683369053e-20
3.549268806579512e-26
1.741102525511745e-19
1.035945894492568e-17
5.422399940028925e-20
3.698414969540732e-23
7.658180628226878e-19
6.096518073044466e-26
8.357930838749355e-21
2.370365086521256e-19
6.586755134046e-27
3.909991533036803e-22
4.839799755039693e-18
3.1619694276100423e-23
5.252436279164605e-20
8.50350150404348e-20
3.71683469713162e-26
5.1887439910380585e-19
1.439612092147124e-25
1.287821513280114e-18
2.361172676506024e-23
2.9136753313175308e-18
1.5642639641738447e-18
5.591904322984905e-17
3.201980474077279e-22
4.838748039365391e-16
4.351702161195862e-23
3.5168884162553915e-21
1.9717749627159383e-25
8.189947421061811e-18
9.745546105134758e-18
5.67158665458645e-17
1.4674029697596973e-20
2.6058370246328497e-11
1.3939465059522612e-20
3.2767284529603052e-21
7.579290781105972e-24
6.107162154537108e-22
1.0203684581014339e-18
5.379210439521554e-16
2.0925056901415105e-22
1.006489342673496e-11
2.017053642662284e-15
1.7030110420170479e-18
1.996007436581537e-17
1.2418747445675172e-21
7.583127475554745e-24
1.941137220034117e-22
1.6012591345025437e-21
9.17424154243685e-21
1.3657727397208684e-16
5.2511151443479584e-20
2.951433533292041e-22
1.077106402071736e-15
4.178734406639867e-25
2.862119851152266e-20
2.40120052056181e-18
3.320833393141325e-19
1.2327398795004222e-18
7.28581613747775e-24
1.4931527084634474e-19
6.834288952386836e-15
2.5144918336448855e-19
6.103784081127858e-17
4.156698195949752e-12
2.1595228830452487e-15
7.3583465722132e-15
2.144848991544965e-16
7.639756713153543e-20
3.9635424781991476e-26
2.778577515066291e-25
6.430759915467392e-23
6.252892003792672e-16
1.7644322768059326e-16
2.2529387009384213e-25
3.1077164963290396e-27
4.1175842568059655e-19
3.594843651390162e-25
5.984773203091e-19
1.375538339482346e-22
2.7109416104968497e-17
1.0580068452828808e-20
2.18659499200977e-16
3.917458497156737e-15
3.005645047913058e-25
5.166352493783811e-18
2.7429605185290354e-19
3.4100158239788424e-24
2.6050460019522464e-22
4.4121693593772453e-20
5.649886824781018e-20
3.5893013623796e-16
2.3212763672961395e-18
1.9348820511030378e-15
5.527557251136544e-24
5.7301735671818355e-25
2.8411058528786816e-14
1.2432812245978185e-15
6.3461242974106495e-25
2.063797512802386e-16
3.9001793814850554e-21
5.500972101527327e-21
5.331811084604338e-15
5.141478158813844e-18
6.929127388640364e-23
1.1845501120618134e-18
1.4350331787193087e-22
1.545447744094756e-17
1.7103815091613597e-17
7.056716875492592e-21
6.839924383675361e-21
9.595017179580899e-26
2.127446803443561e-21
9.03573355515804e-20
9.275700809708606e-18
2.0480018615120228e-17
7.218914707655727e-16
2.817898420235814e-20
3.94913899263633e-18
1.825841846104033e-15
1.0925732895615463e-11
1.1439601807111562e-18
2.0845070584986674e-25
1.3226744283359369e-25
1.5771682790360508e-20
5.2988133690141497e-20
1.1858355180649672e-20
1.7577545755511495e-21
3.623711101527927e-15
3.125645740812999e-24
8.423922066038567e-12
2.7140435986171117e-19
4.698821342225991e-20
1.6363285683034521e-21
6.0480975572275475e-18
1.1597727081683146e-16
5.198675564213852e-19
1.7610376428229334e-15
1.8419039405003894e-18
2.1706147709353692e-18
1.8847022365858857e-18
2.3800528338403516e-22
6.976781459551543e-22
4.209325293768756e-21
3.314382682479651e-17
1.65809055467437e-24
2.2235864765849145e-16
1.1428559833194617e-19
6.434895323366842e-17
2.1549018025908287e-16
2.7244458829119373e-23
2.1555380456329554e-18
1.878738470390459e-25
3.3648442532603928e-22
1.723969320102892e-17
5.769324442903951e-24
2.6146327581616575e-18
4.094718071855823e-21
3.834297310101228e-19
3.702822387728427e-23
1.1985439347950989e-17
1.1416735305752243e-19
3.191576114687035e-25
4.5941138218359394e-26
3.2140814070760067e-18
1.6804830470731302e-23
6.489175712662334e-19
1.571692841059249e-20
2.1374246784782975e-18
2.775217391479776e-18
2.5376885234659994e-18
1.6805567894853315e-19
4.686171730171185e-16
1.1465970757064187e-19
1.1295262224154681e-18
3.288539444527191e-24
3.964895987886607e-21
3.184117580859081e-15
4.743788411237613e-19
2.0964445045772773e-17
4.8262179961830635e-22
1.926598660142121e-21
5.430010266116433e-19
4.514695140603091e-23
2.000539566719939e-22
1.1863535060471213e-17
2.5150079198657417e-18
1.263626782072353e-13
4.603836500273444e-21
3.8568154076254505e-23
2.150378114710959e-24
1.8210894628172994e-16
7.491370838368304e-23
7.617811123835211e-18
2.4539743995435235e-23
3.281975417169301e-21
3.55391814423907e-20
4.947488911909831e-20
7.891534821869277e-23
4.769629322250126e-19
1.889567861680504e-19
4.018132668419673e-22
3.386073256447366e-16
1.2372846013329688e-16
4.312291406976952e-18
4.4986020979074384e-24
2.6238103275047248e-25
1.1899185280865828e-18
3.5465309938647705e-18
8.853682695165184e-18
3.643838825281692e-24
7.832990398261e-18
9.096757919628831e-21
7.289334783514486e-25
1.393580890251421e-23
7.775975253106996e-26
1.58426439080184e-21
2.117850167178597e-19
3.9146385934810727e-19
1.9621555423368757e-24
6.825436905718593e-20
5.659753373659009e-19
1.236039223502449e-14
1.2343549189534843e-14
1.654732281724804e-23
5.13766059500067e-19
4.252856504967605e-20
1.4746873837396067e-16
1.4343724086546515e-17
4.2518532925799047e-19
2.407821396115998e-18
2.6090878363714246e-20
5.422857948511778e-20
1.6803186392843222e-19
1.596634560110768e-14
5.093822596353495e-23
1.0676406943455794e-18
1.0074182958743819e-20
7.421000572176257e-21
1.3088935828016897e-22
2.55274115285749e-15
7.534864919173868e-23
3.6686938760252126e-20
1.2371393561227734e-20
1.5970565755029753e-23
3.5178590957865306e-24
6.2241133287257614e-18
3.6292801290035872e-19
1.7828549125111215e-20
1.1015805494620952e-18
1.808112155781243e-25
8.006760710925617e-19
1.058756961590699e-23
2.3097748917513454e-22
1.9447806970083645e-24
9.595276357933444e-17
2.4526834236458724e-22
1.0231553044047916e-17
2.55675253223014e-23
4.481347843759772e-21
1.0038494473109477e-22
2.4850223351057703e-17
5.300850242851279e-15
2.2925481897217524e-20
2.2750695889448234e-18
1.5861650802943114e-16
1.2728206012482963e-25
2.0228897262391128e-21
1.4599781381768765e-16
3.524522485145858e-20
3.7578372786805307e-19
1.673346825701047e-21
2.8568805158164475e-22
3.4266641812993855e-26
3.8596174690364304e-18
1.868517217639524e-26
5.394951306233576e-20
1.8932085153445195e-19
4.0537845466596254e-15
1.6265922629035456e-17
1.6746455888553455e-24
1.1826130066561939e-20
1.1024213764578953e-14
5.5078964070752745e-22
2.3445916531713626e-18
1.5081871954635136e-19
1.2075165366885509e-22
1.0784997061866215e-16
2.555849574784489e-16
1.5622710166545745e-17
5.4088624138015205e-18
3.553801813705121e-23
1.6573758529379306e-17
1.1874821658473158e-17
1.900419845730298e-17
1.6733673409961107e-23
5.001669648932865e-15
4.260191661750763e-24
3.778097334649613e-20
5.736342291324835e-22
1.045333988853255e-16
1.6906991299320977e-19
4.4946946958984555e-20
1.6961746451804061e-19
5.223391520851669e-19
2.3275060192957875e-17
4.808099821693312e-21
1.862026720507389e-16
2.055872614273296e-25
8.77769288916805e-21
2.138512730277774e-17
3.305566756195931e-23
9.309855397161354e-26
1.5403092730100588e-25
2.735041888162215e-21
1.9681898072605678e-20
1.3413295232960268e-27
1.3017189670247792e-23
2.1772928850702654e-24
3.9463613913859633e-16
6.700066938458434e-23
1.5965548419310746e-18
2.0002094978710134e-18
4.491291666214461e-21
1.0132016701458936e-18
2.769270326295301e-19
3.395347151165092e-18
7.254712241978234e-13
7.268478734071375e-15
2.6739855966410392e-21
2.0324988455025868e-20
8.067135350222346e-23
4.948417061515757e-17
6.802516534733612e-16
3.0727078304976485e-18
4.9040355815465045e-24
1.69052288313949e-20
7.546990573529376e-24
8.61035822064135e-18
2.2495223680332975e-23
1.2509749895788461e-20
6.572439383071027e-21
3.479823168813002e-18
3.5533755126331345e-22
4.2887646795558235e-17
1.6867568490034748e-20
1.787305925804879e-20
2.302342999179412e-24
3.288026354891856e-22
2.3841412851862915e-18
5.829361239800945e-22
1.6902117036383085e-13
6.100758911770049e-26
1.1884408889062738e-15
1.2271500479771516e-23
4.6481731736589824e-26
5.693489552443002e-26
5.545885395603764e-17
4.151282074657214e-17
7.978861702175269e-18
9.212956386336346e-21
3.734718096727572e-23
6.250117029250148e-20
4.4848618353005404e-20
8.721655926267586e-22
1.3413093650146221e-15
6.113736894903765e-17
1.1924240039509428e-13
1.963698558338383e-23
7.565882655927286e-26
4.5411834094867743e-17
7.151355571973967e-15
8.098427687351338e-21
6.12179115221176e-17
2.919472326850188e-23
4.7179727065769175e-21
3.521347772925223e-24
1.0885913998362262e-18
4.908802501828853e-23
5.917927691395904e-20
1.3287439437804991e-20
3.170135028409748e-24
3.1871545062612608e-22
1.0721184842754161e-21
2.5079828795776285e-25
4.7700782791020715e-21
1.3321781968397224e-15
5.711601699800924e-14
1.4714724746370742e-18
4.4182103817420824e-17
1.5168656948776035e-22
2.074426572108081e-20
4.296186082929753e-24
1.8282837462130978e-19
9.946252248452965e-22
1.630280349916357e-21
3.35099693485481e-25
1.0045904718580482e-18
3.4207058953150325e-23
2.0757371220839147e-23
1.4833139933787215e-18
1.9648578891082198e-21
1.8187963913984414e-16
4.737738161190587e-15
2.3246684736887526e-22
1.2547245538485687e-19
1.2228484656524994e-15
5.179920023949888e-15
2.2404861640234716e-21
2.2885503578988257e-18
2.1411784275762104e-22
6.077579280588837e-23
3.3831969130190317e-19
2.389239797587202e-18
5.383725259659725e-21
2.290033121904244e-20
7.732473043004829e-11
2.128673637343662e-21
3.58025317436371e-18
4.44900930675699e-18
2.4640238722747575e-17
6.53550270003065e-13
6.027789450198522e-20
1.442478850880674e-14
7.001965828564236e-15
2.8264293787855455e-21
5.035083492574491e-28
1.3693983269691741e-21
9.75175456182021e-28
2.3876272536960533e-17
1.1536495122021957e-20
3.559074604817964e-18
1.023457425013552e-18
8.632489056529766e-21
1.4233389821585397e-14
3.8309452726432057e-14
4.186370307695697e-17
3.420318454487114e-23
6.469665240580499e-16
1.366571883621911e-20
7.534191364040139e-19
1.858863726976342e-20
6.934307222231149e-18
1.716372086357489e-20
1.2557774216169575e-17
1.295188446327873e-16
1.383217767131107e-20
3.4663393011516043e-19
1.9532160265729274e-16
1.4763526903143407e-23
3.22309944445217e-23
1.6591568726108608e-22
1.4255192145729565e-20
1.2885401974773212e-24
2.1937053419368344e-19
1.0908281987294158e-26
4.5283370874427055e-24
7.268904205784718e-20
6.542308083262705e-21
1.2078400172650013e-18
1.975195653991896e-19
1.417211598960434e-23
1.441359630904485e-23
5.946190553334394e-27
6.3416955121468455e-21
4.487237375384425e-16
1.2073723856850498e-23
4.7904492880041657e-20
4.683193482293663e-23
6.428143131038534e-21
6.289679394326271e-25
5.173673802000081e-18
2.3435860164882657e-14
3.0163658557391413e-25
4.855369705117636e-19
4.907714422269542e-22
1.2605231223677625e-26
1.0291196642051042e-22
1.7992998596479932e-24
3.851852283553242e-18
6.861676055308714e-12
1.7200227394744224e-16
8.520313750907748e-19
6.861960051124514e-23
2.9285825206107016e-20
6.392663409620735e-19
9.109488093656665e-20
1.7240522879357296e-23
2.0420784794270524e-22
1.3804218934750997e-23
1.6112399409480906e-18
8.392953488582008e-18
1.4419462121911652e-14
5.566200946133755e-18
6.600703049059113e-17
6.82828632551045e-22
7.249547401529523e-21
2.7356122019353848e-24
3.0298527296453186e-18
3.8704419328724546e-22
3.128482246075278e-17
8.780335439017846e-14
3.142993360720164e-24
7.223577051638893e-27
1.1244266196634893e-24
1.3705389772015676e-18
4.049286870307193e-23
1.6122249144029409e-19
2.2846416805756798e-20
3.9239875291864327e-19
5.061411957751805e-23
4.784364388808758e-19
9.00806666800995e-13
1.9298729257821534e-15
1.3517365616824255e-18
7.650720936841561e-21
2.881485838049854e-24
9.317601625273998e-23
9.09460334161056e-22
1.19685295917459e-14
2.3201972322209317e-22
5.3775129628088306e-14
6.981959028224206e-25
4.3593508730210834e-21
6.338147295841346e-22
6.633999029475146e-19
3.411841320620773e-24
4.191704339442443e-18
1.2350964027414444e-20
5.1780269827666024e-21
2.948685163555618e-23
1.891411887830431e-18
1.1599517923044488e-22
2.0328166749239735e-25
4.397894603873651e-19
3.6726129048801526e-18
1.4823541091596202e-20
5.362460999810087e-28
7.483989302511364e-23
5.731798879803228e-17
1.0618466155952247e-18
1.980001868634558e-20
2.128129950987854e-26
1.5402509223615194e-17
3.603653787172256e-15
8.121702451614212e-15
3.4770600559069005e-22
2.6098232016471852e-20
3.0399961854825834e-22
8.120311689575986e-18
3.75971741838681e-22
4.554013698182495e-23
1.2758173679924146e-23
4.720956178879938e-16
3.020210590535834e-19
5.0653924125306643e-17
5.25095889880918e-27
5.608557135475249e-15
2.9133526078732876e-20
1.7543630091378232e-22
6.319333509688457e-26
6.446240249667636e-16
5.994011358177513e-21
6.14103711566061e-15
4.7537748003158597e-20
1.1693046167028786e-19
1.843371000366912e-18
3.2837098500658358e-21
3.583114148036091e-24
7.487367948177262e-23
5.185892789201431e-22
1.6138616016318267e-24
5.0578817518861964e-20
3.0999199141201174e-18
1.3581132119395284e-20
5.444566475120746e-17
4.895228482558485e-19
1.8306027659967238e-25
1.6134444480184988e-22
9.569486130305498e-25
1.4691541926950376e-13
2.8640579379675734e-21
1.4881029315393683e-20
1.9149921114563586e-19
7.310899920014502e-19
1.1227854836078504e-14
3.666997726813872e-20
7.489185421602157e-24
1.0326984555723572e-24
1.6720749516513225e-21
1.1466297441569115e-16
2.8729993479136297e-18
1.262236435331679e-15
2.2378102252385503e-18
7.182921982576163e-22
4.2419743821177825e-24
4.371387905096192e-23
3.729117509916883e-27
4.005732145387777e-17
1.1819219739843181e-24
9.733602838380449e-17
1.0218095297123428e-17
7.441468685515818e-26
1.3717790156459945e-23
3.142150538227241e-20
6.01133747699621e-23
5.823218642664049e-18
1.7984103368285083e-19
2.2060904800626208e-23
7.054479413997187e-17
1.7722897478771273e-15
3.465275274636742e-21
1.9532617625513925e-15
1.774149219968735e-19
2.237411768518003e-19
1.337686694165534e-24
1.33402759103483e-14
5.492183106360232e-19
3.636900785022186e-15
1.0668921072446488e-20
8.735473450906815e-21
4.526553132098169e-25
1.467684763049466e-20
6.778022690905474e-13
6.592034900123253e-16
5.520936017269571e-20
8.353559688044223e-17
1.9558546836704653e-16
1.8841701321887578e-22
2.3396557444779878e-17
7.748677407910521e-13
1.3843754942729844e-17
5.691215179812321e-18
2.233034150876219e-20
6.2269905532970714e-18
8.568453128937647e-22
4.287321481149196e-15
1.0300593124173489e-18
1.824639603548147e-26
6.17621880041261e-20
3.121474377929396e-22
1.7800688790358e-22
1.9661882729567825e-18
1.1868865693465764e-22
3.2402177719115185e-17
1.5657772615285662e-23
1.4025167989368246e-22
2.633801520812272e-23
9.12951784602845e-17
1.0610558124202088e-21
6.176152732593587e-19
9.356844310977682e-26
3.85976722298862e-16
2.5231409580368777e-24
4.24501127662147e-26
2.9319107271829144e-24
6.1580881609819105e-18
6.492507357404202e-15
3.715567948498883e-20
5.24684150597786e-20
1.818154290144564e-15
6.261725570898922e-17
3.316047321762846e-19
2.053836194218109e-22
1.658318801216855e-19
6.827647867279883e-20
1.2377521988917846e-20
1.6584030634645597e-12
1.7957116354219218e-22
4.406960187153029e-19
1.3091859976929057e-24
1.315386450397692e-18
9.43171172665303e-22
1.1838225299356193e-21
4.995461791473163e-23
3.4483446857684666e-23
1.0234760503169529e-20
2.459617181365875e-27
6.722252086962437e-25
1.0405259817842586e-23
2.249938375548247e-21
2.8790848747853874e-21
3.4444509254324526e-25
2.14216722769789e-19
2.8353085902643747e-22
4.019961262852872e-22
5.957352233780532e-16
5.3959359279775223e-17
5.013455409257791e-22
4.261872225135186e-25
1.9122098689699853e-27
1.4571832079083742e-18
5.635293841603438e-18
9.196049574001387e-20
8.703554619355257e-24
4.821470608116981e-25
2.9854813077307388e-18
8.340305345720387e-14
1.7410775412544989e-16
5.01180882185273e-21
1.051396099280061e-23
3.2740920443252575e-22
5.238248659352142e-23
5.527471640917286e-23
2.2421633765599163e-19
5.754124466824891e-19
7.533945560754014e-20
1.2213966502871493e-20
1.1324987977164922e-25
5.756183369355289e-18
2.8201028609934895e-20
8.882705216197333e-17
4.020000534942382e-20
9.649626511624988e-22
3.144263600320524e-21
1.1572099498746026e-13
1.6500161522358722e-18
1.1675571305326356e-19
4.2146477887151986e-21
1.0671564896968377e-16
7.268250155243166e-27
5.636212912303683e-26
1.8143775315341159e-19
5.731622810056466e-14
1.033909178198815e-16
7.182834563432586e-22
1.76116846330736e-21
2.8559979925690764e-24
3.2318249762724936e-19
7.474335940359441e-23
5.5254846647771785e-14
1.838874985704668e-15
1.1572572622384263e-19
2.689655229430057e-15
4.9446340414619054e-18
2.1463925502167245e-10
5.785422200217934e-24
3.4687401318336884e-18
2.6334596026501986e-17
2.7322206463427267e-24
6.873618315949209e-16
6.022171602013294e-25
3.6962611199023215e-18
6.501787873618303e-26
2.1586884824882706e-17
1.3177636729890775e-16
1.0021750677178221e-18
1.947699554681589e-21
1.3870147149933304e-16
2.0520667701517643e-22
3.101614984265134e-17
2.9896989281237076e-15
3.523148791884731e-23
1.6637565699492887e-20
1.4064670030233698e-21
1.2380932307315363e-24
7.131297514581124e-19
1.1110177115396671e-18
8.506406923471107e-24
2.8375733986634332e-15
6.80451754104146e-23
1.6833944635868107e-24
1.5193459780640338e-16
3.9695919083459676e-22
1.4546216281714951e-25
6.097665865203435e-19
6.400541430718396e-23
2.3214569153295177e-15
1.601169831279056e-20
1.205019662174821e-16
1.7850263820725486e-17
3.2362995729293585e-16
1.038211574638464e-21
1.0116325864933597e-16
5.937467118750067e-19
6.425273213677873e-25
8.286672696163256e-21
2.8843611093016847e-22
2.5398854237872543e-19
1.7554296830856344e-19
7.403647802457949e-25
3.870290748527285e-21
3.215570890372872e-21
2.6450898507185365e-24
3.6584075627418234e-20
4.4211849114360115e-16
1.9451752337150857e-19
4.810821379410204e-19
2.487288603274449e-19
5.088941088513963e-19
1.0265337979117348e-17
1.2528640500244556e-18
1.7044329167551112e-19
1.791288020021194e-21
2.7983637133494324e-20
4.499459980639532e-19
2.4090187980270683e-12
2.2319987218171347e-20
7.136576276341474e-16
2.6569559836166116e-23
8.029928485594672e-13
5.733339535125329e-15
8.430569096743215e-24
6.738526113982246e-18
1.9223080794852345e-17
6.964679926980857e-17
1.3316235099582975e-22
3.0372706652482815e-23
2.046623276189991e-21
3.736835262136841e-18
7.407576435988052e-22
7.98326198320621e-12
3.4280157484631654e-17
9.330657783621362e-16
1.458178489362791e-19
1.359730509471879e-22
5.199957560940594e-22
3.367840732252685e-17
1.8508294896474583e-19
5.3891807813957665e-20
4.24315896098039e-15
8.14030729547169e-24
4.6655672830170426e-24
3.74774586982908e-22
9.715591067035038e-24
1.3900208985878605e-14
1.330885171842071e-19
8.247424180562996e-16
1.2716947915906506e-20
5.7307314935270295e-21
3.3248953001503404e-20
2.6584038336748846e-22
7.136096612265806e-20
8.61341830274243e-19
4.7829989824813704e-24
1.3537042259303957e-13
1.2326155304907224e-14
1.2625741769294803e-12
6.508195389074116e-16
9.870798254159864e-25
1.1846818109932203e-23
1.527638480865905e-20
8.424325310075233e-24
3.76843653891371e-24
3.7683376404523675e-27
5.545515407093158e-27
8.317077621055901e-22
4.426408276743403e-18
1.803045244200893e-15
1.870960303433994e-21
6.472185096594036e-21
1.3423919964646187e-19
8.814138282697035e-20
5.085771478646175e-19
1.2563837536157756e-14
4.904983940093788e-17
1.4035749093271092e-17
3.038033675912322e-23
1.095310572337472e-17
4.428231830281874e-24
3.104766619386953e-23
5.109404372651101e-16
4.742944948770806e-20
2.0556264176156587e-21
1.1401096273493326e-22
1.4786547860746344e-18
1.7933758603705767e-20
1.0077930434414641e-24
1.959727709103682e-27
2.5643827368712856e-22
9.61948935838995e-20
1.6507053153203098e-23
2.991594668921245e-17
1.569460134062343e-22
1.4814036319726512e-16
8.014405505028452e-25
2.86181351811445e-23
2.59142208210155e-16
3.1460321778617564e-19
2.734817573000136e-25
5.4459260456608024e-15
1.8085752865018392e-22
1.9464912798449392e-23
5.463825499226021e-20
2.532599239678844e-21
5.453305262802227e-22
9.93173596786313e-20
2.317128991443038e-24
7.625381228452282e-19
1.0575015718286301e-15
1.1385268474242673e-21
9.355827375580251e-27
7.768534476732985e-17
5.028031329792738e-19
8.57170572788682e-19
1.3577169561805354e-21
4.2416506792312844e-18
1.0202401385126725e-19
2.0317659900668157e-24
7.566314359502907e-19
1.117418399327121e-12
6.54098619106572e-22
7.235738595084116e-23
5.552199784990779e-19
1.8977924582091326e-20
9.001049862796186e-18
3.067071103220269e-22
1.5093712069443554e-18
3.2213116157852914e-22
7.352368592384191e-19
8.668205600848043e-24
1.2510214711500427e-24
4.1859915769946396e-18
1.7196900261790867e-16
7.485338344469076e-21
6.756269743424274e-17
2.6744321255549282e-17
7.920318539247783e-18
2.6966615829830845e-20
1.2855630808679284e-21
1.3067575457965301e-22
1.668013557640765e-14
7.454368437095947e-26
2.566031312410629e-21
9.245237002855489e-20
5.3413058564482347e-14
3.299436187272707e-25
3.29094292274616e-25
1.4708675189441662e-19
2.661804846883149e-18
2.216908926048626e-16
4.657928084926857e-27
3.131601260996405e-21
1.999138816691996e-19
4.739703157446059e-22
7.132964288919383e-19
2.53348477016291e-16
4.20847688377485e-13
5.925671308036263e-20
7.516010925706962e-20
3.4595727789679056e-19
2.0115831652894073e-25
2.6508341131630372e-20
1.0439801548902693e-18
1.0711248836954413e-12
6.708559358110954e-19
1.0664394083551693e-23
1.3596260341318299e-25
1.6216119228564647e-21
4.6503904290794817e-20
2.910116938204048e-24
4.495889746924095e-17
4.724967265085077e-16
2.7088258734607163e-20
3.456667261659361e-16
3.035690154180108e-19
1.7673569611274125e-21
4.565865238015312e-25
3.614257227560179e-18
2.341445921385311e-15
3.692910435227405e-19
1.3172964245911992e-23
5.161655765399631e-19
4.022115008719403e-21
6.751647801669598e-23
2.9962071651250404e-21
2.6629902700132075e-25
1.6554775805475703e-19
4.198529833000517e-20
7.641261498051413e-20
3.4599205696824357e-18
1.3413118473140002e-16
7.757117310731316e-16
3.018176611501527e-18
1.9843149677159972e-15
9.002551031169893e-21
3.285502264053822e-20
9.274383847267434e-18
4.40129843617096e-19
2.0810735966677194e-21
1.2604209191782187e-24
3.3403143177401227e-21
3.7162759365586313e-16
5.75567747724567e-18
5.271917030397096e-21
2.963314330630821e-23
1.1161257852739229e-26
1.5945218385169406e-21
7.683765617073685e-18
4.181421016600826e-18
9.423319170765339e-14
1.5861607810567416e-22
1.263482375198132e-24
5.608262716988216e-25
1.2309520561056457e-20
1.0827172532182942e-22
8.674204849586679e-24
4.753743244479998e-20
2.281770760664385e-16
2.0645864768116474e-24
2.4999228416885744e-24
3.9405209698629804e-24
1.594039423785226e-25
1.05373058005667e-19
1.4925214800329e-16
1.6223225696264739e-21
9.350645118034785e-23
2.7365992117572437e-20
6.107897544635263e-16
2.699769678882273e-20
5.820383019359387e-27
1.920883351512401e-15
4.221172799808001e-21
1.6944790373929045e-16
4.477797044171015e-16
1.1541235625225183e-22
2.9424873157818076e-24
1.291368981938319e-23
4.4607303757059365e-20
1.6357775223001866e-23
6.956887391602599e-24
4.2509794844433442e-19
7.067263650770463e-16
2.5420433973841163e-19
2.775200824448773e-23
9.316000927825528e-19
2.490396278941707e-20
2.2614666554647834e-14
2.767663115772511e-21
5.078024718411189e-22
3.901028667128528e-22
1.3131769987689669e-21
1.452861663522741e-21
2.9628304527459353e-15
7.26234390211182e-21
9.0169677846039e-21
5.481775508621099e-23
1.0173091419393065e-16
2.5622117491969215e-26
7.597960094913201e-21
5.003838823900003e-25
2.87455175790217e-23
1.7622124965691548e-17
3.963729884608264e-22
2.7416798301447297e-19
7.767233312669047e-19
2.0324057314950971e-19
2.991522529563329e-20
4.7790542296109667e-20
5.064476871622669e-16
1.4730232742470046e-18
1.354000724191708e-14
4.828698111585932e-19
2.9899855682688015e-17
2.0915510819186133e-18
1.267000250991018e-18
2.3601689199786365e-22
8.682170597723565e-22
2.43296926184465e-16
8.116070524743624e-21
4.445231329512844e-15
7.857397571808739e-26
1.610132589642685e-22
2.9012680120883786e-15
3.100024817414429e-24
3.1546539428526265e-18
1.1976123520511786e-16
1.424686087165226e-16
9.23022389239856e-19
2.9689894663857245e-23
6.922811682558373e-17
1.2563299670198578e-22
1.004553894440724e-24
2.4616010374009235e-17
4.1051611574527564e-25
2.3301055944254913e-17
1.900113408573558e-21
9.344448861074589e-21
6.834232649394212e-16
3.427495990683647e-15
2.671304199157103e-23
1.6026703062915814e-22
1.2262710011046443e-23
1.7781506670014148e-17
1.106731226431864e-16
6.635876810736265e-24
6.643921213946557e-22
2.644004069407809e-21
1.8195601692711985e-22
5.402078399049151e-21
1.8701802099094406e-21
4.026336955012578e-24
2.1783493531231484e-17
3.3041931876309866e-20
5.574732422246761e-18
8.0907363023098e-25
1.7694103776752268e-20
1.3239402826862332e-23
6.117153029981917e-23
1.631323999857342e-20
1.0879938556852143e-17
7.15008765912433e-21
7.148089651783027e-23
2.0177752545787578e-19
3.8253059430884e-19
5.0381131275114236e-17
7.520319414938163e-18
3.111476569598302e-26
4.6021136148279516e-17
5.554042562119246e-23
2.4501655516212383e-23
4.232076917725803e-25
9.15748542833842e-20
4.067819499084505e-25
5.74699605115035e-20
1.7456660164938668e-20
1.1845200629590913e-23
9.911885304089554e-24
1.741788454328119e-20
1.6448385992705565e-15
1.2647191147997589e-18
3.3828616913475726e-19
8.503642011434486e-23
1.0029316828935183e-22
1.0125141236441363e-18
6.604450242355571e-21
6.210288215841339e-17
4.9015748280300475e-22
9.682737545679884e-24
1.0116957169148317e-22
3.887828149378e-24
3.40251353107492e-21
2.309886202440441e-20
1.8693794224298854e-23
4.472734866050753e-25
2.6686468049433758e-20
1.0482804051426364e-17
3.294446610819955e-19
7.168862160438472e-16
3.536333267123324e-22
6.1564463113085115e-21
1.518158687472173e-12
4.984716013230555e-17
6.630560932616454e-22
3.020793699013625e-16
1.0853189072257775e-27
3.740175993437489e-21
1.7362827490309188e-16
2.7656467411902503e-19
1.0969291275990765e-19
8.524811901577558e-20
3.2684568040287707e-15
8.086167664240573e-24
1.2286072721047876e-24
1.9327618130209017e-17
1.170109600756666e-18
1.8669162890944161e-19
2.012150256597054e-14
1.4284015944184355e-23
6.3193868051062775e-22
3.538692999471938e-17
4.274411361023262e-20
9.956027902197567e-21
1.7898180059966854e-15
1.091418132706652e-22
8.564850933976402e-21
1.1498034970786283e-23
2.373616625044556e-14
2.822137864606829e-20
6.194919242779144e-14
4.351758070641259e-20
2.9130229703059064e-22
1.0757596744204573e-23
1.0868047312240232e-17
3.5071587743442204e-18
4.337789782608243e-19
7.680225747000636e-18
2.3797897244090735e-20
8.812177836833145e-19
1.1790721030255555e-22
4.550114984903996e-18
3.094471076540707e-17
1.3975312598384255e-17
1.0974563950982723e-17
6.452533291124524e-16
4.7818174801049016e-17
3.7299375654836006e-17
4.539774270494699e-19
5.911589110654162e-22
1.1883575098341441e-14
3.295850727096041e-21
7.453925073589808e-18
1.3636725561316243e-22
4.7987775341420964e-17
2.0300798344239334e-16
2.5106368517333965e-13
3.1965657014087253e-24
2.9873149310986443e-22
3.8410897383625684e-16
6.780308905996476e-22
2.471479768513269e-14
5.666940976701592e-21
7.029015570324526e-19
5.640122848904243e-22
1.1865937791998072e-17
5.5809258177277946e-14
1.1714163526600974e-23
1.286003783450352e-24
1.339075594274761e-25
1.0084561334780433e-17
1.0831335758502016e-18
1.460193282904509e-20
2.429623916231269e-18
3.619563482207275e-18
9.197524726537718e-15
1.9084593173591466e-19
4.448441905239851e-22
9.563033899649688e-25
1.2040672909262282e-15
3.5599774708446097e-25
2.0133117185606586e-19
8.074403291740296e-17
8.509996518173531e-17
2.4558012107913147e-21
9.669830210482539e-24
2.5692737190374e-24
3.5366498406431064e-25
3.088313172751444e-21
7.877558033156416e-16
1.2133780733757075e-14
1.9132532411552465e-15
6.227518796161267e-14
1.4863085166313316e-19
4.007841602105033e-20
1.378736193274037e-19
2.68984269794595e-25
6.487279039901922e-16
1.644598914372104e-19
8.701267172785083e-19
4.460713450297873e-22
2.7630672234522504e-16
1.760083404263817e-16
5.264086949087344e-19
5.0771479054745653e-17
3.0350283495078284e-25
8.273346066928406e-17
1.0944352775021004e-18
2.7826155703711937e-24
7.358832972015587e-16
1.1577415200398168e-21
2.395230248545492e-19
1.5941864202961603e-21
3.971952003054741e-26
2.5723439720255885e-15
8.29278757645827e-20
1.1992752362010483e-19
9.522819502794476e-24
3.6784933703866687e-22
4.496798576197287e-18
1.1150349256195438e-19
4.978811329650859e-19
2.531999046591083e-22
1.7211669779541012e-16
6.084594260552497e-17
2.9090590730719393e-23
4.861402990924668e-24
2.6646420672039795e-20
2.843870757276914e-21
4.992532275712516e-17
5.195370799889259e-24
1.1352434697447118e-21
1.220843877223478e-19
2.330899613829628e-15
1.831161406994172e-22
6.552867711816284e-14
4.569907115222543e-19
6.155624785264676e-20
5.385072350807107e-24
7.359559628415582e-19
1.6100713323559302e-21
1.1295347278646747e-18
2.4519002057617735e-18
3.303050823258029e-18
1.262897458835785e-20
3.9393565140829715e-19
1.6074454264184946e-16
2.334920287256495e-19
4.929948883746718e-19
8.47965127625189e-20
1.583626920678835e-23
5.842352685626598e-19
1.0210314864569445e-21
1.0206865100917471e-17
4.486592397149829e-23
1.2021575856271016e-22
2.258826507597746e-27
1.3345956920468905e-15
1.807214815869073e-21
9.611053985722616e-20
9.051144733824886e-23
1.681599042623759e-17
2.5073343337543026e-21
6.619080407452516e-24
1.7997405819374652e-22
1.2222012092485035e-23
7.553962713220796e-18
7.630438974147846e-15
4.1150582783423376e-25
2.5616384601537206e-16
7.598173746017317e-24
1.4758690439773679e-22
1.3547380305393163e-21
2.928538991078731e-18
1.103065576525732e-25
1.0008631873282534e-18
9.415022608956209e-20
2.023250866149934e-21
4.0569998397676673e-22
3.044207266456713e-23
3.038555876030394e-23
1.374763200736603e-20
1.901216118354259e-18
2.1412347271216663e-23
6.969329044168182e-25
1.130242026524944e-17
8.280583573360209e-23
6.418752488435071e-23
7.483734107945238e-16
8.394827246438499e-21
1.6128604437681047e-22
3.149408122899606e-20
7.211628683657793e-26
6.550272933784375e-14
3.5295398326155534e-16
3.1900242503508484e-21
2.7943746236962385e-13
5.602153076266291e-21
2.765194986641312e-20
3.4103048361136614e-22
2.5007016938106996e-18
1.0494309837312865e-14
1.5713456463510984e-15
1.449101742267711e-21
2.101410764806941e-16
8.356028911754064e-24
1.8767457602211e-22
1.4990870838302918e-19
1.1963004294703491e-18
8.919287234028601e-18
8.678103698095711e-18
3.242176099527856e-17
4.889932363297305e-19
1.7488651072923188e-20
2.5890792956128695e-26
4.038455783346604e-14
1.374132528118203e-25
1.0471229517857895e-19
1.496651447116478e-19
3.556654074358395e-18
4.359704516108585e-18
8.446311158342575e-21
9.814567370829578e-23
6.007710308377375e-20
2.7632819921337233e-16
5.907883803649926e-17
7.4612013482743e-26
6.773509214278327e-22
3.795075285321533e-19
8.09379810122997e-20
2.6612326271214028e-14
8.050340473397656e-17
1.2687504951130601e-20
2.335937440394039e-21
7.648587570339409e-23
8.822037399420518e-17
4.35029635013482e-18
1.6325903722931895e-19
4.9554193170077815e-14
1.0039810965792707e-16
9.114826644088526e-22
1.2682847741860489e-20
1.3017727268015715e-15
8.287162554920996e-18
5.506527858565823e-17
1.4307176052359252e-14
1.2815835164554393e-18
4.1697407210232416e-23
5.743643690985474e-19
3.993205547484211e-18
1.9023692709196432e-18
2.1975998932622753e-20
1.5904955770489943e-25
4.6807538966041544e-15
1.179920784442072e-25
3.50517576896552e-23
3.841133445038224e-21
2.36650652501873e-21
1.1382570246562462e-21
2.4546917704531687e-18
6.496687312167739e-23
3.759607833523365e-19
4.191232744151718e-20
2.5564571853142277e-16
3.1781077489304583e-16
1.1220516061414165e-24
5.342065657168439e-15
1.0745682493524956e-22
6.81524162664506e-20
8.75022954221585e-26
4.990746583694991e-22
2.4886820482655513e-23
4.2447256873424254e-19
2.3979198641316824e-19
5.359528433395239e-17
5.607050864061025e-23
2.741300220071818e-18
3.905190302950353e-21
4.8503404632533795e-21
2.4312653315851236e-10
2.632665452860296e-16
5.871744234073729e-19
7.873285251300531e-22
2.241616366857082e-17
1.2745277597565487e-17
1.8919743393894703e-24
3.2002879171236266e-26
1.3601405225151218e-25
1.3667844994675954e-19
1.8384861041442075e-19
4.033204398665921e-17
2.580125212179843e-21
7.612877102910914e-19
3.80831466742587e-22
1.8677833014550455e-14
3.67086678615882e-21
1.1723926768916969e-18
7.684163866002929e-22
6.579964456598373e-20
6.404057279218769e-19
3.9140251120144494e-19
4.201538574750657e-16
1.823253444842649e-21
1.784377815262025e-18
2.394824148293704e-22
1.8535868357560465e-16
7.690224063756123e-18
7.805933715456766e-22
6.610524425133046e-19
9.664929468800884e-21
4.4714000369816944e-18
1.031047128417448e-23
1.0409487815589197e-21
1.2110141097323168e-13
3.823724787243902e-19
8.464039417733486e-20
6.046117327986743e-21
5.049240097827476e-21
3.747243203243432e-16
2.64782811292909e-22
3.3701351093992586e-18
9.109101331921067e-22
2.1290137244930893e-22
6.598960169517805e-25
2.011511860362489e-25
2.9314741407504104e-13
1.5508950095620193e-20
8.875973469688776e-24
1.3703404376948742e-19
1.5528541838677104e-20
1.993897546512992e-16
1.338738336783502e-18
7.282627464157382e-20
4.104592644640814e-18
2.755125175163786e-20
1.7987709635139486e-16
2.149005096582382e-22
7.004180525646445e-19
5.758103249377363e-17
1.5944289689079412e-19
3.0971079455478474e-14
1.0141305179344773e-22
3.447461107351981e-21
1.5915968362551084e-22
2.130813007582381e-8
7.351461466755529e-15
2.6567094989197155e-21
1.4603145514106818e-21
1.9443464057675866e-14
3.575685614982179e-20
1.151239793882777e-22
2.9467557789375386e-21
1.1407635646605571e-17
5.401125857931443e-22
6.0539322828641785e-24
5.782569037740313e-22
3.79056733057833e-21
2.888413104368078e-22
4.1094167160586954e-18
2.6159983144258336e-16
1.4009267040351535e-19
3.920752707344648e-14
2.0540545420201328e-16
1.0428941478827008e-17
1.7064727958071282e-17
1.7976616209706332e-15
3.337808795113904e-20
1.587784338450722e-24
1.528304677016758e-13
4.6678147335510994e-21
8.164707743690252e-17
6.083777515462239e-22
2.548341693864634e-24
1.0882967338829957e-18
2.4363308440054407e-21
7.710526810601254e-16
1.0443497926275843e-17
2.357197069983577e-18
5.300473786698701e-21
1.1938081630429968e-24
1.0494792130829517e-20
4.695153670727477e-17
2.3789467510924965e-22
9.759264994316899e-21
2.9606016550399786e-19
2.155725702809128e-19
3.4900293492379512e-12
5.006787520979373e-21
6.1473871282134785e-18
1.1817561023910428e-22
1.1472509253742618e-19
8.36841605898478e-20
1.5456080518158876e-22
6.269569418651719e-19
7.609791027612353e-25
2.7455381356102532e-24
3.00554278270481e-23
4.834894519947885e-21
2.3776857577554407e-26
2.3034442918849314e-18
1.929929232757059e-21
5.972505681669925e-19
7.984295533610497e-20
1.0429411221868928e-24
3.5985119560918255e-20
2.890344743111476e-20
7.805755385556941e-21
8.681934802781213e-18
3.203818764171217e-22
6.216487508123649e-21
5.844865324330796e-25
2.1301317451683053e-24
3.5974278626190064e-17
2.1760446756426008e-18
6.594197421488534e-19
1.1386713395514783e-22
3.91941091973528e-23
7.593872325549484e-14
5.538252431320049e-19
1.1254469187335279e-20
3.179026553508678e-21
6.532641687334459e-21
1.6781885120635403e-21
3.180617021085558e-17
1.4768634691198027e-15
1.128072604752528e-24
5.628208731589581e-17
8.714987278607981e-17
6.985495420736545e-17
1.8790022241156332e-20
3.1570719872404677e-25
1.1966338638873414e-16
2.037799402044277e-15
2.782029575663966e-19
9.422437470107866e-24
3.636746261924889e-24
1.3728379965173614e-20
4.453048922335915e-20
3.8697737662515986e-25
5.412029097868568e-20
2.3644264353174583e-22
2.4343870028613324e-17
7.056668905294386e-20
1.9448698830220088e-21
8.638959453792785e-22
3.17105566916577e-17
1.2309084311965896e-19
5.5332272333552666e-21
7.800273452941176e-20
3.548676495119085e-25
1.1567033649979416e-16
8.568636064291263e-25
4.8215753554021024e-21
2.62152441132629e-17
1.285922325631767e-22
1.0835131964958526e-15
1.106893893598457e-19
7.797518773138869e-19
6.265560751941339e-15
2.6826374979076034e-17
7.518243682578618e-11
3.5471348283164955e-21
5.053315287743439e-21
2.122962636841535e-21
1.4053044156621075e-19
3.937815115456842e-18
5.22314344431847e-22
5.4773627264922934e-24
2.1376014108945913e-21
2.6374278002009216e-18
4.587302663158327e-20
4.691322080311308e-18
1.1161488170756753e-21
9.436938633537592e-19
4.489468553596652e-19
1.2363602172297389e-21
3.3133843085518956e-21
5.330593413093738e-22
1.605885256729705e-19
5.748796166802247e-21
3.2544763528521808e-24
1.40406901764357e-25
1.0388539642778842e-20
1.2316192025506357e-22
4.3500670933855654e-16
2.294164841595083e-24
2.102581302050505e-24
3.1898960710669386e-22
6.744947843714159e-14
4.820703685476394e-20
5.124498543762845e-21
6.797580035184894e-21
4.27080250045224e-26
3.652979758260038e-13
1.3324223187396757e-18
1.211787709802736e-23
3.245486297479681e-18
5.193624267132384e-19
7.741299070205512e-19
9.711759239430565e-19
8.012322648074379e-20
1.2189303912404295e-16
1.6227688378313771e-24
1.713143519349951e-18
2.9612962439241633e-22
1.9385914251420975e-22
8.571187226827757e-22
1.2818082207612993e-19
4.1917421653302583e-14
9.315714910081657e-20
7.261129312179678e-21
1.5613247288246776e-23
5.413484206161553e-23
5.149138771376902e-18
3.390864652639196e-19
1.0659398866967888e-16
4.88937662031612e-19
1.4448556102142812e-19
4.0571873126821123e-17
2.015249657686141e-17
2.2484677729504777e-20
3.042922782349399e-20
2.2102880939664677e-18
1.013527283708166e-21
3.497553767591723e-17
8.528631949316022e-25
8.167375658680952e-19
5.2699204333378224e-21
2.0575878667408998e-20
1.452756218539041e-25
5.82502346421142e-19
1.5746073940270308e-21
3.7483316626811006e-17
1.5346518744900368e-23
1.9996384971998977e-19
6.808192047853481e-15
4.828133917577076e-22
5.071185027535894e-25
1.4013171944037602e-16
1.964267750158155e-18
1.9539462698865275e-15
1.5731219384930626e-22
2.6040845791561956e-20
5.177995246208193e-25
2.0912077798084095e-18
4.217930011914286e-25
2.922921280741892e-17
1.6051670143176953e-18
2.0165552209209116e-25
9.936632743355972e-19
5.153678594300172e-24
6.559213252497546e-20
4.636061785155912e-24
1.974315260448098e-23
2.9630537940133896e-20
1.6007617996451983e-21
3.8430602718629464e-22
3.860650450671808e-19
7.215741291822353e-17
2.9168155636161076e-21
5.61872941072463e-17
2.5602298761703802e-18
9.309605289278632e-20
3.430169497204236e-20
1.1628789693328995e-14
1.4673861895982535e-19
1.9772296796974092e-22
1.792440017749505e-21
3.1243234574799235e-23
3.153244123876994e-15
6.188449146832009e-19
2.0633908283816863e-22
2.4827591074112795e-15
1.0342879813408849e-19
3.9814836968431943e-19
7.095104407475897e-18
1.210300616696974e-17
1.5329584152999433e-16
6.7845407017158735e-19
1.9417246610716877e-21
6.847393030238103e-21
8.463176096345344e-17
2.7611309689374548e-17
1.0014712460189631e-22
1.7593826253428154e-22
4.461834184757605e-16
5.842734754272274e-24
3.282273983524286e-22
1.6884473403420008e-21
4.627199673710526e-21
9.561284058185038e-20
3.2751336985360305e-14
2.92702773795675e-20
