2.987724965770203e-11
7.336132423204971e-12
1.9692837735871556e-13
7.639597049303736e-12
9.026299175678019e-12
3.3598807961446688e-12
3.2956336939262694e-10
3.0595329479059256e-8
2.7939708913469075e-11
4.2738990565574417e-10
1.0312211710409664e-11
8.232388714938407e-15
2.2206302027233233e-13
7.958935124723145e-11
1.9345903093431714e-13
7.169373342204263e-11
1.164807622642108e-8
3.9585415332685106e-10
1.5792288271394874e-12
5.6678405408541196e-8
5.259929737858673e-12
1.040104424059455e-10
1.1154785098635927e-9
1.8566245303105235e-9
3.907439821785139e-5
6.351866374211281e-12
2.3134301300743105e-11
1.008929680797343e-10
1.1211444725356098e-11
7.003662599668936e-10
4.9807104637898665e-12
1.0716877698501885e-13
9.472709289425737e-12
3.51472000543241e-13
7.0458415328724955e-12
1.1894258302583138e-11
1.3456375727920923e-12
5.756520945751003e-12
2.5051595313744834e-11
2.499080047060257e-9
4.292604363311396e-14
3.3676968995709816e-9
1.4748069775864659e-13
7.709008752541186e-11
1.5332988172215484e-14
1.1939236127411494e-10
1.949039539357827e-10
5.102093255950519e-10
1.1178753560087348e-11
4.657050755759172e-12
8.943423577231347e-11
1.8425742304238656e-12
1.0768751555452486e-9
6.9284128363934335e-12
2.534768870632179e-12
2.805068284170304e-10
3.4082895261388497e-9
2.498441928631188e-12
1.252222580059779e-10
1.72827507813431e-10
6.349124704792152e-10
3.317279710492077e-10
7.021654851880635e-10
3.9539278626986965e-12
2.323271737450737e-10
1.5990996250699297e-13
4.720309903889865e-12
1.960764893080782e-13
3.3675815130123906e-11
1.8033124493522238e-11
7.753768663078673e-11
1.2028777593192803e-12
3.0716078927243294e-12
2.375776438780135e-10
4.671267176266362e-13
6.848445730370577e-11
4.9723033691220364e-11
5.759256988997426e-10
1.900613931797574e-9
1.7081760164486853e-8
6.575752022788857e-11
1.8656455868983858e-10
1.2024292654035098e-8
1.460262136194764e-9
2.7251491073601187e-14
3.1840150170053825e-11
1.8630953464004134e-13
9.981435506633081e-12
2.2211848319371666e-7
2.35479133142422e-8
1.8467780226085752e-12
3.636585198602445e-10
5.452253878322868e-10
2.3490195084008157e-10
2.9250192247366113e-9
2.1165688396340834e-7
7.59078328500037e-11
1.8569707309563362e-9
4.5416902734429954e-11
2.210478170919787e-12
1.426341324113773e-8
1.297836280357339e-13
2.701603890060776e-11
3.1641637228284875e-8
4.455145264606439e-12
8.838428490863652e-10
3.4672921095552126e-8
9.203413027913767e-11
3.8429661168075864e-11
1.8754802365656388e-11
5.001932536012836e-8
7.831609485056544e-9
2.3492264370232712e-8
5.987639237037603e-12
2.8432590054029707e-11
1.8611067530280855e-13
4.4920877795224665e-10
8.909600756639586e-8
2.482873999506519e-9
1.1415370141245915e-7
5.668408295883172e-13
5.414420475505432e-11
2.3006517758065975e-14
1.5705860226995388e-9
6.379196470512232e-11
1.8570648458996875e-10
1.363246285693198e-9
3.0838280987116867e-13
5.369056907868113e-9
4.7725837693150535e-11
5.4351987469668067e-14
1.9285276627128216e-9
7.56717500675188e-11
7.304057243837625e-13
6.291017125343238e-11
6.408438298938003e-10
4.1240973370599486e-8
1.3427720587502953e-9
2.5672317389650203e-11
5.9426446048578355e-12
3.1465739773033226e-11
5.921877697263977e-6
1.849943153434186e-13
1.054604752513364e-9
3.6194370556661106e-9
2.947392003336876e-11
3.86226094795669e-7
6.253420961582939e-13
4.188686952069146e-11
1.7458508233126971e-9
5.694894554006156e-9
1.0994266548813105e-12
1.3532461368144351e-8
1.9495204835112517e-10
7.083688489550201e-10
8.187837242640363e-11
3.063395135280092e-11
1.269184308205629e-11
8.511764586800737e-10
2.953811129673393e-9
1.9557774112269373e-8
3.002075421109963e-15
2.376306024978706e-11
1.9536656832180034e-11
2.4794391007393e-11
4.39967271578391e-13
4.025160517547691e-14
1.3233008394901402e-11
8.193812318251071e-12
4.647405550041072e-13
1.682712144612614e-10
9.627952451474468e-14
2.098149763412803e-11
8.104655297175162e-12
4.703722725993364e-13
1.1620953658284337e-9
3.9192195270484113e-10
6.448501840533311e-10
1.060941000780099e-13
5.161107879106486e-15
1.3740573467373168e-13
3.4938687633831625e-11
4.073039720121922e-13
7.231524804975599e-12
9.923096171667204e-14
1.2145379038019394e-13
1.4852426403832966e-8
8.982484121516729e-12
7.065203677679883e-13
9.673314284453808e-9
5.739308620505729e-11
1.8650767061414627e-12
1.2662460436983102e-12
1.972875139680954e-12
1.293220483259077e-9
2.577366557051113e-15
2.247090113451027e-9
5.068619997097516e-13
5.0139572142303155e-9
3.4813750506032333e-13
4.1002306853662714e-13
8.234804503839055e-12
4.264345492112155e-11
8.947592552026128e-9
7.260761973388602e-14
6.41856758452993e-5
5.980596288579371e-11
1.29608502704018e-10
1.9157352911238128e-13
2.9964008337154735e-12
2.3522493966806512e-14
6.604441276055854e-11
1.2006606226460457e-12
6.401524978836202e-14
1.286740631685574e-13
3.3922395013813653e-9
3.319505370142218e-14
4.685165140989829e-9
6.313127316323656e-14
1.2888473019380576e-10
1.6764738283930198e-12
2.447229822340677e-7
1.722350249337606e-13
3.95841565481758e-12
1.8881452276349358e-10
1.2955544124457254e-11
1.092503264253524e-12
1.7535605637480034e-13
7.987977378690873e-14
8.480838447157975e-13
3.1689199165709013e-11
4.434863308755055e-15
1.051380532747719e-10
1.2945830353868415e-8
2.8416137730868574e-13
3.6087431339187585e-10
5.751685554776094e-13
2.924594259389712e-13
5.127659758149184e-10
3.335442392790168e-10
9.977478247060607e-14
2.2730884360166347e-10
3.787742811150094e-9
1.5157562558368001e-12
1.8200070782026688e-11
5.541586830439442e-12
4.931507864085527e-11
1.51722869151119e-8
9.684777044367124e-12
3.107763319547443e-11
2.0685518624565193e-12
1.0582310992284599e-12
9.795902798051387e-11
1.3250062111540957e-13
3.4552445765167905e-11
5.357900627025329e-13
4.148197663480041e-10
1.4437630322737059e-11
1.229319718883697e-11
2.2576938113550146e-9
2.6621368361253517e-14
1.2932294910992434e-12
1.018388819412779e-13
2.0653848580255403e-13
1.3229356042113626e-7
1.0819127890050563e-9
1.73559875170191e-11
9.898103765066942e-7
7.272938513330989e-10
1.7656034781437488e-11
1.6773727935098937e-10
3.291787369720554e-12
2.409083414990023e-11
4.8984253531031336e-11
2.3060161927627016e-13
1.838705403180044e-7
5.486644317822818e-11
1.024493106519168e-12
2.401514676591586e-11
1.2204854431593953e-13
3.724634955536586e-14
3.044486496919753e-13
1.6940813329086512e-13
3.001435067326149e-11
6.6657254410874475e-15
3.821155325878645e-12
1.5696348515211348e-11
9.294267290999716e-10
1.8185262225385744e-10
2.5817547817125848e-11
1.0666547567171757e-10
8.39379780305137e-9
4.978899986735486e-13
7.418442872866855e-13
3.743899564210372e-9
2.682013008764073e-14
3.26444878627876e-10
1.0965522967266018e-10
1.0724155533843982e-12
1.2138872978461123e-13
1.5508467247578646e-12
3.275409780680329e-10
7.703553939096512e-12
2.012246519531219e-10
1.5582631712878226e-11
8.593720561719055e-9
7.028595137810199e-8
2.052978825635465e-12
1.1666234231555003e-11
3.218158978501338e-9
2.328137701399901e-13
4.873628172093318e-8
3.5088069341583383e-12
5.963715378794276e-11
8.714910549813589e-14
3.7266282390954883e-13
2.7025631713513745e-10
6.68169258285238e-10
3.6347673494044616e-9
6.925178481996046e-13
1.618352972051344e-13
6.05104285461834e-10
1.178066264558474e-12
7.687865949809068e-13
7.739123608763455e-14
1.3591571915692034e-12
4.4939650542486644e-10
1.5262921936570783e-11
8.006631674949014e-11
1.3161310752786804e-10
6.112357076466121e-13
3.0269799780855776e-12
3.495444905723904e-11
6.438709504873299e-11
3.949125694483799e-12
8.862457849050928e-13
8.619098022952882e-12
8.232216887496428e-8
1.8442225329619658e-8
6.875742607668395e-10
9.025532284972812e-13
4.034105676756947e-10
9.830477820549311e-12
4.2953060845819473e-11
5.541542894544869e-9
2.783054401752616e-9
8.722450982656511e-9
6.140994951297416e-11
1.2907574349956309e-11
8.125602110618566e-11
1.5873142490001881e-12
1.5630555182830176e-11
3.4037779508148886e-13
1.9986395922756125e-13
3.0089578493839883e-10
1.5064066435594654e-13
2.574546108318609e-13
7.50086147497304e-8
9.021298896264867e-14
1.2882023743082352e-13
1.8287517932640947e-12
2.0733431367741567e-8
3.579509511389075e-10
1.2494865870363203e-13
7.225464247152181e-12
1.1452186913887672e-12
3.749478676738313e-9
1.1840148344864943e-8
2.9717166555246623e-13
3.315744861285604e-10
1.8168183074722457e-9
4.711372535724477e-8
8.225391546248051e-10
1.1635412179150373e-10
1.2449276511547055e-10
2.5440493601355812e-11
4.380694310713436e-13
2.338402892345009e-12
3.1420007797582335e-8
4.098991818033181e-12
7.426916465348448e-13
3.974689530652523e-11
4.652525111436321e-12
1.9392574011938017e-13
9.705799641547487e-12
9.107014423552648e-11
6.0520724600154345e-12
2.812057543415583e-13
4.0992942500378313e-14
2.0474231848364102e-10
1.7895744352276076e-11
8.800874113165764e-13
2.71931173898697e-13
3.959182927378246e-12
1.4038028794417139e-8
4.891695764214088e-13
3.8650664080486656e-14
1.9548421557951448e-12
2.93354624548647e-11
3.3428785666072155e-12
8.948915368776706e-13
6.330100613484765e-12
3.426849108891786e-11
3.911133371277699e-12
2.3056539757255992e-12
2.1780122638842e-12
1.7600312755214796e-10
4.640264117817966e-8
8.13848086056546e-11
4.095534143053618e-13
1.4814828785446557e-8
6.043475616548036e-9
2.5764879740523407e-12
4.816943923654566e-14
6.756201606897672e-13
3.5334222684387955e-13
3.1408458025016475e-11
1.5020512105109447e-13
7.1084674703292835e-12
1.4895231678876686e-12
2.0909937803813955e-9
2.367820152409951e-10
5.631294298423931e-11
1.6283126398759524e-13
1.1034746254546798e-9
2.0818652208033389e-13
1.5026221218512756e-9
6.138784844968082e-13
6.950006327136635e-11
1.9674715229924422e-7
2.6290817592329833e-11
9.36334112092725e-14
1.0400259039691241e-11
1.5542854488826372e-11
8.151451153413142e-11
1.2550564051304026e-13
6.558388455857874e-12
1.4931811841370604e-12
3.705634087831247e-9
3.5209528987804267e-13
4.689517519021829e-10
2.2364430558653567e-11
4.593203291925066e-10
3.316458943172389e-10
2.2278373218432564e-13
7.557739047151525e-13
1.6011507800649874e-9
6.0743888330665685e-12
2.4071049556058565e-8
4.998652041986269e-13
1.4064257236872508e-13
5.019830148132787e-13
3.766159983357093e-11
7.236320181422538e-9
3.2047377130815995e-12
3.2845527188872105e-12
1.46173277881333e-13
3.8130839152989e-12
7.444327753663046e-10
3.8880620059248063e-10
1.435928555632732e-14
7.100680014700034e-12
9.035771730065137e-10
7.705747084131268e-12
8.90204666831601e-13
3.87553192545126e-11
1.0909944663667395e-11
3.8340875945193926e-12
2.462112368834408e-13
2.8521024307706453e-11
1.6813415573263893e-11
3.276060441867945e-13
2.58251510222074e-10
3.6040060489453094e-9
8.916555678744953e-13
2.4381358590597483e-11
1.721826055509755e-13
2.193593890280158e-7
1.1664565990137408e-9
1.8686640661711032e-11
3.0180931788624674e-9
7.455465213903505e-8
2.022413311804089e-10
3.3288812482235004e-10
8.035587009236141e-11
2.4875642747527956e-8
1.916460549999552e-10
7.626961576585457e-8
1.3328772580293396e-13
3.904077913174776e-12
3.534957537540445e-13
1.6087384093339928e-11
9.036733757799681e-14
3.931903617747036e-6
5.027879257002999e-9
3.933504635932734e-9
2.480181641986206e-11
6.232501398237113e-14
4.631307168870405e-8
1.912745157405244e-10
9.05061565649144e-12
1.9267931698401063e-11
7.071432300222935e-13
4.573571762560239e-9
3.320270903241581e-8
3.5685851217815373e-10
9.474431403948406e-9
1.8127700594941007e-9
7.977991543071938e-12
5.042974029334737e-12
6.57111836194117e-10
1.464791372068169e-14
6.1393363440545915e-9
1.606401503890718e-10
2.8820530216136704e-12
3.2136381408402584e-10
8.986005047736298e-10
5.059208202488877e-12
3.964648790110117e-14
6.6066377955704e-13
4.0171886617714686e-12
1.4426810005097235e-9
5.691998240848122e-10
3.389081163576629e-8
3.4310907943997104e-9
2.518201283453444e-10
1.3697767696286303e-9
2.521289174220041e-9
1.7925815992932668e-13
4.6434807459594406e-8
2.3230328900248194e-9
5.7537519485278656e-11
1.1041816063562925e-10
1.1523230593160064e-8
3.2150714655300776e-13
2.4465607221008003e-12
5.7339363979816024e-11
1.4718817501681372e-12
2.0609906443057782e-10
3.5078455188546873e-11
7.919996457026793e-11
5.971402420878826e-13
3.1915999596066862e-9
2.0166066761642316e-12
2.5986875702639335e-10
1.2553564487748237e-9
8.977673667875672e-14
2.5402097229962206e-13
2.319548166358763e-10
1.1983137757635825e-12
1.104558972744308e-8
4.265536901888893e-10
5.579044235645364e-9
6.785990605299148e-9
1.777215792717409e-12
2.3315686832719013e-9
2.551944942184301e-10
1.7269105927505963e-10
3.101748724185566e-11
4.409830672971908e-11
8.835838445070266e-12
1.4925397994003567e-11
1.2244243931629005e-9
7.900477196529813e-6
1.0734257814041798e-11
1.3195517409191007e-13
4.4001759514522156e-13
5.6647688384775886e-12
1.1382485453121771e-10
3.301531453752391e-6
6.269699880444774e-11
2.6989402316020364e-9
4.61256037613233e-12
1.9617540792117615e-12
6.648044425853146e-7
4.6048474359871664e-8
2.411999390674033e-11
2.5144314451653578e-12
6.581307763078808e-12
1.5686624233867263e-9
2.772659230860333e-11
1.5049080804653897e-8
1.1760713060941823e-9
3.946162173372464e-9
1.0168537136626823e-12
1.1036544647288103e-11
5.61324967196581e-10
5.153031728229809e-11
4.373195679108141e-10
5.483500727097192e-9
3.041894853029049e-8
2.1565204520631068e-11
3.7281304065489987e-13
1.7585162387618745e-10
2.3118882342756413e-9
1.1528402506561742e-5
2.7083913875077935e-9
3.267652269830146e-7
6.82705289692821e-11
9.693825564810439e-10
