1.3845595561082114e-8
2.0681752848657688e-10
3.109926280962171e-10
1.2823295562103373e-7
9.964157734104304e-10
3.3675674155105863e-9
4.618306141464069e-13
1.687825426258373e-10
8.768472309599257e-10
3.1710573575663785e-8
2.4386915238823285e-11
9.769017140756085e-14
2.0469010131749064e-7
9.328983167966015e-12
4.3575598028700135e-14
5.3868172485443086e-15
2.7863926684330015e-10
5.472427790627162e-15
2.7398050216804375e-12
9.460335943338392e-9
1.7709806383761944e-9
3.661743016337456e-12
2.852807850881316e-14
1.3389397323282578e-14
2.2928010975824766e-10
7.386873452651964e-13
1.0616464310087416e-14
7.094950738913665e-13
9.268651514274299e-15
9.71752458336232e-10
2.9019059542072502e-15
1.5886589749994792e-11
9.238984665255993e-14
5.115032729633593e-16
5.006726017659355e-13
5.506813710764299e-11
1.612084586569889e-11
2.3204947951697726e-15
4.9759654527765e-15
1.5601816502532662e-12
2.2195376190372935e-13
1.4583103353749983e-12
3.713519400434868e-15
4.382469781530247e-12
1.6636550706320388e-10
4.4807367583365565e-10
6.259712949735843e-11
2.0114647167170034e-12
2.6421106698929635e-14
3.2611052409968183e-11
9.26337782631436e-10
2.217433042761044e-13
3.890594067786612e-15
2.0601181556991844e-10
1.1351514332105787e-13
6.862761083141502e-13
6.034459033051134e-12
1.3041633585714298e-15
2.0226126427965148e-11
7.620498576071793e-15
6.45953406896869e-13
9.965256680648942e-12
4.002353579126077e-13
5.817031185009204e-14
8.866697637207553e-15
3.3544854177260584e-12
7.606954997591938e-16
1.124914233379581e-15
7.453288210203675e-15
1.2258786028410445e-13
1.127430574830694e-15
6.48919313546984e-9
1.8575502842536654e-13
1.277489028786201e-10
8.279672977444421e-10
1.1048972304830748e-9
7.956896465880414e-13
2.0976048398609072e-13
2.0644004858454446e-10
1.1517031017694456e-11
5.0152764186768384e-9
2.2846901931072607e-17
1.650646695153448e-10
7.187272416335415e-14
1.1113111126096444e-14
1.0534670659520532e-9
1.7033084097575794e-14
1.5992186777405144e-14
1.9838854400550002e-14
4.31460153667314e-10
1.4453390434143115e-12
7.455657052848659e-15
1.0091571432884173e-8
1.6249620872254483e-13
1.587007278316428e-14
5.329049784480293e-14
1.980871395596712e-9
9.280334308222842e-13
3.095391344047383e-8
8.773440554957015e-16
1.7719482363723991e-15
1.1480302546610749e-14
1.3054449400342948e-11
3.1757941106733536e-13
3.5380152236485333e-13
2.0060364293430352e-12
1.3304697052598363e-14
1.4334073707835631e-11
8.651120410628447e-13
4.599134582813354e-13
8.240515843661892e-14
1.743475617772764e-14
3.836873734829821e-9
2.11314561823224e-15
5.327986819473717e-11
3.0715266124797493e-13
8.908665237557944e-13
1.8308520164822637e-10
8.304046646423686e-14
6.502633561166001e-12
1.8808191066465344e-15
2.2222586561527943e-13
1.0231119413635081e-9
1.0463359684670026e-11
3.2293906405116833e-15
6.0460529276318e-14
4.154073399083617e-14
6.110988513164445e-11
4.118513003635476e-14
1.9910365398461116e-14
9.73406513522027e-10
2.3274103500890002e-11
1.2588318670753311e-14
8.966888076111924e-5
4.5983754198408104e-10
7.808240220070177e-15
5.89623313786021e-13
2.46731947403103e-13
6.420371238229502e-15
3.8116359975798446e-11
4.498268171286587e-10
6.999687673963519e-11
1.0405745398868798e-12
2.7921042387541744e-9
5.587039966883264e-9
7.580157740061661e-10
1.3828725394858763e-8
9.747671845501414e-9
3.2673720375897204e-12
1.234685816637739e-7
3.04407153172844e-9
3.0761411212949232e-12
8.972860925486306e-15
4.557348426980623e-15
7.345664955880424e-16
3.4153389343301923e-10
5.816744815222892e-11
1.2655621334868956e-13
3.2999578423001473e-10
1.8414822074391985e-8
2.5456759017320675e-12
2.4735763007547488e-8
4.246791891902132e-14
4.398227302932614e-10
1.913020869417992e-10
2.2607624165975477e-12
1.5762321367472397e-11
1.2361784629247855e-13
2.5931963982385445e-14
3.8619427168429906e-13
6.005759225087118e-10
2.070335072958462e-13
5.7202462612813435e-12
1.2957444691387685e-14
8.718264095237056e-15
1.102103682387201e-10
1.678011938049758e-14
3.7690059037793244e-14
9.0651813878235e-9
3.8425015739597957e-14
4.2288938417551225e-15
3.619473772381825e-13
1.2880677407153784e-9
1.1641002246642598e-10
6.28891671778516e-14
5.825184696349862e-11
9.022616056389582e-11
1.500279050103139e-14
3.769676906136282e-14
9.026473747811613e-10
6.247361729745e-11
5.1886478410397897e-14
5.712191520285081e-15
5.247838154865465e-9
6.12147950933163e-8
1.8953522251111902e-14
5.128420702194984e-13
2.395710708443238e-14
5.36711417991714e-15
1.5395707151202428e-13
2.7222694299011697e-13
1.0805124962768524e-11
2.6488331076035174e-15
1.7899582969247841e-16
8.79177846416259e-15
1.6709103665040406e-11
2.351340243588438e-15
7.590077748460889e-15
3.1909299211930736e-10
2.5876705271037287e-13
3.9345009648545186e-13
3.3690113696192755e-13
3.02514452075283e-12
4.5753981527139607e-11
1.0228788468733776e-12
9.925209741340262e-15
3.7793208889053635e-12
1.2148925253946766e-14
3.986533465238152e-10
1.4116828386229684e-11
3.8088109117042054e-14
1.0614859337749696e-11
7.729800566705574e-16
6.421061232455903e-12
4.478175346606616e-11
2.0677838411264022e-15
1.5992619858453137e-15
3.3136961577376006e-12
1.8845464913943145e-10
5.827898875632959e-16
2.2028712921289065e-14
1.1655976059829383e-14
4.2130418860838316e-14
2.1480092997411953e-13
1.037053709296829e-9
4.4070068027377535e-10
5.402016990928366e-13
1.3479743858746362e-10
4.595459745636409e-9
1.552345252716824e-14
3.2788580166158323e-13
2.1998331531525808e-14
4.734301645847246e-12
5.498798453354932e-16
9.272284163561419e-14
2.0963584204437317e-13
1.2537766039529636e-8
1.4930736355280441e-12
2.2044169176832267e-12
1.1978904217506557e-9
2.1747518160990567e-11
2.6378703725687964e-12
6.0818993082368736e-15
3.4906587916810406e-10
4.5710300663399004e-15
3.090368086308746e-12
2.6595497940156265e-9
7.34708784170457e-12
5.60965013028394e-10
2.551206857974993e-10
8.268873543093616e-14
3.1460831330900316e-12
1.045526479491658e-9
7.3907983083459505e-9
1.9883884609298687e-12
1.7933261520274005e-11
2.5619296603790173e-14
4.868378894911169e-12
6.469407842075405e-16
5.287318542349503e-13
1.9033357976198597e-8
2.385529385473644e-7
8.752610769554127e-8
4.117060078075478e-14
2.0535330830085457e-8
1.2538279750675373e-13
6.812443653223115e-14
9.656796290539997e-12
2.7659486663671027e-14
1.5633715779500356e-13
1.099396725274627e-15
4.14921289644949e-12
1.1519650405394536e-14
4.644629263416699e-11
1.3354185872313448e-14
3.5807385956250874e-13
9.980918010441261e-9
1.1441440192933294e-10
2.4355913755256066e-11
1.034639228378582e-15
7.393676233863083e-16
4.1514071249810715e-10
6.203826373918196e-11
7.050987552239518e-13
1.0277408936149589e-10
1.3028270088707186e-11
7.727412791556272e-11
1.7663749152066508e-15
1.7619505929979216e-9
5.378574092844113e-10
4.819451493895683e-13
1.2669919872280292e-12
2.2713514650532643e-12
2.864760796048656e-14
9.235113504081663e-11
5.086192614632688e-10
1.4739918595888393e-12
5.133807138279712e-12
6.607005484666083e-12
2.1647661742035038e-13
6.914396162155406e-14
6.7799184022814396e-15
3.3313458129341727e-11
5.82820515938423e-11
3.345623331920248e-10
8.023328353376378e-13
1.991404121406846e-15
1.1754281265147407e-13
4.5873636343293004e-12
1.5732145080569346e-15
2.400934161137893e-9
1.6048758464844591e-10
8.029672246371797e-7
7.886193956391503e-11
2.10748031492256e-14
5.510078343532041e-9
7.433713962773474e-8
3.04081177220523e-12
6.733731973010321e-10
2.995858584837956e-11
6.837786024024955e-12
2.0460271300141882e-12
1.6490120035748275e-11
1.3121636771628387e-11
2.5365213506854356e-12
1.598443890353791e-14
7.565603900138875e-14
1.1191537217842908e-7
3.250237959450885e-13
9.467511989942665e-10
5.4134979362672325e-14
8.774038283599707e-15
2.06161066335255e-12
4.794688204921165e-14
7.335112540113393e-9
2.2893503589645706e-13
2.053970795910428e-16
6.378959338987288e-14
3.5423815202101462e-12
8.017887980766183e-11
6.830985724874939e-12
2.6063812834129285e-13
7.063206016765481e-12
2.1085860142017077e-12
5.827962198443372e-16
4.2616568045729855e-14
2.2906877047420666e-12
9.79529324347814e-9
1.857357138360242e-12
4.041363422693641e-7
2.8748678379420297e-13
6.548310070281088e-9
9.845893739865869e-6
1.2045096164753792e-14
2.1735081211287082e-10
2.209949042908979e-12
1.1768154768275674e-15
3.5420346076764e-15
7.048636837648092e-11
2.4119450854714834e-12
1.66118318111043e-15
1.1008153386128379e-13
2.79347666231345e-12
5.1032095214078375e-12
7.075938630129555e-12
2.3353580348929824e-15
4.419672925642536e-10
1.28558291309332e-14
1.0619725950169525e-13
2.6470104695554365e-9
6.473925050182592e-13
1.505681436123762e-10
3.3467179739328674e-14
5.210648470298285e-13
3.920197991593765e-11
7.123136021686966e-13
2.342737006645368e-13
4.43397530161133e-11
6.056424329113246e-12
3.4970995091148948e-9
4.7804188283051105e-12
1.4715671697075693e-12
1.0469666437041969e-14
1.9699117673663856e-8
1.6855464336131301e-13
8.254420320124492e-11
1.265644684199082e-9
2.302722924262915e-15
1.2758832521332753e-11
6.403889793003876e-11
6.077248101520762e-11
3.888937429398393e-12
9.54247064941895e-14
9.2908788223354e-7
8.819863970146787e-16
1.0718850720887388e-12
8.703366499629754e-10
5.7400980798267e-13
5.33270469464747e-15
2.3082104312184257e-12
2.446624210765888e-13
1.106914836290309e-8
9.361122021063664e-12
3.651206668392345e-10
2.4852679008540566e-10
7.418518709728844e-10
9.828403722722488e-14
2.3244951926805955e-12
3.527941267826279e-14
1.1466562289873243e-12
2.2709851079965456e-9
1.428269704705832e-14
3.578809581305596e-12
7.519022229139803e-9
2.944505919457071e-12
1.1848564851145905e-13
3.2410089784350727e-15
3.6296248404392966e-12
5.476292266314812e-9
1.2846114961108884e-14
1.227776227563877e-10
1.9480484512249322e-7
1.6295556629266164e-13
1.999572215993948e-12
2.154560828649787e-11
1.6246585153396663e-14
7.995634496236726e-13
9.395952627127733e-7
1.9277201861536826e-11
1.4697613212354067e-14
7.906948040583422e-12
6.399112619384993e-14
3.775712566102262e-9
1.674816948111069e-12
2.0983876273953223e-11
1.9707816535080612e-17
5.5776863133733166e-14
2.345050282829503e-11
4.650370914940533e-11
3.147415934645216e-14
1.7198503165845254e-14
2.5691689288132624e-14
1.2035009000840476e-15
7.857780633524984e-10
3.3494501339635243e-16
7.451352031757811e-9
1.6290163428040505e-12
1.4348975971143495e-14
9.250227480325609e-16
1.2113860487076375e-11
2.064002306017542e-10
3.3377167778001743e-13
7.422049747009048e-12
4.0850407419588124e-11
5.84972974767177e-8
5.236926580281511e-15
4.583181530048982e-13
2.13211318138269e-10
8.97200143183051e-13
4.336686506633454e-12
8.820413123934439e-14
6.281351164766018e-15
1.1485945001815095e-10
5.0553521303201476e-11
8.858027455148056e-12
3.1219900219046425e-8
7.388025935082535e-11
6.6906336792967475e-12
4.066364128515693e-14
3.0865207048117506e-13
1.6607271504843054e-10
2.5225486669191608e-11
9.7958843387547e-10
1.7659115558074052e-9
1.609082933391383e-10
1.8516142552521635e-15
9.434112717007567e-14
1.8121048533340483e-13
1.8733618044108975e-16
1.5398288278129125e-9
2.616320424468715e-13
1.342379940437029e-8
1.7698355390480005e-9
4.1715001924351576e-10
1.5788673883456353e-12
6.408610195593668e-10
1.0553389366381951e-10
1.2657604887407673e-9
2.1805971489782196e-10
8.638858681790196e-12
9.765340128389537e-12
2.6172390821959137e-12
1.9673706170561808e-14
6.331957773730803e-9
3.0009087721009207e-12
3.760240108950202e-13
7.572714024138005e-15
1.4639359210100433e-11
3.8825518532446965e-11
1.221033489456162e-15
3.612244868379977e-15
7.890469017816033e-12
2.8394187159822654e-10
2.1307445212220565e-10
6.923653490105463e-12
1.7183568390173852e-15
8.770174393446816e-12
4.4130090732218646e-15
2.065602946779482e-10
2.4254856651039246e-9
1.7550233279953453e-9
1.4021537634373517e-12
5.819067806857921e-10
3.5534960922085604e-12
9.94124706474536e-10
2.0015927977268225e-9
1.5261370050038683e-15
2.2783745508834517e-9
1.97557304487673e-14
1.441934554552019e-10
3.011672278067642e-9
9.128281840365609e-10
1.0033149482361348e-12
3.06758012839924e-11
1.5273684419251147e-10
2.0865206520458077e-11
1.2521508031771274e-9
6.458457297951706e-11
9.884818976549807e-12
2.2008649173422566e-10
1.8379719276544525e-15
2.351179314023386e-11
7.38985311938972e-8
4.1219599906543284e-13
2.276348092078287e-15
1.8471518908410287e-12
3.21038270087266e-14
2.7341567472525693e-11
3.734551558999596e-9
3.1429653618623285e-15
2.380044490886602e-10
5.9282153223634374e-12
2.430988189794012e-10
1.4056085782213544e-13
1.2539672653509958e-11
1.9914004021354527e-11
7.207034403077748e-7
4.378886350677347e-12
4.4711888973170505e-11
9.032830335160732e-16
5.5650988657738936e-12
3.0719373126537215e-8
1.1118554656124492e-9
8.524617033134695e-12
3.1973499959209e-13
6.733096221165477e-14
1.5418497310429005e-12
4.3869377838030044e-11
2.0514977744628245e-10
2.697143226085912e-16
2.804658196076617e-13
7.614968741929985e-10
1.2665188627765753e-12
6.29531924317682e-9
8.776612522687235e-10
1.4999024002415699e-15
6.591748747895936e-15
1.3773686563441793e-10
4.123967519353239e-15
2.40568233610008e-10
3.359749681545122e-12
2.4755062488699708e-11
1.5844997795323393e-12
5.5934633239535156e-11
2.948605653447484e-13
2.7782728013045116e-15
1.6906986733631062e-13
5.650986806697039e-14
1.5134191028657789e-6
6.867032336476807e-10
1.991425104307692e-10
2.303881769833991e-12
3.491055278418237e-10
1.7131226700763327e-10
3.088064007745205e-10
4.8978522148900635e-11
9.051866853894739e-11
1.7854659974154136e-13
6.48691479004462e-15
2.596808693313479e-12
6.26049322643253e-9
8.08919135297086e-9
1.3069446405107535e-13
1.362684327253899e-14
1.3082583843575129e-7
8.063948972509834e-12
7.340893618182809e-13
9.623054493821601e-12
3.271175061203921e-8
5.453763590144293e-10
2.2671679642595275e-15
3.933522302375699e-13
6.180580914266841e-13
4.915881837796737e-10
2.5830788748368496e-16
1.1801550490114368e-10
1.0058756066701201e-11
2.6207679997487973e-11
1.7897979302828972e-10
9.49896330145295e-16
1.1755883995555236e-10
5.627873334332136e-11
9.0060889018408e-17
8.935116386005323e-14
1.1732307145799142e-12
1.1044424799002853e-12
6.54340305673301e-11
7.46309503266387e-12
4.264805784686923e-9
5.977558460919533e-12
5.478295184195433e-12
7.48437965022484e-10
7.186714528239542e-12
2.2761275692801272e-14
4.091818731344391e-10
7.64257169442117e-11
1.979777564133071e-11
1.4986950323002645e-13
1.6216375172686698e-9
6.968266675110804e-11
1.2687185298315763e-15
3.501238368358403e-12
4.4074676735346797e-13
1.4188309299269832e-10
2.681915900425444e-9
1.376933337141429e-14
6.372730867430128e-8
5.717739790396875e-10
2.2929039120415478e-10
3.356898101527088e-16
6.443663310785101e-11
1.434515268528604e-13
6.741744022810832e-9
1.67592157276517e-10
2.6930442929586077e-12
7.53127872048776e-12
4.4179948190215034e-10
5.6408506991422014e-11
8.258336418280898e-15
7.602657671645037e-11
2.5982383833865003e-9
7.216615398008649e-10
1.0357337306514284e-12
5.423008869430979e-12
5.983787093727757e-14
8.107599965617579e-8
1.188513201187773e-10
7.782016917890755e-10
4.600759745068058e-13
1.0120719745146333e-8
2.881320394434844e-11
1.2297593706250622e-8
5.932651411370106e-10
6.77033292240866e-13
7.850262121576754e-13
3.918101139118183e-10
6.915741447280543e-9
4.740026273076636e-8
8.644072140926804e-14
6.040513882732187e-14
4.2500064604247984e-7
1.9482454314924765e-10
1.5704705219849413e-10
5.401609578065625e-14
1.2491753727073636e-11
4.245134059505383e-12
1.175117833348352e-13
6.203419034434157e-16
1.8652103519750817e-13
2.9025698911988393e-13
2.5955739174946374e-7
5.7917474001137723e-11
2.05786525078875e-12
1.0086615552919961e-11
4.5077391037149346e-12
9.316610742585473e-11
3.984008275778313e-12
4.803403796058213e-16
1.9408821732784993e-10
2.9385877319954624e-11
1.5137907790639734e-7
1.0445887891507157e-12
7.73655474185563e-11
5.505031405581816e-10
7.48130140437517e-14
8.991266091817228e-10
2.0187007341011026e-12
1.3529387383954613e-11
6.34460965288658e-10
2.780228313206465e-14
2.1416533890980734e-11
8.389546192306422e-12
4.84732021163539e-11
4.922804297640304e-11
4.28390698412764e-8
7.394923467689012e-16
3.263930106289087e-11
1.5489560787245933e-7
2.3902773499401803e-10
7.991027406037022e-13
2.2281751900809977e-11
1.014702352779426e-10
6.95876368373031e-14
4.748441309512956e-12
1.1185669606124315e-10
4.1653153703526284e-9
2.0263769881309914e-13
7.929740948762947e-11
2.617902823460814e-11
3.4697808729782747e-11
3.1810409519898175e-14
5.386360508286689e-14
5.770221294694684e-13
2.5895966698949473e-14
9.217072613776601e-12
5.94534070527602e-11
2.0415752307064267e-9
1.2286078391152465e-10
1.0367040982964847e-16
1.5721812974366204e-7
3.5880728859996944e-9
3.455214989436908e-11
3.366437214909988e-14
7.927587014137516e-10
9.522657054243576e-15
1.9902203654251625e-11
1.166828765152779e-13
7.453028261531696e-10
1.6971774718494673e-7
1.3050713447388661e-8
9.917371742522803e-11
2.8490652495254693e-13
3.531223554907681e-9
3.752046498309787e-12
1.233101095294638e-12
1.5067388490486645e-11
2.5212718725760664e-16
9.938451607170317e-9
5.3668794904140136e-8
7.1737313283439826e-12
1.8467448812849828e-12
4.291337719830878e-14
1.9783510941175758e-11
1.872818977172911e-14
4.264842047486907e-13
5.648125753456641e-12
1.9169225866059336e-8
4.272750087740454e-10
2.661392968676643e-11
1.5058935679517792e-9
1.5255108018788084e-12
2.5500115481327717e-9
1.843044894937593e-14
7.211248352800393e-11
1.4688721600197825e-13
1.1495914467435693e-10
2.545473006263488e-12
3.1794375049023886e-13
6.552723945934444e-9
6.59478807932211e-13
7.495877112637911e-7
8.668960299705361e-10
6.897035016904086e-14
2.524887997789759e-10
2.3117500247713323e-10
5.980772786237535e-13
2.1008205866777516e-9
1.3676629810362908e-6
5.593845105648714e-15
6.951641462210693e-11
5.372945167181512e-6
1.5671295576805462e-13
1.0157380570374132e-5
8.481796053400673e-10
1.0337906242694195e-11
1.2409148074603516e-13
4.886408358253179e-17
2.574691127030741e-10
2.8936123090382396e-9
1.4051702696906083e-12
3.945196036076687e-14
9.690260679919795e-9
2.0162060124176034e-10
3.556617324217883e-14
2.437366845428394e-8
1.5220363572952482e-15
9.070134339449223e-11
7.090932834233792e-11
5.1309963008866885e-12
2.0288637357279746e-14
3.328400887746086e-12
1.3505166779226637e-11
3.36484155517893e-12
1.8036840496964485e-11
