1.3104221062834355e-13
4.6523747083867e-16
3.627794900573226e-11
6.460239216066313e-17
6.141535798144292e-12
6.936558272312457e-16
1.552572038666231e-12
1.478459120313206e-14
2.284984854402733e-13
3.9945694896681595e-14
6.687503840024393e-16
4.076547974062797e-12
6.601114531520612e-15
1.249526794025873e-13
3.78238187497522e-15
6.651530708896173e-13
6.422175875159926e-13
2.1481465648989576e-14
1.193830387867092e-12
3.5451737773765733e-15
3.1637413681093e-13
9.911184603229526e-14
1.1044446075791494e-11
2.775526117229517e-15
3.610981817605567e-12
7.940497600689074e-15
1.303555985684532e-16
2.891739620618652e-14
1.9582746589360864e-14
8.456416288100884e-14
1.235051808901916e-11
9.481180168771254e-17
2.934243019918647e-14
4.2037326409988877e-16
1.0231458368863066e-14
1.859627394486474e-15
3.2462421450186754e-16
1.2271075841254745e-16
4.1339143726702596e-13
4.729485263892016e-17
2.051927044994291e-12
2.0755502142854836e-12
5.5758699436995306e-12
1.7292699860938637e-15
9.0378480485366e-16
9.179623386101592e-13
4.2632195421586525e-16
7.2624498252554e-16
4.2335245138233545e-14
3.4376122498363324e-14
3.6714237553666797e-17
3.8729436369883195e-15
3.572587038442616e-15
1.0642929473907657e-15
6.66045479860387e-16
8.745251927622119e-16
5.3375394580122874e-17
6.204613638175375e-17
1.0315165713241157e-12
5.71866801421889e-17
9.898894027935294e-18
1.8442197871361372e-13
4.324095482746612e-15
3.457292094069539e-12
3.045089475023499e-14
4.386049140977631e-14
1.4793645521661316e-15
4.4516994909097337e-13
1.1012727813184948e-16
3.905175591735928e-15
2.4354203912853735e-15
9.799577522720642e-11
2.029345992417269e-16
3.675560591727269e-16
3.847583337500575e-16
6.967855042688355e-16
1.8528335211151888e-13
1.2021047679197454e-13
2.8635111703473047e-15
5.353462621178706e-16
7.135876558028519e-16
1.7138892698649713e-17
1.2612618533584032e-17
2.594517110994908e-13
4.518781929253499e-17
2.077121774704478e-12
8.436377742695635e-18
5.296153022257186e-13
6.923074682929106e-17
3.0151484372905255e-16
1.7153775731198783e-15
2.4686363591675692e-14
1.7405427069010034e-12
2.461291698063001e-15
3.423939876173792e-14
2.9499270633240755e-14
7.906189462042841e-15
5.5361283984290795e-15
3.413175733569298e-14
9.27310317507487e-14
1.4693057742615675e-13
2.6998060773390565e-15
2.8708078672946584e-13
2.082627554481416e-14
1.5288312192673898e-16
5.908544238712743e-16
7.006954848760489e-14
8.972279822838262e-17
1.7372520593806371e-15
1.3234648107864173e-15
1.0375213217206092e-14
7.229442372891851e-15
5.176846571052108e-17
1.417827666632171e-16
2.1304669351662995e-12
9.458324915586042e-18
7.359866925568406e-13
2.0063115543526456e-16
2.659855126646431e-12
7.717276013840319e-13
4.853205163716589e-16
4.739261400749593e-17
2.051237661580559e-16
2.231693882503364e-15
9.504338139420678e-16
7.623730273470327e-18
1.7046314960113522e-15
2.910571501593743e-15
1.936637857841957e-15
1.3512742109228689e-14
1.724780415660413e-15
3.8469760783319944e-14
7.150544397771126e-13
5.817890552574664e-15
2.514433013929998e-14
1.0538633541006186e-17
1.117164015942844e-16
4.703876066032204e-13
1.0265541546317171e-14
1.794906940662176e-13
5.751281677526838e-13
5.200426958413164e-16
2.2384531547689876e-17
5.571512866454326e-14
5.850463412644908e-17
9.481906669644718e-17
1.220644159300024e-12
1.2005632691790843e-11
8.648318332104766e-15
7.742724409605962e-12
8.175859268917511e-17
2.3984856728642202e-12
2.508632106701464e-14
4.233803966729861e-11
1.3042176503799932e-17
1.0461697883668277e-14
3.175475572459412e-15
4.169793279782436e-14
3.349454413716174e-15
7.469146035881578e-17
6.524619482493779e-14
1.74221275512234e-16
4.690750554921352e-15
4.056438781884203e-15
1.6919745498511754e-14
5.1271301798192484e-14
2.6704421928279548e-15
2.736698115879937e-18
5.5268163626280375e-17
1.3162165588038851e-14
4.4800248473215804e-14
4.3787211974152732e-16
2.1461237698934713e-16
5.267865872136293e-14
1.541450706292111e-15
1.3325808944752768e-14
7.462237346081166e-15
5.256622076502858e-12
4.831661326168583e-16
1.4963950137969386e-14
7.30749743057269e-16
1.239410944323681e-13
2.47263468035055e-16
3.3119080599726704e-17
1.0368281588306345e-14
7.520794581441158e-16
5.41399648764766e-14
3.922875779739909e-17
3.2432684647530505e-13
1.5661642074606768e-17
1.977359919989091e-12
2.09398121136833e-14
1.1749741316472785e-13
3.830279828408202e-15
1.0495446606515082e-16
4.906843862473172e-14
4.0029978172422024e-16
4.507634120870478e-18
1.9735535155661035e-16
1.4066663408924297e-16
4.555487717782739e-16
1.0640632468984336e-15
3.182665300175896e-13
4.459917565369605e-15
2.8182057005877394e-17
5.67448416900974e-17
2.1502436725264105e-13
2.3427850965047597e-15
5.281840608987814e-18
4.8678522716844716e-14
2.1724346310370065e-18
3.992168245621864e-14
3.1167158014830925e-17
7.183484403060454e-14
8.739217564043539e-12
3.7065192215041424e-16
7.095707383092111e-18
1.6121774559976673e-14
5.433220842308912e-16
1.1605104128771164e-16
6.555766755843073e-15
1.3925259731116211e-15
2.5266231699687403e-13
2.1077739813744228e-13
2.0114217421343293e-17
3.9154364642484694e-13
2.6031357790618435e-13
1.7304894603844856e-14
2.8949920240356686e-15
3.94096132382371e-14
1.428770456064081e-14
1.5179844405344172e-15
1.4476618629901649e-18
4.841219046296463e-16
1.007383800471529e-13
2.717913114368115e-15
1.4137366633988234e-14
4.248473770928289e-16
1.0550814998822665e-16
4.780138499373169e-13
2.4578728296442952e-15
6.22579638514289e-16
1.9294792306464087e-18
2.552336411556402e-17
3.3640359605645773e-18
1.261777795294685e-15
2.0647386808792614e-17
7.422217267979994e-14
1.277102721681648e-15
2.6866077073357388e-15
5.681284610847815e-15
2.1218683045828162e-17
3.795495390377958e-16
1.4415387777194447e-17
4.04358448209663e-14
5.648097661899699e-15
8.473375965379832e-17
2.7428764101908416e-17
1.4652388261023064e-15
3.1305504728990056e-18
1.5003448397412698e-15
1.2363145999596187e-15
8.479042373284841e-14
1.8073167966069953e-14
5.122990755304691e-15
1.4481433870190353e-16
8.829950034384364e-13
3.1808996947647495e-13
1.593480207348696e-15
9.593742498260093e-16
2.0814483929732675e-17
5.071814245386058e-14
8.290430486920643e-19
1.4389923230952223e-14
1.8959033611543578e-14
3.384316583349388e-14
2.0705850139524316e-13
2.7631076261569263e-17
1.6327537557511458e-11
8.343822196607201e-15
2.237714339887098e-18
1.3582214233118489e-17
4.691124563770031e-15
7.562848019259547e-17
4.91017164178024e-15
1.2058478707803083e-14
4.664388822582517e-16
1.724980550044178e-16
3.8325013597232626e-14
1.73942460248064e-14
1.4229258526288187e-17
7.847511737550305e-16
1.1817283058271452e-14
1.5247777363031873e-15
5.518066796801366e-13
1.5936794174617705e-14
1.2560905546087222e-14
2.150736231836074e-15
1.0594106068939613e-16
2.268587394626278e-12
4.183267638911872e-13
3.861654702926617e-15
1.221026426756039e-13
3.068013374492004e-16
4.104086844090546e-17
6.07965200283242e-18
5.65939221947443e-14
2.0765021799138485e-17
2.5206996453390155e-14
6.136630307315959e-17
4.722866971506281e-18
2.0917038247771005e-17
2.168346019120025e-12
1.2733179306336478e-14
2.2479903428524496e-18
2.1607835415688403e-16
6.8086812749204156e-15
1.8740527215016423e-13
5.043571208469182e-15
1.2327221967875526e-17
1.3246130825176634e-14
6.761886157182549e-16
2.8183422324740805e-16
1.5800608551286351e-16
8.525565367585835e-18
4.548935663708055e-15
1.793241731418982e-16
1.5214266518313852e-17
1.1104574336304383e-13
1.42685674775571e-13
3.154485925382684e-18
7.539303646138002e-14
9.878697679916061e-15
1.340989510399567e-16
2.7373238123645295e-15
1.5691603626602272e-16
1.229194331749886e-14
1.964907801705838e-12
1.8481626976254807e-18
1.712331335069393e-16
1.3226195950295758e-13
1.871313574672391e-17
9.507843215750908e-16
4.969239016192772e-13
6.1415834097441875e-18
2.591628079566579e-17
2.0951562568561443e-12
1.601656357759872e-14
8.532369469402477e-13
4.977890555061414e-16
1.3232939469133971e-14
8.880473945706796e-13
6.79516623891009e-17
2.183405777483212e-15
4.1397589479243435e-16
4.364809326070095e-17
2.919766664994397e-15
9.445356831478218e-17
5.802277876735627e-13
1.2736518377442112e-14
4.501901606907399e-14
6.27200740015461e-16
9.569770185250772e-18
8.642105959210501e-15
4.626208668960429e-13
1.8346640440696322e-15
1.0303797778881204e-11
8.045591642615106e-14
1.2266472077088083e-14
2.134613708451263e-15
1.301771331482068e-19
1.424031359644998e-14
4.561488983491321e-15
4.033504241339491e-14
2.3080893559958505e-17
7.043134328054975e-14
6.403186897823605e-16
5.444097735868437e-18
3.566868133106543e-14
9.702805225374716e-15
1.1870760416992317e-13
4.2627027044112927e-16
4.673521096425435e-16
6.264627265674473e-18
2.3715567852667078e-17
4.216499939924589e-13
2.5802406374654472e-17
1.3247700659389184e-16
5.728037043936576e-17
2.844710564039796e-13
2.2067590468761118e-13
6.702114630268673e-16
5.989482689524296e-13
3.550129035295027e-16
2.2097289109089305e-17
4.136945487624612e-18
1.5743070631419746e-14
8.088302926907654e-16
1.7142139885105032e-12
3.326614850999813e-17
5.183125026282429e-13
6.556937579431913e-15
6.826190623202173e-14
5.325905391251139e-14
3.4319870982888904e-14
4.266027687897523e-14
1.4019551601234535e-15
2.2908997376863134e-17
3.973758025459578e-15
1.044854939711962e-17
2.92764603733517e-15
1.1320213230948684e-13
2.549852859604889e-15
2.6276206713751657e-16
1.929204100974448e-13
5.383357504010399e-14
3.372310802685804e-14
3.3697691748288964e-13
2.1652708862230557e-17
8.166670145018847e-16
6.08307840090615e-17
4.6805294031721944e-17
4.8688625015586136e-15
1.0861968295215298e-15
6.922013220094716e-16
1.0274716107670544e-16
2.0076729667638534e-13
2.1333203272194376e-14
8.188554361591413e-17
5.663990918091281e-12
9.071442830167257e-18
2.2100669995537836e-13
1.3550237256106974e-16
2.1005503195409413e-13
1.7150761684887984e-15
2.0907625857773495e-15
5.043310588604717e-16
3.4601492207337015e-16
8.032322942567136e-16
6.626184275442632e-16
1.353922145785847e-14
2.426573019945614e-18
3.608819560629334e-13
3.942494679665924e-15
5.074092932739934e-13
8.631498017964997e-12
5.882853909698306e-14
3.7350748993911856e-16
4.926517100496078e-15
4.2557428869257134e-18
7.111058385591377e-16
1.2736958567503053e-13
6.627216924734497e-13
1.66676376836822e-15
8.705717240060256e-16
1.996170661998926e-14
2.498406170941506e-17
6.637737717062758e-15
9.356990489809676e-18
2.326184076997868e-13
4.607186961931752e-17
1.9849621145434833e-14
3.5867630747746517e-16
6.684051270660301e-14
3.0804470489142243e-16
8.118246108405348e-17
4.2611640711029114e-14
8.505643466506063e-16
2.7084402612847474e-16
1.3294295760339911e-14
1.1205871823345719e-14
2.1305133603794578e-12
1.831914995020814e-16
1.656472936190514e-15
2.3775605971223064e-14
1.0786731473423927e-16
5.472243159329337e-15
2.6079522044323472e-15
3.248716833580767e-13
7.490159789680129e-13
5.451893447597542e-15
3.042939591190729e-17
3.3894286480932275e-14
3.051805907770686e-13
1.0042290143443693e-15
8.158948616447418e-18
8.232302428756497e-17
2.8988536069687523e-12
2.657501713791556e-16
3.254246831255339e-14
2.2583165516067482e-11
1.4631782721958474e-14
1.988602334749571e-15
1.2776175193876861e-12
9.842773014539463e-14
1.2933791283815468e-14
1.463938793770741e-13
5.806481065798245e-13
5.6048934504804475e-15
2.360143218156394e-15
4.633392049094371e-14
4.264583669317099e-14
6.932515629051902e-16
1.3214324642347065e-14
1.2555857857947471e-15
7.589563115093644e-18
4.010807987493649e-16
7.679880467492137e-17
4.191488644626002e-15
3.662369278013028e-15
2.9074492030771604e-14
4.126140907603516e-16
1.6669765456011965e-14
3.0205417947686866e-17
4.876500926822157e-16
9.862170124550632e-15
2.854604317089704e-17
6.152540844946825e-14
6.258629056569918e-16
9.379224523177028e-13
1.64515703629547e-15
2.2079892999579877e-14
1.0237800046917848e-15
1.2298922143773867e-15
2.814113626169712e-15
1.3131012644234446e-15
4.189670677267712e-12
3.795457444039731e-14
1.5308278004749104e-13
1.0035373461784004e-18
1.4856805846543437e-16
1.0828752250408696e-13
4.9223589282778836e-14
1.5253882158711769e-16
3.3626052114925263e-13
5.63515878569361e-17
5.26458546250923e-13
9.386524889826746e-16
1.0267841070780409e-12
1.661458073029397e-17
6.912422732551754e-17
8.543926368312442e-16
9.566037566842227e-18
7.424917747845224e-13
2.820834380190237e-15
1.5656995268050834e-12
3.098296901420626e-13
3.8853476819608505e-16
7.610033053134051e-16
3.6202841162150846e-13
1.8439328306273967e-16
1.009226228632014e-12
1.4394970293060515e-15
3.54303878552195e-16
1.7751293581433494e-18
2.908483691493344e-16
4.369830516940667e-15
1.1984498402150502e-16
3.332737022011082e-17
1.9561864709829132e-12
1.1415592843244304e-11
6.673225758226731e-16
2.772556391714e-13
5.555536822013791e-14
5.933006401906295e-17
8.27492717806404e-17
2.2128317462704776e-17
1.6406589922673285e-13
5.329658922473085e-13
1.4397277321452916e-13
2.159808955115353e-14
1.6457386152768492e-15
4.53792289140721e-14
2.7383421380015213e-12
3.3082013715473447e-14
3.899045523130526e-13
3.9861054996603454e-16
4.012590860771228e-15
8.910351261486867e-15
4.2505632393827335e-13
2.0105428986490682e-15
4.550043922222533e-17
1.462647836174031e-14
2.6762228254421634e-17
9.82271095514229e-16
7.149148571684601e-16
1.3945220584605301e-14
5.960802776912115e-14
2.6841452568296694e-13
9.500546593686321e-17
3.1572007498976035e-15
3.941334837698754e-17
2.446246033402359e-15
1.156001547225746e-16
3.7873961860362337e-14
7.415920690065788e-14
7.010292714124529e-17
3.788070356202396e-14
2.6938168722127585e-14
2.861057569379048e-12
2.9098550399345696e-16
3.0611475645028087e-17
5.687644141241421e-18
3.401883887175348e-13
4.802921432776702e-15
1.4971848901071087e-14
1.657194832154784e-14
5.617190899982347e-14
3.180807468084918e-17
1.1739502825528997e-14
1.6151823823832092e-13
2.8376267148979147e-14
8.598194109715792e-16
1.3442051301962974e-13
3.2723935455920593e-13
4.029708467484392e-15
1.8523179828846505e-13
4.945904564380571e-13
3.6726921614538e-16
3.8140110785358954e-12
4.210983471557698e-13
6.501944356374813e-16
2.6200037588837395e-12
3.6285921661779403e-13
4.396420822851572e-17
3.1445688967115816e-16
1.9103757465974186e-15
2.2295839285417893e-15
2.520903625351901e-16
2.0318145007265584e-15
1.2693619999401608e-12
8.524076749459806e-15
4.6258047585520706e-17
1.0345145225415837e-17
2.7165536074343564e-18
1.5418110049468216e-13
1.1809967017440492e-12
1.510133885915099e-15
1.88298178194198e-17
3.7820051339138074e-16
3.3696807917682614e-17
1.6844773984399773e-14
1.572484610521878e-14
3.8748035131057843e-16
3.9504410457882855e-16
5.226224470688103e-14
1.5237030011430904e-18
1.806252252935453e-17
1.7409162620963676e-16
2.191823060576426e-14
1.094537744744108e-14
1.1870103186068496e-15
3.2122390843118516e-13
2.038433890985167e-15
1.1267025845914202e-13
1.7323241465394453e-12
1.7327967343965863e-16
1.2200060473939265e-14
3.480568551976793e-14
3.435675907196197e-14
7.384471239870698e-17
2.7580294013906796e-14
3.6103174479017964e-14
1.2675197480977824e-15
1.1166614632342172e-14
1.2968842281586988e-15
3.0497074525097163e-16
2.697045139681589e-14
9.552645500784716e-16
7.122444788592489e-11
7.909956977287795e-15
5.367840998867022e-16
1.213854308726017e-16
7.473157494495223e-16
6.144741579277986e-16
6.843607261805627e-14
6.256117611141326e-15
1.6849710125504546e-12
1.1724015633756774e-14
4.4616609499344544e-17
8.294229736044054e-14
2.02004870324287e-14
3.0431048050507447e-15
4.160495075816758e-15
3.705200051492985e-18
8.912196950781092e-17
1.9666196257059454e-15
1.1010512630869595e-12
1.3692106156136065e-15
2.6721227032205234e-13
6.5531088757733976e-15
8.307635058427469e-16
2.1172954801357826e-14
1.2085579435788912e-14
3.608672280611036e-18
1.8515037365783062e-16
5.3091022008450653e-14
7.645265553522818e-14
1.181577047058082e-16
6.11787747991265e-14
1.2130910470723807e-16
8.16821171713969e-17
8.746380964284252e-16
1.2395549108120347e-13
8.634528539769608e-16
2.9029109218639816e-15
5.848443111256282e-16
1.6824692104116956e-13
2.387747991907612e-13
4.932163437578118e-15
1.30432176817669e-16
8.711519360342539e-13
5.738651490592691e-14
1.0020147814621019e-16
1.8560745174906704e-13
2.821431720092229e-14
2.1589899820985544e-13
2.337282680490708e-16
7.570681477687172e-19
6.448612599117307e-15
1.2776730943540487e-15
5.62114241049546e-17
2.9560176035074864e-17
7.171780852582344e-14
1.3428093953239427e-15
2.5561976311254793e-15
3.2861955588360984e-16
2.0756845717410398e-14
4.566247143274337e-13
8.358520325567024e-17
1.0741310435030829e-14
9.1495565651102e-13
1.9601580979438544e-17
1.3470194067877038e-13
3.132927307765736e-13
2.035651233436112e-14
1.0588132659724732e-17
3.0319119567879434e-15
1.839865913270119e-14
3.08757674628925e-16
3.1734739204756735e-12
1.948789368184388e-13
3.943659369435777e-17
2.487854042158136e-16
8.118622634253698e-17
1.5981508557615452e-15
6.216365814595305e-14
9.726426886877127e-13
7.500883728079234e-12
2.0212386554959068e-14
6.808069329022966e-16
1.0905052938783448e-16
2.7075845946018685e-12
9.501886006718206e-19
2.0790630508146553e-14
1.661283341722278e-14
1.455115612718728e-15
1.6979054625202653e-15
2.3668833285120537e-14
4.3367440772897023e-16
4.962708580907962e-17
9.175628541934889e-14
1.0562958438566107e-14
2.1138870890912183e-18
3.071775152186619e-18
1.513075376351516e-12
3.631808898741342e-18
4.6036770937139334e-14
3.44476733980882e-15
5.935714269409455e-16
8.770459835982846e-13
5.593724732022416e-17
1.2756258045213819e-14
1.234146924989811e-16
5.711192599918504e-14
2.047355381415813e-14
2.064016214338841e-14
9.058772315659547e-15
6.719064511075026e-16
4.7084336375009355e-14
5.3269535160361656e-14
9.565002199724586e-15
1.1072589989436942e-14
1.0207108905242465e-12
6.032485771912484e-18
2.4265050388714965e-16
8.473455004921408e-16
9.809179747471332e-15
2.2211443198874754e-15
1.2084881273715137e-12
5.2187125281955965e-12
6.062526149743005e-11
4.753804639837454e-15
2.426498558449442e-16
4.2054116161199084e-12
2.0647749892096154e-13
8.393135269369669e-13
4.325681374308504e-13
7.435306477367038e-13
3.8996446373568054e-13
2.5897567175373083e-14
4.487110581053112e-13
4.7413189339043326e-18
3.279973027247729e-16
2.579120794440642e-16
4.675829414262586e-15
1.8960914987619764e-16
3.410579906923215e-17
9.897542983440431e-18
2.5020202400105674e-14
1.6613066823261119e-19
9.657273682422117e-13
6.20511449935303e-14
2.6234704838924393e-13
4.372840214055752e-13
2.3484783701612275e-14
1.0686142577903152e-16
4.848170011376143e-13
1.289708127253089e-15
9.424000903552233e-13
4.931065996046945e-13
1.355788907132137e-13
7.267658177071749e-16
2.4152167450701494e-12
2.4512301263012286e-18
1.4006720831619554e-16
2.03050983407755e-15
6.326878884861669e-16
3.8650704540982614e-16
4.079514308473753e-13
7.941958917088134e-14
1.3923150575360068e-14
1.6942792213631585e-15
3.1586156255671867e-15
3.7889977721467835e-13
5.689710685551836e-16
9.119288507665737e-15
6.145848856383666e-16
5.795539827919937e-15
2.147385887045433e-13
9.010084363605093e-16
1.0445497029864605e-19
9.961904413720902e-14
1.4150424045419992e-15
1.9953202843838226e-16
6.868612373846422e-18
2.678516395830708e-11
1.3517802787815114e-15
1.3738470843469753e-14
1.815493095022074e-12
2.3186144194289546e-14
3.194310005670786e-16
1.6429730179856694e-13
7.558858376777327e-16
5.564945244240002e-13
2.896851988414135e-16
1.599181204144457e-13
1.233223425464473e-13
4.184251752149621e-17
2.801565157316663e-17
1.7569206211331913e-13
1.013605171628467e-14
5.467707467241546e-16
1.137035260291444e-16
3.786820569335017e-13
1.5453668958478082e-16
7.55133577522407e-12
7.494526022140205e-14
9.750093435478305e-15
3.34125822001867e-14
1.3335293929699645e-13
6.135901211655549e-17
5.412956952068452e-15
1.3949559552716603e-13
3.2752659427990276e-15
5.071255804507967e-15
1.7317183323205392e-14
4.8892085992030546e-14
4.811145619001804e-15
1.0617324099830782e-13
7.430898668594491e-18
3.396828410759987e-15
2.45736636662545e-16
6.371033938160768e-13
2.0203513321176036e-13
1.6646314450772468e-14
3.299229677607548e-17
2.040427801616283e-15
5.931923244562624e-13
1.2483625659634861e-17
7.036274858535156e-17
6.883570947230892e-17
4.357458489725611e-17
3.152828824685335e-17
3.8753547468165774e-17
2.701446608129019e-16
2.1113988131272724e-14
1.5303319044900749e-16
1.5147522156048716e-13
5.851010175864946e-16
6.999683635465044e-15
3.9420266017179573e-14
1.482824060927815e-14
8.020283278429726e-16
1.1013239246390376e-15
5.629988688375026e-15
2.4691439840458223e-13
3.200638351722294e-17
7.44577229202476e-15
4.0081499359395936e-16
2.744129767198593e-12
1.4275702804578286e-13
5.783334573011529e-15
2.514334144356743e-12
5.974294489863312e-18
7.48625862805811e-15
6.82855247499334e-13
1.0776640453878804e-12
3.131705446328534e-16
1.0164393734063323e-16
7.453499530693531e-18
5.151647468698782e-16
2.94421605023456e-16
1.9360669057011358e-16
5.512792087200877e-11
3.310131808394069e-16
1.7465088681759156e-16
1.2092544771476058e-14
3.2902545916993046e-13
2.813911886954964e-16
8.180254443051174e-17
1.5452584999154898e-14
7.678723415731515e-16
5.776495302662918e-13
3.908609962165263e-15
8.930222431176751e-18
1.1439897072437118e-15
4.167369031237968e-17
8.5051497202938e-15
3.7648349539304143e-16
3.841892903957397e-15
1.0258817009531377e-13
6.305023862397569e-14
3.445810754297055e-13
6.932888887521272e-16
7.333402581683085e-17
3.5371046651309964e-12
5.480860537472643e-14
1.862331776327796e-12
1.3175852576002877e-17
1.2269698495232297e-15
3.919049195835452e-15
8.477572410601856e-15
2.7386072371428068e-17
4.998964996286677e-13
2.1194878908570587e-12
1.5903595075210422e-15
5.5706671343396956e-18
1.2501788001680752e-15
2.2437722638146984e-17
4.287767332809867e-12
3.2399044202299834e-14
1.273163856072856e-13
1.7124745532482018e-15
2.227491524533439e-14
5.165811761905498e-13
2.2724922516583592e-14
7.504697084653921e-12
4.4267825201698445e-12
4.4682730464291483e-13
1.9479467281896055e-15
2.071885545370269e-15
1.225788375558236e-14
9.400438936373952e-15
2.1757093752848906e-19
5.469182977498745e-18
4.962696017375704e-13
1.7934932918590846e-16
2.624413545843139e-13
9.393303343510848e-16
2.7117620749813976e-15
1.5845705928620325e-16
4.517805863041981e-18
8.587680373913593e-18
1.2791579391490055e-14
5.018016227166396e-17
4.3315750749476707e-16
2.7158916090668235e-13
1.7661414619403617e-17
1.0642823999359859e-15
4.047000873600311e-15
1.6328809578029e-14
2.057192157521722e-15
2.3289743404577555e-14
1.1323887241721383e-16
1.6365668281684556e-15
5.838043122479468e-16
2.955180645945114e-14
2.7217807160823602e-12
8.764922767075095e-14
1.1736045773034263e-14
4.548659854287758e-14
7.814675123748943e-16
2.1540747894142945e-12
1.141763013816615e-12
1.6119017477400562e-15
3.720633249326482e-17
8.50961720340285e-14
1.2369293509477773e-16
2.450955906118414e-14
4.361473255712749e-14
1.638532636230309e-16
2.733634678046304e-15
7.725385436498977e-17
3.6902861103153845e-14
2.063410533209483e-15
3.963233725568115e-17
1.2547026142587128e-13
1.757688293070464e-14
1.8103159676432561e-16
1.6546624540646012e-14
4.2471863601204117e-16
3.813440998897102e-18
5.068543193903159e-15
1.2009293741873077e-16
3.746155409408104e-17
1.6203378750565604e-12
1.3589205305564699e-14
7.697465517844373e-15
8.864913602594376e-16
2.8928738950881274e-16
4.7309198109855456e-17
1.7639474303087072e-13
4.6111224291506566e-15
3.062275117143779e-17
4.540768351054413e-15
9.346268071649319e-14
1.2192787848160873e-14
9.300550040867598e-15
4.2353615257495557e-13
8.842977391489174e-14
8.837428215940117e-15
5.140274044115094e-16
2.526298330913791e-15
1.7839781516604534e-15
1.8254036468792027e-13
1.2853095530584951e-11
7.238006265069378e-15
4.858177778407449e-17
3.614816514050887e-15
3.350336799636797e-14
9.18709977975906e-16
2.2367550351847705e-13
1.913630650232619e-16
1.3835679568922505e-14
4.519221068140629e-13
7.22690743790941e-15
3.708504008562511e-17
1.4924493422896084e-12
9.972201837020622e-17
6.946136505918029e-13
4.1024306821291835e-15
1.0927322392311221e-13
3.4686948185153785e-17
2.959625968838427e-16
9.260094518294705e-16
1.0580410159230341e-12
3.4033447712530194e-18
1.533452678657034e-16
5.770327634090682e-17
4.740890564456917e-15
2.2272496313849035e-16
2.860347903612378e-13
6.308388250290763e-14
3.784378310277463e-13
7.192411700000133e-14
3.7877277130343565e-16
5.348779280375355e-15
8.32390554607901e-15
3.033015895233592e-14
9.931973205559292e-17
3.5309992004956045e-14
1.2511272310338244e-17
9.77351601226857e-13
8.08220791290084e-19
3.031175266447668e-13
3.759819410781694e-15
1.1835230494860563e-16
4.1781846372771506e-16
8.76775849811993e-17
1.9880213768665446e-16
2.6033182579390494e-15
2.084275412914982e-14
6.577755247672856e-14
5.049522970681361e-17
7.544477248864662e-16
3.5744650953789613e-13
5.109792548453132e-13
5.4780581576452074e-12
5.50602283112656e-16
3.305807721580526e-14
2.6771793995653005e-14
1.7946431719313764e-14
5.599053885887522e-13
1.0455504204711774e-11
4.3145686843104566e-13
1.863514662205759e-17
7.857343715283038e-13
7.714810442815315e-14
6.031773206135388e-15
1.180074278104385e-15
5.3227681383196354e-15
2.3475065314720417e-16
2.718802170630097e-17
6.974393801999851e-14
4.0105140231476006e-15
8.005766991619046e-18
3.4930594153406446e-12
7.56186137148904e-17
1.1749213857082058e-13
3.6975330102466316e-14
1.3782048101671597e-15
2.883227765318749e-14
8.524842579447112e-16
8.886727129540682e-14
4.5692858417029485e-15
1.0465193214957325e-16
1.5117707776464094e-15
5.461189780515313e-15
1.1442374179614e-12
1.5416401813548143e-14
8.478421473707661e-14
2.317688014364321e-12
6.33125357825296e-16
7.835212150203293e-14
4.445515575742096e-13
4.248057164953416e-14
1.3355252818010795e-13
3.4275217645495175e-13
3.208908969461387e-14
1.652574813280102e-17
2.228403442339407e-15
1.1326938636727389e-13
6.8024249849566385e-18
5.223004913341201e-16
1.0043702243548536e-17
1.941459409166754e-17
5.2879569807691e-16
5.3720230307511754e-18
4.30763748989644e-14
3.924781822573309e-13
1.0896563939318918e-12
3.396531440266183e-13
2.8033183528138924e-14
4.745418705199786e-15
9.378368644662067e-17
3.0694354171247793e-18
7.059542214927984e-16
9.56262554738009e-17
1.9946047799142083e-15
1.1802595318805648e-15
2.0311066296037745e-18
8.923972780313851e-16
2.3058339611816425e-17
3.0359862794909e-15
9.50033705606416e-18
7.097306038004721e-16
1.1108210482512611e-12
2.112645339702654e-16
4.943210801083901e-13
2.485400759794682e-15
1.137603422941116e-12
2.5404073537927815e-17
7.946234512856209e-18
7.293196238527968e-13
2.0725478863556595e-15
4.780136407981401e-16
2.962123389491029e-13
1.817971991160026e-14
1.4355756953363342e-16
1.0305812109268447e-14
2.465926081647443e-15
3.9950234956940255e-16
8.470566117653011e-14
6.42122996586777e-17
4.028242166867149e-13
9.745873065002458e-15
4.585129266066331e-15
4.924763799802656e-15
3.9625982062541405e-17
4.737330654331862e-14
2.454243871138512e-16
2.2985751983920727e-17
2.4583507566663988e-14
1.5078252367759548e-16
1.4115153607506683e-14
2.842559363873041e-18
5.6630251206235036e-14
1.036075311942098e-16
3.438425881872165e-16
9.645378293712026e-18
1.288419098600721e-13
6.58619664812719e-17
6.200803559868344e-11
2.3597814616754398e-12
2.067247489320413e-13
1.160783873322751e-16
1.215369628032453e-15
5.791902295481567e-13
2.5352254440096167e-15
2.5945183286049047e-15
1.1775946563027404e-14
9.285651385854518e-18
3.3542518050760388e-15
4.1679896224097945e-14
1.2638336333595967e-13
3.4415842661931573e-16
1.8102573955609282e-17
1.9823076276205237e-16
2.8786990992330526e-14
3.918137371196627e-16
1.3778828862310451e-15
1.9524839618124456e-15
1.7857592757324228e-14
1.207104076046279e-13
1.866438336714753e-16
7.067302068910486e-14
1.8051292466341573e-15
3.571604726390334e-15
6.693950610601598e-15
6.564606013519529e-14
7.778839359226216e-14
1.6423371600234666e-16
4.1781879686126214e-14
6.8857489939176975e-15
3.9553430913047753e-16
4.617613352167759e-13
1.0756902242614557e-15
2.2683554841353343e-14
5.28668627773958e-14
1.3237681097635886e-17
4.942706597612311e-16
3.543181417479738e-15
2.6024387374211365e-14
8.97671056849576e-18
1.0618320115369393e-13
2.210484340840619e-18
4.557645838435848e-13
2.050169585843974e-15
2.5882356378653846e-18
5.007626694119388e-19
1.0384783427374815e-14
1.824081106649827e-17
3.4201555965729824e-14
5.666385969157998e-13
1.8475950673122377e-16
3.26025177191422e-13
9.3048645146807e-15
1.8459140736325806e-16
2.28743876123751e-14
2.463117114270331e-14
9.558920934144906e-16
2.8471279960354035e-14
3.3510197753538707e-13
7.474408822433653e-15
1.122038328761821e-15
2.931122596145713e-17
1.4931925895819116e-14
5.44398285161725e-17
7.327205532561772e-18
5.407824874470203e-16
1.0528625603569631e-12
5.415921760266978e-14
2.016036394053907e-18
4.74916738963177e-13
1.6470786044529227e-16
1.1402473357796828e-16
7.086131784106896e-12
6.54281230043677e-15
1.2144019048759764e-13
2.951444648141864e-14
2.1916140262578164e-15
6.824163577625413e-13
3.4050863717873155e-14
8.510418669874108e-19
3.175632502332886e-14
2.900539722053962e-17
1.373771261542496e-16
4.789687219842019e-15
3.6502664980288225e-16
1.867153353894103e-15
4.108268630774075e-18
3.550623095533853e-13
9.10034567287208e-17
1.2457557906761998e-16
1.308730766670458e-15
3.568998274739425e-18
5.215383791932479e-17
3.2197129999615464e-15
2.7503490555437583e-15
1.632076808516318e-14
1.144985895836034e-14
2.3210246904574383e-15
7.016739834716661e-18
1.6885901862916847e-16
1.3781608848358492e-15
2.469182988602663e-17
6.930143934659434e-15
2.2694585255619345e-16
6.5382484366324804e-18
3.972694025978866e-14
1.3733766592434998e-13
4.3583148976510483e-16
1.5973113672648578e-14
1.6558125811901792e-15
3.985636584174084e-14
3.48379138172319e-13
1.0134357636498299e-12
9.01296935047319e-16
4.133806437514223e-14
9.072174790138997e-17
3.806985478692863e-17
3.180031950193116e-14
3.4493711534647826e-11
8.656494999232532e-17
3.3393879006166465e-16
1.1802510993496438e-13
1.4855381952718138e-17
1.4069772807146547e-17
1.0748383338699233e-15
5.827440570529137e-16
2.7549265516705704e-17
1.1515045770571201e-15
1.729841798112831e-17
4.4043901188101313e-14
3.5085417152412996e-15
3.173706125633752e-15
2.186647169503978e-16
1.0016486449296406e-18
1.7741238719943246e-15
7.980243389673001e-15
3.583516871932987e-13
2.5034986013765665e-13
1.7550902828923995e-17
4.3848533051259235e-16
3.4812912149286976e-19
7.175326242708756e-16
1.3471585030679962e-16
7.062688610357478e-13
3.5003171560890956e-17
1.0398565115694395e-14
8.138463221628236e-17
3.6568118720865955e-15
3.6120448149567646e-13
2.1056842501789112e-13
9.915236417677634e-15
2.633004466843122e-17
3.075033073224195e-12
9.754029045105321e-17
5.061496775865992e-17
7.041234018740455e-13
8.609984782691611e-15
4.728585021981471e-13
3.5385900075640503e-12
6.291959967829416e-13
3.3048148947482174e-13
3.67894629186825e-12
1.5376407028629672e-16
4.369194561155727e-12
2.854835491435085e-12
5.904210655779642e-14
3.608210297065731e-17
3.4206767986826884e-16
1.0214721833422148e-12
5.5418508781245364e-14
7.187608578400059e-16
1.5025357242272926e-13
2.050491543146844e-14
1.8564694011940274e-15
7.10326776064321e-17
6.895473475163365e-13
7.24404397813238e-17
6.685764238495465e-15
1.9692980389138404e-18
8.823230696211048e-13
6.6794567695202555e-15
4.665182571636608e-13
1.2246850072949495e-12
3.5305142377626606e-13
7.267797159226936e-16
3.7581441164770845e-15
3.896021608338459e-17
6.85285584209186e-18
6.090105554420982e-17
6.465104026682288e-17
8.343100059018617e-13
3.9422101428393256e-15
2.445226135066857e-13
4.976633426514466e-13
1.1033587519934354e-15
2.036969578645403e-14
1.2458203724293962e-14
1.7476485541021887e-13
1.9891681523062153e-12
3.026945316864107e-15
2.124020647475093e-13
7.903155623786214e-14
2.409038869863236e-15
2.814078457364314e-14
3.620814767992896e-18
1.5528318207435395e-17
9.344742568897754e-14
5.123343191325411e-13
6.256937820319199e-12
6.850305542751969e-19
3.301579393850889e-19
6.040496507819311e-13
7.980311990004362e-17
1.3206078975633494e-16
1.0048719649032641e-14
7.371415961663143e-17
6.918872920121561e-17
1.2511958336573609e-14
3.922933035799939e-17
3.363939719937247e-15
3.1001452172238965e-15
4.77602694848501e-14
4.2209526075857305e-16
5.181610980108797e-18
1.2236891039942114e-16
1.1322136538626583e-13
3.489333819205741e-13
5.512053410767612e-17
1.9285250596470777e-14
9.68664175556105e-16
2.95908227265447e-15
3.639173302685877e-18
5.651900118584953e-17
1.9314610764813447e-16
9.63499470244242e-17
3.657335457815789e-16
1.6187513320097435e-15
2.507987594648185e-13
1.0993432046702168e-13
2.994366463617755e-18
4.6074685842197894e-14
3.386016616180122e-14
1.2881660384101185e-16
2.0346113154394012e-17
2.0859062685392464e-13
7.225693842334303e-15
3.220670186902221e-14
6.510888029774208e-15
1.8826082788734498e-16
1.4546483927926778e-16
9.119822282072811e-15
5.409624754736876e-14
2.329542212437325e-18
1.4665446457645435e-16
3.8981091229429693e-16
3.947855549213659e-15
3.522320967956295e-17
1.445467190435764e-13
2.3918338242461355e-16
4.018286503398344e-17
8.796411738287334e-15
1.6312849231501664e-17
7.919227572341588e-16
4.206701597234571e-12
3.646684086205111e-13
8.593615421845349e-13
6.166536041105066e-16
2.114498521196857e-14
1.1969010749970963e-12
3.6450570831236655e-14
1.4442932705706473e-13
1.0486936207364804e-14
5.340730035135809e-13
1.5523465337002567e-15
4.260838826320292e-12
1.409463126626665e-12
9.975590712454681e-17
7.241461959207949e-14
4.433319350895054e-19
3.3079564604236923e-13
4.746441709329342e-15
9.25037060586791e-13
2.7783808082448353e-12
2.093980320933899e-12
4.629849821153734e-13
4.848444331472523e-13
3.659688261797396e-15
1.9823873963982442e-16
5.165502025447916e-18
9.511340197374265e-18
2.6606849483809572e-14
4.4321996654458964e-16
5.504708121102611e-12
4.568510026503686e-14
3.2551592856425667e-13
1.2861823510826034e-11
1.6885139366732442e-12
2.310908925621423e-13
5.0073116200492554e-14
8.444127432424881e-15
2.0525883049366634e-16
1.3274109318753407e-15
1.4716630613236408e-16
2.1613577998304967e-14
1.0144782349886647e-15
9.876440197943316e-19
1.6925541470943364e-16
1.7874899135940698e-17
1.6094267388924016e-15
4.281121125100944e-16
1.1947700391505851e-14
1.079295521949656e-12
6.400516326031199e-15
3.2058215796602325e-13
2.711862877539009e-16
2.4478102861094735e-15
5.003058381816591e-18
5.30802811543311e-12
5.017139154530916e-18
6.572181877535287e-15
4.2643860446280674e-17
9.704373212985213e-14
2.2753815990198072e-15
4.5052254837947204e-13
1.123113707004068e-15
2.491522925743384e-14
4.785134980335079e-18
5.172280426750992e-14
1.3672136789599431e-14
7.899472653057734e-12
8.38903382821165e-17
1.8336999119327487e-16
3.642454045811159e-15
1.1605177410670302e-17
9.542283713731508e-11
1.1908297476720233e-15
7.1968147690586e-16
6.43119167070911e-15
4.0961613687358025e-17
2.016208431327525e-12
1.0146163363354758e-18
1.2188091796057752e-15
5.69253522210926e-14
2.2203498211537151e-13
1.5478779982696883e-12
9.634054623176656e-14
3.4803451256004724e-12
7.694409547580563e-14
1.4139264464519356e-17
7.753578293452079e-13
4.329042953470228e-15
3.85555698508391e-16
5.491707876784142e-18
6.274576434222249e-13
1.8182816544815716e-12
8.851849201317541e-13
4.7750047142585035e-18
3.188808819350218e-13
5.618964122570399e-18
3.697208728670107e-12
2.882243208066398e-14
2.8179356806468238e-14
3.089770707769793e-16
7.410015124363849e-16
1.4267157680669033e-10
2.3701404603936382e-15
5.294274193187262e-16
5.817063131918151e-13
5.1142263987589405e-15
1.0177884086552722e-17
1.3502845595273706e-17
2.5687054538515493e-13
5.113422585408786e-13
2.622970970780282e-16
4.109606838757917e-14
1.7019947896809833e-16
5.839780928043291e-14
1.3464482489176126e-14
1.0292850371693715e-14
1.253834673345615e-14
1.4168093415114298e-13
8.578083967798168e-11
2.412090262697598e-19
6.702074739699149e-15
2.943604140483198e-13
3.627540676760813e-16
6.551748400716625e-13
4.979203859419751e-13
1.2365332130095837e-13
3.1108212910044167e-16
2.4604725924497976e-14
1.1020950389476031e-12
6.081776854707287e-17
1.998862318285914e-16
1.0440681186999645e-15
2.4777475673416955e-17
1.6542635242285046e-14
