14.630777938069508
12.809093386675869
12.047248139029783
10.823966423249175
9.063641707259476
7.378764710651524
6.138119310472099
5.2666893876259095
4.7457362173877105
4.470539474402596
4.235357604856432
4.045285186227742
3.8445279232955585
3.623499245501586
3.4552868750178636
3.3229692445270365
3.2076045484462625
3.10686527251033
3.019229424833144
2.949821717087721
2.8876130673206433
2.8236144206631124
2.770909140309172
2.7262766695216563
2.6879814786548097
2.650913788017032
2.6192026138276
2.5837897148424247
2.551298480498386
2.5108873048502875
2.4679862626130387
2.3980053678484907
2.3286627064278678
2.265595244271826
2.215681231290576
2.1702829129495953
2.1316396744060064
2.094089022321797
2.0631185705142236
2.038398280748387
2.014920195787022
1.9945668237620726
1.97468887484834
1.9566543673149335
1.93661015382874
1.916118532604214
1.8972793162386132
1.88026801186294
1.862754916699597
1.845196061196062
1.826419456465107
1.8083416929204947
1.7901183854030611
1.7727838318645244
1.755901339864165
1.738599532309304
1.7244623791443514
1.704520687814714
1.687943461219037
1.6684213813566782
1.6481702186771585
1.6286579961423584
1.6076412493008565
1.5835548486112252
1.5618726904006426
1.5380697446765392
1.514059355028012
1.4856448848479236
1.460550136297206
1.4342733459002561
1.4037437473023804
1.3725107982540257
1.3427134203816316
1.316902391580193
1.2886161551344077
1.2608005345694577
1.233856081002033
1.2100489153128606
1.1736662700005587
1.1372524697003135
1.103359705309165
1.0629841747477666
1.0290713744584892
1.0026287578939064
0.9817256052602463
0.9523718105651806
0.9070417650583611
0.8708315519740095
0.8361150745970596
0.7876138537439976
0.7399283711778368
0.6909740606877417
0.6583990606303356
0.6311844451013364
0.6151826909391538
0.5941477445839869
0.5683830058761741
0.5480200706658227
0.5306864273129115
0.5166031748051347
0.5049564240637148
0.4940682499491764
0.4840296307237839
0.47558230352600095
0.46857265905707646
0.46183933799337407
0.4545248839103664
0.44817333245719215
0.44252892878030803
0.4375128795487395
0.4326573505469691
0.42772618972181586
0.42313139514406295
0.4187852211751091
0.414650569321636
0.4110505686720245
0.40744623881373876
0.4046131517416498
0.40208427627657706
0.3996282728487488
0.3969099360900259
0.3940380698573911
0.39073854385126694
0.38735631174402574
0.3843986209825063
0.3818355564559912
0.3792216506065502
0.3769614398286416
0.37495807738641673
0.37297101290970325
0.37115421947111127
0.37020725520200415
0.36937775197062983
0.368611205675653
0.3678373635584009
0.3670792071181115
0.36639880019324167
0.3657756167609145
0.3652363617905552
0.3646958301630461
0.3641952221663942
0.36361319776622647
0.3631426781902931
0.36276035334517953
0.36237384973039255
0.3616395498660667
0.36073119266608344
0.35976339038094274
0.35849337556651584
0.35694273341908467
0.35355741433854604
0.34837139732185385
0.34132215669149435
0.33020212493794254
0.3243979157270882
0.3227667847585627
0.32251211010545866
0.3223305081847787
0.3221222113930269
0.3217976339672708
0.32111640874703795
0.3189558203136631
0.31681784093997933
0.3144722805014224
0.3123826965473535
0.3107037925516227
0.3093503891828462
0.3083509808878304
0.3074136057944843
0.30648821960918315
0.30566112285827884
0.30483533170597266
0.304000494724205
0.3032625910260123
0.3025636503537372
0.30192279453046567
0.30136047649275177
0.3008496334997748
0.30037071543191907
0.29985563843055907
0.2993630199190429
0.2989421762606739
0.2985427374046914
0.2981220121875161
0.2976562556700557
0.297225010759699
0.29674922777151647
0.2962416863338584
0.29572829681774504
0.29523447266114555
0.2947686243273404
0.29430591553408014
0.2938686976012095
0.2935082696348097
0.29311992534694653
0.292772982228926
0.29248432507302624
0.29217091969076847
0.2918442509005077
0.2915069776489787
0.29116730899366416
0.2909300684891889
0.29071807152841256
0.29050543889716174
0.29032813453440465
0.2901157101885845
0.2899793796233139
