14.552763724243
12.80972166806337
12.138729312827095
10.810550576682061
8.937134764902105
7.258443439866568
6.023543216643983
5.141371897416189
4.641945098247048
4.345278951919042
4.111108827879326
3.8965117481885265
3.6489462939091144
3.447816274801937
3.2979178905478435
3.1710052086549894
3.0673350167684124
2.983498556822802
2.908914571881448
2.8365441843938966
2.7769828634044345
2.728735951808398
2.6868818673786716
2.648739310883288
2.6100052636224342
2.5734846701249783
2.5343110102983193
2.482217187144526
2.3918638330821604
2.3091944523609165
2.247186863150503
2.1932855241199913
2.147673163336961
2.1040948722718174
2.0635044197469465
2.030387576492209
2.000389815346633
1.9743570258308516
1.947808026926369
1.9240985051349329
1.902043998493367
1.8751481108677917
1.8464885049888453
1.8207149334950214
1.7929830007522796
1.766840739165783
1.7425284986828817
1.718077344761463
1.6917670400000295
1.6691033167897755
1.64386452629258
1.6181807998851392
1.5917038296043753
1.5623252070564497
1.5330289123305176
1.5029967513565259
1.473832392948487
1.429351094435244
1.382866729675909
1.3284472648044465
1.269006281758073
1.2033829516656622
1.1449106255502564
1.0870759811050181
1.03150237088151
0.992097669637527
0.9468710021229425
0.905759576592887
0.871746984031061
0.8299226496693217
0.7770653616673204
0.7349675553514325
0.7114949764217009
0.6943856237727921
0.6668869727004925
0.6289050745978129
0.5923746765687259
0.5609792240358091
0.5380489519624652
0.5267844920734888
0.5067880112459022
0.4890780197136282
0.47411602670761965
0.4595772646109406
0.4491988303393084
0.44249152946983905
0.43735219043469087
0.43179281594609886
0.4265360097952362
0.4209542917307152
0.41758633220827335
0.4142642149559297
0.40921990208534176
0.402851772512288
0.3958770055990559
0.3882093237538644
0.38082524460926415
0.3755057175761607
0.37075963800944933
0.3646624463587571
0.3590306381640138
0.35606030611757955
0.35463547420265407
0.3532973649947655
0.3517840887536767
0.3510005144105337
0.3504252899693183
0.34956471686836466
0.3491119805713696
0.348483087000532
0.3478201205043492
0.3469430043509387
0.34617858228809606
0.3454958065248599
0.34426290964114514
0.343445405415042
0.34247132499595967
0.3419832727847192
0.34084234025812776
0.33921991560574405
0.3376695332211499
0.3362675354139295
0.3354496030473557
0.3347193015580938
0.3339978315636065
0.33325992473977006
0.3326974702664316
0.33189745246557223
0.33137112229654875
0.33078714007802734
0.33026290369986544
0.3299473465931131
0.329685640177555
0.32957260565244617
0.32944215760828666
0.3289983181622107
0.3283447724483253
0.32823316892629606
0.32792509037718
0.3274491877641523
0.32711165576480195
0.32679511645543347
0.32654969747716844
0.3263831881087711
0.3262231359176182
0.32609972874836846
0.3259723360318194
