14.539206925894025
12.809902624798298
12.168334674171014
10.838890874688753
9.030932698833098
7.340186851335563
6.093968190271223
5.174230461647349
4.661898540203538
4.3352512723293355
4.109221719938251
3.891948668146929
3.6599046267380713
3.4608569185977993
3.302827369396663
3.1778390549060402
3.072801732433721
2.9837446004676664
2.911744881609783
2.8421811147590104
2.783620369852981
2.7302710008870577
2.6869471019733098
2.6501465061442637
2.6117444391714555
2.569054859766865
2.52062379827174
2.44725727802485
2.360461311093358
2.298927892494399
2.2396036891164366
2.191611100399152
2.151696481898563
2.114680228035044
2.081021383303095
2.0533924346455876
2.0276393183346784
2.002531858125261
1.9788556606733918
1.9548249974194807
1.9329149014133726
1.912579646490041
1.8904798757396755
1.869931775180091
1.850721767561092
1.8328925433732062
1.8137679591460873
1.793710974558726
1.7756342793900144
1.7573759387567645
1.7389095574598112
1.7208421983902857
1.7023089083577334
1.683718652665597
1.6635320278859158
1.6477313962673694
1.6285846376344253
1.6117523078442133
1.5946169548347946
1.575557605793481
1.5579435037343172
1.535579600702543
1.5085274429449012
1.4809582671686332
1.4483431478297284
1.4173102362840373
1.380305999900318
1.3457120008609946
1.3095059568277767
1.2783310533953252
1.2550582835398325
1.234957030777247
1.2134447751693127
1.1926606755585238
1.1721836290229852
1.1506536993370329
1.12856978881692
1.101578303216618
1.078679220360451
1.0548454347763192
1.0321439988905245
1.0139300457328204
0.9947404761235106
0.971933951365866
0.9510081691183352
0.9334490545917413
0.9190706765419314
0.9070969436963159
0.8964367138563532
0.8863414168497279
0.8747183370719656
0.8639793957695083
0.8537509785885691
0.8418146069142098
0.82935511922134
0.8174075268660035
0.8063068621592535
0.7874827780556632
0.7626240590905891
0.7378926464011215
0.7141516577017519
0.6824134663051158
0.6650442394863889
0.6606283475509436
0.6593704682128694
0.6430604581635153
0.6239080576751856
0.6113234482998449
0.5997917225952563
0.5918322842375296
0.5800847109791452
0.5698337742236435
0.5587001094660362
0.5471992964254166
0.5348014507674623
0.5230716492383269
0.5115210556668686
0.5012441547611433
0.49240453726055033
0.4843134100098023
0.4773687036756451
0.47114551902290724
0.4658444899632217
0.46088210160244536
0.45663883000146743
0.4528585855297651
0.44921888519964703
0.4458335356942067
0.4429651303146489
0.4400230657431541
0.43695452687697856
0.43385186474026227
0.43046597869628744
0.42724463987194117
0.42370512922440273
0.42049864242185286
0.4171855290935049
0.4145642239377567
0.40659057062409776
0.39764940063951215
0.3895771631344749
0.3848682610964005
0.3812278402085454
0.3789940473631752
0.377340621112344
0.37649447434874883
0.37582879351443665
0.37519048091319895
0.3745324675110755
0.3738628377888098
0.3730509656392105
0.37230266411475466
0.3716486722710153
0.37094660056125406
0.37025546417827204
0.36965445471682745
0.36902370276321683
0.36842389024354816
0.3678011469950464
0.3672396267179119
0.3666452926150887
0.3658607245104868
0.36496166311334655
0.3641589052883223
0.3631994681834785
0.3622781949208731
0.3614347908951929
0.3606080027226053
0.35950393411778503
0.3584482795491635
0.3565697253736335
0.35552161218602585
0.35456223932911346
0.3534246461927628
0.3523226920097793
0.3515992354255424
0.3507557119956557
0.3502216081927294
0.3499740569498577
0.349676875977627
0.3493010502665328
0.34899135793881886
0.34872095095657407
0.3484814040539135
0.34818132335882357
0.3478334402819039
0.347556140400755
0.3468559264156763
0.34666522063436034
0.34649965539222016
0.346065309748532
0.3459603578907533
0.3455525364384693
0.3443108808750379
0.3426676391367449
0.3389716340921396
0.33413328969388534
0.3332570232434584
0.3331714711273035
0.33193487151668144
0.3305995930428045
0.3286933327849981
0.3279732493437342
0.3273787756620532
0.32654110767883626
0.32580793732920377
0.32512550547595165
0.32447168874411325
0.3239471046543816
0.3235280791430082
0.32311922751301836
0.32278475370701365
0.32251487652238797
0.3222488435283708
0.32198766500233145
0.3217572029735907
0.3214840885320607
0.3212993724389124
0.3209192001638206
0.3190326269560426
0.31731902892599084
0.31575236054748324
0.3142954225940997
0.31282692848708127
0.31136722335069855
0.31008082116193236
0.3090527204752256
0.3080419192619379
0.30710634009256044
0.30626894866285514
0.3055462809924281
0.3047720838375527
0.3040795278279216
0.3034014567357257
0.30273789534769247
0.302103740555987
0.3016563529557823
0.30123945367476246
0.3008233783434555
0.300549208392777
0.3003296451744806
0.2999886532139566
0.2995696417353093
0.2990856421001693
0.2986816186092778
0.29832018059237164
0.2979747881153596
0.29761413325507036
0.2972324842644829
0.2967915659466307
0.29645503265355533
0.2961005344867882
0.29571195782663384
0.2953345109526042
0.2948923300982269
0.2944683458535051
0.29402534290811033
0.2936099562913057
0.2932049687717724
0.2928163155783112
0.2924030190486535
0.29209816665100163
0.2918441593901493
0.29157797970442534
0.29132806332287675
0.29108951696786
0.29085406842227357
0.29064292218095655
0.2904492967299248
0.29029908805465165
0.29015711012100986
