14.87479192948815
12.810456656728801
12.244391729587372
10.87611968819373
9.032793480145878
7.3379369668699255
6.090068633441119
5.17297513353374
4.649374819506045
4.344073764311274
4.124846501018277
3.924197676199263
3.685470004749959
3.4848936652118727
3.3252688327064455
3.1988851825363778
3.0940320101442316
3.007723818156113
2.9323082101801035
2.866408022366441
2.804435349719169
2.754828603338394
2.711629327585734
2.676424345775441
2.6440402771308484
2.6090247600186878
2.5775397980131105
2.543674310400359
2.487815319992028
2.3933288503194206
2.3182515277615074
2.2617965552688606
2.211730772123266
2.16940982832595
2.1292987808348336
2.096189280645154
2.0666698959489826
2.0414894511319073
2.018266847964181
1.9989384247802597
1.9799549251828346
1.960378518617933
1.9405138831358286
1.9224170429079184
1.9032980869311427
1.8841781664650021
1.865896794580629
1.8478924091097495
1.8288089418722588
1.8103810745290758
1.791852555974609
1.773368278928479
1.7554277813105124
1.738579480662323
1.7203442117780998
1.7019588204481604
1.6836054085578631
1.6651902883890406
1.6460512327635666
1.6269183353903278
1.6062080235869445
1.5859506250581514
1.562764384372369
1.5412177779272387
1.5191014875090971
1.5011073181428252
1.478228792378676
1.452560125742366
1.4286172629181637
1.4030651696808008
1.377576006231374
1.3512438159071731
1.325255032446048
1.3009157181700317
1.2717610701167033
1.2423909745488277
1.2077236579535047
1.1698013642548464
1.1306000726407852
1.094444098200153
1.0637640356849287
1.0206448582359506
0.9847506124046639
0.9493154509548534
0.8885429800338791
0.827311436061013
0.7845052440584643
0.7646284759201709
0.7544051794143307
0.7454653899333437
0.728080557565943
0.7100338152447323
0.6897760427934543
0.6825284062309791
0.6793678924366136
0.6772359960716487
0.6761379567794226
0.6741757776925281
0.6714212151032104
0.6682114622172888
0.6645888591979165
0.6625958657146018
0.6579231801677841
0.6492374495657973
0.6361749994893158
0.6327814010887511
0.626939130362504
0.6235157107943667
0.6190608838793858
0.6158300219272759
0.6118497967438028
0.6066612511758809
0.6018676750348195
0.5969528178499726
0.5923889104652558
0.5882089746789054
0.5841548764653934
0.5803207580954464
0.5762306631425576
0.5712650518698039
0.5666893235300297
0.5620841009499715
0.557951443946922
0.5542818158523586
0.5509964583879201
0.5474441651487645
0.5428498057031224
0.5387848011508964
0.5343724094575739
0.5310267724211819
0.5279964317949011
0.5235670281277507
0.519555039913155
0.5158767193317484
0.5094607715188788
0.49378754361563804
0.48689125428505964
0.47446184064136077
0.4660339718915001
0.4617134656487796
0.4582294325099303
0.455970920545397
0.4534025009397791
0.4509011127986291
0.44915817095945343
0.447448864914457
0.44494895986668137
0.44142301667706274
0.4379563113463174
0.4346339776372812
0.4309771847069239
0.428627743236607
0.4262354572474045
0.42352572296011815
0.42018536108488735
0.4172330741583341
0.4141845319748043
0.4115242716288643
0.40874791536561794
0.4056698002516592
0.4024315856557106
0.39902014894810556
0.3954772617313118
0.3928502765176711
0.3905232975398647
0.38833901089685696
0.385627823726427
0.3837027390170604
0.38205029097426824
0.38062882100689066
0.37926729770071876
0.37793657501359945
0.37663412664581397
0.3755740769342184
0.373059878787692
0.37078362299800016
0.3686193112547125
0.3669328017963096
0.3654196047833098
0.36410502352480556
0.36290663560723857
0.36178451029140124
0.36099083667490817
0.3602878497526376
0.3597884812198764
0.35925893265492004
0.3587608447217292
0.3582275372241339
0.357669630813203
0.3571248605460431
0.3565880666827379
0.35609724278952104
0.3555113234446683
0.3549724480040304
0.3543247725597638
0.35370366546703824
0.3530172190346663
0.3522930536463109
0.35144888166482513
0.3504243507392326
0.34948277368088565
0.34821701154672
0.3467616681258301
0.3452602200009016
0.34363519576903645
0.3415210047719448
0.3385316133587626
0.3351892153285334
0.33240079140170664
0.330428537395302
0.32879178552323207
0.32724344094337887
0.3262500034781146
0.3252829852285135
0.32416222711959186
0.3230603755882049
0.32198899602385467
0.3211496634556408
0.31943123584682986
0.31660419131407913
0.3142998740047771
0.31226320676846164
0.31052844584604244
0.3091711775116952
0.3079420329796605
0.30682450599261113
0.30579626235450696
0.3047136245938722
0.30377246634659283
0.3030141619771305
0.30224819036479467
0.30163123556136284
0.30100874752545703
0.30043245557190623
0.2999389840764284
0.29938234471582437
0.29890948729991607
0.2984111038885766
0.29790912692880056
0.2974599048480968
0.2969558320964847
0.2965717918062669
0.2961127735089679
0.2956942454582734
0.2952837641176558
0.2948884046339808
0.29448683839879575
0.2940723938031784
0.29362469617545717
0.2932048181822644
0.2927850018053917
0.2924566082941551
0.2921144294317326
0.29177075340702263
0.2914799354649169
0.2912000845893479
0.2909988286426888
0.2908049653682765
0.2906060689723473
0.2903837591012781
0.29013685468627237
0.2899536830007188
0.2898473086032842
