14.65312124811844
12.809196885073378
12.119350173809089
10.797200859109408
8.881466424085634
7.1598880924800135
5.893659460989117
5.018040151369078
4.579139094155893
4.307598664708731
4.0956551284131475
3.8931838678112216
3.6772074466272375
3.4882406204129115
3.334460873132551
3.2221142905402997
3.118273640526068
3.0354481424273096
2.9613123988521437
2.8914986724750467
2.8256593436613784
2.7713272384499996
2.7240905761687415
2.676747998234294
2.6365065056813286
2.5947112857432977
2.551525577048243
2.50010962986479
2.389828049960281
2.3005230215857218
2.2282357702011737
2.168255196481347
2.1163247326904973
2.0695233092946435
2.029950272817084
1.9924973834371364
1.9562023351745488
1.9252160420880564
1.8970366495843987
1.867023211130987
1.8401446138499775
1.8136159142821544
1.7892920217361077
1.7662687493309237
1.7405667674350829
1.7137176817777329
1.6881011974359756
1.6675909073173294
1.6470697007405182
1.624848550284682
1.6027216598604035
1.5840386455263715
1.5644256050080196
1.5469168753964002
1.529628882721565
1.5094671344123851
1.4745367579009576
1.4293908208603625
1.3774229532191598
1.3286360040554621
1.2686215196286135
1.2082294430959486
1.1493259559045885
1.1032220241474855
1.0476953199576338
1.0032605885246646
0.963256781595268
0.9330715049523377
0.8880955344102288
0.8309755011580968
0.7686098185468131
0.7046224197244495
0.6652189138846456
0.6384654400575389
0.6092890784858715
0.5852524384884443
0.559411287160156
0.5308158048852185
0.5191119007385607
0.5129432968194934
0.5073653607286959
0.501374676414132
0.4932688082208223
0.48543021560123556
0.4768633323273681
0.4680362816654151
0.45828030552866483
0.4473812752819253
0.4373371318325434
0.4277187646365235
0.4165557966349427
0.40858852718721295
0.40276322243036944
0.3988975681181852
0.3956148525769443
0.3925247219591066
0.3895510589055764
0.38787367935782946
0.3862203946734164
0.3845680955989268
0.3827501353409115
0.38141124257590775
0.38010454129104954
0.37881192956060605
0.3776615498920117
0.37643653953926215
0.3738330719767271
0.3714281986224579
0.3690044887439541
0.36641813901999143
0.3641031963483128
0.3626917471161262
0.36140231281470836
0.35987054548110287
0.3580889540187604
0.35622825238854716
0.3547223787516298
0.3534460824531722
0.350832762966343
0.34707079339463665
0.3435338847680063
0.34122041831820304
0.3390777365718396
0.3375331806013797
0.3351305720869009
0.3327887199781472
0.3317044039537027
0.3304651554473992
0.3294798167625759
0.3278836418486355
0.3268009000884602
0.3259012298196051
0.3246444184883259
0.3238178665139797
0.32308703195859856
0.3223879130155298
0.3218805545182519
0.3211341699650667
0.3201478683451473
0.3184820294691697
0.31694486362891094
0.3156067784201726
0.3144127306249471
0.31274146835853855
0.31070586634138575
0.3087200431616921
0.307073353689554
0.30613380119661215
0.30540302078124526
0.30457397582542
0.30380935466804715
0.30262420575439464
0.30150661807090895
0.2997493675583067
0.2984675639044827
0.29746979184349076
0.2967953777209704
0.29623651455651245
0.2955413709252266
0.29500530835841765
0.29452010518751415
0.2940721247433826
0.2936731985850196
0.2933451485269494
0.2930678800908142
0.2928206043746533
0.29252517259327515
0.29230322310961565
0.29209097650271776
0.2918719350422423
0.29169738977972326
0.2915365485574135
