8.496790953638686e-21
4.840173953638889e-20
3.387726062877887e-21
1.2293958171329385e-19
1.791285632890056e-21
2.5605937219234664e-21
1.7526112445057834e-20
1.644321549398469e-21
2.3942535108593583e-20
2.2526069525776172e-20
2.6049921633509184e-21
1.497571095366349e-21
1.5216520419107733e-18
4.347367776465439e-20
7.358787262044323e-21
4.8853230732438665e-20
3.8854520517421925e-22
1.216869433347477e-19
2.269268750088418e-22
1.954249448693079e-23
5.336286316223499e-22
1.4458961102681298e-22
1.1932052887748766e-22
4.0150077498201984e-20
4.935245830717954e-21
7.913262852843463e-22
1.3333779650193641e-22
9.762811790286638e-23
1.2399519597200972e-19
2.657811216725958e-21
3.4018850683421285e-21
7.73516001402848e-21
5.158317515239242e-19
6.445332619258557e-22
1.0264737406574806e-20
2.3542391741541697e-22
3.0155547932625785e-20
3.224728099877152e-19
3.0531583198877914e-21
2.501944248755128e-21
6.977320523126659e-23
3.22887851721357e-22
3.0158679043420265e-22
2.5192081948148993e-23
9.402322237647057e-22
1.998974158546617e-22
2.6767985420627165e-21
1.4144570932672e-20
1.0731239457824416e-20
1.1858439667018055e-20
3.9382861203977145e-21
1.855549825634653e-22
8.774413187235196e-20
2.2953517730953742e-23
1.0507968906778934e-22
2.136874872193817e-19
1.9197491757888892e-22
1.3727970298002022e-23
2.9624727997269024e-21
1.3554997340762917e-22
7.512625785741194e-24
2.5822286140555736e-23
4.0678353600899705e-21
6.7774959954304625e-19
2.4678155011916077e-23
4.841153092112714e-22
9.374585972333312e-22
6.155098709260941e-20
2.0279160010386882e-22
3.1864328283494705e-21
2.45804753926436e-21
1.8069828278659744e-20
1.872826774621461e-21
4.159173721180649e-22
1.0454209379128287e-20
1.510351017333117e-20
5.685573634887507e-20
9.362770928155418e-19
5.859927923774055e-21
1.1846967699385752e-19
3.2205728246035386e-19
2.186533129920392e-21
4.057902075858162e-22
7.783004992054296e-20
4.492570815667888e-22
3.3455145063887637e-21
1.5640029465723719e-21
1.7293776606263365e-19
1.72727553706983e-21
1.0803226141038955e-19
3.114385037367435e-20
6.938808965639995e-18
8.621757969540339e-21
2.2271821253727004e-22
9.606562026257961e-23
1.1277358375059686e-21
1.8610233702859785e-21
2.3084391449337557e-21
7.050281268781029e-22
1.999196814976247e-23
3.1998134988816196e-20
4.1004107289350584e-20
1.4923173291589085e-19
1.3205249319233026e-21
1.3092948902274507e-21
1.1168549947364475e-18
5.185156643071985e-22
2.892804220987748e-19
8.48214260093249e-18
4.352073546902822e-24
1.142467609387656e-19
8.696624310670672e-23
3.156070167109267e-19
2.3055327047476283e-24
1.135070247697345e-20
2.1803426083709883e-21
8.760043670583248e-21
9.526468410339316e-22
7.473741115829607e-22
1.3888226403481618e-22
6.310803302833207e-21
2.5408354433278877e-24
8.851340769657813e-21
8.209590187631992e-20
4.641440017251152e-22
1.451745741871105e-23
6.166922851580003e-21
6.642478035070585e-20
2.757330967519186e-23
7.601226888182024e-23
6.614762145254494e-19
2.5839937686110464e-20
3.598171212067731e-24
5.58889091665542e-22
9.330282186077212e-21
8.218494181342203e-21
1.4008883360630992e-21
3.326445412994316e-18
2.686104371210907e-23
7.401655298613061e-20
2.3248911326937403e-19
5.273796384334687e-21
2.1131406023742913e-21
1.4887343517949536e-24
8.570777259876805e-24
1.765205376361818e-23
9.020378400591013e-17
2.6507963075292233e-21
2.8418765413581096e-23
5.939990790044055e-21
1.1794460428348701e-19
6.686331225655651e-22
1.5127273992690898e-20
8.370228182009134e-22
1.0270796332787745e-19
2.5592281641675002e-21
1.2603002044620793e-23
3.143041044863746e-23
1.7862723046657008e-19
2.094266183009457e-19
4.868227458166426e-23
9.1110471436181e-22
6.356735769345482e-22
1.0206782184330653e-20
6.166836896219372e-21
2.0219076101771976e-18
1.1661230643055562e-21
6.970477087375803e-21
3.0011853755133605e-22
1.2016593269268462e-21
1.3460071202181973e-21
4.275498438698891e-22
1.0963010357971714e-21
5.022935134885825e-22
1.0832997062501058e-23
4.175039466287419e-22
2.1293732286132517e-23
6.1928383954004604e-24
7.624014450460657e-21
2.5119625096458943e-24
8.156234202519856e-22
2.1304641401819317e-22
8.75927337617805e-22
8.430532170967712e-20
1.432248139511843e-20
1.19476393648219e-22
5.589323662845117e-21
9.699407742235342e-20
2.447645847108101e-20
1.5723697773132092e-22
1.0404842800065484e-20
2.5408239590282985e-20
2.043298101896037e-24
2.5766335478734908e-20
2.882205122877692e-20
9.660637363910467e-22
8.311008427082882e-21
3.963491093097826e-24
2.4738684834021355e-20
5.939719108286524e-22
2.341540633864202e-19
4.9608373124170215e-21
7.232697154633292e-23
1.4612210941405855e-20
7.545554410617433e-21
1.6399499908758587e-22
1.8537872597373432e-21
8.658705265521488e-22
7.382242421826333e-22
1.9129579485061933e-22
1.6284346463732006e-20
1.0348736554109291e-21
3.2369420429710763e-25
1.0434274834983651e-19
4.8696693401737e-20
1.841631636328182e-21
7.755775757827591e-22
1.0472167204891928e-23
1.3435977443670266e-22
5.696363797074255e-21
8.027592439605394e-22
2.0632460147691241e-22
8.215319777813052e-22
2.864601288461652e-20
1.5304137526086852e-18
3.2664047938908344e-25
4.361190623781202e-23
3.257537029158859e-20
6.731416147603713e-23
2.4358922834513047e-22
1.648318212484387e-19
1.5097709871779727e-22
9.714271860512354e-21
5.604941300591438e-23
4.571646500682248e-22
3.039537909621626e-22
3.4183666576992213e-22
2.6927510479832464e-22
2.0797563362373983e-21
9.189610205811328e-22
6.641762924812725e-21
9.89279523867847e-22
1.663164277237131e-21
1.4699370952408191e-22
1.3243160745375815e-23
1.0039434039177473e-24
4.14386892060751e-21
3.349404265134765e-23
9.386768721334566e-21
1.9604730203441372e-22
1.1534140306853647e-20
2.5476164000858314e-24
2.18490666576123e-21
2.774089535118906e-22
1.538627313276359e-19
1.218294126388143e-20
1.0396221694729743e-21
4.871942296184483e-21
8.896915148340405e-24
1.6993883202187344e-20
1.3922583726147163e-21
2.839029818648793e-22
4.1274034344158193e-23
1.3269091345402001e-21
3.2900811016088607e-21
1.2095378851050394e-24
5.069232061936922e-23
1.24668101460671e-22
1.2805079007908496e-22
1.6090988908917656e-19
1.230280955228889e-19
7.370255669245828e-25
9.419624416984436e-20
2.6454245410269395e-24
7.691722114354187e-20
9.514097192697323e-20
4.156654928123143e-23
4.077139964150216e-21
4.078257357282957e-20
2.1087106874659677e-22
7.745369909490178e-21
3.455051305668199e-22
1.091092516356921e-17
5.723459641179277e-23
1.0358310710198217e-20
8.115280500387817e-20
4.6855559227332105e-22
6.638224242349411e-20
8.213528214414463e-21
1.1654147952258181e-19
9.015329686738408e-21
1.4293362319699929e-21
2.7712891173800343e-21
2.7071647878777974e-23
3.7184545999833965e-22
3.581226892411992e-22
3.655097572806975e-21
1.1611322347696575e-21
2.224816634601586e-22
1.6788563122629672e-21
8.083814997579029e-20
1.4198840013316287e-20
3.9191501856371385e-17
4.0032839295510226e-22
5.574639250329243e-21
9.572289593117468e-20
2.224975198467964e-23
1.3282837782174675e-20
6.0841776053874094e-21
3.4277055148454217e-25
3.812575462787589e-20
9.611723295484498e-26
1.3526255209429376e-22
4.278189178951121e-18
1.8205827878097837e-24
1.702592129134078e-20
7.099860540378292e-19
9.757687643982188e-23
1.0767418900866693e-22
1.4549394250114248e-17
4.522302145473767e-24
4.508954268384694e-21
7.885791243115658e-22
2.911564302208886e-22
5.626932964074789e-22
4.389303089261144e-24
1.9284183450865074e-19
1.7782162863471486e-24
5.071941192514309e-19
1.0793219085206535e-21
1.4681608541192438e-24
3.396574102988977e-19
8.422073642589847e-24
5.805905094877177e-21
5.977540597799389e-23
3.357156266280681e-20
5.3407152683881826e-21
4.919445671382067e-19
5.8138173005386166e-24
4.2233667755953e-19
1.1345139684612716e-18
6.164465811234901e-19
2.8105663552740556e-22
7.940053120146888e-21
5.405361062802739e-19
3.5075405470455005e-21
2.85499988995325e-22
2.710784230590375e-23
5.425504136011097e-22
3.2495876890948423e-20
8.424404385228836e-21
1.1296035160238265e-19
1.0532891035965109e-21
2.275857428078205e-19
1.814693538285938e-21
1.384823732693086e-20
9.770469452269864e-21
7.691135582581449e-22
7.847184008405547e-21
5.1338378146079344e-24
2.717346692393194e-21
1.9540299285583248e-22
9.951233396623518e-23
3.85846597403279e-22
1.3543594589807524e-21
4.493925878807109e-22
2.622351775048288e-22
5.490311980715371e-22
2.0960291856676005e-19
1.6139105291507265e-21
6.273365249873868e-24
2.8359551503981384e-20
3.336955569575532e-20
5.381917258445408e-22
3.4631114348747754e-24
1.212364586332825e-18
1.2539728240243423e-21
4.1459544783453102e-22
6.929245242068903e-23
4.5459962850595916e-21
5.796244789422245e-23
1.4620217357221074e-20
3.114683244549201e-21
1.2865257165472357e-19
3.409138358327962e-24
4.7177381475915984e-21
2.5667818544921636e-19
1.6030968857067885e-19
6.090583303473415e-22
5.229566269095761e-20
5.039302472806002e-22
9.84982025035438e-24
6.85817476190979e-23
5.2173505113906365e-20
1.5284506119594616e-19
2.740519542620653e-21
4.2631117526340775e-23
4.601802814010712e-21
7.372729631166426e-23
1.928692705303244e-20
6.273701955640887e-22
1.057539205941845e-20
3.8568701019099245e-24
5.90194749359484e-22
7.798877704201256e-23
6.490225495818866e-23
6.130451288964971e-25
1.1553123418026015e-24
1.1374807582005154e-24
2.361165127035171e-19
6.756692955043441e-21
1.5327957723684387e-24
3.451367530847955e-23
4.08708779594868e-24
1.754503405540426e-20
5.506712837900212e-23
1.0204499317252106e-23
1.079703972370026e-20
2.195957450398975e-19
1.297449733152551e-22
3.018205503477e-20
8.219422429934853e-23
3.4224620533899427e-22
3.650196445898013e-23
1.9699030740731015e-24
6.280184775632359e-23
2.7172001520331872e-18
2.985953572097106e-22
3.8324078620073953e-23
9.214175709907362e-22
6.775663641204671e-22
1.971763999382818e-21
1.877668445487155e-18
3.1637691401704557e-19
1.1895960241790467e-19
3.445461539760442e-24
1.9118908130795227e-20
1.7806924909773907e-25
1.7641315535102568e-23
1.4912798140628595e-18
3.1072385885168545e-23
1.3777152431839437e-18
4.1627005928262153e-19
1.5525417488996894e-21
5.318472354028254e-23
7.29076573365775e-21
1.7683293306582333e-20
6.219299144691137e-22
7.841362550132962e-21
2.6103881600348845e-23
4.37749014452814e-23
5.133561934357352e-22
1.0900267086164645e-23
5.4882875749840535e-24
1.0265366528611824e-17
5.0916493058623305e-25
6.005537255220937e-22
1.2315367533338884e-21
7.424643797192461e-24
1.1716196918703337e-19
1.5830396808539735e-22
1.1476385459343743e-21
2.73424660645653e-23
5.123993531497365e-22
1.269853394373908e-22
8.642561720629783e-22
1.1312483144363334e-20
3.773712573424663e-23
7.947484670839985e-23
3.190492492899403e-23
2.1342245986580575e-19
5.356183577423716e-24
6.660218124786005e-23
9.965357662342072e-20
1.5178253329604795e-20
1.1025383952949098e-23
1.995292774508079e-20
1.9306300289393898e-23
9.82377998332367e-19
4.281161721115848e-19
5.4133978402410784e-20
8.549391239063817e-21
4.044105661249788e-25
5.137399512967685e-21
4.7907500847027795e-24
4.2038963497114185e-19
1.0938851512433548e-22
4.324137764103419e-21
4.340893752342469e-19
1.0932180458043316e-22
2.5254388534468475e-21
3.873239217069653e-22
2.213047496306345e-19
3.655571067036059e-20
3.3767438755688056e-20
1.0055005917150943e-22
5.084011921406028e-21
1.7239419316472293e-21
1.163223714076683e-24
7.309976826576607e-19
4.0170251728006136e-21
1.3786955862202275e-23
1.5735615177548773e-19
3.907534738223234e-22
4.127118576670869e-23
3.134276271650915e-20
4.937296994325754e-21
1.607845272083343e-23
1.95881465043844e-22
6.765079287867294e-24
1.082929791667751e-22
2.9614204786239317e-22
6.505594701834068e-18
5.862636520022623e-22
4.243593095221584e-24
6.232722662166775e-18
1.9600915559243826e-22
1.3370081413453815e-21
4.4618116989308336e-20
2.82352117636093e-22
8.149573014497674e-22
2.059112036467363e-21
7.349279597926211e-19
2.478497485938773e-20
1.304836761305834e-19
1.6024041737307075e-21
2.1285376745537475e-23
4.603013953217354e-23
5.896544725758824e-20
1.0361890576239911e-19
2.7182333205992333e-21
1.5768406830346655e-22
1.7884040423929168e-21
7.066045437202838e-19
7.547929989646728e-19
5.544857943314294e-18
4.5788094408675843e-20
1.839645308222427e-20
3.812020595057856e-20
4.919205227364818e-21
1.1793084025315708e-22
6.1712613133197225e-22
1.2495665273475682e-20
1.4941392202876254e-22
4.0401467796319826e-20
7.703944391364225e-23
6.349568693467838e-20
2.1963220106808674e-21
7.074671052383704e-21
2.8473470583323025e-20
2.377609906980489e-21
2.6793656501476678e-21
6.341998922567518e-21
4.6918056657863846e-20
3.3668138214108313e-21
1.2068092481376409e-19
7.737928863094468e-23
1.511435432468579e-22
3.2650350986529496e-24
2.689650379150518e-23
1.7564088065667496e-21
4.8977620237472384e-20
8.956734398447649e-23
1.6678986896620507e-19
5.580104855975538e-22
4.121471494316687e-23
2.8795014240808335e-24
1.0100599639143702e-18
2.2463828008087274e-23
1.6613767175742904e-22
2.3685970323742964e-21
5.642981423112804e-19
2.4122665007139482e-24
4.2804748606160844e-21
2.7579618888986385e-22
6.384967115581608e-19
3.0231967779556703e-25
5.131217709336637e-20
2.3064945672947e-22
4.360193114935221e-22
5.737460578641422e-25
2.071384561561909e-22
3.6179381194506615e-20
2.971409635502804e-20
2.10904094151625e-19
1.813803578667889e-21
1.4964802636631063e-19
1.725241449653156e-22
1.124834105975196e-22
3.37206567354426e-22
3.3994394450708014e-19
1.479993758105831e-21
8.992743318653583e-23
3.4241983377694686e-20
2.913010026188708e-19
1.0980772062356345e-18
5.520631305237399e-21
1.5541616707962765e-20
1.2815011638952495e-21
4.3734641698444927e-23
1.4894853405665314e-22
1.88317911598302e-23
3.697047928672971e-20
2.5060204528271816e-24
5.60889352932187e-25
5.310833244449366e-20
9.361654614907916e-25
4.618941743707523e-24
9.935854733699729e-21
7.168136150109518e-19
8.156877407010771e-19
2.0519967167747962e-21
6.5282156774270376e-21
6.420276237323678e-25
2.2319535255540505e-21
2.2343597096111177e-24
6.7042961319889795e-21
2.271060419851407e-19
3.7625043559132054e-23
3.678443072217104e-26
5.4079197823975276e-21
4.3774742635754113e-23
5.021522632255945e-22
5.181291604510809e-20
5.405815399447687e-22
4.258529909796546e-20
7.078624448450698e-25
3.740424597640178e-22
1.201713879283058e-21
4.771334614380324e-19
1.106453881009636e-20
2.187017788880089e-19
7.025716575760079e-22
4.2276062523756133e-19
1.2340918901779774e-20
2.4586854563941965e-21
1.1094115127827238e-19
1.438374991842463e-23
1.493491431236139e-20
2.991787091927109e-19
4.73302588831358e-23
1.102000567712242e-19
1.3553881796683266e-20
2.484332762150604e-21
3.2805954371626244e-20
8.179838686952533e-19
1.0868301034551167e-22
9.730903394211174e-19
2.3420313136316396e-21
2.811560164509472e-23
1.1309822583941038e-20
5.020199671532404e-20
3.42182168722092e-20
2.4126499925654686e-24
1.7992791873369613e-22
3.910172190229094e-21
1.1701469836385353e-19
1.2670966033853691e-17
1.2043659507536614e-20
2.890130373551855e-18
9.411636886442267e-23
2.1154482251549934e-19
1.663784902188253e-18
5.749934513454492e-23
1.7231310039200836e-20
1.3377060186529492e-21
7.551555645179699e-20
1.1786010861850422e-19
1.4886621615126098e-18
3.591552052869081e-22
3.3641613840095504e-24
1.0051539058465651e-19
2.3254332269164938e-19
2.1058249819931238e-23
2.1772106322474917e-23
7.46597949919213e-21
1.9920489154787273e-19
1.1222565516229076e-25
3.76625080775694e-19
2.1041399455799885e-24
9.532924324811592e-22
1.2909060726071436e-20
1.0826707257321896e-19
1.7805110889038623e-22
3.0653510659713605e-21
9.057384519358008e-20
9.81366107675409e-25
2.5120256825643953e-21
8.190372344480821e-19
4.846537272966462e-20
1.302445797853026e-21
2.3765221357751708e-21
4.8720203071948556e-20
1.3831849536042308e-20
1.0907414113860018e-19
1.4034924558351683e-21
1.880449952206124e-21
6.06853730039301e-23
7.769694516911268e-26
1.336048389801478e-23
1.497265542058936e-24
1.9603941421934756e-21
1.9252756017416117e-23
1.643657405172073e-24
2.0678872830509712e-25
1.0517463087782603e-18
1.2379620771596817e-19
6.329410232582462e-24
1.5129881789261202e-21
3.5752011348048095e-24
3.5847431681751306e-23
1.7925859358733193e-20
7.728966800928272e-19
3.925683154856866e-25
2.334702688711771e-22
8.723970618173205e-18
2.015365700058477e-23
6.07248340750863e-20
2.7092567569282227e-22
9.598868148351129e-21
1.2476593316100426e-20
2.5771637012200747e-22
4.790770399827478e-26
2.576051242442293e-22
9.802420800804391e-26
4.292877630687717e-21
2.031456171181326e-18
5.079893892119935e-21
7.520137866434202e-22
5.991528729855619e-26
8.866976323838601e-22
1.6913350569321344e-20
1.3493037658623954e-20
1.1116074245353578e-21
2.1519919448425404e-20
1.1742583688442548e-18
8.595164444631007e-25
7.655709340507208e-25
1.9394789916911844e-24
5.383390371652701e-21
4.030589539126423e-20
7.447485457085969e-22
1.4442765325743812e-21
1.7898468130297567e-21
2.0267013142741017e-22
5.042016827702301e-23
7.681381701436397e-19
1.3602872910873638e-25
7.0128257677665e-24
6.03950327046637e-24
1.8281391467662333e-21
9.762331718533424e-20
5.839798900121278e-24
1.1150841172373275e-22
4.976547262695922e-22
1.7608135496247227e-26
1.618959070256153e-20
7.711289796258586e-22
3.16233915641661e-21
6.716307618166207e-21
3.920069376421508e-19
1.6114320811466035e-17
6.7584425663083805e-21
9.16629687828723e-23
1.0760497265513776e-19
5.886381337743237e-23
1.0995802819775818e-18
3.7299336395502566e-22
1.249563197509116e-21
2.893396365001868e-23
4.687093128563881e-22
5.370512063125045e-22
1.7278499502164213e-20
9.108902683048784e-23
1.3513577066291862e-22
2.006776813963974e-23
3.0790720835465397e-20
3.7928038465362873e-22
6.029741025772937e-21
1.013921680582976e-18
1.169877274529801e-23
3.267161176527664e-22
8.491529038337218e-21
2.889036398529875e-20
1.3288539215051934e-20
1.9161200099061282e-20
3.1136737266000487e-23
6.232897133801263e-22
3.904053944272039e-19
2.444158976027852e-22
1.2568803163585376e-23
2.342583351821849e-19
1.1729087025467953e-20
8.834166029865455e-20
1.6242794921434548e-24
4.1864887783545655e-22
1.179297755201212e-23
9.825901485985549e-22
1.1010137472139598e-19
9.794078909113417e-21
1.3473190627398109e-20
1.5927193144857025e-19
2.063257055947765e-24
1.5701174265952085e-18
2.3231035235461867e-24
7.090443310406364e-24
2.2031606968377506e-18
2.6501509822532033e-19
2.8170172047699113e-23
2.0092641281983795e-19
2.5931233826629472e-20
4.075973582274317e-24
2.6353653652939995e-25
1.4325117152577057e-22
9.359192619575821e-23
3.1025845941961974e-23
3.4560795806271054e-23
1.0863441755924285e-20
2.41293350449397e-19
3.000475718607669e-22
2.197785640331806e-21
5.872828000180826e-21
2.1179044233276073e-25
1.5766307735686354e-21
4.921164315075535e-21
8.08522369778188e-25
3.7701541270332485e-21
2.3941675585771973e-20
6.119912790318829e-20
2.0159741881850366e-21
4.208249453993297e-25
3.5814561443320794e-26
2.7518605547701274e-22
1.410287698227283e-22
7.229187605029415e-23
5.528050574719034e-19
2.5393269656039597e-18
1.8011788999586016e-23
7.786976323783134e-24
6.205455282245991e-23
1.57654138564237e-20
4.397568195131379e-23
1.846452442273597e-23
9.493749724086162e-22
5.91247692083909e-22
6.038445425171707e-20
3.4628308722788778e-18
2.0586728347602776e-19
5.475355930400755e-25
3.330787780521777e-21
7.56274423287023e-20
5.948891089073549e-21
1.5526118708757804e-22
5.949364461000547e-22
3.8431145487565776e-23
3.6988985569134036e-21
1.7858250945319384e-20
5.076468434573188e-19
7.499489749201214e-23
7.252435930852548e-20
3.0586895490680184e-24
1.0189302324341701e-17
4.8633114066552246e-24
5.9405839855131524e-24
4.311396224508724e-22
2.72557925019365e-24
1.5081367340967597e-24
1.4790055294355546e-22
4.335130634780187e-20
1.8296938867748834e-23
4.441821560986744e-22
2.2918516280346772e-21
1.4002376384244932e-22
5.962883159465814e-20
1.880156173308377e-24
4.1413722839530544e-23
9.030128940878241e-22
6.132572026952133e-22
3.296074072983559e-22
1.7044051320203183e-23
4.369660955046431e-18
5.713902513401443e-22
2.1906036735126977e-23
9.105679645147466e-19
4.750825795348404e-21
3.2803237750244203e-23
2.745503117522335e-19
1.6835716233198915e-21
6.32232015261165e-24
5.6437873160273816e-21
5.610419499437936e-22
8.337156957022204e-21
6.542573827027469e-21
2.4736813071280087e-20
8.956574470132365e-21
1.743833078893729e-21
8.00984708150519e-20
1.6565347269394637e-23
2.210562349414525e-20
1.6558620868148054e-25
9.441685379015229e-24
3.1626140133632917e-23
2.67265159498949e-20
7.3913032812189e-19
1.2035202408293493e-24
4.32533043023807e-24
7.78701933789993e-23
9.931642666760181e-22
5.903869017575849e-24
3.597028767745899e-24
7.349108356221089e-21
2.3111313302424702e-20
2.696862394711102e-22
2.0334483241303282e-24
1.4169895753487494e-21
4.995135076588306e-23
1.0089197461452362e-23
4.1998557063674056e-22
1.8177548286329166e-25
2.209549650213631e-21
2.2952813489966702e-21
8.345511633682585e-22
2.4430663280349155e-21
4.556962088539544e-22
1.0244821961387889e-23
1.0733098054198838e-19
2.439323940415588e-22
2.9372496747308948e-24
2.290372449988542e-21
8.546648970356876e-25
4.143614670744155e-21
2.1963968554182787e-19
6.959645615118892e-22
4.51369146276995e-19
5.216051957274898e-20
3.2063155836405596e-19
3.3216614579576433e-23
1.282993874819449e-19
4.1985484566745156e-22
6.681568028924572e-22
8.647473635694321e-22
2.7429033814703245e-20
6.478311543544879e-21
1.8903266360289797e-22
4.922366856146857e-21
7.15721940200879e-19
2.3633943323068717e-25
2.0596164168088714e-21
1.0253327274970067e-22
3.428050830932697e-21
6.124716309820825e-25
9.138114550851338e-18
5.111311772580657e-22
8.636659042580775e-24
5.048990037967866e-22
3.5139620846314135e-22
2.96675459732448e-20
5.039632669876891e-21
2.201785868308826e-19
1.10659941625116e-21
3.535131989324671e-20
9.756350007499224e-22
1.5055880471093003e-24
7.802474172570868e-22
2.125997618978631e-19
9.305995767838328e-22
1.0425528193435541e-19
8.823047491555157e-24
8.317115395866427e-22
1.9756662331095105e-22
4.853501658837105e-23
7.037764581956547e-27
5.656168251365571e-23
5.325667565066009e-19
1.3063981530343087e-18
1.8634819613231024e-23
1.5996166260416303e-25
8.524131883561966e-22
3.832319455820274e-21
1.3057488243938673e-21
2.362679702757202e-24
6.187558697009796e-21
3.5863826400382066e-20
1.5853655620368413e-19
8.062868494045196e-19
7.836263669027176e-19
1.176828555553218e-21
2.754152986541734e-18
9.110332750295337e-23
1.0015854116485983e-21
1.578538444289698e-20
8.43959555852937e-25
1.1533874187703137e-21
6.486824990751625e-20
2.4948953585246517e-22
7.208218191278988e-23
2.1338828839145977e-21
1.520835902220834e-20
3.18712224155001e-26
7.633572208183128e-21
2.416874520211064e-24
2.9713390047382403e-23
2.1096573072756143e-23
5.157324327596499e-22
2.6083424998923797e-21
3.726862934228718e-21
1.4379002644570455e-22
1.2046312364082085e-22
2.4135293624593166e-19
7.940124214223939e-21
2.302602387842374e-25
1.9053083561417714e-18
3.5818358886085064e-22
4.786871610727128e-21
2.350545576279885e-21
1.096505212754544e-19
3.2562892852731126e-22
6.335241792142486e-22
8.781555220503908e-24
1.5131414962808884e-21
5.533390237719391e-20
2.573677442876895e-21
8.343601224028962e-18
2.159273490486417e-24
7.470871868652614e-20
1.047842110386848e-20
1.3405207476886108e-22
9.053283888772305e-20
2.2664010630676585e-20
6.774564382786903e-24
1.7774468615256606e-19
2.7625534312173147e-20
4.52007165893801e-20
1.9164199606139674e-24
4.5791527039704083e-23
9.401197104790499e-23
3.809803157974236e-19
1.145721012143698e-25
5.627684809307199e-21
7.695533375927945e-23
1.1916824127826544e-21
1.3614415937328674e-21
5.361338505593874e-27
2.122740827112075e-23
1.961593829987624e-22
9.92934678084269e-23
1.7314016946045447e-22
5.824964807117166e-25
4.1946088526269373e-22
9.32190535613766e-21
3.0510881297642205e-23
3.2164924861146174e-23
6.858851513507134e-19
4.510430320771076e-22
1.692553844585342e-23
1.370367687572393e-24
6.227942799865084e-23
6.354195004108001e-19
1.8349709127448817e-20
9.936714736636147e-21
1.6909776179696934e-21
9.72221139728777e-25
2.1045884029212914e-19
6.539283874324154e-19
2.0891985711405522e-22
1.12039993807515e-18
2.7708816330096406e-22
2.1191582838802337e-19
7.180926187137311e-23
2.103895176500833e-20
2.435078347244339e-19
7.522607265337372e-22
5.818617799040397e-22
3.5548381963701155e-17
7.589563672105337e-22
5.595815187688316e-18
7.704242677964065e-24
4.221880853697138e-23
7.139677275910534e-18
3.1318095173913622e-21
3.8519926028459774e-21
2.187411049627197e-19
4.875692117327486e-22
1.6617087857791288e-26
3.624098328843133e-21
2.5578653329983267e-19
8.810636307082043e-21
1.6653007188766007e-20
1.5360290547855345e-19
8.085287735426072e-25
2.9919614771154123e-24
2.965086314190092e-21
4.7626203963515105e-21
2.300682041990581e-22
3.0105299645864124e-19
8.020744539734778e-24
5.670140663442453e-22
2.0570874926372987e-22
5.491649350462137e-24
5.414727369018377e-22
1.998623199909161e-23
3.71565547978926e-24
9.946148383576324e-21
1.383764681322136e-20
2.901294203924397e-21
9.721997616451007e-26
1.6267982657238183e-20
7.314455910858355e-19
1.1321908969596456e-23
3.4198442636879203e-25
1.3824676029205457e-23
8.334834688522011e-23
9.323302022928392e-24
1.9394420163600735e-21
4.9564026280827255e-21
1.6612259669147948e-23
1.6719018182097846e-22
1.4348429668583706e-22
1.1271317520251978e-21
5.4992217604145236e-21
2.0691174574493796e-27
3.802533844089014e-22
1.2930009498587316e-21
1.2764451216010458e-20
5.039951501745786e-19
3.137851553965435e-19
1.1596141375386139e-21
1.2422224865281793e-19
4.448106805088547e-21
6.379604351916284e-20
1.0697748916485867e-24
2.4470035528587563e-22
6.819570792084328e-20
1.7554141956148885e-22
5.693353152793783e-22
3.9289836023727183e-20
3.114554660199108e-22
1.8860452793550806e-20
6.7236842764949526e-21
4.080677147944753e-21
7.947561165965527e-21
1.4810211972688205e-18
7.772473412897951e-21
1.2939948188741905e-23
4.461290042797629e-22
4.1612974159136656e-20
1.0850439293689486e-25
2.727246553050295e-26
8.583321367779611e-24
1.2346773853176984e-25
3.077857657637874e-22
6.977421244127872e-19
1.056076202792981e-20
2.433789758017261e-22
8.53295186758677e-24
9.648941478474595e-27
1.045260899092645e-21
4.743309689802314e-24
6.583897442811099e-25
7.359270823677342e-23
2.690123603577273e-24
6.631911172463382e-22
7.582729394262373e-22
4.713634556379125e-19
1.7522279557310666e-20
1.0662891371873647e-19
3.957812415742873e-20
7.001935010721891e-22
1.813911026016467e-23
2.7863292889681274e-22
2.3880521061237546e-20
5.234372671159209e-26
2.3745761283786045e-21
1.8831488300359027e-22
1.1286239554780139e-21
5.141604394127115e-25
9.55517348181571e-24
4.553844769415499e-21
7.335305431913533e-19
1.9036198414905237e-23
3.2781659905306046e-21
4.541080688143599e-26
3.4569504346843185e-23
7.535821320851914e-22
3.786382499860076e-22
5.069840859880639e-21
7.921119887408381e-23
4.359320420301181e-25
3.6462736459130435e-18
6.6646166731213e-20
1.2845352489931934e-22
1.2285561738806049e-26
1.1805184885894223e-22
9.648322879703454e-24
2.349105011925077e-19
3.0103503965686663e-21
1.700752091596137e-20
9.052518575883635e-20
8.320560155298442e-23
6.270024296721421e-26
9.442411724646449e-27
2.7059870112411616e-23
5.48545823698163e-23
4.676530474640236e-21
7.431241873864986e-25
1.0186870056808283e-20
4.705390931143106e-23
2.2338502391067876e-20
1.5711511278971771e-21
3.311434297674199e-23
3.638334894547716e-19
1.5774918615551494e-26
1.1131901329660503e-21
4.687105221695066e-23
1.8159626179156474e-22
1.7752811874319925e-21
1.1009480143703866e-20
1.0151342176542349e-20
3.02795957470196e-20
1.5293217476784707e-22
4.8155032257002617e-23
6.623143365731298e-21
7.150248180732506e-23
6.393305267241089e-22
1.8977033560492111e-25
2.328554733523318e-20
1.5526922306438632e-19
6.510926770987198e-23
6.958920091094038e-21
5.708021474449158e-21
8.628899991648012e-26
5.000451709610281e-24
4.0111796753433284e-21
5.930959049318938e-20
1.8396343212365594e-21
8.161337405891875e-23
2.1253105876910223e-20
1.9949262909805047e-19
3.6789504674677442e-25
1.6451545427571689e-22
4.453631803839731e-21
3.598596961755834e-20
1.0723032338634921e-19
4.695578621052061e-19
2.0034588588606483e-23
3.5830420320059775e-19
7.565713748353e-27
9.026676496612661e-24
2.834720761837974e-20
8.123083164315549e-24
1.077380656710431e-26
7.444213298318446e-21
6.578696942844415e-21
3.226618807210886e-20
3.307188914568339e-22
1.2323647883860413e-19
7.715056344365896e-19
3.7093024026386997e-25
1.4612851836391087e-25
8.171673957607652e-24
2.038316500167547e-21
3.640727430660686e-25
2.0299029422720746e-19
4.185883798714817e-24
2.3233683910409258e-24
1.6177274244291925e-18
1.7417248847720277e-22
9.569753966253935e-21
8.05487549580317e-20
8.160403459474047e-20
1.6622533013814632e-19
2.2129446398210434e-20
7.564990040442774e-22
1.7860883796509902e-23
6.5025066204681674e-24
1.8291168527012908e-23
6.225461071840203e-22
4.15095626234885e-24
9.104993930135808e-22
8.012512050617294e-22
5.316001581262163e-22
7.362283838600116e-23
1.7329315618783245e-20
1.5559296000649534e-22
3.987460107437911e-23
1.067446265788809e-20
4.469286400287263e-23
1.6044550824783996e-18
4.3943859351214877e-20
1.8995375075365708e-25
1.1677715296400271e-22
1.8281543994194307e-21
7.506637739162681e-24
2.2510246716710566e-23
3.8247694823793775e-21
1.954801189363666e-21
1.1569139895033317e-21
2.8397962145499737e-21
1.2782226117350084e-18
1.795729417642753e-23
1.8374716962485462e-20
2.7338528609487667e-22
1.6631956400853902e-21
3.3630418543755015e-19
3.727448197545483e-18
1.0595636307440934e-19
4.159794700002586e-21
1.2185005273014592e-21
6.510178918520181e-21
1.8138623437148254e-20
6.1859136884008086e-24
1.7567546352924904e-22
3.1232503237237403e-24
1.346550424682504e-26
7.9597508583591995e-22
4.762020336472414e-26
1.0723434982552326e-20
3.1254577398173654e-24
9.660110871457933e-21
4.0088658744572353e-22
3.986241280213651e-25
1.400392499394529e-19
9.965455765087429e-23
1.5394125648840069e-24
1.3407151136740037e-22
2.917410992019004e-22
1.1850393921758276e-18
3.4750213849545625e-23
1.2322653223578772e-20
1.0241171199487604e-23
2.3456335518530483e-19
1.2385432620172632e-22
3.4205973425380895e-21
7.964723193270423e-21
1.7651613840267907e-19
1.1744599401081117e-19
2.8895923697228927e-22
1.360134557292588e-26
9.843223350745926e-24
3.0276673457936473e-22
1.0356664292327848e-21
4.677739320623781e-19
1.090274770930208e-24
5.510751163219909e-23
2.4036542857199724e-19
9.164690403419172e-22
2.5874726561413954e-26
1.8159866379518133e-21
2.5631470928957962e-20
5.865138271956635e-17
5.4890231933822905e-27
3.1522308691046724e-19
1.4081003818771373e-25
3.6469135013158284e-20
1.968298043390613e-18
3.2823853899842596e-18
6.139372291566934e-26
3.5847570425039e-24
7.854210117176587e-26
1.875294245357768e-19
2.8098183116312836e-24
1.7495857856417982e-20
1.3847755308911099e-22
2.3976686561066446e-19
6.140634793421393e-22
1.0953678620490682e-19
1.5333363107184394e-19
4.377185752087146e-19
2.862951167317162e-19
1.3518574050294861e-24
3.989229482900134e-25
4.110951398314146e-19
4.330298983849841e-21
6.734560319433206e-19
6.174200207091116e-22
3.4022630919437535e-20
9.862645073384076e-21
3.066521467089137e-21
1.1416211299156756e-19
3.368177369029154e-19
5.343378154614907e-19
9.909720494292737e-21
1.2244804918056558e-19
1.2614950103553704e-21
3.3392305109779585e-24
3.861197678256755e-19
5.414768512294039e-23
4.794119799043859e-23
2.616788657962979e-22
1.0164651731376864e-19
2.210257343978184e-24
8.411496841265043e-23
1.2404741313954273e-20
3.199931098549877e-21
1.686444724841517e-23
8.029186696094028e-24
2.362804620524138e-26
2.148559908418336e-22
1.1941910564854534e-23
5.889608821222174e-24
2.0610449215211763e-20
2.2815076507207553e-19
4.6820328072354625e-18
9.731337297539307e-21
1.329909176435642e-22
4.639011646209634e-25
2.9123506839632867e-19
2.4761095939825196e-23
5.755853728221792e-22
6.17640271353814e-20
1.859068602956232e-26
1.8169915276400364e-24
5.647510804190125e-25
3.669225188363352e-20
5.855037693717064e-23
4.705894509981606e-23
1.7904940181365084e-22
1.6765604046327094e-25
5.577693538837289e-20
2.773213349103411e-24
4.104297076504544e-24
1.894463985997869e-18
1.5015495937103224e-22
8.048443903741002e-23
7.638355179090735e-23
2.738058693412069e-20
4.519003742741576e-18
1.9850388682454834e-23
9.153178689283976e-22
2.1179938514285353e-20
4.2853471082671845e-19
5.1253819509883326e-20
8.890436785760878e-21
9.800121984967918e-25
5.347563759660019e-26
3.9664661079326014e-22
1.4911559532565352e-20
7.825784374839783e-22
8.755548132402684e-22
2.163663381664272e-20
5.75006023748929e-23
4.367721136401351e-25
1.108247885067607e-23
4.20547243491314e-21
1.6983834743940643e-23
1.4897713279391202e-22
2.3337526772817484e-21
1.9342609875103278e-24
1.8622145136625268e-20
1.3022150212216607e-22
3.77323921714729e-21
2.676502328650139e-19
1.8424055175292277e-20
6.645620717041752e-20
1.974757547758079e-26
1.038590978352285e-20
8.108950507731762e-21
1.1440684457723168e-22
1.7855276312853376e-21
2.9474826004117136e-19
5.227638882752559e-21
4.0120234911801704e-21
7.689339184873922e-21
3.553929820583683e-20
5.266167046389142e-24
2.6096574177424527e-22
2.111782403547314e-20
7.575254575823961e-20
1.8179339336730783e-22
2.679062122288295e-26
2.38033501681515e-21
3.900926815361022e-19
1.3848128013179482e-20
7.78576326345677e-22
1.3499406609736885e-22
1.5557800868631296e-18
4.269259193455415e-20
2.3806819173933273e-22
1.0550581142895922e-23
3.4234455615926254e-20
3.640897564279863e-25
3.144267734908423e-22
1.363046840497881e-20
1.201498270491593e-23
3.675096550317449e-19
1.8532620633472105e-19
2.5294378520372846e-19
7.146685173112613e-23
8.424135942503975e-21
3.49045427146301e-20
2.198819155762375e-21
3.729615082991063e-21
2.1718796123307584e-20
5.1971928813746954e-24
6.099909564112343e-20
1.1997326077761638e-20
4.032431280300628e-22
1.1444946124107842e-21
4.656203861621102e-24
3.1941710818881283e-19
6.323552906733803e-23
1.2669735391871487e-20
6.577654782669686e-20
1.0806441792585655e-22
3.895952272363632e-22
5.82348495655692e-21
2.8791472750243054e-22
1.8460154430775624e-19
4.42043985096942e-21
2.505556772518477e-19
2.9321308431689447e-22
6.354168701254488e-25
4.80703168015349e-22
4.344124400464009e-20
6.349657800091829e-19
3.7953066812066337e-22
4.7507579585722413e-23
1.977039815729647e-20
1.7824574928483e-24
3.671504130953954e-18
5.301355716272913e-24
1.32718742097865e-25
2.671055498361558e-18
3.1850791672338e-22
7.800100357619448e-26
7.339099737635818e-20
2.0168110249952517e-19
4.995440330039155e-22
3.2506123269468732e-21
1.6118892757753299e-21
7.066520675194068e-21
2.5138374518886007e-23
3.5912724611482045e-21
1.0854714483194486e-19
4.3214791688230857e-26
6.613352484816213e-23
7.624062647485859e-24
2.362815132550469e-20
1.1799176598708889e-22
2.145792215462889e-23
4.416729036304849e-21
9.535267879157418e-25
5.8526004410294035e-22
3.0042657293675655e-22
1.5080412985722757e-21
1.9973026187897456e-24
1.2076916878572581e-24
7.22309049370155e-23
1.120065031230903e-22
2.7828041177207474e-23
6.210691148858773e-20
1.4092172089121044e-19
2.3414710369477907e-21
3.443748262762905e-23
1.0350853479364024e-23
5.3481603906156065e-25
1.09290803616121e-20
5.512460206489183e-21
8.118141723834531e-19
1.3283159602046536e-20
5.5546374178407e-22
1.5246058721547024e-22
1.2576583592874653e-26
5.15577670742108e-21
9.586598499961007e-22
4.799468759257267e-21
7.096586720159669e-19
1.9698500505691406e-21
2.0378413303709967e-18
1.0749700240389055e-18
7.10877882469607e-24
3.7328533715569126e-20
9.491840517232012e-23
4.197987405205483e-21
2.5600411117441358e-24
1.605549349260738e-22
3.722556405439821e-20
5.31827070769646e-26
3.520791419805802e-20
7.853654331437418e-20
1.5119180763373874e-22
2.528590735525784e-18
3.414151778942734e-25
3.449003848168504e-20
1.115770429347224e-18
3.119296208657578e-26
2.9392809149333824e-22
8.689543332056098e-20
1.3960401903058001e-22
3.5127437715577113e-25
2.2557027475204945e-17
3.3277213625457886e-20
5.338181424635778e-21
4.389810602455153e-24
4.1502790285560086e-24
4.2101640374467647e-19
4.792556181575187e-19
3.9196814653027144e-22
3.237863759676743e-20
1.4537829865446305e-23
5.026869025238032e-22
1.7065647696331129e-19
1.7943475261773797e-22
1.2494855042316181e-21
1.1600514869430056e-19
6.469743400346079e-23
2.6581346670085835e-25
5.294295995573866e-21
6.104848404543403e-23
6.309175296202486e-23
2.0465581821685414e-21
2.3734509537927714e-22
2.4373958828469295e-25
3.3193498916493566e-19
4.091943605216958e-20
2.5825466474774457e-20
1.1949926452448401e-18
2.0709149163897073e-19
5.119826549249165e-17
8.819617834390191e-18
7.026987637171863e-19
2.8945560304672714e-18
1.4671686919115415e-25
3.767435955338855e-23
8.09915252939588e-20
2.29418560957307e-21
4.74999639278022e-19
1.049626481773257e-19
1.9011602042009555e-19
1.7420748295589288e-19
3.4465870701076636e-21
3.1775527559258916e-20
3.530179365537632e-19
2.1724925999907655e-24
1.2659076213513402e-19
8.56092308322685e-19
6.991342094081432e-23
3.1732732265026674e-21
7.695414475345419e-26
8.13448062537281e-22
5.053342122397091e-21
3.917939347125993e-22
1.1555260341146769e-21
5.009596950975786e-27
6.202649938145681e-22
1.4282227741689467e-19
1.375614267283892e-19
9.37591220739025e-25
1.8365100194259446e-20
1.2496107140775051e-22
5.0577768155564087e-20
1.3944382557066632e-20
7.267729246512705e-20
1.5495576108920206e-27
3.470298172003893e-24
1.6785903350729315e-26
3.072161081117179e-22
2.1412348647657126e-21
2.29132344353693e-19
4.8521326823622526e-23
5.29837931568056e-26
3.010491614478605e-23
3.66748329294623e-25
2.4630523875854273e-23
1.4715323162311556e-21
6.513691543505381e-22
1.078185549470393e-23
1.7753571551842957e-22
4.6831488196339264e-23
5.638509574339913e-26
4.4166568180989206e-21
1.8606483381852284e-23
2.3628620414346442e-21
1.2478805189501547e-19
3.1941513234774995e-19
3.054402957794507e-26
1.5563873299160378e-19
4.617641238282649e-25
4.620548445414586e-19
2.806016990860932e-25
5.427279604392338e-24
6.419094067235394e-23
1.858639033538964e-25
7.055352069481958e-18
4.0334161538004976e-22
8.848951871903684e-21
8.007573442391954e-23
5.600416598018431e-20
5.439223417495133e-21
3.448593958464711e-20
1.537550210711423e-23
1.4094475641883476e-20
1.3055365549297353e-18
6.790794235390001e-24
1.714276718230627e-22
5.3909671141285e-23
2.2492631769723276e-20
1.038983068037758e-23
4.295538414242065e-19
1.28323521806851e-18
6.703553136635845e-19
1.216329466132807e-25
9.539046334846247e-22
2.500357171806452e-21
2.124908365598614e-22
2.866107809125542e-23
3.713343079094313e-20
1.591451409931354e-23
1.7723786325702265e-24
3.9097742955814054e-19
4.3308537860004364e-23
3.6750750766068766e-23
6.766570488206897e-23
6.541820979094934e-20
1.5901407539756313e-19
4.8083885811848745e-21
1.0601493282002778e-19
6.372361800496614e-20
1.2076340942239399e-19
5.328197684320507e-25
6.060072266955562e-21
4.627244003806949e-22
1.3729888820592324e-17
1.8579032099657644e-23
1.3185554026575237e-21
2.5307915112447203e-20
4.2912239504710674e-18
1.4138540372152893e-20
1.5337208804305882e-24
2.104860218839753e-25
2.5492736731956663e-23
2.1028992694525708e-20
2.433292536332236e-23
7.44951955685315e-20
1.0184620624481037e-22
1.971776990671873e-23
2.8615694127828603e-22
3.346969122190468e-23
2.0330021863656294e-25
1.674125932567767e-20
2.059960653334505e-18
1.9655780613433335e-26
2.681949153851907e-26
1.7574086662835033e-20
2.107888774325246e-26
6.955040003882837e-22
3.1899369288639492e-21
1.617347918322563e-24
5.379031144207848e-23
1.0427042664091613e-24
6.956090627397859e-26
3.727055054747895e-22
3.97864235792628e-20
5.871511142320987e-20
1.1358161680807531e-20
7.160447058369907e-26
1.300902607780595e-25
1.557021231106575e-20
2.7525103791423115e-20
1.3655966797955602e-20
1.8084702593609953e-20
1.0773315437833257e-19
2.3071305895686484e-23
1.3604332193666122e-23
2.283313709535836e-21
1.3460123450834886e-25
2.6763773881927365e-19
4.0475463866484604e-20
1.1963020551731957e-22
9.360330924457827e-20
1.483858541171502e-21
1.7664914253039367e-24
1.05990065152865e-23
8.633712719722463e-19
3.303894220575669e-21
2.0891000151073942e-23
4.341131750049464e-19
3.7989112881889606e-21
3.7780666671321703e-25
2.761395371364495e-24
9.661651085071586e-25
5.258498757600763e-24
5.20451593240675e-22
9.311926867917464e-22
6.90355986337805e-19
5.391895381288387e-20
9.147749978715927e-25
3.1315314580369365e-22
5.08474972401913e-26
8.041870299261341e-20
1.6810649658518092e-20
3.35095903761365e-21
1.4655070591314672e-19
2.887230555111281e-19
1.3434629413456662e-25
1.683999009282255e-19
4.952218912826204e-22
5.014890780004371e-20
4.6700584475728906e-21
1.450094641301967e-22
2.63934458616497e-24
1.5384019774733966e-21
5.878986471920229e-22
2.4718820253393762e-20
3.8598676867698395e-17
1.924869904553717e-23
4.134327265620617e-20
4.90889284962704e-24
6.41628827463746e-26
5.202161788626616e-20
1.938827435526396e-24
4.6376273343099686e-20
2.1940209189281553e-20
2.4522090672371997e-21
5.163359437564565e-25
1.464255649326725e-19
1.092728624089064e-18
2.7744128331160413e-18
1.014850763726938e-21
6.232258573883319e-22
1.5389411671566229e-18
5.62227506054909e-23
3.1363342747712826e-19
2.1561059590352404e-23
6.84606934901631e-24
1.583275876201018e-24
6.214561023167367e-25
3.2780160741491884e-26
7.797376328964271e-25
9.895219645148517e-26
2.5551435205966412e-24
4.895682765874751e-22
3.6593719464877193e-20
7.039961454522194e-23
9.627342882820176e-20
2.22859245688564e-21
3.8473393525663997e-22
2.8318687839994916e-21
1.4962678824384255e-24
3.9528711148909535e-21
1.3883110151089304e-20
7.02093645977222e-23
1.359090810941877e-23
1.310963572549338e-23
1.0362973350978407e-22
2.501960489589555e-25
5.4413055531564525e-24
1.1951771510746473e-23
4.4009930531094885e-23
2.247695056495037e-20
2.1850997893679196e-20
3.6750020420868044e-20
1.5438262075064981e-18
1.6548590175970437e-24
5.795566746395541e-22
8.357893233517073e-26
1.2160678509661052e-20
1.3102848443391623e-26
1.0620022512129181e-25
2.81594303691814e-22
1.5628497413045427e-20
1.915981206335619e-20
1.8022090406333317e-21
5.616773468987288e-25
7.523027311577196e-21
2.668937045150465e-24
1.9943297139398032e-20
1.2869387704516592e-23
3.370356427889431e-19
8.242365828578492e-21
1.3727445887930772e-21
1.0496144216524336e-22
1.758334806626409e-21
8.463212623512504e-24
1.995602189516913e-24
1.1915468025605567e-24
2.401506469688688e-19
7.107662610164021e-21
5.642964335975624e-21
1.232994574133889e-19
7.003045053323569e-22
2.37085718174093e-24
1.5112561564978365e-23
1.8235785781319686e-23
3.058824179384776e-18
1.3490536837746769e-25
9.336552095369873e-23
2.2574321482948602e-19
6.470596830578994e-26
8.542355281033187e-23
1.6120390346011596e-21
7.517798465144043e-23
2.2113272228020472e-22
2.991124652329112e-25
2.4768991765823703e-21
1.419364738413507e-20
2.9475941901438124e-21
2.481562566772472e-18
3.097699538267342e-23
6.498609239798853e-25
3.4130445073738326e-21
3.729455029080771e-21
2.427917518749365e-19
1.9609475749250944e-20
5.425617043667459e-25
9.609222699129272e-23
3.563261980309877e-24
2.6779428533234067e-19
2.5435442079846842e-18
9.072933243149025e-26
3.0425005050571607e-18
5.940780355857722e-21
8.672916513543276e-20
1.1691358516105743e-24
1.950469985964639e-17
8.735285907838144e-23
1.825911715259449e-22
6.338285827942125e-22
5.858474715222868e-23
2.5307402251005272e-18
7.22409604345094e-26
6.4707051448277245e-21
3.6612871901748837e-25
1.129528028308032e-18
1.0054765933899275e-19
2.917621880358012e-20
2.0935371723851358e-20
1.6730261020531382e-21
1.6123559843985472e-21
8.119703279037466e-26
1.0209848120080046e-19
1.1617929005102223e-20
1.0880646938456154e-20
2.154259957845476e-18
3.1434348351066143e-24
1.405210457421006e-20
3.1270886270487865e-17
7.900485552637146e-26
4.394169321897828e-22
7.057774409894495e-24
3.0496301643068054e-23
8.068832848335003e-24
2.5386467648816602e-23
2.4604539249901644e-21
2.3619016831597846e-26
4.166277907197932e-22
1.4312439434514892e-20
2.035846068512888e-24
4.221328944131654e-20
1.5371713737979777e-20
1.9772865923283365e-20
3.644916197592307e-17
1.845919338335054e-18
6.752161680743385e-20
5.859482725811946e-19
1.8792736612467572e-20
9.154899973004762e-22
1.052864115445268e-23
8.452905873808258e-23
3.7720231013599955e-22
7.54922892688252e-24
3.2213744313695105e-22
1.2477048771109964e-24
9.265503450377233e-24
1.4532979467862446e-21
8.231521075062463e-19
3.3134088675156923e-23
2.5573340008516123e-21
5.266305402753154e-21
2.8122557141675888e-22
6.074828961145919e-24
3.8881882145680226e-26
1.5513623942174396e-25
1.115243155826302e-21
1.45477079464832e-22
2.0493738266634914e-19
8.607617943961751e-23
6.2447804778107804e-21
9.245672036465056e-21
1.2920480319993917e-25
1.0288837327081451e-20
1.801830056474331e-18
1.2522622970745283e-26
4.066472081402472e-22
4.617135333395689e-23
1.3521372345924487e-24
1.4672165974050615e-21
5.711978033333213e-21
3.49963716886352e-24
3.0447347251588072e-21
5.074640272553113e-20
3.2030157716416284e-21
4.2079890463322434e-19
7.268998219100348e-21
4.798180025958025e-22
6.106677849756324e-20
4.303000330085136e-23
3.363099738899421e-22
5.860670417842438e-22
1.2321006216189794e-23
5.198664972212039e-20
1.2688065187978028e-23
5.549446893809153e-25
1.3171309925126982e-24
1.0614549686430797e-24
1.1511135225134646e-21
7.068351027879648e-23
1.0859430267179684e-25
8.748926722673886e-25
7.764678988335079e-22
3.299848088647587e-21
2.6643720683245477e-19
4.2815281146044796e-21
1.3465023944758859e-24
3.064018030391862e-19
7.811559867455076e-20
6.453655522134583e-21
2.461585785457181e-26
5.642106527741878e-20
2.54868013709885e-22
1.3904198613816724e-22
9.44118824448855e-20
3.3050836618092018e-21
1.3078587309892724e-23
5.742051490909608e-21
4.3283750888235945e-24
1.0730468711308946e-19
1.2376647082506957e-19
4.318046357522046e-22
1.8619485461880797e-25
6.477198911630916e-25
1.988436340586476e-24
9.665512618118556e-22
1.096364579934186e-25
2.682921635657801e-22
6.101293061883435e-22
2.502599304348273e-22
1.0810057066555733e-22
9.02333728959815e-25
1.4956885652088943e-21
6.309209443791134e-21
3.2418823885698477e-21
1.9398427775824525e-19
6.936789292418934e-18
2.9096931569132085e-26
6.359997420849955e-20
4.333064731749831e-20
5.79132009030695e-20
4.704331945526054e-24
1.5156856157818358e-22
8.107036291885293e-21
7.293020806658439e-23
9.001810614978315e-19
6.448804844097378e-23
2.8393836414191785e-25
1.3551969934527153e-26
8.62361409377154e-18
1.5686487852814885e-21
4.056849523991874e-23
1.3850641527149468e-17
6.150977037961778e-24
2.2233024734829374e-21
2.2781977487313395e-24
7.193749600979861e-19
3.437154228686642e-20
5.474438055358994e-23
1.089305092584849e-21
5.168888822272307e-22
1.5920671284874804e-23
4.998058210569253e-26
2.654246547759329e-18
8.749052447843887e-22
1.7847771552024287e-21
8.434928373995247e-16
1.4465797939628656e-20
7.601514567818692e-22
3.652820203219932e-24
5.538011656409587e-23
9.778261076559531e-17
2.8903757236167214e-23
2.811903707408598e-22
3.3229324711042685e-19
1.5377371775103194e-21
9.003764005887416e-22
4.95885644275887e-18
1.0602286362888806e-21
1.3905550061702968e-19
1.9637925533471005e-27
2.16738259309448e-18
6.9970743658636e-22
1.1307165691438141e-27
3.591513420260687e-20
6.512083145563575e-23
2.0258535149920873e-20
1.437081167954473e-19
1.77144923271127e-24
1.1411091044636105e-20
2.7069502034940566e-23
1.8717584990456288e-21
7.421745775238317e-20
1.8893353011238828e-20
9.556364528204057e-24
2.718539033531065e-21
1.2630585683443303e-22
9.832151525879618e-23
1.5242246672081689e-24
1.200746647707081e-19
5.013671571340721e-25
9.924580590009588e-24
2.595627125329334e-20
1.8092441734731836e-21
3.337529299643113e-21
7.299292400053075e-24
6.797760251283918e-23
2.884553951335273e-23
8.125127020751975e-25
1.2200539770619126e-21
5.414751029078626e-22
2.104530943488197e-24
5.761744706942211e-25
2.258238341356895e-21
2.1727282080655374e-20
2.9206048192522516e-22
7.001120123456304e-22
6.936779043200296e-24
1.965002737224364e-22
1.2323329268815409e-18
2.0803962476909775e-21
2.0593314544631559e-16
8.045852804728334e-23
8.733999205176839e-24
1.485863649963411e-21
1.4142703343948323e-18
2.1319003291282347e-18
2.3199299383083928e-21
1.3290577632955037e-24
7.569806621779893e-22
7.883995562416074e-20
5.7773019108838575e-19
4.7816859569995106e-24
4.934650350522581e-21
1.6869151135699526e-22
8.006972512636282e-19
1.2841888192593255e-21
3.694671612495582e-19
2.8238358197218075e-24
1.743481330403476e-22
2.042381932340818e-20
3.75800334223438e-20
5.611052158561599e-24
1.6166865480641535e-20
2.199141406531325e-23
1.0675459052034864e-23
1.8667565675241734e-22
7.05442728061825e-20
3.719788725435835e-21
6.002561870404918e-24
8.371248073301957e-20
5.065532813367103e-24
4.212240965120473e-25
6.440394394909067e-26
1.8878726878858198e-24
4.1092110700874146e-23
1.1567951383847255e-22
2.3897966459231694e-22
4.479912301315793e-20
2.4270732526889243e-21
4.6037241451180374e-24
4.675526380016644e-20
1.2541650938664913e-17
2.058875649558241e-21
5.645559507556144e-21
8.207378432473985e-19
9.457239250482016e-25
7.845777110116094e-23
4.428414476371477e-22
1.988938022246423e-21
2.1286972318432067e-20
3.0594315282041235e-22
2.0847236316167238e-21
2.4382884557791043e-24
4.199565799051772e-19
2.0514232119250422e-19
2.4506468986913592e-20
5.981582381005127e-26
8.885572332690314e-25
1.7734918442725186e-19
1.0294561886471766e-19
1.4429016263764527e-25
9.36588864040142e-27
3.966907740486444e-21
2.112115193029042e-18
3.4657895364303935e-23
3.986908453915969e-23
4.6778163770547794e-20
3.8345023419036364e-20
1.3067623241133453e-22
5.651541743285767e-19
5.982153288426846e-20
1.5531009480571805e-22
1.150037228143459e-22
8.208201866966602e-20
4.225268893145025e-19
5.169839026675832e-21
3.2395299731047295e-21
1.9032907402921466e-20
1.0812773147657792e-24
6.515474374175152e-22
2.0954568151000964e-24
1.0574541608003515e-19
1.9656470938287873e-18
9.13104318064979e-24
2.3675590083383506e-22
1.6181860237470668e-22
2.160079227052103e-25
4.7391421063798956e-27
2.904435272919966e-24
7.211994680799081e-22
5.906317700605652e-26
2.1674773751693772e-21
1.6779307080633848e-23
3.5469972709977325e-25
3.0455323182000896e-23
1.926075061069306e-23
7.016096525716408e-23
1.6293086884025508e-19
5.1785240387925654e-20
3.763960803869328e-21
1.7979276414574254e-25
2.8942020821883824e-25
1.4722356900231213e-17
1.4473853546148037e-25
2.8655175601593697e-24
5.093268586773268e-21
9.300509086967472e-20
1.0186760865615057e-21
1.3470698617063475e-17
4.9472821416436694e-21
7.216433887537245e-19
9.734714766405208e-21
3.0963739236577706e-23
2.1260338447899984e-19
6.145269022659509e-21
4.821869946778679e-21
3.331524027988646e-21
7.255038595856534e-20
1.4196012951784509e-21
3.9113318574283533e-20
6.104369488302885e-24
4.967013632023597e-23
4.191044042569e-21
8.130543662378498e-24
4.210458475121344e-26
3.4156531983571136e-25
1.2997849523951673e-23
1.7363572009258614e-24
3.7679290643789046e-27
7.720580203966495e-20
3.6225815832212464e-20
2.934936086128861e-22
5.754738408747822e-23
4.465582721281e-25
1.3987415398131865e-24
8.025547443299112e-21
1.4597973138483086e-19
6.558709324776117e-22
9.73200823054557e-26
6.544615984183584e-27
4.581679478957907e-20
4.886353183325585e-19
2.677305853546375e-19
2.5527795270452477e-22
3.759401973392607e-23
9.64065369757475e-25
3.492032165284429e-26
1.6171394808131784e-21
1.403553665871307e-26
8.988512448560899e-22
4.362178586200522e-21
1.4994771202548654e-20
2.4348284700852786e-24
1.8875823139936206e-26
8.300979811423608e-19
1.06973143958114e-18
1.1856052164091803e-20
2.3756385041406712e-22
1.6059710996023994e-24
2.051967143579995e-19
8.800587309189876e-23
5.182327650052676e-24
1.7885223496453477e-25
4.186834323240798e-23
1.8905712344901728e-22
4.976093823970356e-21
1.4103761340486027e-20
1.6673064329432087e-21
1.4101379388367743e-26
7.347723629694134e-20
1.2621716567402084e-25
7.367369415664683e-19
3.7370847769246765e-20
2.6814468439986936e-21
1.3614377321686398e-22
3.164028555737764e-27
1.0697505286039366e-17
4.909015654828093e-23
4.057329636786858e-19
3.019632879464371e-20
5.579785520842109e-20
3.827298001463314e-19
1.3321377175708077e-24
1.1533843844390515e-20
8.624089240065656e-24
3.0852890017846245e-25
1.08355394137433e-21
9.23828069828756e-23
2.5716597099144947e-24
9.897626699532766e-21
1.9125605886616376e-21
8.059643716321483e-24
9.83611228960254e-26
1.0443636660670644e-17
4.12160631637137e-21
9.149725541563054e-20
3.074901158624973e-21
4.568259542086311e-24
8.449528126565292e-21
1.45137951069989e-20
1.0878950686743223e-23
6.11625093110584e-22
3.3439870646405814e-20
1.9239780329721025e-25
2.866613300490992e-27
3.0086860616819643e-25
9.165918645818344e-19
1.826357872103099e-24
1.727633533572213e-19
2.2918209004681656e-25
2.2105152041061412e-24
3.92540486220277e-20
1.1257940812437884e-19
1.492843310488303e-19
3.6309857446530395e-21
1.1462764657320946e-18
3.884296028722193e-20
6.808751105107927e-25
5.398149170979545e-24
3.456327734398711e-23
6.437507891611572e-22
1.2365754529476883e-20
1.2480045100215306e-24
6.945124728181912e-22
1.3138636738551423e-22
9.505945251855804e-27
1.5704138622781412e-22
1.267699431657244e-18
2.194270218808448e-19
2.2686389083217647e-20
4.2132202793206784e-22
3.8258466514915573e-19
6.259781182206534e-25
3.862905300113854e-24
1.4356253694716272e-22
2.8863256305933763e-25
7.017270901121519e-23
2.9201754250279453e-25
2.8037073983194686e-21
1.8961385181044735e-22
1.5300854183858802e-20
5.36834016722451e-22
1.6468188852628613e-22
2.623715194653515e-20
1.1404821366201237e-19
1.6415528811753247e-19
1.4918247833723682e-24
2.7381793864424365e-19
1.156389232143947e-20
4.6689281384195464e-20
7.087677443713782e-21
5.131238461829051e-19
2.0089833469049436e-19
2.3928117732082897e-20
1.7261920750467364e-19
5.56374748201314e-23
2.2816701908744446e-20
1.7382210996017235e-23
2.9073112483084075e-20
1.8553676675223462e-26
3.831404969393386e-20
1.9831744002326226e-20
2.1324158446607797e-19
4.2042973606413306e-22
1.774011982114276e-23
5.842119523266701e-19
9.559715730217462e-25
1.9533153233392108e-24
7.174212828466078e-23
1.7598449578887254e-24
2.457865689298053e-25
3.691266421497284e-20
1.3803692183696819e-24
7.772631157680407e-26
5.575402292722804e-24
2.1264132368520082e-21
2.4000038017721164e-20
8.470613947198173e-24
8.958035102845662e-23
1.3404603198091306e-21
1.0230959003814203e-20
3.0849230354752117e-25
2.107772743741804e-20
1.3690945355013899e-22
4.5341834156706683e-23
4.742215571566018e-23
1.7991164281395374e-23
4.9249403983971225e-25
4.407822004099667e-22
3.939798373484029e-20
3.401047671624786e-25
8.292368216931395e-20
2.768147828740493e-20
7.752113529750428e-24
7.122717206088421e-20
2.9214374537767693e-19
4.0376549299776276e-19
6.329457580144775e-24
1.401401455544749e-23
2.3813580229177935e-20
7.100874189951563e-22
3.058075207554682e-20
2.7475002779981616e-19
1.5972931851365976e-21
6.070356888584581e-24
9.301770495737738e-23
7.00734371693919e-25
2.0698009982540986e-23
2.0138157042554288e-21
4.24346845887541e-18
8.656362508454639e-20
1.5866732862197068e-24
1.271930341466989e-19
3.037639829455599e-19
5.494471533255231e-18
8.760091338078111e-27
1.2142886037464951e-17
5.345315770337695e-25
8.762432182712041e-23
1.0404690206302042e-19
2.0743027735411158e-27
2.860575926420098e-21
2.8977967502595224e-27
5.740950416207225e-22
2.793501414865015e-18
9.272426775053311e-26
4.6835307114922496e-21
1.5365544753209514e-19
3.139152722735165e-21
5.523587713151952e-22
1.457586276433864e-22
6.97838580756498e-21
1.4080352019106834e-21
2.4698560177041845e-22
1.2308006681525652e-18
1.1376050411121743e-24
1.6204415656882418e-26
1.150886886472151e-21
2.4297057542453223e-23
1.5087507590483563e-20
5.980047119102473e-20
3.316363471701206e-25
2.880785344008175e-23
6.520395731871439e-18
2.5694378396995978e-24
1.1176966577189533e-24
3.703865363336434e-20
2.526557145893867e-19
5.0393045230289473e-26
1.6675143471627035e-20
3.1535655596682893e-26
6.296976211730036e-24
4.3081413356633106e-20
1.0904380970068585e-20
5.205625844507779e-25
1.3769510370670242e-18
2.8342728488089056e-21
1.1076011292751824e-20
9.436954878361615e-23
1.4531407848396878e-24
6.600591435609195e-23
5.993053413902057e-24
2.919150627949885e-22
3.1530532283759482e-24
2.4177390175113625e-21
1.9268593394093746e-20
4.443373859910656e-22
2.71866135254736e-19
1.379640326617977e-25
1.9583361606243347e-21
6.101032352664452e-20
4.815915922476926e-22
9.459146115609622e-25
1.133555975116961e-21
5.599740930886714e-23
1.3749863659014617e-24
2.5302089915200244e-20
6.884315510867217e-27
4.603291668134301e-19
1.93105065706301e-24
2.595408864875996e-19
1.136233785510618e-20
1.7252275361117774e-21
4.97336022195423e-25
1.4667860520950242e-21
8.591794040200784e-26
3.654479454105311e-26
2.990953820247244e-20
5.0963170779440665e-20
6.082183770338953e-19
1.2294776120227904e-27
6.447168329560679e-22
2.292429530724884e-26
2.4602283767443554e-19
1.1689872090572393e-20
2.1609871309469715e-25
9.605746202599585e-20
2.401456208195449e-22
1.3788066971807517e-22
1.7146319480011386e-26
2.4754589992201784e-24
8.777464236630676e-21
2.898109874161017e-20
8.680337736770511e-24
2.986829271462243e-17
5.255414009270255e-19
3.6458033865254406e-20
2.7730981907535374e-20
7.603049965864786e-22
6.983468728029687e-21
9.00613187694495e-19
3.294288260783264e-21
2.60288599312699e-24
3.0997648027228716e-27
2.085822483562238e-23
2.3692037273095407e-19
7.166755853153837e-25
1.4435863695537458e-23
2.0170073498498482e-20
3.2762963742116635e-22
1.074813755607239e-21
4.529865977759712e-23
1.5257186510295306e-26
7.97159890639402e-25
3.985762152406248e-21
2.3111425842961074e-16
4.188764609484097e-23
5.955599774127141e-22
1.2773247538715883e-19
1.5753882838917783e-21
5.535326416311421e-21
7.421877505207348e-20
1.0418131543278039e-21
2.797058818661083e-22
1.6363241437531472e-23
1.9274317274073813e-17
1.4411579085721584e-23
3.593228600682698e-21
4.5229684263242005e-21
2.2988762392686518e-20
8.563225370928055e-17
5.013432072779408e-21
3.0064548742253957e-19
4.1317019986491974e-24
5.470116084243659e-24
3.2042369494302484e-26
7.085741484449472e-24
1.6399331449482427e-23
1.2882180897853185e-25
9.121484519769393e-23
1.084564906515782e-21
1.1122489188187826e-22
4.894592735830739e-20
2.9322316778390404e-20
4.8132983125182035e-19
3.8697684950404e-21
5.016443513683993e-25
2.314734692816147e-23
5.584392743177551e-21
2.079609885978546e-21
5.02203031157681e-21
1.0477151412341596e-20
1.6013942205934658e-21
5.134708853358318e-21
1.6963021236370908e-20
7.388728157471713e-25
1.9790313829672285e-24
1.0864110419855051e-18
6.936148261635425e-23
1.5797020517700295e-21
1.4318930371820575e-26
4.150951654436196e-22
1.0438727583395964e-20
1.1004075968682917e-21
7.589698156519402e-22
1.3529752395712224e-26
7.423712851118664e-24
2.540092975754251e-21
1.718542236556001e-22
1.0308461692914743e-25
3.35637559325284e-24
3.443633565524994e-20
2.292552901621697e-22
3.700642026668826e-18
1.3243491077874309e-21
8.472543762265405e-17
1.123604579831103e-19
5.48156682087223e-25
4.262030134595674e-24
4.639204312828329e-19
7.884787954056632e-24
3.130505474381063e-22
1.5521727953678225e-17
2.2302722517865404e-19
7.314011196314871e-22
1.8700011358626204e-23
1.3595994299683807e-24
2.4301580897265838e-20
2.1177190795991495e-26
3.556401790806389e-22
1.6001231142533935e-19
1.6982694167330117e-20
3.591468732433348e-19
9.35706685184076e-25
1.7067649586410618e-19
5.044504851678948e-26
2.2978436552088833e-20
3.094936158530923e-19
7.673878134275085e-22
5.78294774434934e-23
7.025886170330234e-28
4.171186638005572e-24
1.313378236595236e-23
5.865623073885681e-23
3.516716439465179e-19
3.801296921127158e-24
3.589569297969383e-20
3.1547131929876244e-21
1.7344913123290102e-26
2.726443454510513e-20
5.805315936257315e-21
4.833870990724144e-27
2.659309580074324e-22
2.2419586095352465e-22
1.5778204605118917e-21
8.244128208978245e-22
6.419332152254126e-20
2.4570714914591683e-22
2.6484935120274296e-24
9.451939288756976e-23
8.107752840432464e-23
1.4559217704601942e-22
1.8885539259709381e-19
1.7180902746559611e-19
2.105076899421248e-24
4.014379268003897e-22
1.5161681397589749e-19
1.1402063554778035e-24
4.0313384711845724e-19
4.756435945445244e-21
2.9905933747442305e-24
1.3273185632487658e-19
9.396754813805652e-24
3.5358711225172414e-25
1.5110106779923637e-18
7.030290420836832e-19
1.7203307146701205e-22
8.830401838843396e-18
5.016825812472296e-19
9.636796633149079e-22
7.775210928106521e-22
4.974276557506552e-19
6.983054748500183e-21
2.8323515201592255e-19
4.895231824823424e-22
1.069686926985085e-26
1.4042524676913893e-19
1.5550462372858013e-19
3.9813325766886245e-20
1.8899649465805774e-21
1.4749109109935422e-21
7.230126439686449e-19
2.363354184631059e-24
1.4736865151706556e-21
1.769778757256625e-21
1.4154897705046697e-23
1.1173296296308767e-27
7.0792275116017e-21
5.230747187752857e-21
2.899268056192128e-22
5.534545787187097e-19
2.9803217186263526e-27
6.843866898733494e-20
2.6349943023097833e-19
3.368754811052257e-22
1.7012624793633228e-23
2.7530176195336295e-18
1.2274525149055395e-20
1.3232810539159883e-25
2.669421851992747e-22
1.9097216897595267e-24
8.516115979761495e-20
8.49822022323247e-21
2.4882765177530452e-26
1.1076232172666852e-24
7.149110711784492e-23
1.0707962187083818e-18
7.159877932573112e-20
4.241834838498049e-24
3.367900106518666e-19
3.222582394861003e-25
5.84107521284379e-24
5.083391040723528e-26
5.6262169661015325e-21
3.7296522630397667e-22
1.9627962284106872e-23
5.459649157854917e-22
6.27300377753811e-23
2.5130989329233393e-21
4.031165550274283e-24
5.662463261221892e-20
1.15078537108421e-20
3.590786234977156e-21
8.131759262732751e-21
1.4505601875633448e-21
1.1298928962356698e-23
4.902174147886138e-26
5.0489522146637687e-23
2.661140027598388e-20
4.33328822132641e-19
1.1143263486413271e-22
9.286451213732273e-27
1.4020552280090073e-19
3.1889907695864304e-19
6.835213664622497e-20
6.766403280930905e-19
6.222792212938684e-25
5.149692114900373e-21
1.8030359924888948e-25
2.803997935692261e-21
4.695365260745658e-28
5.743825552880121e-28
2.9730631550984646e-22
6.297690938151147e-24
5.835737757624771e-22
7.987044571721844e-25
1.2385323813291689e-22
8.30252959304336e-23
2.5393680030110974e-23
3.3557152574709384e-20
2.9867577779118995e-18
3.0805114947083943e-21
1.8825862360166387e-19
5.178322879095972e-24
3.5853666209692083e-22
9.927763064386887e-21
2.0703064046031145e-21
1.6931876046289024e-21
1.1264472394150098e-20
3.7142535000288257e-22
3.140616225390023e-19
1.6987878207971206e-19
1.3413981430545974e-22
4.700525898269797e-22
3.382896232538317e-20
2.0780021677094228e-18
1.8393639788376536e-24
1.554899188154453e-18
1.5044790461026898e-20
5.107783126643163e-24
1.0616276281099932e-22
2.8920340984332285e-19
6.3658598807631e-24
3.199797828298251e-18
1.024027316141606e-18
2.010147986642998e-20
5.3823612589146433e-20
2.272741184593324e-22
3.8808554127907053e-28
1.0504972455885182e-20
4.921471960933875e-22
1.315239207032063e-25
5.282789894207286e-19
2.6425421804360836e-22
5.153299629082187e-23
4.300963077699403e-21
2.719182980247193e-18
5.039171330476389e-24
1.4283275684580868e-21
2.0196948702382705e-20
5.280378865727086e-25
5.14004467328619e-20
1.283088044139809e-18
6.99261987544034e-26
1.107250768084483e-19
2.1327264670973673e-25
1.639362578628071e-19
1.380037510387659e-20
6.698304229226276e-20
7.889049036324349e-23
1.2956798501978725e-22
4.470943283618065e-25
5.766730818824655e-23
4.094264609087302e-20
9.380019509954122e-27
1.3814070542296346e-21
5.304713135526577e-25
1.0239085727988199e-23
1.2641875465843531e-22
2.247412631821426e-18
3.2902782326599656e-27
1.4107226889017396e-25
2.6594162766351747e-24
6.419369355632429e-23
2.4220171046529707e-22
4.448547323546204e-23
4.330053166030012e-20
5.655638887183027e-22
6.052585607427028e-22
1.9975736938320147e-24
7.382034797796459e-23
1.6503015914681226e-22
3.3002635018739284e-19
7.550767780442933e-21
2.2615986770356514e-19
4.2053601907740116e-24
3.6003003255881615e-23
4.127305419580921e-20
1.2154651667481857e-21
3.262701895293246e-26
1.27804491542703e-18
3.7454781728798955e-19
3.268851352704653e-25
3.488537097594491e-23
3.9341635953832785e-21
7.238667239027133e-22
2.490273528955327e-28
4.987696765449605e-22
1.467280030455208e-24
1.6224226313026219e-24
1.3387293238645215e-22
1.826128044930763e-21
1.0720139395456451e-20
2.9183171726602704e-18
2.988438569865896e-19
1.0235674000641306e-23
1.2564397862530867e-23
4.7777173702410086e-27
1.4281810077349804e-22
6.382710852457227e-19
5.314629290957546e-24
5.293621351131215e-25
2.4278403998130936e-18
1.8555179683360654e-23
2.6876327440341155e-20
4.367423098168803e-23
5.5013241540601276e-24
9.075645565947154e-26
8.49602041220763e-21
6.415569009881052e-27
3.2942446673476297e-24
2.130476872126574e-21
1.2253851812504464e-25
2.122320796110266e-22
9.028006172519182e-27
4.4065792729881024e-21
9.302860906499058e-19
6.599367805167084e-25
1.9176226037488148e-21
1.4330767815038392e-20
4.1753787990121875e-21
5.323601076942266e-23
3.3614924243490786e-22
8.358654338978158e-25
9.967778918994108e-27
1.738735928047269e-22
8.732583017473565e-22
3.556966696536762e-24
1.3851347850954586e-23
1.0868577791774078e-24
4.414602002941555e-22
8.57466080016795e-28
8.499822006704273e-26
5.940249860057068e-25
9.545384216494154e-24
5.867462908618733e-20
9.903707363747762e-25
1.1475262147678426e-20
1.9379916264197436e-24
1.1162481385085162e-24
9.85397200662935e-21
8.84924288813409e-25
2.5702732786980827e-21
1.1341502801615883e-20
3.68015925899823e-19
3.141541417632918e-22
1.7678075554441635e-23
2.6558770318000567e-22
2.0004882292710023e-19
5.204615522108818e-27
2.2960763546360472e-24
1.054148885650967e-18
1.2955122851657964e-20
2.01209565944788e-21
4.724575576933539e-23
3.7729649088926165e-19
1.9590841517119538e-20
1.721404971093486e-25
7.151337960261596e-19
1.2547506921092372e-20
1.5486211453726067e-20
2.948499867532889e-23
9.28769937817659e-21
6.306385652517368e-23
3.1401528443691e-25
3.873325644312202e-19
4.419337091214185e-20
1.9050390291146801e-26
1.592757159546698e-21
1.2521545047030796e-23
8.448073529561504e-24
1.67158788430043e-18
6.33942418587789e-22
3.883536555883385e-21
6.01166307456841e-23
1.0678338383510225e-18
1.825081757231093e-25
4.75556440082333e-19
2.8442422474787443e-20
2.7680613236516217e-21
1.403256578994536e-21
7.283104760968684e-24
2.0774519805827237e-17
2.1740322387633663e-22
3.612642043236755e-20
4.174317931668034e-21
1.4675472281660154e-22
3.1997587670482065e-21
3.0293346288676136e-24
9.17971912946007e-23
4.382267834664991e-19
3.2078012078037044e-18
2.4443497519734723e-25
3.670447772640013e-21
3.58815771654072e-24
1.6650406941028783e-18
7.185918084450488e-21
2.767050667648296e-23
8.500949833491908e-28
4.044334755725359e-21
3.327320125219379e-20
2.1691522526108033e-20
1.0755205118065755e-22
2.0622652725700142e-24
1.1332254782323936e-18
6.601549582415726e-26
2.710310757280738e-23
8.073166278651006e-22
9.15335689097439e-18
1.502862870534474e-20
1.243516065647598e-19
2.5391725316117556e-24
2.6638604872709272e-20
4.542329828369939e-22
3.071724010221257e-28
3.674034840177206e-22
1.7417021414811973e-22
8.15136109067494e-26
1.1253721288709712e-19
7.031710836554868e-21
1.1583695336844477e-20
2.0322002137509135e-20
2.1347874564380356e-21
1.5219425106377383e-18
9.380181218992025e-18
7.989102798950195e-22
4.470557115488355e-20
3.806851290518443e-24
7.351385993462328e-24
5.1189974730567645e-24
1.4827300941518187e-20
6.090742517523815e-24
4.378179357796515e-22
8.154505550331344e-25
4.2786425820911618e-19
3.111055642174521e-23
5.015018809178091e-24
1.1768965367742829e-20
4.164434876224593e-25
1.432867859485545e-20
2.2855228186696546e-18
1.4004426278277731e-21
2.2958385984794486e-19
7.350926212662623e-23
2.5425615768587885e-19
8.753783188671297e-19
1.9144831480720447e-22
4.757435849325218e-24
6.369229764239374e-25
3.8274173636847615e-23
9.009060312671825e-23
2.640552338515552e-21
2.6059022263411095e-22
2.239320741003193e-19
2.1577521919708607e-22
4.7171689756255857e-26
4.425975278553313e-19
4.992787803764695e-19
2.8983088659885475e-23
3.4794570929141693e-25
1.5198165058737544e-22
5.146727177770201e-23
7.815230207659753e-26
3.4727921498535652e-22
1.7728470843069102e-20
3.249254201724034e-18
2.48535466562598e-23
1.6602197848502605e-20
1.0964859795899385e-26
4.337874159549821e-20
4.715731528197411e-25
3.9771566800170423e-25
6.362304303415563e-19
5.361826887975138e-22
1.1049417632135245e-26
1.9158184529514706e-23
8.599159636851074e-24
1.1825502972943687e-24
4.1014228386463157e-19
5.165967533743481e-19
5.8866933537875495e-24
4.21673568122103e-20
7.40726986053534e-27
8.914073819887476e-24
4.976464399332977e-27
8.167827168135819e-21
2.2120502027655067e-20
1.9372672959252577e-22
4.415742940760331e-24
1.5201001775212892e-19
1.5860169808450705e-24
3.808652178659135e-23
1.9280404275880726e-19
1.790675714314227e-19
4.586004872327669e-21
7.586402219346564e-26
7.005800231262333e-20
4.3686564062246895e-26
3.547046127061873e-23
6.676390198616222e-21
2.129473295727932e-21
1.8368337074368342e-26
3.262909862852598e-26
1.921574461652405e-21
5.702885066333638e-18
2.2189921402382226e-26
2.180838891789419e-22
1.1225229087369135e-27
8.208670984402428e-25
3.789210634614362e-19
8.52989366098383e-19
3.0475409274722785e-23
1.7908632865783605e-18
1.0665053426546053e-21
3.376036925264937e-23
7.686655361171266e-20
2.9384949412623787e-24
1.5537700625367012e-20
8.56645692085524e-27
2.1142005363311237e-22
1.5842873766121114e-24
7.97250256258077e-24
4.951651864964516e-25
1.3164811614576323e-22
5.108317567596711e-23
3.442933122011253e-18
7.472960780339343e-22
1.373748230047633e-25
4.9809157806131877e-20
3.290445043017281e-26
1.3160768501653312e-25
2.333139836579114e-24
6.119182142481538e-25
2.0587687423380947e-21
6.997770713762115e-19
6.59558780471721e-25
5.019824269338784e-18
1.328740499978336e-25
2.1271124147224453e-22
3.0277287899071023e-23
4.459957016289297e-20
4.0480102861958385e-28
1.6094769570605497e-23
3.7227651171612275e-21
3.884459394152882e-19
1.7225761755543813e-20
7.901086546254204e-21
1.5968582464577113e-24
2.8823052711972348e-24
6.653913882344563e-19
6.937895739370032e-25
1.2782728371058588e-23
1.0176122523620446e-23
2.919058718222057e-25
3.798934630177036e-21
1.2494707939450416e-19
7.15604220300229e-25
3.4935134982811298e-22
1.3993887379022305e-25
5.723256544853415e-23
4.9910503442684965e-20
9.810585260031008e-25
8.017248933125368e-19
4.193269958446095e-21
2.922790956641832e-26
2.583097942952305e-23
1.1606190657590573e-17
1.4026052920124018e-21
1.0973992067718765e-23
8.85719246255921e-25
1.577781480522209e-23
1.1146474344487483e-22
1.6774005476083128e-20
2.1261587568212087e-20
1.300945265704706e-22
1.6835155606090463e-23
6.713512357859342e-21
3.3696047353401544e-25
9.502675229796336e-23
3.71439563055269e-21
6.912209956902831e-19
2.2576502275974352e-26
1.6846625109942692e-22
4.229646831052801e-24
4.1201861908435194e-24
2.750893020425953e-19
7.70400303294549e-21
3.9358700627725066e-21
2.452251226415511e-18
9.704695070351914e-20
6.939739917601132e-27
5.705534460293724e-23
1.445184447939574e-25
5.213987443629705e-24
1.9737264499072646e-25
7.25167904079774e-21
8.820336327833775e-20
2.9391741891986694e-18
2.9736274375935658e-27
7.075278015978654e-21
3.0247122701125662e-21
2.632612039779879e-22
2.7747711402199543e-22
2.1781725555588055e-17
5.61798392743441e-23
2.003994584819048e-21
6.725737256793968e-24
2.6762283981113374e-21
7.055429579851049e-20
2.129875533701835e-22
1.3058076181576938e-20
6.151348589190015e-25
3.3749536153355064e-23
1.885316921341532e-20
6.876422121944432e-19
4.323006977372597e-21
9.0669831637738e-26
1.2616662129340362e-20
1.2997314063867624e-19
3.1268634771913615e-20
3.5680527283007345e-25
3.225132328815835e-23
4.309100594239708e-20
3.696286995331909e-21
1.110266059959642e-24
1.7757246756670017e-26
7.955347218438973e-19
6.137892902249371e-21
7.31044251099474e-18
6.450422141726475e-23
1.571907493100349e-21
8.213534500246844e-24
3.771217109732558e-25
1.437036654496483e-23
6.487907399588363e-23
2.852417107792129e-23
8.17884652253283e-21
7.926827732152585e-23
5.546694594165099e-22
1.2328585276881233e-26
1.4180241676133869e-19
4.097803738943469e-21
2.550671698346282e-20
1.8959442307396217e-24
2.0896747962000064e-24
4.921794099745218e-22
1.1706553138698686e-17
1.9821814551656575e-23
3.825884662404695e-20
1.3706563199294056e-22
2.3787734457207866e-19
6.136679193578024e-25
6.298044069477162e-25
6.739199819758588e-27
1.064246696338324e-23
6.212633192307752e-23
5.579884105437236e-22
2.746729461737392e-24
9.710012650706899e-23
5.035301157046253e-20
6.785554157115264e-22
6.287396595190175e-19
2.3104139303542676e-19
1.9608339068881252e-19
7.493211814952129e-21
2.5408254597293813e-23
2.2979755321984158e-20
1.0278450938848732e-18
6.783265309130194e-27
3.383802775145358e-19
2.558080829003885e-25
8.347996060470823e-25
9.510873403802339e-24
2.011526599204373e-23
2.4617121995285075e-22
6.311615959127639e-20
2.5909818560271523e-18
1.1777372182519233e-18
9.804806538401838e-26
5.170023308014222e-19
2.807042567667232e-23
1.1656847427470284e-21
4.4638460689788834e-23
6.999436891097776e-26
1.0524355984072826e-20
1.703615343198642e-19
1.641010876619331e-24
3.451767192822792e-21
3.5281703763378776e-22
7.84935192660159e-24
2.415399037490753e-20
3.590665831496361e-22
6.2516191665874e-23
3.8458635667617647e-28
5.867153431412516e-23
3.0406312811759595e-20
1.4823974526841056e-19
4.007038150293193e-20
7.891811999524618e-19
7.779095722549298e-19
8.951112366056763e-19
2.699626358865184e-19
3.824230476703395e-20
1.715597804738855e-26
1.411881933168534e-19
2.584454190957109e-22
4.5840684669674296e-24
1.526365396254749e-18
1.0797876486546866e-21
4.673522382496466e-22
6.727550061418392e-21
1.6770053225510167e-22
1.4275183303804171e-22
1.140834669965306e-20
3.40524384665676e-25
5.543829443935076e-27
5.540578944623495e-18
1.7298018709732266e-20
2.0092245499578696e-17
2.6361825868583518e-23
9.532291153918605e-24
6.182861393475661e-20
3.1997149676909427e-24
6.08969022727932e-25
3.441952244411048e-24
7.316614724347658e-27
8.293387106981644e-26
3.0993991530593946e-19
6.429209937146334e-23
2.961587607708392e-25
3.829988232851272e-22
6.7272972264498115e-22
1.198220989548777e-20
8.326836427794857e-22
4.416122482589646e-24
1.366846391313394e-23
3.153149854211952e-23
1.3774222847396807e-23
2.1385404543376097e-25
5.229056131894159e-20
4.981731893670628e-20
5.876101605260301e-26
3.1923129326326654e-24
4.953480313945439e-22
2.776434166446328e-21
1.4829930762388257e-22
2.1904517209658977e-21
7.134487468533004e-23
4.408841208051331e-26
9.956273465949435e-20
5.6099808810397894e-24
2.1068915861645145e-22
4.282732166600215e-22
1.525443395055053e-24
9.619173245467117e-23
5.895150478651451e-22
3.631753420280078e-22
2.5047302089037045e-20
2.4277177080323357e-23
1.7191620083525118e-21
1.7257079390012264e-21
1.115901470620194e-25
1.5270249419884518e-24
2.533911828011172e-22
1.54025720811671e-24
1.4651945344302942e-25
1.9489135099582763e-24
6.114041356376819e-18
1.0879136240424596e-19
1.46484259216618e-25
1.540584966371e-21
3.382242125819833e-19
1.2691239165380001e-22
2.138976803284418e-26
5.772837607544993e-20
1.3656087709265417e-22
3.5886443977853405e-24
1.1811974415491316e-21
1.8913572024994542e-20
5.9779018808702214e-18
1.1665594750463691e-18
2.2063467976913112e-20
4.0068102120996767e-22
3.77679020535232e-26
6.181879717472802e-27
4.0875101588562693e-22
2.7981576371511553e-24
1.947876846417413e-20
1.379514690002091e-25
1.259507891669212e-24
2.0262760346177576e-25
9.791100819698592e-21
4.2093545905771566e-21
1.626772457803303e-18
4.0282606958548525e-23
3.3031057978819212e-19
8.853294877457355e-22
1.7928293864571946e-19
2.736274719225838e-24
4.392874397992466e-22
8.061596858360482e-21
4.040278508698643e-24
8.766144599293525e-17
4.554277076107782e-19
1.2475880788687063e-21
1.7474688858129496e-21
3.992350716998451e-27
7.984726186496471e-19
4.65247702702586e-20
1.959210084373278e-24
5.215321305101021e-19
9.185403597669096e-24
2.1169402860881798e-20
1.4096775562846135e-27
9.063159686680369e-22
7.092299516846269e-20
1.2329385862635097e-20
9.07274583825279e-26
1.039517251306894e-18
6.336075288454711e-25
6.518547491360635e-21
2.2267342806542254e-20
3.5647280287406556e-22
1.8899731360649122e-19
1.4320420506154443e-25
4.882383054158099e-22
4.066405118153279e-20
1.103988022211859e-21
2.0307800276424108e-22
4.6582690967303613e-23
1.5723670099807513e-20
2.3495554866985295e-19
1.1106579164391793e-17
4.514552599488838e-19
2.2546917616309576e-19
8.378645365379396e-19
4.703967293809772e-22
1.4030508879898178e-20
7.96511399173666e-19
2.9133309168378553e-24
4.2170372392778006e-20
2.2376547166009766e-22
2.1373512385782912e-20
7.671078142970211e-26
5.0494111661220436e-23
1.1695922813221231e-20
5.596446766002736e-21
9.410249529804209e-24
1.7060080616594138e-19
6.919988198064621e-21
1.680176691663471e-21
1.2422554983776021e-22
1.1976008737508059e-21
2.5177179359579454e-18
1.6198863412702718e-20
1.4981991748804042e-20
5.147109036590023e-21
6.757390245277778e-22
4.113509714450234e-19
3.509637413824536e-24
5.053692470056336e-26
5.547393789692928e-20
1.992935377108196e-21
4.6856505805992916e-24
9.097336903936065e-22
1.2031684369470175e-25
3.418509262591773e-21
4.731012935626732e-25
8.333500849494434e-19
6.795474340586411e-18
2.2317981558852663e-22
1.143635335505979e-22
1.90860286498969e-19
3.193721023309818e-21
1.6351882451866932e-21
2.344901422422876e-24
1.7119852876174101e-22
9.40751745788194e-21
7.93844162345215e-24
1.0787061531395054e-21
3.8870491686767633e-22
8.238794638526484e-23
4.2245972642659e-25
7.713756889053056e-18
1.4533768376171879e-26
1.6866027347583493e-22
1.1688984046449664e-18
3.258866673208296e-25
8.251283223182662e-24
1.4932671808748817e-19
2.0504546941900502e-21
6.099436008481426e-22
6.75655063934762e-23
4.845946973778307e-22
8.538129549830994e-19
1.2694976565753762e-22
7.123236488523341e-19
8.858182342430602e-23
4.134751420351377e-25
1.079792774841344e-21
9.719428792076594e-22
1.5650546350752456e-22
6.360880767734344e-23
3.797706629258693e-27
1.9185428213644707e-23
6.543370483244672e-24
2.006473658541532e-26
7.097592534551212e-19
3.6718543148120396e-19
2.359604527477497e-24
1.297510816380466e-21
5.670977018918422e-22
3.9345892224924775e-22
1.4781186212490444e-19
1.2793834905911177e-19
3.0839666769608344e-21
3.2686667787653674e-26
1.7566185409531713e-19
1.0503241980062488e-21
1.2138110262347147e-24
1.3906812172099898e-21
5.4227319939798e-19
1.3758610943709058e-18
6.757586827080105e-22
2.73223675364184e-20
9.444984428006032e-20
1.3345782107391094e-19
6.927318362290342e-22
3.769183574793036e-22
8.687493185417112e-21
7.104470726263344e-20
5.1558895128564336e-23
6.254883714889616e-23
9.081363999638334e-24
2.7902573398100726e-22
3.858528054402656e-21
5.241685270980396e-19
2.4008791064166926e-25
7.991966421615454e-26
6.2506716661193105e-21
1.1756684105081018e-19
1.3150178885201027e-17
1.634928140119184e-22
3.8525658219295787e-19
6.979094669297423e-19
4.689247634786603e-23
1.5931032362508155e-23
9.947587443020179e-26
4.510908821132125e-19
1.2161665168636338e-20
3.35034280196528e-26
4.4125548123532575e-21
4.630300194830054e-24
5.1935045416427556e-24
3.942210546036165e-24
3.6743215352691865e-24
2.7332841940224057e-21
8.05825118551351e-22
1.942931564221598e-24
2.1189392477174286e-22
6.008657239276462e-20
1.1292906613408065e-19
1.9247104407679372e-20
3.7120646756264894e-19
4.0864946978965367e-22
1.569146610444699e-26
1.1931837301617756e-22
1.6169620452330034e-20
2.0807737102971766e-20
9.807286820581298e-21
1.5101129199053253e-20
3.897101850285426e-17
8.77886928841254e-25
7.486996095212861e-22
2.979905362273537e-21
1.1818196596374686e-20
1.2653144881615002e-23
4.711400550993073e-24
2.5062675893465285e-17
5.986268155059937e-20
1.3220460436208448e-21
4.220294154895198e-24
3.038912593322721e-25
3.0943559025455826e-19
1.607997727989496e-22
3.1136128605876065e-24
2.1407510622007113e-22
4.635636146808463e-24
6.758038194084594e-20
3.871405738417969e-20
5.228974401756333e-24
2.3586778640696642e-20
2.3601147189777352e-18
7.916117135571838e-24
2.9089135649242025e-22
1.1484683031815756e-20
3.590433529546548e-22
1.359196930787583e-19
2.4993582534511237e-21
1.3846792055906893e-25
1.7396960011087277e-26
1.082090573566322e-21
5.895756402153933e-19
1.1450657131594692e-19
3.454474001007423e-23
2.559331258963869e-18
6.252510443593386e-23
1.1936222157722406e-20
9.978468831966077e-19
3.735871083350599e-19
8.126167979333503e-25
2.0856667335128214e-18
3.0136326097347497e-22
2.629920886481995e-23
4.474402918047643e-26
1.0351827602097272e-25
3.9048355151184684e-22
6.962347819171031e-23
1.4844389352305855e-19
1.9887444667246128e-22
2.085226773377744e-26
8.043072610579454e-27
6.780939342539556e-25
3.4561239927093464e-19
1.2976494694558377e-18
4.9322839821311016e-21
2.7262877825362345e-20
2.5076022382654256e-24
2.556933982451735e-23
6.902014257263052e-23
6.637989542795134e-19
8.40587862919243e-27
3.444555213706341e-20
7.278012338379446e-20
4.437506831377902e-25
5.217882976497623e-19
8.196452810441033e-23
8.912866188104812e-22
1.9924881816898055e-26
8.914859758609878e-22
1.9479831587589748e-19
4.7185374633943404e-21
2.5012005183551453e-22
1.395582971117623e-19
5.309562865903281e-21
2.7534948380107895e-25
3.067642543027146e-19
1.113781077672187e-19
7.0377269320654e-20
4.3302009959046785e-22
2.0875666487111823e-20
5.859184056950282e-19
1.4486546739347331e-25
1.8933185175925856e-21
2.4677873711930305e-22
3.152622029779623e-18
1.6075818450661004e-19
3.8438629799944203e-25
5.2094677322871615e-20
5.261867047180311e-23
3.121063090132389e-26
7.200711981786314e-23
3.164432720570631e-25
1.8465658119281233e-17
5.534336663989711e-20
1.3002144445669955e-23
2.5847589407004648e-17
1.4915379682747175e-19
1.5014454062325924e-19
8.430133085278525e-20
2.2553753935554515e-24
1.623114141975643e-21
2.5418614437103216e-20
5.60306040344612e-21
6.21360075345914e-20
7.264498655085866e-24
2.332805881173906e-19
8.09105980031995e-20
8.3832388511985975e-19
6.869825472147003e-20
2.0748175568277886e-20
7.362228996519827e-27
6.650101050530508e-24
2.2291198530293835e-27
1.2940194908028318e-25
4.612065376125111e-23
3.588982483459019e-24
6.675362579574879e-23
1.3282591432218563e-24
5.635224693706589e-22
1.622453294166538e-20
1.1372380764188767e-19
2.721430298110193e-22
6.958759190140672e-23
2.4517172493888466e-24
1.1173752457602537e-23
8.522521226178174e-21
2.024221475610889e-23
2.2258679230501148e-23
4.1102324919614605e-25
6.532211233869603e-26
1.4147301428242787e-22
2.29666878191361e-26
4.7323935687899025e-22
1.7921854383016984e-18
8.07017711518188e-26
5.199483759368092e-20
1.1613983293725688e-20
1.7915098308517672e-19
1.5349631131102837e-26
2.726993626838073e-22
2.0019827721556634e-20
1.1889795685790883e-21
4.1630491503581375e-20
1.3515190406448682e-20
2.5395859133914106e-18
9.804800013834685e-19
7.970716686833052e-21
1.4920511671918858e-20
7.852026178946436e-26
5.803166969943403e-20
1.8276878200142828e-25
8.220461417163562e-27
3.403074436768497e-24
5.516025502372346e-20
1.5741197489173466e-20
7.724538211804634e-20
4.261074570887987e-21
2.8140222793211643e-20
8.250674324085266e-21
4.298294611332766e-18
1.0841795202547652e-23
3.859736516871478e-23
2.940163939315408e-25
2.0541181606490496e-22
5.055368896999049e-25
1.0466954574973223e-24
3.9833584520194775e-25
1.1531804502486873e-23
2.7122390185647547e-24
1.3606225084464453e-23
2.630506100829455e-26
1.4771796664585149e-19
5.873611570900895e-25
3.741802930490968e-19
6.67368849710447e-24
1.745613347279542e-23
4.961545269567703e-21
5.945663571443104e-23
8.106943682860847e-21
3.0870363854304084e-20
3.285319707749453e-19
1.2707145048588774e-27
2.564365262729343e-22
5.748054566111334e-23
3.961525822356568e-26
8.577792630738703e-26
1.3770998815575912e-19
8.051857777837511e-26
3.3672046991603763e-20
1.1862674880941339e-24
8.401555843461929e-23
2.263167010391222e-23
4.2573143544830736e-20
3.400740878918194e-24
1.007769994526963e-22
5.630903303060883e-27
8.618444043282907e-19
5.865858811604523e-21
3.3664630325578445e-20
9.6254275589076e-19
6.209813266599079e-25
4.998646324096316e-22
1.520280156737972e-23
4.742263028890059e-21
2.8143671496960963e-23
8.898646717023769e-24
7.291167346431364e-22
9.84137373075637e-23
4.939150549424701e-18
2.811377921477059e-22
3.7323508375195943e-19
2.586058371066943e-23
1.8077970051313156e-23
2.6277722671720776e-28
3.880270864471862e-23
2.0570543534244992e-22
5.1989698216401536e-24
6.866105041761999e-24
1.0649617766356072e-25
3.506039841190562e-16
8.221296723955418e-24
8.249823863016668e-26
4.44964834143283e-20
3.3457993225812108e-21
2.999307568816301e-22
3.906277900908028e-20
1.719984805779761e-19
1.4794000001741205e-20
3.8326987027942554e-22
3.342845738357021e-24
5.751986230768497e-23
1.818650709164713e-19
7.0743888539222205e-19
6.244377053217937e-23
4.241420277228508e-25
1.9573612684603002e-21
7.188345507874481e-24
2.0828656565589854e-26
8.546401250713551e-27
1.45881518634464e-22
1.735709523825135e-21
2.34492983524496e-22
1.813462366020747e-25
2.0122529103226425e-17
1.7830951658264215e-21
8.628871549063909e-23
9.381425578688949e-21
3.893234868403878e-25
6.640195352799258e-26
8.67065728812751e-25
3.2008638481778524e-22
1.4528546157969278e-21
4.454895066462077e-24
1.8329775583013939e-19
1.0704606951457126e-22
6.597288017158103e-22
1.616630068742947e-19
6.569071050621045e-26
3.076435106866575e-28
1.4530021292055778e-19
2.954943655103889e-20
2.270388456134792e-20
2.341432591696951e-25
1.0714442881138667e-23
3.712335580387852e-21
4.0072932048797337e-22
8.305261977773747e-18
1.9412129652292181e-22
4.0338961883773444e-21
5.777354494763954e-27
1.105258835879336e-15
4.744048254780991e-19
4.227950062941336e-24
8.317134247526483e-25
6.99859324860881e-25
1.265592148838543e-24
8.649605179904098e-25
3.1589410300374995e-22
6.19407620012873e-23
3.544902975238641e-21
6.708839554020789e-25
4.0434874475118064e-25
6.730358263675796e-24
2.9316883281126564e-25
8.114580580810341e-22
3.0060728823188893e-25
2.2087091003399772e-23
8.133958335804607e-21
7.398971612222606e-21
1.5939806308239703e-23
2.3818000562644705e-20
3.6933819877307843e-23
1.6652052498187095e-22
2.0954066204518636e-27
3.9392892830324695e-19
2.1451313216172382e-22
5.072860184057902e-18
5.569176228930134e-18
8.97650434873432e-19
3.8425918863261863e-23
1.0274101553921907e-20
6.5576478000417065e-25
1.0786354081600363e-22
7.623855521676625e-21
2.2460631810582827e-23
2.39218860932846e-18
1.7943441509660545e-20
3.219876797824303e-23
1.3104570703466123e-20
1.0126549104852482e-24
5.715075063520132e-27
5.084151497791502e-18
1.2613619850809919e-20
1.9504310817181447e-22
2.5599613803576876e-24
1.2430087458165587e-24
8.720280061752905e-20
1.3413800460434754e-19
3.8668782120886664e-27
9.5983782539475e-25
1.0730685151805607e-24
1.2645313642682025e-24
1.629233810362278e-19
1.783820350883026e-24
9.620549361998522e-23
2.381903385350365e-20
9.52796674037701e-24
1.0257041166454975e-21
9.433958928561743e-22
7.470143784760951e-19
4.831624030710193e-25
7.7534549535111e-22
4.749739891585903e-22
1.5045454634689709e-19
3.398840972358063e-20
1.1543694423566512e-23
1.5372891853086435e-20
7.728136700989366e-22
1.9679004678470942e-22
1.7404243022373214e-24
2.029146631270201e-22
4.603936520935721e-22
2.4350187318304894e-19
1.4809150034598782e-20
2.544950526482308e-18
1.1900130726995046e-19
2.125714330105921e-25
5.989710663168511e-21
9.454960407162792e-19
3.413282516301402e-25
1.2486775342017537e-22
3.493012707624259e-23
1.238114318879014e-22
2.1702690978786437e-26
1.4123242883734746e-23
9.511703892668979e-19
1.3018926602590921e-24
5.635997189779623e-26
3.731636543697949e-21
1.9584793203345347e-22
2.4357307159727743e-19
5.711635086700576e-20
1.7525189499029195e-18
1.0221388055609255e-22
3.7686114485742918e-25
6.701210150149343e-24
1.6313182149053787e-21
1.2822010605350695e-22
5.350097800041238e-21
5.809622615954099e-21
1.096368898802358e-25
2.990974862703636e-25
7.871744038159074e-21
1.1621621419989188e-24
2.7048336847981174e-21
2.0236019718757268e-19
6.073109532683255e-25
7.842402449443139e-23
2.1379158103479506e-22
5.3025012853775625e-20
9.875612132721341e-19
1.004531615150939e-18
1.0607692670504424e-23
5.672516811474933e-22
2.1921348331551327e-20
1.3105566722358788e-19
8.928849245380468e-26
2.7521593808334303e-22
3.11015561402586e-21
6.08293841880892e-20
1.5067160720476518e-27
1.7877905651991304e-19
9.226860371880404e-24
9.174778856144776e-21
1.2423139356792586e-19
2.09501240625295e-18
5.436235768799179e-22
2.960012276734527e-27
8.282207842207834e-19
4.333945883861823e-22
1.0838589005816537e-23
2.3665044692877632e-21
1.6639655455157155e-24
6.321410893694325e-25
1.6569235413417534e-18
5.188988199575602e-21
6.532951699811792e-26
4.177478370237878e-25
2.637066318509988e-25
7.75143082380138e-25
5.115168052747318e-19
1.3548488841001873e-20
3.1121356974806004e-23
2.132880347289158e-21
3.1542618722940815e-26
6.628478948893984e-27
2.426356527560429e-19
3.4121035555718576e-28
3.7104721974083597e-19
3.409504206841209e-27
5.353191918764703e-18
3.5026698902713336e-19
7.00744829326428e-25
2.0842076801050933e-22
1.1859645389618301e-23
9.660616160284146e-24
2.8139764165839703e-27
4.416787043032729e-20
1.7930818643427995e-19
2.239611590911978e-19
4.005048980944081e-20
1.794858925409676e-22
6.089572910329631e-19
3.184263439605518e-22
1.124497076312918e-18
3.1028953091043316e-27
2.93926239516193e-23
1.1050145829086117e-21
2.3599457650327583e-25
2.6271738161405058e-20
2.0279435749852944e-24
8.576835188262002e-22
1.3756445403789685e-23
6.40796726806038e-19
9.71266079811865e-25
1.164165320002023e-22
2.486224112474388e-25
4.734747075133627e-23
3.2314983591365168e-21
5.598417016775184e-23
1.116906461417366e-24
6.70445270519615e-19
2.8430347595290196e-21
1.5696515731866346e-17
8.170559426239067e-20
2.7017384623650757e-22
5.56767571860608e-19
6.973457862495088e-27
9.405478292292713e-25
9.151358293505672e-27
2.38075781423325e-25
1.5235071370141918e-23
4.2782797990308226e-21
1.1989652944832277e-22
5.1125054825401895e-25
1.3851185691668085e-18
1.4698807505057382e-24
2.843400038694409e-18
4.516027152941064e-25
4.349235847832779e-24
6.148380241927808e-20
5.267121567350726e-28
4.066464038832897e-24
2.4311465993088107e-22
7.786004397885858e-26
6.112932700800266e-26
1.7498394951393303e-23
1.924926222531623e-24
2.7259137987774725e-22
3.0238370489767016e-22
3.4929721381414796e-20
5.642502544124966e-21
2.1504778438561346e-19
1.2831888355315376e-23
2.787920007278325e-23
8.890625642972051e-25
2.50206877359086e-26
9.285061057268853e-22
1.818999558617622e-18
1.5955960688100686e-19
4.868175703891505e-19
2.2419231054405584e-20
1.8822224216714546e-20
1.5340662853732657e-21
4.209160033453921e-23
1.1573893080729852e-19
6.418294618685576e-21
2.023306709016393e-22
1.813662248628439e-23
7.250393935504376e-26
6.160096192451465e-22
1.1995866974274747e-22
1.5372528146404785e-23
8.989265018087921e-26
4.656132165856303e-22
4.605925618142387e-20
9.265101156630003e-24
9.148710108291332e-23
3.0002915742970543e-21
1.3968327742108816e-23
5.464535163818511e-22
7.797705363509142e-23
6.854450012093072e-19
5.370040136447028e-23
4.3075226081635486e-20
5.575188893398727e-19
5.6053294103555e-23
2.172976498523144e-20
1.3037609580975932e-23
1.8514876115528217e-21
5.558131244529726e-25
1.281676680945288e-25
5.582701815838587e-21
5.762311738808193e-27
2.137069572486757e-26
5.47524074037583e-27
4.833921533670072e-18
9.235698804599827e-28
4.829805141548874e-21
5.14142004250538e-25
1.7137752478140956e-22
3.1202471520489474e-21
8.368516405570494e-24
2.1273153760519147e-20
3.248457282620292e-21
2.8513282133934887e-25
6.25955097313662e-19
3.0959044916020876e-22
1.7840151712826964e-22
3.7973086609939387e-22
3.7359449074435005e-19
2.958485931665833e-22
4.181193060365838e-21
7.128629877339694e-23
1.2696971761160741e-23
7.069492306025243e-23
1.6791533169061663e-22
6.825412788444461e-22
2.1578494859632116e-25
9.499529717860795e-22
8.233398993357738e-21
2.7655000282765433e-19
3.50219046779623e-23
4.949762244958624e-19
6.2008717767323305e-21
6.52542588323529e-22
9.306314857122614e-27
4.286347916980475e-22
2.033931141209572e-21
1.4581363375031766e-23
7.677854894725032e-20
3.548114753252111e-18
1.689135003597954e-24
4.8292647264744314e-23
6.367737366772524e-20
5.516232396978007e-20
2.862854279254307e-26
2.8604593298691064e-23
7.007070445974955e-23
1.5156865567009328e-25
9.391885738207185e-27
5.309087677316054e-24
5.5735717337483304e-27
4.005504355710458e-19
4.446515904574261e-22
1.2287197585144236e-24
5.573379240103595e-20
8.381316250449971e-20
9.904360289064182e-19
7.078738252955278e-23
8.983634247572908e-23
3.711707864220653e-24
1.7783589305931864e-23
2.3830903858721568e-23
6.504464190557049e-19
1.4059132266531882e-22
1.5222094673165125e-23
1.8255945440834584e-18
2.3913885465722963e-24
5.473035176394208e-20
1.2463813617931217e-22
2.677859950549021e-26
6.446272801861625e-26
3.707019392117735e-18
3.65404208341262e-19
6.513412882636688e-26
2.6609073671623556e-18
3.169359859763015e-23
5.38667698876513e-22
2.724402800327844e-26
1.1572753417257236e-19
2.2140334975973477e-23
1.8493549805117646e-21
5.4878878687499714e-21
7.099073110890019e-24
6.286752339370294e-20
2.443402691272921e-24
2.5205668582417377e-20
2.587762409535155e-21
1.9394574568873043e-17
7.573233645967954e-25
1.7441557933960388e-25
7.25774332366884e-24
1.3835953223232323e-24
1.404812496354515e-23
1.962154601390897e-25
2.6183622491258892e-25
9.613583784870657e-19
3.4678888264957343e-22
1.89566353691245e-19
1.3653810568290817e-18
3.3584461002037145e-26
3.6264249268541384e-19
1.816914719228294e-24
2.58946749190232e-21
4.445628687630636e-20
6.2477852954647555e-25
4.466379543790861e-22
1.399122931455474e-25
9.985954856428891e-21
9.129437001514939e-23
2.768500127407739e-20
1.1343318146859655e-19
7.195476134968134e-21
1.2052571549757063e-24
1.6637405532380983e-26
5.4573160172820436e-18
1.8507823825723553e-26
7.719289174125732e-23
2.874163688697147e-19
1.3634215225720324e-23
3.441713871723208e-21
5.0726312602489325e-24
1.012462384649635e-21
3.2712397776020646e-18
1.2670096593402566e-26
9.609107098588986e-23
4.306042065226319e-22
6.292307187287387e-20
3.609895413847236e-25
6.270748543626738e-20
1.3006947718797023e-23
4.623760908720384e-25
2.597742196245148e-20
1.42404190818595e-23
3.3953775910555995e-19
1.3544406981000382e-24
3.798117200716015e-26
7.256368418293714e-21
1.2329579104762877e-20
2.3762355209939263e-21
4.547894043870925e-27
2.3055659330019116e-22
1.4039130155740033e-26
5.287303300423455e-21
1.4010996014805236e-23
4.47767009437382e-18
7.231204201719571e-22
1.2796550316645084e-22
2.1314651310169103e-27
9.231725918210516e-23
2.739758170213698e-22
8.850692663908458e-25
6.573850080010161e-23
1.062943557014294e-22
6.667512030455099e-24
2.490667005531913e-20
7.739704264971666e-22
2.0661008317901334e-22
9.607815117933307e-26
4.206514962666217e-17
6.405062733202146e-18
1.9506036850833283e-19
1.5536984920286925e-22
3.870205174403075e-22
1.1293280817229453e-21
6.086787056997593e-22
2.3291777792959205e-21
4.452078063115976e-24
5.436911295611007e-22
1.1513377986308119e-27
3.259725981839159e-20
1.5648603537123274e-21
5.20479621007277e-20
7.660233822470011e-20
6.874583056224879e-20
1.1234082890161864e-21
6.86970798913887e-22
1.038164000567044e-19
1.4209140596475506e-25
1.4260566317229725e-19
2.2274548678550133e-19
4.117946025785651e-27
3.4841783187778095e-19
9.5820394472054e-24
1.1111972099874908e-19
1.4538666450890344e-24
1.887623341877662e-18
3.69360876988532e-17
6.155097728690757e-23
4.680596066650759e-27
3.3566371521162946e-22
2.924943619793067e-22
1.1714460979997403e-20
9.725565891204528e-23
3.5387744420742364e-23
1.3018213896126753e-18
2.9893462614495244e-22
5.538508413756865e-26
1.5049246594771496e-21
6.6607537135359e-19
1.4711024029632956e-18
1.821256904387985e-23
2.1741172558120027e-20
6.1245795702819676e-27
2.4350995163645638e-23
6.967128031585444e-26
1.3025890136338775e-21
4.778524271886321e-23
2.0863497159487933e-21
1.254189477782952e-19
2.495861061416509e-25
1.7664889570256776e-22
5.690062894562086e-20
1.1282108101672262e-21
6.972782037962619e-19
8.44125569566207e-25
6.5104495678702304e-24
3.8120924377302685e-24
2.74265427635306e-27
1.3743538415685881e-24
2.3012993426873237e-20
2.3686604923112755e-23
1.1018602046193301e-25
9.94605066571322e-25
1.407845257450151e-18
1.9989169493699337e-18
2.0540176280921385e-21
1.9957349147630484e-24
5.2603865619375636e-23
2.097850295436845e-25
6.342581336557443e-22
1.3340209824158744e-22
1.5125552086218245e-23
8.8191124351882e-22
2.5017346487464622e-24
2.5357808627003025e-21
4.7309035019844427e-26
1.1960182513575093e-20
5.980650786009696e-23
6.831009965836398e-20
1.420492529229833e-24
6.303637213306519e-25
1.6274796059806004e-20
4.840619150006258e-23
5.865503534926101e-23
6.3541693164201576e-21
2.575745775041294e-18
6.252551919950659e-18
1.4991185965504392e-19
2.5442606339593328e-23
2.6322996267318126e-19
1.6953815789644163e-26
3.6016930040869246e-24
1.0192410761130894e-27
1.0387018312384746e-19
6.039875967717657e-19
3.6008489505489676e-24
1.847682456129883e-18
2.320548464741578e-26
2.7849608227773403e-22
7.783096813153752e-27
5.805522106815121e-22
8.46645886877265e-25
5.678032427202343e-22
1.2416277648883552e-27
9.694835708006329e-21
7.703325505763918e-21
1.0575941811419314e-19
3.727544919145467e-21
5.679190382850497e-18
1.9615027126952956e-18
5.272116488268072e-19
2.3066772822695592e-23
1.7007229636491309e-22
1.097726363721593e-20
1.5295586831938742e-22
1.7625936602120295e-24
3.765965198372413e-18
3.651602041603024e-18
2.0702467173554405e-24
4.073585099794233e-23
4.013958903995915e-21
3.138537190134563e-18
2.7378898263721568e-24
1.3672364762652162e-22
1.1256517560182656e-19
7.16560467339378e-26
1.585741870158641e-23
3.4407956416519006e-19
6.904120756783015e-21
7.578093736067996e-27
8.437511552277814e-24
5.224012259312966e-25
1.0453433939143022e-23
1.442393738501186e-21
1.2357898394403902e-18
1.1073741576372475e-21
1.039226549444717e-20
7.194433868929094e-20
8.3775928812349725e-22
2.73975112791845e-26
3.0424380109676467e-25
2.8705549989929095e-24
2.8479224279526303e-22
5.962154552644384e-22
1.0032543187781051e-21
1.2243515254736922e-21
5.949798943901417e-24
1.03221286898615e-26
5.014254071536712e-24
8.454381239509128e-25
7.29866451444598e-20
6.045632885564936e-19
2.1521692961360024e-21
3.957003775659363e-18
8.106840326265269e-23
1.5041351443942954e-26
1.0650350370969185e-21
2.5202062597800054e-24
7.426411382670473e-23
1.2106385672187218e-25
1.5870280732788407e-19
1.0831434723624605e-22
3.6686601273741737e-23
1.0480082218041991e-20
5.884053706059534e-18
5.433306816768588e-22
4.791476424684482e-24
3.1485941608047363e-22
3.1337063077702176e-24
1.5446458217753783e-23
4.589640499858739e-26
3.348448472309924e-22
1.1231404978953976e-19
4.857995009783188e-25
2.0356922863512462e-20
2.6823345053023793e-19
4.716854145096503e-23
1.6947982777379954e-18
3.121558553805643e-20
3.2826493362769555e-22
4.028943930883773e-24
5.30179758098171e-24
2.4657623400041073e-26
5.2228403649518183e-23
9.55738070417961e-20
4.257913504781076e-17
2.4964008937441176e-26
1.9580038341798584e-19
2.5722386920274386e-22
5.7941589310051275e-25
3.222626966226755e-19
1.9872822944157237e-22
6.732537067772087e-19
2.690927386229685e-18
1.5654271515482568e-26
1.5711394328918757e-25
1.227711425715895e-22
4.597146684779799e-19
1.3963007164523931e-19
5.3489945747481715e-24
2.028901282680932e-20
1.2568057544679154e-18
5.541719956153068e-25
3.866377495599175e-20
4.262926581374298e-26
5.534359509601543e-26
3.675828074541969e-23
1.4821568364635787e-22
8.54240398945329e-22
2.696296623629653e-24
6.433783462926857e-22
1.1290128277641472e-18
6.714932588428343e-23
3.368190861704536e-18
2.953458284142739e-24
1.5240546712341283e-18
5.175192394003075e-22
1.0156622157914464e-19
5.1369621293586295e-26
3.0318297467822313e-27
1.7581680885884078e-25
5.004806418229903e-21
1.9013615310898148e-26
2.690080031485761e-18
4.381130591316482e-27
1.3415234149323124e-21
1.7314573162899533e-23
9.777466474818844e-25
1.0557168632049801e-22
4.434327653019853e-22
1.0345256474803727e-24
7.77162003739434e-24
6.208608180189557e-24
6.984213060648077e-21
1.515159743715406e-18
8.250122393040607e-22
5.604429922928665e-22
6.219035211364736e-25
8.90318307161468e-24
1.0441348206712632e-19
2.5351889723082363e-21
8.426748695992213e-22
8.412212100685168e-25
4.400369611605887e-22
9.685410031483899e-20
4.735620685858136e-23
1.048413068376702e-26
2.086271373202314e-22
4.519485208141264e-19
4.998805221337005e-21
2.8047225721044873e-22
8.060537741506395e-21
2.203917957720971e-19
5.778996266372804e-19
5.784705797051546e-21
2.7081002177716327e-21
1.2742331253999654e-26
5.159953966939714e-25
4.7962376812069446e-20
4.106423347564871e-23
1.1733821857931826e-22
