2.195891865969845e-12
3.45513026622588e-15
4.1850799452625035e-15
4.146454790561532e-18
2.4317860177370147e-18
2.4228263644917403e-15
1.6920159784296898e-17
1.726301407964149e-12
5.524959831207719e-16
2.9896216497952116e-17
1.4527809434345015e-11
1.4387708877374737e-15
5.224851998616842e-19
1.9532363113529583e-17
9.178206711284241e-17
1.2118252489347231e-16
2.364399569031774e-12
2.352016702549336e-17
5.268450498588848e-14
1.9331791886978092e-16
1.788850072413753e-12
2.1390031152369554e-16
5.264586075391605e-16
4.494546588901132e-14
1.132798757942642e-15
2.490527014211393e-16
1.9966942935385873e-17
4.524126018186158e-21
1.9032215441913074e-15
1.0694758732548579e-14
4.368965684793317e-15
1.2509896815237256e-19
8.436503302636562e-17
2.801754685549868e-16
2.1062699401556467e-13
1.1149295307011334e-13
1.987104751767898e-19
3.9831946687276263e-19
5.8439283787849e-16
5.634993345140113e-16
1.3935238056313208e-20
6.489594546248066e-17
1.1168020464612881e-17
1.3123420905509235e-16
9.258716128092105e-19
4.487956153602918e-18
7.757009649332272e-16
2.6901658300931616e-19
4.391979497456323e-18
1.3956140590496442e-14
8.88613521643527e-21
4.570861765038629e-19
1.0911383714998903e-11
5.56271175274575e-19
2.3361515640534325e-16
3.9035450415774006e-16
1.5053458536668606e-15
5.054805891409447e-15
5.117092948874912e-16
1.8968634164416053e-14
4.143422005629189e-16
1.6396943903363953e-18
3.0307878175714167e-16
1.4048382947773127e-15
8.387409734223705e-18
7.212418945528495e-19
7.069693477892875e-16
1.5058136315836152e-15
1.475098693371121e-17
6.942294131003863e-17
4.167527233310433e-20
2.6523445681435947e-17
3.7719247923104347e-19
1.776602472953538e-18
1.5599224634465529e-13
5.27454076837614e-16
5.897041549257826e-19
2.7816395951485263e-14
3.0484118705078846e-16
9.236401738154786e-20
3.8987261520425466e-16
5.672352842012191e-13
3.076678772255565e-17
5.346645910140014e-17
5.574409982129815e-16
1.9296680834881652e-17
9.67274142550558e-18
1.020880043382645e-12
1.4869296050675956e-19
7.39432128665275e-18
1.0017562693164762e-17
2.6589540950802956e-18
2.2498295744632594e-18
1.593052619624161e-16
3.008474448498244e-19
1.3221209104040176e-18
1.72914676315012e-16
8.404337960976864e-17
5.010782762863669e-13
7.527920746201352e-21
1.054861538756698e-15
2.37716353535068e-17
1.3405665809432045e-16
1.0165545389082594e-19
9.839523334776107e-17
1.8105734308967223e-16
1.2595320682126506e-19
1.7389396905466696e-16
1.3323712894085018e-17
4.26667783910071e-18
1.0105386512178936e-19
3.1437498753914512e-18
3.0627631236507994e-21
1.983413319722209e-15
1.4869377194960942e-16
6.6841056679518e-19
4.618238782482896e-16
1.8985265459078402e-17
6.17360210903305e-17
1.7065368977683786e-16
3.4230875314288184e-18
2.5461273891820398e-19
1.448343336857842e-16
1.0088589842233771e-14
7.424095788696814e-15
1.3810128337190212e-15
5.849342365428631e-15
1.4184351865180815e-14
2.675832810524535e-18
1.8299217758774846e-18
6.0507804089305184e-15
7.342581882019991e-16
3.685823650143304e-11
4.994767524764989e-16
6.043017486829666e-18
2.484260143290983e-18
3.3863783367313543e-16
1.1835250988876914e-19
3.982028817319663e-21
4.0979913722288635e-17
3.18748092244456e-17
2.0480141885828724e-22
3.621476818423505e-20
2.0644970351404222e-18
6.212969643440525e-18
5.123722056982025e-21
1.2877008398190248e-18
9.715552472273618e-17
2.609633386581455e-20
6.894084070063656e-19
6.281256002330972e-19
5.669129984248881e-17
1.3039041329336087e-16
5.70184461806164e-14
2.8474588959460043e-16
3.168652763538748e-12
1.512605205479377e-15
9.25921968209638e-20
2.5342892810599655e-17
1.2228912347573421e-17
8.200987383843561e-20
4.986010296837115e-16
3.552977445018321e-20
4.6046175554039856e-18
1.1231016431085445e-19
6.696855741282979e-17
9.082283314190958e-17
1.1621453175112214e-13
5.364450337605356e-16
9.937667513264105e-14
1.2608298439223985e-18
3.391503214443004e-16
1.768890772557005e-19
2.8976190534820608e-11
8.750542319511798e-20
3.0441333803074817e-16
1.7613163185271536e-14
7.763412309681415e-18
2.9346872785265e-15
2.5356548484641707e-18
5.019231745257718e-18
6.363828550739542e-18
4.844979561039294e-16
9.639079292579428e-18
8.976863580859163e-20
9.19328235167641e-20
1.5048988256634648e-16
8.113256357020009e-14
6.237094064386336e-16
1.2523790819839928e-13
9.490382277295643e-20
1.2440909674159643e-18
1.7401067397810196e-17
1.2471515258416746e-11
6.0051489941386256e-12
3.070582115976427e-16
1.598416418259065e-19
1.9631568564002248e-19
4.471988546135308e-16
1.6235367574513862e-12
1.3096851745353694e-20
6.836462177048508e-17
1.6355188830069773e-17
6.921735006083387e-17
5.988619899807928e-15
3.914576622530171e-18
1.976360093922214e-19
7.842056922072358e-16
6.287968572650693e-14
5.810885429208692e-16
5.030418477099224e-16
2.4433786384079367e-20
5.215576686803597e-19
9.545133207285833e-17
3.044221074257334e-17
2.0580691470393406e-21
4.2811010894015296e-17
1.8993980804269603e-15
1.1064217706597165e-16
1.878333158310293e-18
1.1623889808206895e-19
7.188856667441094e-19
2.5841009338865764e-13
2.8111346312913245e-19
1.0084302109705418e-19
6.124203699303374e-19
1.2613177311353469e-21
9.307056116958573e-19
4.7789539580800284e-18
2.7503222682626936e-21
6.167986073055903e-20
8.132413187101342e-17
7.777779631592317e-20
7.551957060891834e-20
6.132385009377042e-15
3.919662607970587e-21
2.5241897424062766e-16
5.50646830667439e-18
1.4364814281990427e-18
1.2096933023929868e-10
1.0828258987285718e-20
1.3138432811907736e-17
4.9435142779243096e-20
1.0043748052128398e-17
1.2555208358836605e-19
2.5648826300292564e-20
1.4059278251319095e-19
5.202067957419325e-19
4.611663482267681e-15
7.745490245695403e-15
2.470345959019477e-9
1.9557815352923725e-17
1.1400565127501387e-18
1.0389964812309834e-18
2.5411349859161367e-20
1.128025442412038e-12
1.2143191519947385e-13
4.2833686256518314e-17
4.313671936272881e-22
1.5259643207422333e-19
3.5892288484658905e-19
6.2080905155152835e-19
2.3914156024647492e-17
8.306200591049606e-12
2.381481653843158e-16
7.637675040413306e-17
6.02752832645152e-19
1.5315760629723415e-16
7.595981024314317e-17
7.018457115456044e-20
2.4924579085277133e-15
5.1410788284292535e-22
7.581096857498337e-19
2.4589725727439414e-21
3.474653544030515e-14
5.7000459909281685e-18
1.9029807283175656e-14
2.0509592439471256e-17
1.6134266601999724e-12
1.1391170615877287e-19
5.061357984396033e-16
3.5534794272897386e-15
2.6258462271629245e-18
1.711869220066357e-16
4.519819287426739e-21
4.392661226717918e-20
3.651964299994112e-13
4.0349192756424254e-16
1.934316445830654e-12
8.502636147107208e-19
7.987373116517324e-16
2.7197207800142753e-12
3.609296275167331e-17
4.144807301375553e-20
6.637491813420113e-19
7.57852318687989e-16
4.125483680172598e-19
1.0205476200109759e-10
1.9625927944742995e-18
2.0208547328530303e-12
2.1103142925952597e-19
2.3809390221648435e-15
4.455320147749673e-18
1.8678502664544813e-18
9.074423897918709e-17
3.58248146544623e-14
7.437727101731012e-20
1.6362253773349891e-18
3.8456462927176394e-14
6.446032669820204e-20
4.475052725997846e-19
3.6708625881402006e-20
9.381234360092656e-18
5.23845085388094e-14
2.239397642304724e-11
2.3335623537084706e-19
6.927132278819043e-19
1.503856028983534e-17
6.748143269769204e-14
7.163516386895721e-20
2.0318685406676488e-16
1.853076024500976e-12
8.882441401377665e-19
1.2673617729109497e-19
3.818389634138363e-14
7.523778913523341e-17
4.814373531774293e-19
6.9150044870961025e-19
1.114233295891051e-16
8.365930846401341e-18
1.0035538734051993e-19
1.0108471897236716e-16
1.1361494369014255e-17
2.0905949563556395e-18
2.089383310889798e-17
6.432236949973238e-17
4.18641694808828e-21
1.520641611696207e-18
2.7132818711498745e-19
4.029627047054006e-20
1.8996004755929605e-14
2.636701650288701e-18
7.852906442584122e-15
3.7570630810912007e-11
6.918878668808898e-11
3.326623519551399e-19
6.348917014878945e-18
1.2833302729870653e-18
3.054028482195208e-18
2.735096791044955e-19
1.377763401949724e-19
7.205238803104442e-16
1.0908846707579331e-18
1.4846098761234853e-10
3.0542272972449026e-20
7.05547419302612e-18
6.937127055235128e-20
1.7927183849633063e-14
3.065557563021963e-14
1.4633620537280996e-18
3.934872625271641e-12
2.4509970723797282e-21
1.827704826928585e-18
3.4140837003119347e-15
1.570119338404403e-16
1.1710419607160577e-16
2.4890292280062964e-16
6.023892382897031e-18
5.725972082674294e-18
6.055969347835985e-21
1.2150797521811055e-16
1.738988871971411e-15
1.485010492809025e-19
2.397377879506343e-18
3.733227796636142e-17
7.995242760159067e-20
1.968264708241695e-17
7.124683684194218e-23
2.0474722350876188e-19
3.234953520595621e-18
1.309142136896853e-16
8.906510919880805e-14
7.837905623559058e-20
3.784268147669295e-18
4.1919554534825686e-13
1.4765167659167682e-15
1.4572795136680184e-15
1.380706338317235e-14
1.0045330406037349e-18
1.6383962245344535e-17
3.5974483615594246e-15
2.1042389229598932e-16
1.0766095646904636e-20
7.366235410305557e-13
1.2072008487257397e-17
1.0366094855055239e-16
2.9839588296521704e-16
9.507453627805298e-19
9.660288854977906e-20
3.168687768467012e-20
2.6925104991494096e-18
3.416147255860331e-22
1.1070685004034864e-19
2.1228424161701155e-18
5.446808673392096e-20
1.8116484436086202e-16
4.6423320989790353e-20
8.393228876679238e-18
6.304639930307761e-12
4.10510092422467e-20
2.8227202331751272e-14
1.2391644059882942e-11
9.773618263817927e-14
1.4889435249057747e-18
1.4461147274138436e-19
8.938322217109068e-19
2.1738766863361263e-17
1.1622955272947586e-19
4.260532593066485e-19
8.112569985177599e-19
4.84133706983821e-13
1.085209241115845e-16
6.739152159033923e-20
1.7319579840218404e-19
5.073643347032934e-14
1.2281516702911002e-17
5.2024657755845564e-18
3.1659015183085984e-15
1.652009149227491e-15
4.552132828647481e-16
2.662617345075735e-17
9.25482415385428e-18
1.4853310964685357e-16
1.0545508467802387e-17
7.059606420222785e-22
1.830793803025292e-15
1.1978695675980188e-14
9.817187454013385e-19
2.630292630406938e-15
8.256524165168997e-20
1.108210320672002e-20
2.561121948574672e-16
1.9939983531210206e-20
6.56621456469449e-17
9.570126897215024e-16
8.265675630577815e-23
5.042290178694892e-22
3.5337754543665494e-19
4.0595933658045727e-19
2.196810142012299e-18
1.490121560098554e-18
1.2425251608896192e-19
3.3786571985700825e-16
9.97857350706249e-15
7.146419644682245e-22
3.9385028917540376e-23
3.1222675044696797e-20
2.180470981909932e-17
5.1411677944672565e-14
3.146867825832507e-22
2.282410994677849e-22
6.20688357278489e-20
8.697124354543917e-20
1.1590639447810832e-18
6.800552693435058e-19
5.388255107175698e-21
3.5574867444285734e-17
3.662499559573697e-15
2.9613981873574078e-15
1.710381571285765e-17
9.548200962375512e-16
5.038187146093605e-18
6.7938586208822e-14
6.613264712835843e-19
3.1151279474826833e-18
5.082259451237208e-15
2.732927822940325e-18
7.664994474976247e-16
2.271635351760635e-18
3.433413145236776e-18
3.121300418360516e-13
1.6520065123997458e-14
3.6369814549455815e-17
1.379419142619119e-14
2.205428211687966e-11
4.3412188810824006e-18
6.6246233606754894e-18
7.546192027757397e-19
1.0599124055413106e-11
9.957536184018317e-17
8.931477165602603e-19
7.749510465346866e-20
4.047585986800605e-15
3.6902045080489546e-23
6.895003128227554e-15
2.5531676257780116e-21
1.7360873458995033e-17
3.6480894668574935e-15
1.0393039473588584e-15
1.800162843990817e-16
6.392288296036715e-16
1.770516588311924e-16
2.802873514607322e-16
1.1774967616709384e-19
4.256510193246585e-18
2.027247752303014e-14
1.3682340629453359e-17
1.1446359156179376e-21
6.87689218337746e-16
9.224076648773336e-17
2.4514336664606654e-19
1.7188612127130835e-20
6.089322980217263e-20
1.7367665557445714e-16
1.249756402874563e-19
6.841286014701414e-16
7.950245742959881e-16
8.219867941059962e-18
8.867312818525889e-17
2.4744904930856775e-18
8.547502282874797e-16
4.9297407902728334e-20
6.490096776653107e-19
5.535505570751153e-17
1.0083047326908886e-19
4.916246054535632e-20
8.624538481588311e-18
2.556284045796091e-16
9.379468167991637e-21
6.179471582485573e-19
2.0945643609340577e-17
7.802472990277491e-16
2.5731000254533643e-21
1.5101525871030636e-20
5.690893839251229e-17
1.6229686954875845e-19
1.4891087484426157e-19
1.6695354800359253e-10
3.950111906049085e-16
4.5405058532942455e-18
2.7446588906892614e-13
2.849054197451929e-17
5.1844189751059873e-20
1.056342500311444e-17
3.951362895180195e-20
1.775390397749498e-17
1.658118455983929e-18
3.9412078463627065e-21
3.761421271710753e-22
7.594118562614629e-18
1.3049907437278519e-17
7.45715610984255e-20
1.8544813179664446e-20
5.210758953409919e-20
1.2822806839403672e-20
2.1710078806077553e-16
2.138997755067085e-22
3.704583070128913e-19
8.498086563321495e-16
2.5974119333893625e-18
2.2145218126377305e-19
2.4303798886572856e-18
3.6429450429459394e-18
5.559475061177947e-21
1.4538761997726112e-12
7.401297571115086e-21
4.948679092772829e-19
1.3900298705127648e-21
7.40640742775163e-17
1.830326308473279e-18
4.1742489736254946e-14
2.7631718087396996e-16
3.541556326650263e-18
1.2895145541594384e-16
1.9335011959343235e-20
2.4075478085552663e-18
2.909088741176258e-16
5.6578217212854144e-14
4.535516138611029e-19
3.709598871879338e-21
1.2148573382848856e-16
4.0265066676029564e-18
9.865103817817006e-17
1.0168996174317164e-16
2.789030317212136e-17
1.5083408646468908e-14
1.6160172678074044e-15
1.1356721201022846e-12
2.0559950788372206e-18
1.5414092058792364e-17
2.815625353089923e-19
4.5552455053317334e-14
5.465409281577031e-16
7.089901965951699e-14
3.333748445797254e-14
2.5316970665630315e-15
1.9175303227525188e-17
2.7543718104308193e-17
6.532607387157556e-20
1.3323260835060582e-19
4.902139637842993e-18
2.393753361281511e-13
4.634710364516998e-20
2.6835643176764824e-18
9.514024241616206e-15
4.67909899155488e-19
4.9657024888703495e-20
2.9019818347135257e-19
6.286762756504827e-16
1.754961673836188e-20
7.526166023157595e-17
4.1471374910960525e-18
2.3215598504290026e-12
2.5194382953229873e-22
8.788775257320459e-21
2.5899995701214742e-20
1.0602011642683225e-14
7.5158510510110705e-22
2.294595149330061e-22
5.406889797233482e-11
2.0959573590573333e-20
1.057034642238427e-17
5.201135330284575e-19
1.4564430991930758e-14
6.351396917208204e-20
1.428898032135976e-17
1.7689479592053372e-21
6.048436083909183e-19
3.429676047154521e-17
6.151008816705652e-18
6.427111206205791e-12
1.5327132312453035e-18
7.573412522750582e-19
1.4942041667749715e-20
7.8409955981618085e-19
2.7082321223147343e-17
7.385683011736505e-15
3.24029337578367e-17
1.2495046559470162e-20
1.0137464812750024e-12
5.8068296483888524e-21
1.7790400172036006e-23
9.604869727275924e-16
2.7799850412773247e-18
3.623902358472399e-17
6.363375043763874e-17
7.179209287028e-18
1.5677071008986147e-17
7.175261108908283e-11
1.5986651361711408e-18
5.537600720353686e-18
1.0655614034165955e-13
1.140564161089933e-19
3.125957176346684e-20
1.0564377123054218e-17
4.637722813037725e-21
1.179666286103677e-18
1.4289420164625938e-16
5.614751470209634e-16
1.144450485431582e-14
8.2545473341074e-18
1.259311029461706e-22
2.0098227219716865e-18
1.927816304611883e-10
1.255226807057294e-16
1.3687920881101901e-17
1.4242332138993455e-15
6.766264869058951e-15
9.917337175795696e-17
3.537913127303432e-18
2.3538311168900524e-15
1.0612055262500424e-16
4.653635876469779e-18
2.2142701422834387e-14
4.0153831805972165e-14
2.95592659225889e-15
2.987630384589862e-18
1.4249424149907357e-11
3.0876905389918594e-19
5.389798235177379e-18
2.645962411237065e-14
7.359800522368819e-21
1.0105975346919072e-18
5.168882731806598e-16
7.677433761277291e-19
1.4033022984413534e-14
3.9062977215720823e-19
9.09326545082034e-20
5.592414534239609e-19
5.112823490389176e-21
3.391921856773695e-15
2.7928701529479297e-20
4.0934274932401075e-16
4.269325300869254e-22
2.3127480848628656e-22
1.2337082690153894e-15
5.262577383001287e-20
3.885685315917213e-16
1.1491787205519286e-16
2.6333887901087093e-18
6.866872564206121e-18
1.7414374377913055e-19
1.9915351745472485e-18
6.037320128528457e-20
1.2995652829094732e-17
4.640367357752196e-16
1.1608212049891573e-17
2.194574726612834e-11
4.901345678868596e-12
2.859374582261041e-17
5.653342579539534e-17
3.468400934710803e-16
2.984453808449429e-18
4.902946011357671e-18
5.839460420101466e-20
1.1038445654881186e-16
8.608616559911265e-17
5.567157838052862e-15
2.241484335850376e-18
9.464917601561286e-20
8.150063826676569e-17
1.449927727877685e-19
5.851817044629656e-17
6.569758110723961e-14
7.278516631903532e-21
2.6191261568944258e-17
1.724722260775273e-14
1.3754888500041035e-11
2.3282206643124187e-15
1.7129521064850836e-19
2.690301100116113e-17
5.152593073382684e-16
4.55269285569249e-19
2.2783320643714166e-17
1.6775767500066082e-19
1.8810506501509622e-20
1.4133688940007533e-17
5.620598878724853e-17
1.6839720295767087e-20
1.6164509737728618e-17
4.101317770174472e-13
3.883570050256564e-23
3.33457051186228e-11
5.840297112723622e-18
2.284122432703763e-18
3.308521117109572e-24
4.931170668839563e-20
6.416410256155175e-18
1.9428103339616892e-20
8.370089714654095e-18
5.0527483785043884e-18
5.951129538076469e-19
8.950564268707131e-17
2.7022473556611208e-20
1.4508429088019292e-13
4.48436285974796e-18
4.893727036801655e-18
1.0129464323130841e-18
7.405590574334344e-18
1.234227706686023e-18
1.540254392310362e-17
1.2935262644371693e-19
4.2126692632872096e-19
1.615741012837781e-15
7.190046880032531e-20
6.496602699684863e-21
1.2949726437720222e-14
5.4484601826950387e-17
1.7635913944115346e-19
1.3806920478036595e-16
1.992623933516832e-21
6.7208882839533755e-18
7.87410951104109e-20
2.195184483614244e-12
3.3263036143134525e-19
3.8809281596642013e-19
6.353507751092563e-15
4.1846065797840517e-16
5.2600723869985053e-20
5.136191441309403e-15
9.058193005498833e-19
6.608141775311765e-16
6.169644841458198e-17
2.0265062855419092e-17
4.601143020503962e-21
6.919545903685783e-21
7.413358087037053e-16
3.163117379432657e-15
4.6498676189664174e-18
1.0724966072377019e-14
3.293530487156787e-20
1.2993136024698124e-17
7.963773374039045e-18
1.7522851229425106e-17
1.2178151875123384e-15
8.741368984617604e-17
1.1965925579476672e-18
4.2981714828951656e-13
8.902876086057375e-14
8.743305125212837e-19
2.2369650618257823e-16
1.4146790810322406e-14
1.162100744865449e-19
5.913911713695922e-17
1.787756424207283e-14
2.9515950530573804e-18
4.06795229132467e-17
7.487175465644802e-14
9.332470627086912e-16
1.3087433901626385e-18
5.470991730335131e-19
8.800522931196675e-21
9.14989382456172e-17
2.9930630640796235e-17
5.710066589809254e-16
1.5265081106129802e-19
3.012505335042604e-16
6.306542774361898e-20
4.4774188522558637e-20
1.147814460749792e-13
5.94916098513876e-14
1.711725091828174e-17
2.5475377387357186e-15
2.2152319508643448e-13
1.797131027998619e-19
4.681006696963625e-13
1.7618204078522325e-21
1.2952667380794799e-17
8.583730375800239e-19
2.4514449813464115e-14
1.0254104733375225e-12
1.8511694519758353e-17
4.870401692153526e-18
4.9358692080252876e-21
6.027592097436737e-19
1.39021663098382e-17
5.837827904552721e-19
7.370187558201353e-19
1.830604386796508e-17
3.5065884228093102e-19
4.646974943794094e-18
4.103642309046638e-15
1.6492040612655874e-17
1.4199993852801394e-17
4.764745079861737e-20
1.0578976288535905e-12
5.446014223522137e-18
1.8121358887301667e-19
7.698892074506323e-18
2.7058575772738905e-20
1.562222447226803e-18
6.977920229825909e-18
1.4013331470636375e-14
4.227872179507328e-20
5.193958973552589e-17
6.062254619696728e-15
7.387266039584647e-21
2.754010604152174e-17
1.8031939194241924e-20
5.201390756364418e-15
2.263719167839313e-19
3.2143984105493944e-14
3.5792599388876097e-19
9.634256915265676e-22
8.554878201823936e-22
1.3005205956527403e-16
3.3730688653158984e-19
1.1687834791173946e-17
3.1669134612956856e-18
9.823153068671471e-17
9.124975880074943e-19
1.4658131574214603e-16
1.0199830003940705e-20
2.336528980329893e-19
2.4657695771851946e-16
2.882509593320188e-17
8.428906531075968e-17
1.2677980793214398e-21
4.810826654498777e-16
3.271176913340895e-16
1.6982583108033548e-18
9.152047425083984e-18
3.5234439029108704e-17
4.584209556502966e-13
2.7327392806387214e-16
1.3565157055629143e-20
5.050018752162963e-19
3.3949882207805084e-19
2.2748973188278887e-20
1.1935512345613981e-20
1.713242275493076e-16
5.069163735018448e-19
3.2127996144393547e-13
3.260154828287682e-19
4.776502112055713e-15
2.0161872213789504e-17
1.5542580962069915e-10
3.7631393859154894e-18
2.2370292495802985e-15
2.670239484134583e-19
2.1521623980090634e-19
1.0133792603851528e-16
7.3223593796822e-20
5.052919001122291e-15
3.804385481043493e-17
1.5028271376130358e-13
2.5781408705736578e-14
1.0610401086843048e-17
7.178513618212066e-20
1.8611282113634083e-15
4.094337823081143e-19
1.2505183989458772e-16
2.3194543721400202e-21
1.7371105909620889e-13
5.942590882253743e-18
7.372870578171868e-18
1.515015766833205e-17
1.2531046190520826e-17
1.3765521179009973e-14
1.2809512417520428e-17
1.5133460981571175e-18
2.2351791677656967e-19
1.959299503814263e-14
1.1556701677577427e-20
3.688301448898909e-16
1.6327047839077774e-16
1.7087703787547145e-20
1.0516534984328032e-15
1.4844979810587583e-17
4.615784417520479e-17
3.4677505675863586e-19
6.710749978390329e-16
2.229954532535543e-17
1.5507911709467078e-14
1.3757049097899926e-12
5.927638126830056e-18
1.398277074875532e-13
6.082698294666341e-19
1.9927214099263212e-16
3.3788166199671053e-20
1.1112636247435196e-19
1.2830354175158997e-16
4.144894195280484e-20
5.0583610683997766e-20
1.923807442582505e-16
7.2298421417227395e-12
2.403887983401059e-15
1.7637256189126066e-20
3.336165447453687e-18
5.755405922941218e-16
1.629931402437769e-10
2.889734869085138e-14
5.658105177476547e-20
2.7675158665514995e-18
4.983330821384373e-19
7.343979310057412e-16
4.084561693543416e-18
1.0620880214796119e-19
4.814441152254142e-9
3.0598733193874905e-18
1.503090367680675e-16
6.789382903042626e-13
4.505038395966804e-18
2.529626352123911e-15
1.154184315035156e-13
2.1432664248716578e-17
5.638654202663931e-18
5.696775054178653e-16
1.018311662074045e-12
1.2104753760568632e-20
1.6853027253973778e-18
9.831434511076349e-18
4.660262278253975e-15
4.928142608812857e-16
2.824198270205524e-15
6.8202042773851224e-15
1.4990500134479085e-17
2.84034675555012e-14
1.8503119144276492e-18
8.044497329120174e-17
1.983632975068892e-17
2.8937630635337854e-15
2.201003783815816e-19
4.236471085931684e-18
3.1052743602596095e-17
5.300131476630279e-16
4.694464241949412e-17
5.082653923087258e-16
9.492590055913575e-20
2.403268883282125e-18
1.3195274556382892e-10
7.927535236460781e-15
9.846549429208967e-17
3.624201266308735e-18
3.924833641664747e-15
5.684451717848839e-18
6.4797947263953626e-18
6.998090377577587e-19
1.8194555443489144e-16
1.5569531077825653e-12
2.7891862861615363e-19
3.2435472424875753e-19
3.959670374110536e-17
3.5906656063047606e-17
1.3033693371118038e-12
3.908565256882636e-18
2.6000848149878665e-16
7.480435542481195e-19
2.4894689203141548e-12
1.9949487152464e-16
1.5548516867679536e-20
1.3585845326135167e-14
9.584700134078036e-19
1.4329452172646548e-18
1.2768886078555328e-19
6.32002132613157e-20
3.6129577566276437e-19
2.6282264043996557e-18
1.9198971792553976e-18
3.103693943671584e-14
2.515043826364945e-17
5.510211798222515e-16
1.1520090019502398e-18
1.0190908020653069e-16
1.6484126328169536e-19
3.4683186841636938e-12
8.743442684199407e-18
3.62158562328474e-9
1.6497838310430223e-21
4.497590349397451e-14
4.453645876632993e-17
6.075568907311033e-18
1.141622520804124e-19
1.3915825286519517e-16
4.42677329717631e-13
3.299943563481919e-15
1.633051079973482e-17
2.938627953055367e-20
5.521298002547667e-15
1.2462754163588197e-19
5.315215008796631e-21
1.7744740611693192e-13
1.3287352314042012e-19
2.373377315244581e-19
3.886471639815106e-20
3.06152494075472e-12
1.898166425259657e-17
2.0928103143869343e-12
3.041279366068126e-17
1.1730631532722705e-14
1.0707110628753567e-17
2.420775866110548e-19
2.2680285804535094e-17
2.2969138503025476e-9
8.62875762304457e-22
4.3935641789498326e-17
5.67237317759695e-15
5.12698749753368e-16
2.2196966520438938e-18
2.0667216923312056e-20
6.640864779006793e-17
1.694168680627177e-17
5.673985579492831e-16
6.115648852149239e-16
1.7105903065178935e-21
5.124908692399285e-18
1.8461637643110505e-17
7.251535017363732e-21
8.310421210329887e-18
5.971693992228048e-21
1.8343197566983368e-19
2.975224601829724e-20
1.670259169660159e-16
9.846764106279336e-22
2.238269922012048e-18
1.898643776834361e-21
6.552397101908187e-19
6.061730919550059e-15
7.153135538607614e-17
8.616535622034821e-19
1.6323961691372883e-15
2.434873839043945e-17
1.2951968960161576e-19
5.533252048774385e-17
2.5383841178119192e-15
1.8407613115269497e-18
2.586624606077235e-18
2.2067721813096515e-19
1.6605430174291907e-13
9.770722243497828e-17
7.958946264289866e-20
8.4030250141139e-16
7.453735209459822e-16
2.5523887755596566e-19
1.5472265395295636e-14
4.0879199665702998e-19
1.333329207891768e-19
8.554348688401781e-16
1.1938885405103576e-21
2.0912495417778187e-18
7.11485749425641e-14
2.318388251829622e-19
8.646307676203042e-15
1.8399714495852563e-13
6.376463459684748e-19
5.65884882136797e-20
3.8994769606763805e-13
2.3615180395445196e-21
5.064370204883333e-19
7.352394125576349e-22
6.798099157192106e-14
5.098629446964612e-17
5.036729762781268e-19
7.427144577413728e-21
1.958242725148761e-21
2.9182785835602353e-16
7.239486949700292e-20
2.49782303426724e-19
6.074475947572853e-18
5.627561130859797e-13
1.0658769756681151e-13
6.096744067519806e-16
1.1372905387224701e-14
1.6230941979980937e-19
1.3450297548035673e-18
2.1510596889112424e-14
1.8417649393771816e-22
2.0857962691261932e-17
1.5229620934014424e-13
1.878530790031858e-18
3.375349003254609e-20
5.242429887586604e-17
2.243705022495533e-18
1.3783890057959506e-17
6.215857738692273e-15
5.120588620149029e-21
2.263739532103432e-16
1.2712798315200853e-18
1.9092211780970677e-12
2.9191818983953647e-13
3.4299078126956545e-17
9.331392060160844e-18
3.7689724371711644e-19
3.5314098309793798e-12
1.9332493400100563e-16
1.8807643168174088e-10
5.8412812994210266e-18
8.264579236112339e-18
1.781517146467515e-17
2.228149029325439e-19
1.981482780681235e-14
4.389421849400712e-17
1.3068109503433394e-17
2.002292216391372e-19
9.732776163993358e-20
1.9592326701358216e-17
5.3828843809388025e-15
4.971836654147492e-19
1.5954694266074476e-17
1.5755890726183865e-15
8.646995210411023e-23
1.1555011202708935e-17
2.3007242796068043e-17
1.6628084629204535e-19
6.581883931112028e-14
2.9278269256234164e-17
2.899566459297139e-21
1.3739058759414578e-20
1.0226488445299063e-19
2.6005763887338246e-14
3.9788970979618175e-19
2.933821876350485e-20
1.896477249978938e-19
9.596531031113806e-21
1.5291941551694743e-21
2.1186762459242043e-18
8.796327307014426e-12
6.150047458045252e-10
2.0935534910273296e-19
1.2192373257399343e-15
9.351351005736175e-18
4.3824266257098876e-15
1.3512511474650734e-16
1.5433084500635324e-14
2.4760595991284417e-20
3.976475990443992e-15
4.547592381331461e-12
1.4563498842260853e-17
5.079498364189448e-21
2.4411321032156722e-17
4.602299926796129e-15
2.1504983114817507e-20
9.875277061268816e-19
1.1556466471785042e-19
2.1665473614022806e-14
1.4009743068718709e-15
2.5979309047293483e-17
6.6816833815461196e-15
9.850952330419735e-14
3.6585128784317586e-21
2.142816181673982e-18
1.8350551858531586e-15
1.0643098119601172e-17
6.11340599682499e-20
3.429055924174979e-19
6.948500598415394e-17
6.876131688002601e-21
3.406015841349631e-16
1.359354215834526e-16
5.114190746819412e-19
7.271553824529271e-16
1.422389947613799e-19
1.691196614211202e-16
3.642523969489371e-18
3.056194742703589e-13
3.0305425942845204e-18
6.652843044428534e-14
6.059659227081925e-24
2.6507852186184892e-21
6.656332027174967e-19
2.3789754488515687e-16
1.2161956172168176e-20
6.0698700847920304e-21
2.5194292175809026e-12
2.21354557247255e-19
3.3295805371736757e-19
1.031662101977704e-15
3.953955412660373e-16
6.943338723085454e-19
5.136192753184709e-18
9.894850734717904e-16
7.371130212008371e-19
1.9217153218094296e-16
1.0356297288117167e-18
6.285126372364685e-18
2.4414254084016798e-15
2.374949256069606e-15
7.11852193176393e-17
1.7504335223926963e-17
1.0454784634529278e-19
6.485054366075323e-20
3.617951903446725e-12
6.511823215548332e-19
3.8707691456049476e-18
1.9402665839316043e-16
3.604986219896506e-14
2.962864944400276e-13
3.535409808189925e-19
1.8604471139335828e-13
3.711293586723219e-12
7.803964967258551e-17
2.7597583190062934e-18
4.1856006465051584e-19
1.5099804938556536e-18
2.6211708842914596e-22
2.4500072171268518e-17
1.958197892014739e-17
8.985225330588438e-22
1.0000365840977268e-18
3.6404594915373153e-16
2.805441797627466e-18
8.972596269801963e-20
5.203059187082018e-16
7.943865441104984e-23
3.1454729495760755e-16
1.3806521134635216e-17
5.292145978611212e-22
1.293308766044912e-13
9.854510533474002e-19
5.452285037916448e-14
9.258343115252497e-14
3.8710721804821806e-15
2.613577164221298e-13
4.687245888764942e-16
5.498777478878459e-19
1.7593840131149347e-14
7.712691308949453e-20
1.0320654357664589e-19
1.5713837025239367e-20
6.159637886756588e-14
6.832174520932884e-17
5.231256300734805e-21
4.9913211602988585e-22
1.4184789675797686e-21
3.6342738585365346e-19
4.975830908830388e-19
3.400419346850336e-22
1.2874523361417698e-18
3.0074345944193293e-16
2.0408778945996263e-13
3.6825061843438284e-14
1.2474698379077089e-14
3.0297270442725553e-19
8.69492415001842e-21
6.180748614950232e-17
2.3210822526568942e-20
3.280284405401767e-16
2.3328304097204305e-20
2.828776993770911e-15
2.1533520868556788e-21
1.7003266520175247e-16
4.284656151981732e-20
2.0554128473134682e-17
1.7715072250420947e-18
9.427915032124033e-18
6.566863875015256e-22
6.766425094701687e-12
6.268846317222317e-20
2.5136984495587292e-20
8.533900472418329e-16
2.1559453166103486e-19
1.3137732573399906e-18
4.095233057702669e-12
1.9912170414674357e-18
1.878372870129243e-20
4.0395395189124774e-16
3.051453853528234e-18
4.123859410644449e-16
3.015415017251622e-16
1.202398015057491e-13
9.198057959604029e-21
9.029609140079669e-21
2.1030631532565445e-20
1.8856472635581126e-17
5.4209513321763035e-17
1.2998566734789464e-11
2.3832727648489897e-17
2.587347762823579e-20
8.09998557657115e-14
8.56628530563021e-20
8.663191084822359e-16
7.875349688875294e-13
4.169767150796338e-16
1.1172185343795747e-19
3.858259594137626e-15
2.8225199407010786e-17
4.850706234134327e-17
2.77811482792965e-17
4.4481267306553684e-24
4.0202309407891916e-20
6.098129424917023e-17
3.4265267258129016e-14
3.855950514259466e-12
1.617828512970972e-14
4.614880177599235e-21
1.6102013968503522e-18
1.2220437038543928e-14
1.2973656977865118e-18
1.599018768641463e-16
3.068854609672261e-21
3.0213161091647674e-18
3.926609852981562e-18
1.6097654816653412e-19
4.66339716283973e-11
2.7220810326052506e-19
4.326697621143289e-18
5.411760074854336e-10
3.3574378741730605e-16
1.0082316483078317e-15
5.9302152374042836e-15
1.0177679755138474e-16
7.9429540165545565e-19
7.075082204822218e-21
5.130170596862477e-16
2.9518992427867547e-15
2.2883179919414448e-20
6.847817489171966e-16
8.072225931893806e-12
2.982162110103594e-23
2.3464210732601494e-19
2.233221274965342e-20
1.0224046760235814e-17
5.833394118342661e-15
1.1170695839431585e-19
9.667710654298944e-17
5.608113906633704e-16
2.6555867192004795e-21
1.4015308583365354e-16
2.0642985184868276e-18
2.2842706048411153e-20
4.02931326200664e-16
4.536464208338018e-19
3.1606903135248054e-20
5.0934424216647815e-12
2.984984658554617e-9
1.7847498276743165e-16
1.2354434123138986e-14
4.946635707400833e-18
4.9774314749086697e-17
1.5095420974397074e-19
5.658729524548267e-22
8.913049285962625e-17
3.539268754729162e-19
2.2057191137025424e-19
1.1356202104175595e-18
8.358943682904745e-13
7.842480331406659e-16
3.099993800772759e-20
3.157954425886364e-20
1.057695703667784e-15
7.825927612536503e-18
2.179805076307897e-18
2.7169148091838684e-17
1.8587107499733227e-20
3.9280920140486084e-15
2.9212196658517014e-22
2.7372977600510363e-15
4.9002504785908407e-11
8.305812182005314e-22
2.4086942267060646e-21
1.7407515104038747e-19
1.0637460352865166e-19
1.444542296791446e-17
1.5286126982587688e-20
1.2055913705745472e-15
1.3932422128047538e-19
1.5665745179108873e-18
1.3137119143252383e-17
2.8379071606838124e-17
2.692024250155022e-15
6.60678373804075e-20
1.0100947040134475e-18
4.583957492494758e-22
4.278115708001196e-18
1.1697086822823753e-18
1.3807089948013469e-18
2.0904581862496814e-16
6.846625983365169e-19
3.965877393076707e-16
1.1074510077101866e-19
1.2684229359174397e-22
7.165151289557317e-18
4.638237726811121e-14
8.518383776136202e-23
2.8618334851961563e-22
1.2976686108317363e-16
1.457134032271026e-11
1.8096448335628504e-22
9.730854920925068e-23
1.0337825755059453e-14
1.2010012570115709e-14
6.377427820294067e-22
1.4489606811711821e-18
1.0149607145377108e-20
8.95921966223721e-15
2.725749181779972e-22
2.46246720002443e-16
2.0502575347338774e-14
2.0263660239980364e-17
7.185219661224015e-19
2.89764579153148e-17
1.4722341534624813e-18
2.9216051425761233e-15
3.5494594876022387e-15
1.460492635319101e-14
2.3130446300174977e-12
5.095353105428368e-14
1.7439801628252615e-15
3.0904517311001894e-13
4.3010523428377e-18
7.113800354059984e-22
7.35653156214969e-23
4.6088406021934965e-19
8.491002501767751e-20
7.052065523002322e-14
1.4659682766530705e-20
6.859226127101753e-20
3.8072497751940626e-19
3.880217662340258e-15
1.0611825632426354e-18
4.3499271059960614e-20
2.4979333708433233e-12
1.865964892769741e-18
4.9661774789099014e-17
1.01938250699199e-17
1.0362996279027214e-14
7.136154053959279e-19
4.620869672917676e-17
5.21227196411461e-16
2.4096634741370865e-21
2.6661861900778834e-19
1.7371408665286944e-14
6.431067465275745e-18
5.487001072946063e-17
9.986704482517788e-16
3.008551493387966e-17
1.2704119430385948e-17
3.5710084784132326e-17
8.921022852506383e-20
2.0208722876787875e-16
7.967876234898997e-17
8.531394532154604e-20
1.8181995823358412e-18
7.116164688618427e-18
2.1791911367566262e-20
5.373224499683363e-16
9.887626358110088e-12
1.444745518814476e-14
5.77383228149183e-19
1.2756683871940823e-19
3.430856182868263e-17
3.3535595343115463e-16
1.6640210180808368e-16
8.625847399503327e-12
2.1574867332872245e-20
1.0394006873685541e-19
1.203245490820352e-18
1.9719490258111326e-19
2.949517002024544e-14
2.5350117142729064e-12
8.652644993785906e-21
1.0160821222455948e-13
9.411173512314568e-17
1.303240484494841e-17
4.882279215938276e-22
1.3124140699742299e-14
1.4162832979604316e-22
1.6905120270250586e-16
5.00545310083244e-13
1.2643314055671746e-19
1.294161838139663e-17
4.24947859044839e-12
8.095392469790467e-16
8.023612940995588e-21
1.0028066002463015e-19
1.978423037269241e-14
3.4241844244333485e-20
2.3219402316927756e-15
8.427034044811706e-14
1.502219037622386e-17
1.4501100686640436e-18
3.261303876596878e-18
6.216180421010366e-22
2.8300093141590373e-15
2.51952233035315e-17
6.753596153660778e-13
4.3129854065875435e-21
1.290417946893241e-14
8.460820444302868e-20
1.987505062090534e-17
3.9457843411924074e-17
8.008178668899326e-13
9.740478845209333e-17
2.67593744800713e-16
4.3572346689057166e-15
1.8190214632692505e-16
4.3350929049336583e-16
1.269304420610812e-18
2.1312401907065403e-19
5.724621679412783e-20
2.7854970655289862e-15
5.405426649289201e-16
1.4014239779805852e-15
3.6358081690013426e-19
6.594159092884908e-19
1.1520894119857255e-13
1.656819764842876e-16
5.9897886107393815e-19
2.7957606726549474e-16
2.6408406936951813e-19
4.244700806936898e-20
3.653124781645147e-13
2.716855248618731e-20
4.754399777989142e-15
1.882414748632424e-14
3.648621559768183e-23
8.740899864370114e-22
3.237414715196301e-19
4.044820633034045e-17
4.348797931594508e-16
1.2433147736306415e-17
3.5727230424355875e-17
2.2465061829109585e-17
6.278853614402405e-19
6.161602286024192e-19
6.148961848823238e-17
5.0742816755380234e-15
1.9551209805255137e-16
4.000570828149174e-15
3.534719205638005e-19
1.1258754170825354e-19
2.4353923987050663e-20
2.659535758341343e-19
7.246317751298086e-15
1.6896446286181822e-14
2.5456907302642792e-14
2.7344414820104046e-18
2.441663613288452e-14
1.664145769492188e-21
2.794527236009265e-17
2.265343864449549e-18
7.405853085912847e-11
8.353084360300243e-23
1.605530467454208e-19
6.018410583179309e-23
2.6371338887719825e-14
1.4550512692414373e-16
3.321139641336295e-18
7.555713781879066e-19
7.047701779876253e-20
3.786960314899382e-19
8.663685597114461e-16
7.381937102829475e-20
9.259892608509482e-16
2.533457373927565e-18
6.828738519258873e-15
4.368144084407156e-16
1.5827514694709546e-15
6.586036066570917e-21
1.3253079428965342e-16
8.448651800785415e-21
1.1742190867632536e-15
2.3707048264093263e-11
1.2272696855324306e-19
5.0569722799893475e-20
2.2628799876090765e-25
1.1775737880873681e-14
1.309542418746679e-17
1.92103622478771e-16
1.0593288341668075e-24
2.761114709512866e-21
8.007839870998608e-13
2.895949885375362e-20
4.3048498619507874e-19
7.614493928012141e-19
1.1792856081912641e-17
3.985916729866048e-20
1.8348866263384638e-19
6.471801288208239e-19
4.119023803161106e-23
5.463897243986558e-20
1.2974884783677686e-12
9.559696691964444e-15
1.4886796999613117e-13
4.173327419431153e-17
4.46639697705858e-19
9.524733856437746e-17
1.141893070367531e-16
8.810476812086033e-21
4.6035285543526595e-15
2.7526971879460585e-23
3.8815917994992205e-15
1.240663512985566e-17
3.1611477654245864e-12
1.5764330094116088e-17
8.991222322510612e-19
3.675659744011479e-20
2.894413926703024e-12
2.478277723971986e-19
7.770707880062918e-19
1.7644323987316218e-19
4.896628959834994e-13
2.6743152119665953e-17
8.568042987662304e-14
7.404584010429168e-14
7.206651813005681e-14
6.874372158095748e-14
4.843394525412782e-22
6.310111117373109e-17
3.4709398884762657e-16
2.5382862758091634e-15
5.365784686120775e-21
6.208728765952993e-20
3.604200584703793e-15
3.155866746340763e-17
2.595985444680497e-16
1.2006072199921501e-16
2.770972093340807e-10
3.271213214809241e-12
4.613320524566607e-17
6.706365032414305e-20
2.4479945294550987e-19
3.605510478803565e-18
3.4963045340366785e-18
1.1707104034121267e-22
1.90776403129888e-16
7.355632609307215e-19
3.791942514778333e-14
9.331388230578218e-14
1.213397517968624e-15
3.550973805386202e-20
3.188871994223708e-18
1.1696098473484472e-16
1.1098401168444564e-14
5.135941295006268e-19
7.147089235675236e-15
1.1532742929805601e-20
5.346926341404778e-18
1.623679046822342e-16
2.85321627473507e-18
5.031505588322195e-21
1.1417019969136473e-17
1.8569761836879606e-12
1.2013576636675002e-16
4.813259623832934e-19
3.070975224574302e-23
2.973851435802504e-18
9.180117796880506e-18
4.2355818736729184e-20
2.0426085556492064e-18
7.656723953023906e-17
3.3294300378070735e-21
1.2249717420596385e-14
1.3129362785322462e-9
3.4956161016153803e-19
7.501606985678948e-18
6.649148161779803e-17
3.005439629600616e-16
1.005222194372786e-7
3.8604554031042946e-17
2.469858053561359e-16
1.546485098498009e-16
3.6400465976739484e-15
1.5790380355336497e-18
1.3683268589272618e-14
5.146282449154751e-19
2.3962622382415756e-19
1.4326615470772234e-18
6.028065485426164e-22
3.1438563040792936e-22
2.426020627179099e-16
2.2745513978549894e-9
2.0030513596345738e-16
7.126235720327595e-17
1.3371638601385022e-13
3.2962178493501047e-21
5.336818205945251e-24
3.76475771712456e-14
1.9215666458995273e-19
8.376130246014034e-16
2.27428747630936e-15
4.863163301195683e-21
1.4387659926340223e-18
4.654471821036454e-17
2.4810092502739025e-16
6.717837091498221e-17
1.1768938566352192e-13
4.224291968841811e-17
1.2912139685108419e-18
4.7753344469716733e-14
5.838345170111779e-18
7.937911894205058e-16
6.879008771109965e-21
1.3625946368552901e-17
4.678986602766562e-22
9.338743710197913e-15
1.681500818347543e-17
4.7526952630838565e-17
1.5680693437098186e-18
7.539188813430634e-17
2.3314082823096124e-12
4.251538086154126e-18
1.2141666503930868e-19
3.425125246490553e-20
2.0267052476846677e-18
8.993881255629702e-11
9.951590375903232e-16
1.418645395980529e-18
4.808047585045902e-18
3.666361762740104e-12
4.340435638892028e-16
4.4118295567083775e-17
1.2481056690696772e-16
8.485348352358714e-19
1.1064529948075488e-19
7.731975778938344e-22
8.46156953857842e-20
2.8500867664143464e-17
1.3097552031676875e-7
2.0938382881146055e-15
1.1251981139800196e-19
2.2037879545868302e-18
2.0233466759155447e-15
1.3405291038868573e-17
3.565376475592525e-16
2.489836189233561e-18
1.1186571171094398e-19
7.417486635384389e-15
5.850721148205507e-17
7.199480457149229e-20
1.0287800651851418e-14
3.524854086559175e-18
6.300174013635586e-19
4.8834142646325794e-17
8.004886311458103e-18
2.69301135233463e-18
2.9056773926850044e-15
7.785307391644261e-16
2.326717313141581e-20
1.0113912398509708e-21
1.018559426603331e-19
8.302454810086625e-17
3.887727046603543e-16
8.563174702873105e-21
5.1866480682635936e-21
3.444664521815554e-26
2.1797119909205755e-14
3.2624849380590284e-17
6.853023676321324e-18
3.48714181567334e-21
8.195788014643592e-17
1.6922701418858983e-13
4.1384657727665144e-21
1.1270857558294433e-11
5.726616163449464e-20
2.7898352633367735e-19
1.3560501259761506e-8
9.364405349908744e-18
1.3525165241401697e-19
3.523943529065922e-17
1.230495433752795e-15
7.161689569846176e-17
1.0172437211774655e-17
4.860913047500855e-13
2.607628561278716e-12
8.753805825984127e-15
2.038451859753728e-20
7.72068069686517e-19
2.5543660593177785e-15
3.3617383592298784e-14
1.5483311386577003e-19
5.2197096077696886e-14
2.388010900977952e-13
6.730831032123588e-20
5.435062503626475e-19
1.0414625462623845e-17
1.0003563822943799e-19
1.6637916352705938e-11
1.4345293300949557e-12
7.095294079172102e-16
1.0063098730376566e-19
3.453916737492783e-13
2.209857776643121e-18
4.216014514744032e-19
5.393339123309404e-19
5.1574894227243116e-17
1.7065967514749653e-8
1.1479430764504361e-18
8.528506643852094e-20
7.870753343848841e-22
2.1874485439586656e-18
1.527727719291601e-19
3.3870328925926464e-18
1.7601151495731052e-20
3.209869485864044e-13
2.1206311335785694e-19
6.64412812574762e-20
1.2965347466756907e-16
4.293061535830299e-24
4.399102171166674e-17
1.5200303380072055e-15
8.605563752329356e-17
2.0957268373831145e-14
1.828169581998483e-19
3.447375314791673e-19
2.9637397395882477e-22
3.3141641455216584e-18
8.321972653733976e-14
6.864554540881924e-15
3.893274917760505e-19
1.8002290600950655e-15
1.5461020415159547e-18
6.873679270733235e-18
6.092825490926347e-13
1.1913631840990388e-19
5.740089519942027e-25
5.389005055090081e-12
6.168948185149259e-18
8.235402934455083e-15
2.2041099140661763e-18
3.1757916141256044e-21
1.0561766004558148e-15
3.073383549074124e-20
2.1446039541574157e-16
1.1808898337492535e-17
1.657929209197485e-17
4.5577539166434407e-20
4.599413092456973e-13
5.684966537664821e-17
7.41364276733102e-16
3.495170725000296e-17
1.0588894231493679e-20
1.212063326629293e-16
8.923867161610373e-22
5.747731216578821e-19
3.776056992200085e-15
4.141372899322108e-18
2.0680732735235028e-12
1.2161651958441237e-14
1.1242163319525154e-17
1.125994879075118e-18
8.048079028452072e-20
1.2613571046287946e-14
5.881035159231475e-24
6.746158634258197e-21
2.1277757666521224e-15
3.45567891165295e-21
3.242653500356259e-22
8.065102087126432e-17
3.876886790756495e-15
2.1619357234650307e-15
1.810419092199187e-14
4.1448019630262987e-19
6.396988180215542e-23
5.987699725380241e-17
2.0985783682847882e-16
4.7474723463288e-19
9.672716687628343e-17
1.3416814182088335e-13
1.6710222764511438e-25
3.918038888359855e-21
2.1018832238956958e-17
2.7991812222748715e-17
4.0648862938280585e-20
3.7818537250320533e-17
1.5622684709448744e-17
1.2217172234758686e-13
2.845394741023752e-16
2.4200755509059003e-15
1.549032312185055e-21
4.350354252332623e-21
1.194133950324524e-20
1.9417175427625032e-19
4.015372094578871e-19
3.1419324516832907e-17
3.2407380371636916e-20
1.4665790867889928e-16
1.2392353676743515e-13
8.340014990013493e-18
4.3015654307702844e-16
2.805921092438307e-19
4.0035703149085046e-21
5.171845968800554e-18
5.5985402112747166e-14
1.1223464353436345e-21
6.342824847655927e-19
1.1043164030626798e-20
8.447397947178826e-15
9.352580423879163e-17
5.812144308397082e-19
1.4678850627856632e-18
3.567329064150489e-17
4.014889560207301e-19
3.913343801280497e-18
2.574571471585377e-14
2.287639625216294e-17
6.297019638461222e-20
3.831053221633154e-21
7.161451044963082e-15
3.106372198142454e-17
4.492986578877138e-15
1.4702925911105683e-16
6.389925022206089e-16
1.707717506256731e-13
3.346969137822456e-17
4.388760552044026e-22
2.104432515461219e-15
8.403511650122563e-14
1.4348216079636625e-18
2.4946553086770163e-19
1.1923343313902235e-21
4.714017297209172e-23
7.36227120777688e-19
3.999029888640598e-13
9.759033934088462e-19
4.679091271025134e-13
5.896982281837643e-14
1.776944368023442e-18
7.715025190360833e-16
4.753046640977507e-19
1.2437923421301484e-19
1.656556680157169e-16
1.3658490315380974e-18
2.151611504675302e-19
4.695906049574996e-24
2.933762109750577e-14
1.999543201902968e-24
4.78614477290981e-16
6.757930493988019e-22
2.6103384820696316e-16
1.6180483310425348e-18
2.1066333056397807e-15
1.9424309449791262e-17
8.9970854962016e-16
2.2298476658310584e-22
8.073096761542022e-17
5.140889181030854e-17
1.287943114862635e-15
1.288869824148514e-15
5.441966748534631e-19
1.2200014648842839e-17
8.384105713466028e-14
8.452937704251091e-16
1.833205067846919e-15
6.844948197330303e-15
1.2903074974593412e-23
1.8800891963770134e-12
4.620904719367464e-17
9.087672852772611e-15
4.728976162883448e-16
7.830683063913099e-15
1.643504830212738e-18
1.9558852571768677e-14
3.305233674687464e-18
2.8986861138294356e-23
9.238508817111078e-16
3.0409149470870853e-12
1.192620003877402e-18
1.9993699583023813e-19
2.3717198747959924e-18
2.1960413126420394e-15
5.195664291940309e-18
6.234234570725942e-16
4.402837012040125e-16
5.967638277597829e-18
1.1473661599094435e-17
1.8218884572514788e-17
2.381647401493798e-19
1.965146897753795e-15
1.5342418129992746e-17
4.577501547524635e-22
4.816558649411384e-20
2.0885450607588334e-19
3.352403800934757e-19
3.4708847805928014e-15
2.2067365464839922e-14
5.300932036445629e-12
1.6155912665971952e-24
4.3323784576341167e-16
5.616693922944105e-20
2.0994345670300916e-23
3.633804486539241e-25
1.769078245824547e-20
4.258369543704095e-20
8.532090141772894e-13
2.3215323130244144e-25
1.1323566977152783e-20
3.1836298653624106e-12
3.2122262805444546e-16
6.312974491156433e-17
4.787986442659154e-18
4.540196203795392e-20
3.406014948645724e-16
2.9188469864870764e-21
5.067483268919705e-20
8.51145973966219e-15
5.936007438569346e-17
6.990255891475617e-17
2.2019018581403685e-19
6.4276709165927754e-18
3.79623090669421e-18
3.437638039458689e-15
1.474776618184476e-13
2.7959456972516817e-11
7.150150501651587e-21
1.2013421419929216e-21
3.368464405204475e-18
3.1007252675618845e-17
7.688276111508423e-18
4.393892266295254e-17
8.723226645221197e-17
2.913054010331651e-16
1.5371509509927463e-17
1.2624305717860875e-16
4.895594393861155e-16
1.4094740078108736e-14
4.9105716124412616e-17
5.4286459752607706e-14
6.38893799054804e-21
1.0267792626423257e-12
1.966846631344418e-17
1.1482022747041308e-21
2.871256341642849e-17
2.6259457953127937e-16
3.3014078205668477e-19
1.7243263313240524e-15
7.691734106306359e-19
2.3531417137469535e-19
1.9593212381556654e-17
8.086851106884811e-17
5.273901745754035e-15
1.162703630378179e-16
2.4083422111775e-16
1.4574178389531643e-12
1.871437747990228e-19
4.3378553314171937e-16
5.020507159659484e-17
1.4592187340480275e-19
6.3318172495128845e-24
9.990191600334929e-12
1.36911224202416e-15
9.908416514705889e-20
7.63579047344837e-19
7.81135696558451e-20
1.653615725256475e-19
3.8613886286439706e-24
8.252079092332624e-21
2.6708499871586274e-14
7.296308962262793e-19
1.1887311451315058e-16
4.2676321570116977e-17
1.271033965962468e-13
3.792423116877297e-24
4.500429851169022e-14
2.3108710326633475e-19
1.2391514778825442e-24
2.379050110345766e-15
3.717434236516244e-20
3.476039571212128e-19
8.461776973671555e-11
1.392151662457612e-17
2.413826489171674e-20
8.249577542847449e-15
7.006282198622231e-18
1.3820784209014029e-17
3.7211742444545186e-11
5.107759800734173e-9
5.660077067011709e-18
5.961095108455452e-19
1.131073828714811e-19
1.5063480116505303e-16
1.7231940239342568e-15
3.432839008238347e-15
1.6681621214547163e-17
2.1464658399162113e-17
4.058579440708153e-17
9.634955753482752e-14
1.0877330037659305e-15
9.086108123457104e-17
5.396129757882556e-15
9.269661046594075e-19
5.455214384712862e-14
2.2654558637297162e-13
3.3013741141373264e-13
4.3774409545847464e-23
8.045910499802998e-13
2.201206069709994e-17
2.0686012020848676e-18
2.7244314819939695e-16
3.9241020459072483e-16
6.143422656419196e-20
3.0845493597029096e-15
4.139749892019428e-18
1.3728220457622492e-18
1.6336814400943317e-20
6.057675109228965e-13
7.997642329266484e-20
3.319334585426527e-19
1.5163716361695754e-20
3.4177822827370984e-25
4.1388856311706085e-15
6.635718993165303e-16
1.1955414135918575e-17
1.807511734808215e-17
1.0220816973482881e-17
1.844665599646473e-12
6.353958144919159e-13
1.5830492574511642e-21
2.2733722500986587e-18
7.902371527897983e-21
6.1207752299838115e-16
1.871056034271308e-17
1.3678764384434284e-13
7.678618182308567e-16
8.099377689180377e-21
7.710804549255155e-14
3.112736559764531e-17
4.8790250520119334e-23
6.834964809271803e-17
1.993687956769574e-13
1.0417637388348838e-18
6.38240697638661e-17
8.242159498194789e-20
8.505960349770352e-18
2.7242923012228196e-17
1.8193479391842939e-25
3.970489330935853e-12
9.382015922896527e-23
1.583086730276533e-13
4.094764442689991e-12
1.2453545846391234e-20
1.3283009092408311e-17
1.072396974267018e-19
1.0666948849361773e-18
4.480462914663032e-18
1.4809932642586151e-18
2.7290736247624793e-11
5.510766497409082e-16
5.711388947196924e-20
1.7593458801687092e-19
1.379530159380153e-16
1.5684843451885687e-15
5.375537610847144e-17
5.664894815579657e-15
5.561815812816402e-18
6.795532582072575e-24
1.1501991277563949e-20
4.607702727098331e-22
1.7864941732985098e-24
1.1927821008868388e-19
1.2661235285072923e-19
7.187429313852527e-17
9.607524247308242e-19
1.7700432224121828e-17
9.701458124770971e-20
9.44978035598508e-17
2.6027816482941662e-19
1.0459053776850875e-18
1.2981584423180639e-14
9.482378147127574e-20
5.790365998765437e-23
1.6312968138975562e-21
3.628985348331287e-21
2.9673491779815417e-18
3.427777086173309e-18
5.778364076011741e-17
1.6141699815652877e-18
2.0202012345132006e-20
1.3439070460377723e-19
5.528680080717208e-22
1.0491790868283096e-13
4.0630540972013286e-20
9.752284059733609e-17
1.691954580333465e-14
3.450105705068398e-21
1.985159204986152e-13
4.569889988673614e-18
7.373390092918427e-16
3.7637535314167323e-16
4.611808326917288e-23
2.322378626686697e-17
6.911242011987673e-23
6.507164004549873e-19
2.605635966225855e-19
2.6102665487480284e-17
6.898877012398453e-24
4.527114107388937e-18
2.314201537686923e-12
3.348757109143878e-18
9.54997586878711e-16
2.286481799536956e-16
1.1275549476714158e-17
2.1268558446138122e-20
2.5427031345415933e-23
8.284893224224544e-20
5.3958666554054614e-11
2.4006535188646565e-22
8.389974941461522e-20
1.5583432914253277e-15
4.227904714429259e-20
1.0704005245240683e-16
4.207254340224256e-20
4.931555963547024e-23
3.1924143486188718e-22
3.0241470795823658e-15
4.5068794322752184e-13
5.828513045253586e-18
1.3152172772116739e-16
3.4756030846088547e-22
7.974486906308487e-18
2.8031048815916845e-16
5.345585534951732e-13
5.610963680993462e-16
2.8342611629249255e-16
6.032890339993316e-26
1.3820459381597736e-14
3.422149978327302e-20
3.0661169488849766e-15
5.777288330820712e-18
1.5300861452457934e-15
2.3075959320255194e-18
2.312977573282541e-23
2.5651038607200427e-20
1.419391570336806e-22
4.4309995876199074e-12
3.234296707328014e-20
9.00042533329738e-16
2.1033055554208567e-19
1.8649565587155198e-19
4.588006820958045e-16
3.2042235743227127e-16
1.0932930948514866e-20
1.9650597694905385e-20
2.9061129337385244e-18
9.360839453289076e-16
1.3131396199548093e-21
7.889406791073866e-24
4.3182380958648473e-20
5.372840921678651e-18
1.0915318660758328e-21
1.2108010597193152e-20
1.1879033802566056e-18
5.047199402079241e-20
1.5184175443940466e-12
4.719228120782023e-18
6.95781163655703e-18
7.46530152801552e-19
1.1618710322418013e-11
5.895927634106205e-12
1.7372164224474795e-19
1.054690334866421e-15
1.2696023914717464e-23
1.2058881163623253e-16
6.806483788044452e-19
2.0650010051838816e-8
1.2566277271253348e-19
3.007380829821495e-24
2.306029674553867e-18
1.2667575188368814e-18
9.020815597300064e-15
1.4842196394471004e-19
2.381516956635929e-15
2.3245527657435545e-14
8.550893834783489e-23
9.517267428039248e-23
1.148948596863976e-19
1.1053240763386635e-21
8.879437782842037e-21
3.7035312098662174e-20
9.028614480684678e-15
2.5870090101616807e-17
1.0657621291796225e-25
7.484938698481578e-17
4.022374167369085e-26
3.0666091530981973e-18
2.6944251333333815e-16
5.208029759086179e-19
5.12055655351417e-17
1.6150761289220092e-19
1.7534709951182632e-11
5.071283142847606e-19
8.357836085988818e-18
1.0534954106885056e-20
8.084496561422452e-24
2.5630517259294113e-15
1.056540744368384e-17
5.383908383034266e-17
1.5552565041985078e-12
6.381272460179345e-18
6.529747617733478e-18
2.144411935651511e-20
1.0906011257377723e-17
4.239362485672856e-15
2.463380446108992e-13
8.141962194839361e-20
1.7915026007845832e-17
6.58167270862495e-20
4.37454430293434e-11
3.2826143297345787e-18
2.3890300996581464e-14
8.091380809592972e-17
9.663777249206863e-24
9.545484361370297e-22
4.175119866159791e-15
8.279052981708021e-16
1.2291812536068628e-19
7.8654256637224e-22
2.8267884532887823e-20
8.271658652863065e-22
2.3783109501187623e-14
6.11696358911103e-19
4.5915466323328946e-17
5.499981116476619e-17
7.740379595721906e-24
1.2030860129554852e-15
4.223587031807506e-20
2.03239669235265e-19
2.5170836119299108e-17
2.350926463246308e-24
6.673973746917813e-16
9.499530407776117e-19
3.111379967714034e-20
2.715910676441997e-19
6.845144240556787e-18
2.4874695400394844e-19
8.606292604817848e-16
1.4597075992847362e-24
4.4891547442554006e-26
5.485225477677615e-16
3.8412227120993e-23
4.2246985219355985e-17
4.427650662656489e-15
3.322176963250805e-19
3.416256844386124e-17
3.102050069702419e-19
6.2899258172234115e-25
8.575437279271982e-23
1.7366190872546157e-20
5.378508112258526e-17
6.285564902610248e-19
1.0331424539682786e-23
7.930271965454328e-17
1.0158740860041948e-19
3.738401511233504e-19
2.977956756243849e-12
5.954693731067392e-17
1.2535546950025067e-21
3.397510227082101e-24
9.183291926631754e-24
2.575035535615411e-16
1.9082856323238333e-14
1.018447873040382e-15
1.686484094322004e-17
2.8693035569791663e-18
1.725301454976635e-17
2.024837127904661e-22
3.478692943180967e-24
3.0814153270403674e-17
3.843586406737609e-14
1.1053524750734835e-20
5.32024935105583e-16
7.124970730360858e-22
8.4189779163559e-13
1.2166864955414884e-24
3.602845230214293e-19
7.339307456530149e-17
6.377170284359944e-19
2.6993405619103757e-16
8.349074496873363e-12
5.2102409395663345e-17
9.49999347462001e-24
6.427458770264223e-13
5.780545849227808e-17
7.988522266285092e-19
4.2275010409484367e-13
4.0094426574214263e-20
5.357746791257679e-16
2.687635903008083e-15
1.1057653182110493e-24
1.0421690513808321e-24
6.674216920844147e-22
4.242337335548044e-22
7.541545459571898e-16
1.6047289011503175e-8
3.7859913899446185e-18
1.9445753974905887e-15
7.53445093183255e-17
8.823684760674332e-23
8.726190216318511e-14
3.2169272094306113e-15
1.1214388988757509e-17
1.447765278668947e-19
3.928788847713408e-17
9.251076690843654e-21
3.182733781333314e-14
1.5261208952154155e-15
3.0381862530480594e-19
1.2586216145662903e-13
1.462176911418077e-19
7.360639664939342e-22
1.5610514260704213e-18
2.0397946259543516e-19
1.2790449104341195e-17
1.0457710191076406e-22
2.3159971629353012e-18
7.130159931766192e-24
1.0091136413252377e-15
5.2824067032629934e-20
2.007359755472128e-17
1.3124950806468346e-17
7.378754356992292e-18
6.910990897809971e-19
3.106641272197434e-17
4.454329723214179e-17
1.7315280997958649e-13
1.5032732580987025e-18
1.0006985621525592e-17
2.248912330857174e-20
2.4016308553666713e-20
9.400500807932935e-16
4.619234530598885e-18
2.010336672856418e-21
2.6903092387078138e-15
1.1517924731514776e-23
6.670913115878401e-22
1.2555249763621115e-18
1.2151169711906424e-15
1.4957223945630813e-22
4.5021444262130583e-20
1.3058275387523445e-17
1.0650415096028013e-22
1.1718809605953354e-20
1.6134068202912505e-22
3.444865512201058e-16
2.9080647145287216e-15
3.0861578166193008e-18
3.198697632712618e-17
8.185496936439494e-18
8.547326260109575e-15
2.1523224719163548e-13
3.8607048594723353e-20
9.931158296821856e-20
3.6681520135409036e-18
7.100328466968924e-23
6.3147974768971055e-12
3.597444777501754e-20
8.369536862929198e-13
5.2660714460509135e-17
2.4995465198451032e-23
5.00791622731587e-18
2.8215883343342934e-20
1.559367066547322e-21
6.440436239714837e-19
1.1810817313732246e-18
3.272523860569515e-17
1.5321139954364249e-21
7.325247269215916e-23
1.2107676055041569e-12
2.487735098354253e-17
5.947910365651624e-17
2.5637057091509583e-17
8.362420357911495e-21
1.638836118540188e-18
5.963959786100309e-17
5.109353825166049e-20
3.0030400873340414e-17
1.7641990693605158e-22
3.5165321110888024e-21
9.723964990925901e-15
8.438675483042832e-19
4.910025241012706e-16
5.559179647645041e-16
1.846617987720929e-17
6.593749940501237e-18
8.240535518359437e-16
4.0122911727621995e-18
1.259599311684409e-13
3.0334845774532043e-16
6.3727085438089234e-21
4.6804750310564404e-24
1.955440457380494e-19
1.8234229663211615e-23
3.409406740536504e-23
1.1576570610606541e-14
1.3027759057199089e-19
1.1252652541091092e-18
2.1566262227537396e-17
4.439548218106517e-13
5.653829720996048e-22
1.6898310537914652e-18
1.7210935078237097e-16
9.162240926395124e-20
1.0274112747837437e-14
5.8985991931403415e-21
1.626749302568609e-18
2.7993670227221927e-20
2.341600260113027e-18
5.134602273815223e-17
1.1826660628593163e-15
7.879375234291774e-20
1.4090298895600013e-19
7.422169237050352e-15
1.511321997422589e-21
4.1713923304952263e-16
1.000414479071862e-23
7.789545857449779e-19
5.376295832225432e-22
2.333666641341845e-18
1.1414424012895672e-23
1.398719468400715e-19
6.123014350177787e-21
1.4562681656267086e-15
1.3879654834374989e-19
4.050137600219852e-21
2.197261705498973e-14
1.0464140025063551e-13
2.034442555384742e-18
1.97935182991936e-12
3.4532086869159826e-17
9.982282477285921e-24
1.1374766032623076e-20
9.005814078812824e-16
1.5872219479590246e-23
8.834204020984176e-19
2.445593143594734e-14
3.5619043308031576e-19
5.06369339721521e-18
1.0731458831611379e-15
1.254584532601211e-18
1.148678794843778e-19
9.202483341732945e-21
3.366343207932626e-17
2.9670960508855002e-18
1.0069826458109045e-24
4.975078874132976e-17
5.490277738254293e-12
8.727066253714025e-18
1.6741408525937145e-17
2.821603258812982e-16
1.3216775181188072e-16
7.286978418934902e-23
4.858232613078796e-16
3.8156167715796907e-17
2.236878086860704e-15
1.1546404676653155e-15
1.0233241616695486e-16
1.892324145098349e-15
9.09329374762562e-21
4.398565135422396e-15
4.195752409004638e-19
3.814905530709837e-15
2.283376068932984e-12
2.6658434351255352e-14
3.1098565036998024e-23
5.544401934180141e-22
1.321291036853475e-17
1.555228623049383e-16
2.126570711140866e-18
1.0334207088756198e-16
5.818735690004712e-22
3.433239294351894e-20
1.367486607889297e-16
1.680979426722983e-20
3.898558052092047e-20
2.914963385161799e-14
1.993115712905462e-15
5.112291737443143e-13
5.885249595660817e-14
5.454064356532387e-20
2.2309951776586575e-20
1.5794832603258785e-10
7.232086621889912e-20
3.3067124450190352e-21
1.3673059470434047e-14
4.343547608578965e-21
6.326449842171444e-16
8.137632041480101e-15
4.013540619828669e-12
1.371464180825007e-18
2.55951379160519e-13
1.732446322704612e-17
5.647788748949947e-16
1.7810872097465284e-16
2.262106797131176e-16
2.8090290969061834e-15
1.417598491228676e-12
1.3371761733572611e-20
1.559184889560959e-21
3.2752062136777457e-24
3.0941471146239286e-17
9.104367075777302e-18
1.7432231947437226e-17
3.504288636935153e-17
5.3389176442423806e-17
3.3780679687513335e-17
8.290895812845984e-18
9.334529986395977e-19
1.3837221493247673e-21
4.121435843468466e-20
1.3777595749351646e-21
2.868112155023513e-18
1.4014213746660134e-16
9.752760943826249e-18
1.348699447610392e-17
1.0577326357537207e-18
2.2840727122732964e-22
2.5276428286370015e-21
1.5795439517399658e-15
4.3851088606626165e-15
3.3196063587954915e-26
5.819891658761343e-19
2.7074865759121074e-15
4.771941564635955e-24
1.5114342165171414e-17
1.2380181823246649e-15
3.2830462306402584e-14
6.905311975019065e-14
2.994360027266646e-24
4.942799229658545e-26
6.451868278015358e-20
1.1433500536122907e-18
1.7135278427716137e-17
1.1894475619030736e-15
4.124971104608792e-18
3.982899374489169e-24
1.961248002014373e-17
1.658716817511043e-21
4.532505408822237e-18
1.2926409610553333e-19
2.3727300182041086e-14
1.8826471218104816e-15
1.0965697918318858e-20
1.5400924377319604e-19
7.36810694960156e-20
2.0853664606207513e-21
1.242933709138061e-19
2.817910383237334e-19
3.556270880700332e-18
7.963525092689155e-23
4.814446925185709e-14
8.748632418612067e-16
6.333880086263041e-15
5.392580447122825e-22
2.0456043803702595e-19
1.9922858853782692e-22
7.457643183618367e-17
6.830298190067764e-16
2.4368111305077925e-22
2.355437662985743e-16
7.350147667325014e-18
6.715403606542871e-19
3.5935011970392976e-20
2.8986191465031757e-19
3.9961077943745965e-14
1.8034028746714767e-18
3.887898879828454e-17
1.5656631882038675e-16
2.5991582087744576e-18
2.997802424447693e-19
6.49618957704647e-26
3.3259397108410013e-18
1.4639965382101785e-19
5.48021035886348e-23
1.3922080200782306e-20
4.467419982100476e-19
1.6919963556249343e-21
4.880454950697237e-22
1.4825137652330698e-19
3.1989515493641716e-18
2.087947110602013e-13
3.2887132387116303e-22
2.596323463225393e-13
6.575781226990237e-11
3.4109903666713996e-18
8.094393681524021e-23
5.529637879037347e-17
2.533141841967263e-20
8.722611517359084e-19
2.180931143650822e-15
1.833204569890298e-17
2.3424365006168076e-19
6.68490945816608e-16
1.8854359283681947e-15
1.835141201278088e-19
4.2744798387686234e-18
9.697407436781042e-25
1.2805613502255707e-17
2.6702063097687154e-17
1.3558901505211214e-18
4.038047712343193e-21
1.5166410587097981e-18
3.5681988542158706e-16
9.676541151838024e-24
5.244885471444698e-21
1.4561696772584987e-20
5.963642834040459e-16
5.880960299192773e-21
3.237945349946702e-15
9.500520506779256e-19
8.679010214855866e-22
1.5893093503084429e-24
2.4663637413014654e-20
2.937221507205443e-10
4.388976048933884e-14
5.890376010322124e-19
5.955971909810601e-20
8.292030647248098e-21
3.044417792488917e-12
7.369059546565693e-18
2.5647595698869884e-20
1.784798343311708e-17
2.935172737846444e-16
3.7186673041148567e-20
5.9067284228901665e-21
5.79153045255677e-16
5.5681711745513046e-12
3.041394238767515e-14
5.844074917066589e-20
6.41023359687142e-21
8.43445640349147e-14
6.551504929229333e-22
3.0011964076252725e-19
5.768009746973619e-11
9.169161426339703e-15
2.602292196116182e-17
2.0821140974262748e-16
5.59837567473126e-20
3.286665085685401e-13
1.4733001446974186e-17
2.1585999323790254e-20
2.6972777592549985e-16
4.8108397212768065e-17
1.8090103841067094e-16
3.4527841953028465e-19
3.463326267221387e-20
1.5082859505374377e-10
6.934832711817407e-13
1.6651975920454314e-16
1.4018120547574482e-18
4.949332026258261e-13
5.75587133162757e-19
1.4973781956627103e-16
4.464774525619267e-19
2.6689311707594963e-19
2.6084376458314948e-15
1.6359257206799332e-12
2.0943743692849182e-16
8.49145445189064e-23
6.183115334518586e-19
3.1664986080653574e-20
5.312445494523239e-20
1.0163763282702765e-17
1.978123664140714e-18
2.419490674687829e-16
2.4583733542996316e-17
6.685496517841707e-20
1.852554336877422e-17
1.56447169136717e-13
1.512171122687407e-18
6.065611210207276e-20
7.348528705286397e-25
3.7805627619021333e-17
4.0957001042194815e-18
1.4974904004307233e-17
3.795859165324406e-17
2.69817191100567e-19
2.179822190215646e-24
4.795871179024286e-20
3.680175375785489e-15
9.923551775830118e-18
2.4499571129400378e-20
1.2741224682836716e-15
1.3696922554012868e-17
2.460908381455443e-16
4.368745392598454e-19
4.735572550437576e-20
1.8924364667395454e-20
1.0272610782424838e-23
3.594368027398688e-15
1.5549198478216991e-21
4.249341782771833e-18
9.206251828537358e-24
1.9443190256800665e-18
4.606500368413412e-18
4.75785229439338e-16
3.0693597472534185e-19
8.324359576523729e-19
1.7250975441048393e-24
6.845605175226141e-20
3.069519008510669e-22
2.0238774757819772e-17
3.493952609024592e-18
3.4211168528585863e-18
1.727546205995283e-15
6.936049953705297e-15
1.0568463821053089e-23
5.305292602901557e-12
1.4825467628497017e-20
1.51984585165748e-18
2.1934794934560956e-21
4.031614340670467e-20
6.647179065398003e-18
6.133917731295804e-17
3.720736173129869e-21
1.6101667676781253e-12
4.139015713778772e-19
6.034991118262059e-13
3.151245687072316e-19
1.6108215453098038e-20
8.400059036550756e-16
7.104026523329649e-16
2.267153875017165e-16
2.4522957199102056e-20
9.24364954990925e-18
7.230961826712804e-13
6.39813516737775e-14
1.2940225271851441e-22
5.799108450789934e-18
1.2063725024227436e-15
4.275533841939483e-18
2.2235279296924444e-18
1.6141402588406951e-15
7.873641553880801e-23
2.9088512649724727e-16
5.561082118249208e-14
5.591064813981192e-23
4.7305392670036025e-15
1.7405660907254552e-20
4.269159411391941e-16
1.0968655881794507e-13
3.164913140245401e-21
1.8924007855731375e-16
1.5550024441420157e-18
3.686046107049824e-17
6.304700979787527e-25
3.810944459663258e-14
5.561859171060525e-18
1.098501717532012e-25
1.385708555930774e-17
1.440819805154982e-16
4.792637584292183e-17
2.7965985415946427e-18
1.992687059428105e-26
6.9000739648814844e-18
2.2052106746495923e-14
2.372316060777897e-22
5.792049117007484e-24
5.714760020669416e-17
8.717737726805639e-15
1.0697935885985522e-17
1.362131664842889e-19
5.919138571822588e-19
3.439033798819337e-19
1.5058648952048583e-16
6.973777911584225e-17
3.398606909132839e-14
1.1346142092428978e-17
1.693306147195471e-20
3.7804319997440144e-19
2.2846045733611556e-14
4.719663995906135e-16
2.769404883104775e-19
1.3420468456540842e-15
6.372091755475861e-25
2.908075282922289e-17
1.3781905584757584e-18
1.4217907549997105e-20
2.334404839883201e-23
1.8356923317977475e-17
5.655858251958553e-23
9.05506990935808e-17
1.8233440668138995e-15
2.275832699435581e-19
1.8077813780501122e-21
4.575452286197103e-19
1.818805114380202e-10
9.652067905094818e-19
3.1314799366567603e-17
2.9931695505153346e-18
1.4511682262778703e-17
1.8942462005555737e-14
1.573092354847864e-18
1.4061818117413858e-24
1.5710581120002776e-10
1.803905705338087e-21
3.363414701466883e-19
1.1597584023698857e-14
5.270607895141595e-16
1.2616488568474733e-11
6.93908296617353e-24
1.6591325800770025e-17
1.2172320544837468e-17
2.7790048557216676e-25
2.744892993498345e-17
7.557643039375142e-17
2.4821918601230782e-17
4.351897228942646e-23
4.159868762322987e-17
1.8889774219363096e-22
7.981771647395914e-17
5.1941841105600605e-19
1.1655853485354398e-21
1.9790112514840791e-22
4.729506417482484e-24
8.035971049814014e-24
1.1589835025971597e-22
3.683929903141066e-14
3.332317271666914e-17
8.435354798208465e-17
2.383185906477993e-14
3.9558886049088226e-15
1.581815154421704e-18
1.8393780456560545e-19
3.5067669336049684e-18
1.665851299908427e-10
1.4936358386753711e-15
3.7873609788611376e-21
2.0451347696218535e-23
7.442380072833168e-19
1.0832329759608624e-17
9.408029824370708e-21
6.380309271618914e-25
7.060226205746881e-20
4.9887987758667116e-15
3.253419790242926e-14
6.060755561205262e-20
3.023640254502696e-17
1.7393605438109912e-20
3.301927802653261e-11
1.4200972774421116e-20
1.297914017318855e-15
1.969213661017501e-21
3.4348818409849193e-18
6.253591777360699e-20
4.620781873426553e-15
3.4853635985947596e-18
8.179043555164156e-16
6.617494421494854e-20
5.047514854922495e-17
4.534468157786999e-19
1.712329000409628e-26
2.733547219921327e-24
2.0303916586709077e-17
7.412977671295276e-19
9.23189286663506e-22
6.998729298613116e-21
1.4218341544319926e-17
1.9493693666220049e-13
1.0872374351429273e-21
4.552691367346568e-18
1.4462580814936705e-25
3.7857509723793167e-19
1.4444044154761432e-21
2.5542881674634636e-17
2.32579375028868e-19
2.9213917530407696e-25
1.180541911347248e-22
3.6528059280970836e-19
2.5218550126151775e-18
8.971100553801575e-16
1.0104831647207706e-14
1.9372310812991032e-16
2.742236753392577e-18
1.381357187719969e-13
3.319820864917433e-16
8.352858747146394e-19
4.5069161235615965e-20
1.636509634765196e-19
3.0253565490712553e-18
2.328148504724095e-17
3.239240830961712e-20
3.947178445620743e-15
6.837256747340529e-17
1.3565340661454716e-18
1.2662393788408886e-17
3.921726578501808e-18
5.104777183420601e-18
3.6234077373367184e-22
2.123920173513446e-17
1.1849705855417214e-23
8.935542193317467e-14
1.6314231873022257e-16
1.0364500848607103e-17
1.234538118555253e-24
8.97229271953446e-21
2.668607973893007e-22
2.5015607825079e-18
4.159479064627303e-14
5.685291703683528e-21
1.4657235599310933e-19
4.557920214060768e-20
1.4461560809459796e-17
1.860679567104572e-22
5.816657265042901e-16
7.823623202130457e-15
8.83188453098051e-21
5.1634634505497305e-14
6.02564404257921e-24
1.3850791134051238e-16
1.957117720603311e-13
1.426724611105446e-16
9.05239065102386e-25
6.3711125722531986e-24
9.1103387654688e-23
5.9311955560889834e-21
2.253869971569319e-19
2.3860287123595944e-11
3.323874464542276e-17
1.3394383553088973e-19
2.3585756496242655e-20
2.9950898217875952e-19
2.4167192909171106e-16
1.7003515635427053e-19
2.283006746165628e-20
2.1482221320040846e-15
9.519963040268226e-21
7.593894585835969e-16
1.605409350617178e-23
2.4924603677986152e-23
4.696239680482565e-22
6.784550240380993e-23
6.372752944819612e-16
7.113799409876289e-13
2.1093284471157462e-17
9.364370664315448e-23
1.719159932109204e-18
4.195909390622551e-15
3.928657444597114e-12
9.287947429552232e-19
2.0730115783969623e-20
1.322893997877338e-15
2.3542660929448613e-24
5.368604611555519e-17
5.471557262811332e-16
2.408702355151051e-15
2.7471550975988166e-21
1.789795856163792e-20
8.618905028136599e-17
1.1195286148658406e-18
7.795008765378305e-22
1.0530991035349076e-20
9.15386313618035e-17
4.981872351053524e-21
3.335534595282368e-16
2.243151365522402e-17
8.597728689877316e-17
1.5278824386364288e-18
5.250536933721075e-15
4.1574680665483235e-18
2.3453136677154665e-17
4.963842559271796e-19
1.7264857788316174e-17
2.7121040982767037e-19
6.837046182639131e-19
1.1377257657998807e-21
6.996283256549498e-21
7.61444775154e-13
9.135267780625022e-23
4.457987116439014e-13
2.4142410657409396e-19
1.9800103137138323e-18
3.7912030823755964e-23
1.6846035826124143e-19
3.8570069629237647e-19
3.2179399500686683e-23
5.103965629439035e-18
1.1298828464711367e-18
3.6553558727895435e-16
1.259662057155445e-19
3.750578655906306e-23
1.2042490814030303e-21
1.8390924449968775e-17
1.2587712968318442e-16
1.4396049597327125e-18
2.988321135699518e-16
3.2361862198253443e-20
1.4952199396295143e-17
7.810541088808446e-19
2.308232253785525e-12
8.94030128086233e-15
4.304246473986802e-18
9.969731133172383e-19
9.417242017922816e-19
6.4316397595948674e-18
1.6314704804668625e-13
9.229588413938834e-16
4.479775967619104e-16
3.5736738670868e-16
6.076201860412395e-21
4.6358939674071337e-20
2.1132852170426044e-17
2.2478074200502857e-16
3.2153723606234068e-15
4.732674023070668e-16
2.286640283151776e-23
6.267566535028491e-22
6.949826884840697e-17
1.6050568156932226e-17
2.727847005119635e-16
8.002568117882258e-17
1.4559371176350166e-20
2.960230736849208e-12
2.0305897029165635e-16
5.510369439940525e-17
2.673421423250621e-18
8.331500632539041e-15
2.2488315237644056e-16
1.3986371471700923e-19
5.065544680591903e-19
4.930524248805459e-17
1.0727819159765459e-19
1.9062454111523663e-17
6.744849536593893e-22
3.065431477112665e-24
7.115026374219802e-14
1.2705849885059616e-14
1.7669861259670575e-15
9.333098128136377e-11
3.419823361041614e-14
1.271584009616328e-18
1.0062293885154826e-19
1.1242637990513221e-17
5.880375094434305e-14
2.81357504171185e-25
9.989732477196745e-18
6.138363873142072e-17
2.3212197749380645e-17
4.013173128034993e-18
1.2263601168508408e-18
2.0708091119924796e-22
1.5231198541101306e-19
4.2276728699687554e-19
6.253093732130471e-15
9.219322933653776e-26
4.0946602218968924e-16
6.944344404905677e-17
4.705038205357628e-15
1.490115357921041e-22
1.349833571701817e-21
1.393004098925822e-17
1.2949985957491386e-16
4.62726746108016e-14
4.281351646574163e-21
3.720569247829933e-24
1.3275520785212127e-19
8.279398867869063e-16
1.3187376912656157e-16
1.4587651542685135e-21
2.6760237839000164e-22
1.7243574938749905e-20
1.460990931771311e-17
1.300512238746463e-23
2.251241941992093e-20
3.225213713885274e-18
3.537240550402962e-20
1.2252471637125583e-17
4.857664819669876e-16
4.020373813477029e-20
2.0161206335681317e-21
9.979053658625859e-23
4.891728833274098e-19
3.585997057822091e-23
2.0740424257349923e-22
4.759070245810552e-20
1.4843660052011747e-19
1.149259012378588e-21
3.8774242315010746e-21
4.68099466277537e-19
1.2434516141181765e-19
7.514131497730918e-19
2.411970501118035e-21
9.32704838824989e-18
6.438762424221357e-19
1.68869433512599e-15
2.1673789474272732e-16
6.7868114946352194e-18
1.3092042725628938e-25
1.5393469314798978e-20
9.797173574056657e-19
7.645024216263659e-18
1.2317743072361025e-19
4.2381567658575567e-14
2.7087037127148402e-20
2.5514173234868218e-26
6.886563732772192e-24
6.385515460923408e-12
4.586752855178801e-21
1.0061612123659278e-19
1.427779969946333e-17
1.4944369162271975e-18
7.029148798348947e-15
8.8080102308944e-17
1.6043496544763245e-17
7.334577689413054e-19
4.414177479379458e-17
7.055922782473324e-15
1.9053946493177555e-20
1.1698242973190285e-17
6.546511626060148e-14
2.1756450594943077e-15
1.728784156656545e-19
1.140380250660873e-22
3.757385507509731e-12
8.893162516722066e-18
7.791930034188273e-25
2.1794505918611645e-20
3.1297755789213795e-19
8.841760566485348e-25
2.810327753299961e-16
7.99131717305217e-18
1.3997834742125224e-16
2.3158979366837604e-20
2.669785620019996e-16
2.0879174069723926e-20
1.4112408131500827e-18
7.664485288555576e-18
3.000259659559378e-21
6.501232721363731e-19
6.545907834895392e-22
8.272513935203639e-19
1.121362033478514e-19
4.0995384730070793e-16
1.0065199996522509e-22
1.2949246081594223e-19
2.2559622443094745e-17
4.319921583605472e-15
4.038770427956172e-18
1.3317820834420539e-17
2.211212718411941e-25
3.052166387566146e-18
4.1335939898836945e-21
2.654886002529154e-18
1.7555638550485927e-14
4.508381852887454e-24
1.6713039512218898e-15
1.2918971321672864e-18
4.395773834504568e-23
1.1543628601242925e-16
5.393649195647166e-20
1.1209501879358921e-14
2.6853544479899767e-18
1.3200825747543323e-19
5.307940904738605e-18
1.0439783142117375e-16
1.6779304060282064e-25
5.858278266732514e-25
2.940630700085413e-14
3.469294826474613e-27
5.67317445616921e-12
3.9271541448253346e-16
5.304970895299054e-16
5.234794378092427e-22
3.032621606265579e-25
8.319951848194758e-23
2.997187237397974e-22
2.4626665872738326e-18
1.7945406975334086e-20
1.7629969870749598e-19
1.1855751872630194e-15
5.547739006584354e-20
2.9572456458306266e-19
6.792775513922809e-25
3.2517962979434167e-19
1.2196268067556622e-23
1.0647201379100629e-18
8.5899902886258e-22
3.640042285406164e-17
1.1195388502551226e-13
3.3078441379771936e-19
1.3199396618399302e-20
1.2653602299324716e-15
6.149821685990147e-20
1.1456926378075683e-12
2.3264555090903254e-23
3.2036969675905294e-20
1.9002026733513873e-12
1.892283267311837e-17
3.222836800972387e-18
2.1164993545899558e-17
2.358053069552419e-16
1.740516361552538e-18
1.5346088780036788e-18
6.624415874753019e-21
1.567249498589797e-23
5.460852733590249e-12
8.396435918382188e-20
6.2588539613057745e-24
6.609636986269441e-21
9.78937477079417e-19
4.584396699181872e-15
2.1126545305277335e-18
7.670409400224335e-20
6.51573605089835e-22
9.782275656846796e-20
6.149756681246184e-25
2.9565021902143584e-16
6.437228351048956e-23
1.2368212469141244e-19
5.05418630942046e-20
1.1962393222188106e-20
2.0234614866298065e-20
5.813519563806615e-20
1.634773286356513e-20
1.5693104579114918e-13
1.3304064112105123e-18
2.2626831215548795e-20
2.9435452184712977e-10
2.9412941514644014e-23
1.6035109600102435e-25
5.564098174144056e-17
4.99482704759997e-16
4.0420481736254645e-24
9.127069537532184e-23
6.789526991662942e-20
3.957793751907633e-15
