1.1274969833980806e-19
1.463547236271969e-19
4.331482062997905e-22
4.942083217916019e-19
5.851619452196254e-19
4.4474461168191466e-21
8.935891558853747e-21
2.199003975318737e-18
5.0976217242071845e-21
9.264329234142466e-20
2.220027123546478e-20
7.035417584968455e-19
1.2600602004432099e-20
1.199028445860027e-19
9.349573128513738e-19
2.256525899515238e-20
1.2762370417928454e-20
1.1252991889577481e-19
3.5199196356630775e-22
1.8217809749834552e-19
3.1789226815586634e-18
9.353014467280585e-21
2.5874609964037725e-20
1.1080271985864154e-22
8.069629946797865e-21
1.1577126333306976e-20
2.4414159839687836e-21
2.670282595806822e-19
4.042298822305875e-22
1.2001249584580758e-19
6.36270551014597e-22
3.4806452275072927e-20
3.330926390982443e-20
2.291086685155431e-20
5.446434104463215e-20
6.417377085394396e-20
3.9488992049491086e-24
8.04052916198758e-20
1.0925289752164213e-19
4.507131829018149e-23
1.8742279693493668e-22
1.4780086259319095e-21
8.024130237766371e-21
1.6162732301093466e-19
3.271888389111863e-20
4.294641453800322e-19
4.2958656976759715e-19
5.622670574925796e-19
2.7883039720351323e-21
2.949959140108163e-21
9.715387010012175e-19
4.09936663535488e-22
3.031037732978335e-20
4.67069107856553e-19
5.419620557530791e-22
1.67960143940733e-20
9.74151826060014e-21
6.566358738437909e-21
7.896064017672934e-21
6.146280153311961e-22
1.037841390589908e-21
1.7738152966630835e-20
5.536931120916662e-22
1.7097659540554644e-21
3.3580166773655547e-22
1.8689821958666672e-19
9.591379581650565e-21
5.263487225564379e-19
1.7704185100095831e-19
6.566399797527819e-21
1.8373960687263126e-19
4.440777739340504e-21
1.9030616384525506e-21
5.0053087219339755e-21
3.494868271712641e-23
1.4385288611936912e-20
6.098320431626521e-20
1.613432320832027e-18
1.6631240687021902e-21
8.987004747271522e-20
2.445664553914837e-19
1.102187392070813e-19
6.379165853736092e-21
6.324922071904137e-23
5.681302875869394e-19
1.5168844997590194e-20
4.7586570741691525e-20
6.975146032737427e-22
6.731053546107437e-20
5.721421883758808e-20
1.703794939490308e-21
1.5837459238606155e-18
5.157467016197937e-20
6.418301754707047e-19
1.7414544335751285e-21
7.488564141540214e-20
1.2152048459822377e-20
2.2846051035262438e-17
6.449571178086791e-20
3.0234500720923505e-20
2.0875395096242316e-21
3.360391359567025e-19
1.3158251450837288e-22
2.595180079292879e-20
7.967972243420103e-23
1.693278133260967e-18
3.311493045416194e-19
1.8243299880992865e-19
3.638776111588061e-21
1.0670781505540145e-20
1.0084470566029657e-19
4.612450618992714e-20
3.621282586988549e-21
5.272184954067337e-19
8.704478739898118e-21
1.0314377994046128e-20
8.34983305854113e-23
5.172951205550329e-20
6.869264165513441e-21
3.1182695697681132e-21
3.1204304967680033e-21
8.429499632339737e-20
3.3407782541403532e-21
2.666052379019768e-19
1.457740006657391e-20
1.0483994198558079e-18
5.553787371348438e-20
4.498184241894071e-19
1.8017048419819835e-21
1.1485591776480343e-19
1.6411850123200799e-18
1.545550462696711e-18
1.7436300466868895e-19
8.583193010497952e-20
8.407284940564455e-18
5.7781660625921e-19
1.502728882582943e-18
8.340757592547882e-20
8.971799960809185e-22
1.1210087226894801e-20
1.6050533958140869e-21
7.075396570526415e-21
1.2466837577112298e-19
4.354134743970079e-18
3.2880459837926735e-23
2.731319569345294e-22
1.4599948628590663e-19
3.9731977387961514e-19
5.9549804422414255e-18
2.2716981334653022e-21
2.0568694980744362e-22
1.7901617894176566e-18
1.763774763137237e-20
3.0468427109106726e-22
2.0808485853101205e-21
5.622179513842872e-21
4.9190495077483955e-20
8.309414668175938e-21
2.595620570676216e-19
5.99948447724414e-24
1.296453163084833e-22
2.4560243268460606e-19
1.2404890244824367e-23
7.904537101573099e-23
1.4738502430890602e-21
6.685403686187744e-20
1.840556774526734e-19
1.4099133948319677e-21
3.791809410804689e-21
2.646096244133871e-21
6.831850920131911e-21
1.197954922152831e-19
2.023101649713458e-18
2.765020765198464e-20
4.271152562431966e-20
6.716671340813888e-22
5.1750275312181635e-19
6.659399542858473e-21
1.0587559107341097e-19
2.312712119211411e-23
9.865539838879148e-19
5.1891890673484865e-20
3.045306787739874e-21
2.3084800651216995e-22
5.1381825122609925e-21
9.055836995186605e-20
5.481598172642211e-19
5.811923766548213e-21
1.1091154698835698e-21
4.966269998158162e-22
2.2594183517608616e-24
3.1944756228750333e-18
1.722494347496222e-21
1.3701555629146992e-19
1.0726541639154978e-21
3.8683836467149047e-22
1.4802656564345355e-21
2.310904583719274e-19
9.803798011672918e-24
2.567284825501298e-20
2.0736151484986414e-18
6.969289568567753e-21
3.9044485129013526e-19
1.0198295756248275e-20
2.40542788659121e-20
5.479266927332268e-19
2.2814401400977713e-19
2.5486144262513133e-18
4.9334239565637666e-23
4.262194209861646e-20
3.087030565261262e-22
5.264851288014772e-22
1.3134314178366514e-20
3.4815656380639725e-21
3.517481869904756e-21
3.2316820988632454e-21
4.252296158233089e-20
6.322178085662807e-21
3.589387336662036e-19
1.2032016011384967e-21
8.739749789917559e-19
2.9603349201920925e-21
4.92932325526614e-19
4.2434423714373154e-18
7.753950016117731e-19
5.423823541335539e-20
6.899300527190004e-21
1.849205607101339e-19
5.356765840235339e-19
1.6744690836210391e-21
2.718679753999954e-19
1.9821511726661055e-22
5.160147636542655e-20
1.3103751392484964e-19
2.423245852782976e-18
6.097688984226919e-22
2.5598692150752146e-18
2.4484565255192595e-21
2.6222261877400695e-19
7.2734509951197e-19
2.0997903305531843e-20
5.807556157177316e-20
3.46489203858079e-22
7.621160590224204e-22
1.4101889071012987e-18
1.0830596663944862e-19
2.0358118705393398e-23
6.185077912271426e-20
1.3136002638313214e-22
6.658305625435751e-23
3.4420520555064e-25
1.4640328500287548e-21
1.3736098486468143e-23
4.957239030708973e-22
2.933968116548035e-22
5.854518971904376e-19
5.188016635905864e-19
9.389437452574826e-22
1.6985924146011348e-23
1.6740228293613182e-19
4.204721345503731e-21
1.8300758475429343e-18
1.5388167377064469e-21
1.5325428184418475e-20
1.2910782465022675e-19
5.14282822465762e-25
2.3819194748984602e-23
6.72229385686421e-21
6.74593020345678e-19
1.9637991926508412e-19
8.825946310809435e-21
3.659863888203502e-20
1.7131374379511665e-22
6.508684665618409e-22
1.6571211450358013e-21
1.3768636356413188e-19
1.708432485967302e-22
2.329638092707939e-19
7.099836829283801e-23
2.0939363788730502e-20
4.511065762760963e-20
3.649970576788348e-21
6.664126990472683e-20
2.5910665540977e-19
1.3884559497867267e-22
5.7354845637665795e-21
7.836822111301419e-21
4.792788181249567e-22
1.6070345890985153e-19
1.57651853310772e-21
8.419339451141047e-19
3.850671306586885e-22
8.789956953917886e-19
4.4091529928509147e-20
7.848753793901815e-23
2.180809649838691e-22
4.6433618810827603e-20
3.797859694223089e-22
3.9406733016374185e-21
6.606556211941944e-22
4.1283446315988744e-18
1.3456604963929227e-22
1.774141874949164e-21
6.722403495587919e-17
1.3792181784349369e-19
1.44187657918798e-20
1.5165858700156468e-20
2.12041262067185e-20
1.7212877391746567e-20
1.9156545885621992e-22
1.6225134205073505e-19
2.2121900859418818e-23
2.7306629494640614e-23
5.314519250250129e-20
5.739254887766103e-20
8.508631062962944e-19
5.018485269396183e-23
3.207144774535599e-23
2.883627063501419e-20
1.9644108103311122e-19
4.103124933710576e-20
9.506948248602647e-20
1.3675327916835974e-21
7.35038202489687e-20
3.020388685164671e-19
6.139917863646442e-22
9.825270283774185e-20
2.1679224685640502e-19
3.3392532214988326e-21
4.1660908866344004e-20
6.6895292070089745e-19
2.107514468272781e-21
6.960487496171562e-21
5.2521153211982315e-23
1.5503018488333024e-19
8.380435292687095e-21
4.982152256680953e-19
4.878184509360843e-20
8.265762202331258e-21
2.382293764094069e-20
1.6118905509214081e-18
8.922848035102009e-22
3.4512151399408253e-19
2.124661706360954e-20
1.0197594372312115e-17
1.6843381197664747e-21
1.8519546907522324e-20
3.9256569069828404e-20
6.079348870284346e-20
3.218376552778859e-21
3.2992131505271193e-20
2.2297166954036907e-21
7.425804208695394e-23
2.0201192176076064e-22
7.492676832908781e-19
1.46618602781993e-19
4.3567974631223935e-21
7.941761285956426e-20
4.209621747571594e-21
6.523500607768249e-23
7.634632207021835e-21
6.193033074508474e-19
3.029960111235473e-24
2.776844727098351e-19
1.2520519283942263e-17
7.724593686174184e-23
2.5713476788993267e-22
6.119607381142017e-21
8.530074069510291e-20
1.4002176969881433e-24
3.7650282640806643e-20
4.883620572901025e-20
1.579054094204357e-19
1.0717808681076563e-22
1.1324059616558261e-22
9.919408548480134e-20
3.9870112135925314e-22
6.65416465412028e-20
6.524320505402009e-17
5.878281852839189e-24
2.6753717069484874e-20
1.900365128211217e-22
1.3086290204635455e-22
1.0751979137184984e-21
3.1378550320629204e-19
1.2987617808751722e-19
1.971144626752643e-18
2.4549688324026673e-17
5.683971711834195e-20
1.962511565015689e-20
6.253234558068986e-22
5.5427886411456074e-21
7.886335480407037e-22
2.562154380982784e-19
6.519927330898743e-20
6.107390302581806e-20
4.297613660058878e-21
2.9195561015165157e-25
1.0773337835371394e-21
5.731810959574521e-20
9.626735779392827e-22
2.0719924014617046e-23
1.1183374765963193e-20
1.5242262472090404e-19
2.720635018756714e-18
6.658963444326866e-18
2.951440671600042e-20
1.0437660578388828e-20
1.530327937568324e-22
4.9018175766893817e-23
4.1674421125433655e-17
1.0537403032082845e-19
2.0065216200389088e-20
4.762606180750382e-19
4.134674486715725e-22
3.669585818204668e-23
2.530798218271942e-19
1.4467573656110222e-17
3.5817441527910644e-20
9.334889404847605e-20
5.489341357633043e-22
4.072909146834617e-21
3.123522446374726e-20
1.5020130244539474e-22
3.774282639486952e-20
3.234126685266285e-21
4.0311585687808806e-24
2.2908821199692144e-18
1.4091639286973336e-20
6.663107238581852e-20
1.2887919318813002e-21
3.6116355690283254e-23
1.6752404138599296e-22
1.3528347973517841e-17
5.1271555143370346e-21
1.6318179940680703e-20
1.4417059504971927e-24
3.149927746991923e-20
7.577020077216687e-19
1.4157107775252459e-22
2.8314919819749427e-18
1.0065398999821262e-21
2.1697739018462125e-23
5.446460968169595e-20
5.202236694510306e-20
1.8219664426459103e-19
3.026283289940485e-22
1.6409955308448163e-21
5.198721318190436e-22
2.5802009313159007e-20
1.7971109980218402e-22
1.5685141919143e-21
1.7150169471771024e-23
6.503979398565279e-23
1.1698035715332858e-19
1.223255943974757e-20
3.7159927231169227e-19
1.5815442063108645e-23
5.186592858772906e-19
3.934877095740599e-19
1.2350074694822803e-17
1.3462490962068956e-20
1.4176071892324592e-17
5.938715813320834e-20
1.3780294104305355e-18
2.6924568338522406e-24
1.0457668757980605e-21
3.735506681818107e-20
1.039921399741196e-20
1.5056111745866754e-20
2.003473032298803e-18
1.91071461757071e-19
1.4163782491199123e-21
7.873326139359954e-20
3.495159867027614e-18
6.007043179170661e-21
1.574467624321281e-18
4.892030708591635e-21
8.9258218877523e-22
8.882549305591355e-22
3.090341742416497e-20
2.451574090751098e-22
4.8216820498550605e-23
4.0836312237151094e-23
1.0590606211660973e-19
5.720492871765435e-19
2.2412674952452136e-22
1.1743517924313844e-23
5.457847739798562e-18
4.642293691335124e-19
4.320464377266094e-21
4.780761577066948e-21
1.277289560658131e-19
3.0649852677293603e-19
6.822394540586338e-20
7.225762948042834e-21
1.2208295999029654e-19
9.729376627883304e-24
4.570343159502319e-19
4.2348309316418175e-23
3.890026964279915e-20
7.068036278853376e-20
2.2077760025054958e-20
2.7350125037028896e-19
3.230751578743893e-19
1.6458973032328636e-20
1.556488356022482e-22
1.750445531363326e-18
8.582507264918285e-22
7.62762505598967e-21
1.740336222170087e-18
2.4021322370388927e-23
5.1588630046715985e-21
3.0562933630701675e-21
8.623308706194373e-22
2.6902982692789444e-20
2.8893612017769223e-22
4.505315092204787e-21
4.967368940952523e-21
4.175684171670879e-20
3.031243238849926e-21
1.965113755512984e-24
1.0092406969748809e-21
2.488081033554526e-20
2.0938670324913594e-19
1.2322776154075114e-20
5.567280874070757e-23
2.2014173733699147e-19
2.7806022904672623e-24
1.3002806201401787e-19
1.4214006994390668e-20
1.2295274094218934e-20
1.5340982991152284e-22
8.920370264378062e-20
1.6823396995683732e-21
1.2885592503650435e-20
1.391915291882919e-20
3.017267942072861e-19
6.304916204718258e-21
4.816348136926202e-19
1.1928235261667094e-21
1.3461153619377104e-19
4.200216494996823e-22
1.2471273996099354e-18
1.8225474394786843e-19
6.108805872860168e-23
3.519838367447397e-21
1.4860432633167925e-17
1.3678696882844717e-20
1.2420558502128072e-18
3.824312566220916e-22
7.265900777613856e-21
7.388916894420277e-18
2.4192769757946587e-23
6.476416715116187e-19
3.9641803482108617e-20
6.120530291071507e-22
1.5468720228796147e-21
6.888781635265136e-21
8.192863096132084e-20
3.258835415102801e-22
1.0353770823355482e-19
1.842257912870697e-19
1.4744825272810473e-21
2.4129557273733857e-22
1.5759008026430777e-22
1.3423026360458247e-20
1.4369354821740584e-18
1.7742628027824505e-19
1.0702928270024106e-23
9.479004145819269e-22
2.5201838312106884e-21
2.4891865897488472e-24
1.5301997896960958e-20
2.746210134096753e-20
8.232885146297723e-20
4.17982025823202e-22
1.7305842911108037e-21
7.008119169779397e-19
1.6597727659407613e-22
2.5703650750501213e-20
1.1814131883433417e-18
1.1313582329316806e-21
7.810986074679315e-20
9.732990798391727e-19
1.732181854546752e-20
2.6301327510977243e-21
2.9405303227920207e-24
3.439694729282677e-19
2.6419138961871576e-19
8.556643298189306e-21
3.662986497780381e-21
1.212997059127873e-20
2.2977961481189717e-21
2.394310490827078e-22
1.5511697702303336e-23
1.9682813077327957e-20
1.1240993503678277e-19
3.261002859059054e-18
4.547709947279972e-19
3.3942506455034814e-20
6.810297650919828e-20
1.3767542664731874e-22
6.503183441060797e-19
5.846530580174498e-22
1.7078471547051358e-22
6.358510737020115e-21
1.640154497711748e-21
5.099371004865444e-19
1.0181943333172953e-19
2.758970964048442e-22
3.405453970852796e-19
1.8029747894347127e-19
3.7627757377834946e-19
5.825527669245222e-20
1.0614386149160404e-18
8.471160170534974e-24
3.1615012400852285e-22
1.0071880401424984e-20
1.6980735961613157e-18
2.770303537982163e-22
2.0623731560713611e-19
3.4464256520470355e-19
1.150628484517187e-19
1.4655316867332923e-21
4.950209247989552e-19
2.2964140963618625e-20
2.9301083803376413e-21
2.170552639399395e-18
4.7364943933899256e-24
5.2097573855007075e-23
2.235049642278282e-20
3.070301774984036e-19
4.4223440598214364e-20
2.6376468934339842e-23
1.9629381953352004e-19
1.9966663417047567e-22
3.8136518803830743e-20
2.408217376078284e-18
6.121434542416713e-18
1.8427108469558042e-21
2.609692561858001e-20
2.710622234977874e-21
4.4538403279471374e-18
6.153182405287859e-24
2.3781126369637998e-20
5.172592163174526e-20
6.031100318230772e-20
1.5381270406697846e-19
4.777566069171046e-19
7.086501406177119e-19
1.0064588436009726e-17
5.161494821271276e-24
1.4727664894356708e-20
4.987538652343181e-22
1.4843128554121205e-21
4.376291637901518e-22
3.820469403885362e-21
6.928616331764861e-20
4.907227362998539e-22
3.0303379470058067e-25
9.755249764645956e-21
2.567263899329778e-23
2.0600691776965035e-17
4.742153787912632e-22
8.572148020228875e-22
3.263800190490829e-20
1.1479907300568791e-22
1.314383439476478e-20
1.2846070509384777e-20
7.760560493055322e-19
2.461176588136314e-20
2.9244870480619453e-21
2.107048853315748e-21
1.899001651287221e-20
1.1400576765993705e-22
7.275806947878674e-21
3.5633711783434165e-20
1.624184585834138e-18
7.240461924830663e-23
7.948201085222722e-18
1.3183685519449529e-21
4.422874473784518e-19
3.3742112733681247e-22
1.3952969016458146e-21
5.29864726849582e-20
2.332547885751745e-21
8.006363015637069e-22
1.1710596671041285e-21
3.4925815138262994e-22
8.154958355782607e-23
3.4794958083166493e-25
2.142463976908921e-19
5.2651458890702575e-19
9.615875115376207e-18
5.1403148423390965e-21
1.1741453189408821e-20
1.0999192340720116e-22
4.406438518844513e-21
4.306947366643123e-19
5.719262236645554e-20
6.451106320170573e-20
1.938396885038553e-21
5.802299567036178e-22
1.7424559110762138e-23
3.502633841163804e-20
3.3074346290215593e-21
6.868799993639548e-20
9.664564538989472e-22
5.698273781568366e-20
5.359354765498895e-22
1.5124161145272018e-19
1.9931730371825255e-20
8.858594789852206e-18
7.239608710375528e-22
3.065481371758917e-19
4.684318261070027e-22
5.253495291731527e-19
6.011751945675204e-23
6.167993753104358e-23
1.1208597097940156e-18
3.1008438442094313e-22
2.83994186016011e-23
1.9568880404137317e-20
9.930993885082644e-22
4.413194064436269e-22
4.234144606404662e-19
1.1851522421869408e-18
1.8460805525148823e-23
4.680221874203113e-21
2.2416726344143826e-19
1.0040621487085298e-24
3.088491004808511e-21
9.71418328056593e-20
5.138305259776238e-19
2.367476073853126e-18
3.586723465530937e-19
1.1106651540301926e-21
2.9710331173192895e-22
1.1546369751775355e-20
4.1557566800518575e-24
2.4571449932550757e-18
5.7348107896804506e-21
1.094437994360582e-22
1.3227240827771193e-18
8.768062754021474e-21
9.656656077869802e-24
2.5140373628541316e-19
4.616226983343772e-18
1.3557827818309276e-19
1.01912695153773e-20
1.1824900258141674e-19
1.9853604520010628e-19
1.2692684021270471e-22
1.0455394031378526e-20
5.5726589157283795e-22
9.062064985230542e-23
3.215702631605659e-19
2.4814522026784747e-19
2.7139107113866117e-24
1.0624478575976831e-20
1.3710674248700817e-19
3.0508480729479623e-19
1.291064692261926e-21
4.812288781099364e-19
5.652673497055494e-20
1.2632092695891226e-23
9.793639702685807e-22
2.609183891993529e-21
1.1664324508529943e-21
1.116688728158826e-20
3.1964420882430585e-22
3.4241762336820077e-20
7.60782606572514e-22
2.7048630929366382e-18
3.6719313103329915e-19
1.8589004172809768e-22
2.4484260784060687e-22
4.472282688511085e-21
7.352082110949306e-22
3.5242988683300034e-22
1.286152225366298e-21
3.7014922337072825e-23
7.717452360087988e-22
1.2360413540636204e-21
1.5417728815047567e-19
1.985275312087545e-20
6.7367121851507105e-21
7.294838220495444e-20
3.435192371795135e-21
3.7888959750224154e-19
2.475812499800557e-20
2.75248068135649e-19
3.076795461706808e-20
6.206875171628373e-21
2.720203965961038e-19
4.2636902825823755e-19
1.2807422967293992e-22
5.8241738211000945e-18
2.895171849387348e-20
2.1214521181705438e-20
7.082817957923263e-19
2.9504576374362612e-21
2.7115590601634613e-19
2.410445694945579e-19
8.194459875208163e-21
4.0800799680134603e-19
7.642943326894043e-24
5.942750840020001e-22
2.5392250137478236e-21
3.9930756375873934e-21
1.3965855115602408e-20
1.0603552444780856e-21
1.0495275637824991e-18
6.360074230259115e-22
4.534828442527211e-22
2.2997108903569326e-20
2.2915197535409606e-21
2.4158029072566102e-21
4.770351775695711e-22
7.5485613874566585e-25
2.8060432128064536e-18
4.123321202597928e-20
3.92634615967703e-23
1.1255963692819492e-19
2.443401661088393e-19
4.261631594311201e-22
9.338118329176877e-20
3.785239910357127e-20
2.270127134570445e-22
2.820474467317244e-20
3.44341528365794e-21
3.565808244893878e-21
1.1286560482430213e-19
1.4052629547223227e-20
6.4135629258414054e-24
2.256623529886492e-22
4.8357329146465315e-22
3.6837874794589725e-21
4.5313697498233934e-20
4.206005100321593e-19
1.6071091800482858e-20
1.015763203701334e-20
2.2757015671375274e-19
1.2093876538142704e-18
1.6974452743316047e-19
1.7177827083285322e-20
3.0482710669903933e-22
1.428251493386215e-21
2.927149688931479e-18
1.0097245704717704e-22
5.637078511448094e-18
1.182367172318921e-19
2.52390696624915e-19
1.5079654032032183e-18
5.506989095516337e-18
8.04931683175231e-21
6.310414684386575e-24
1.0542734678414107e-22
6.781552311233771e-22
3.0526799349465695e-20
8.150741480541905e-20
4.9488496991071746e-20
1.9519369978356097e-19
2.8766972882029847e-19
1.1685496345895975e-21
4.271478205669528e-20
3.302891715571702e-22
2.155198389101181e-20
4.9263447936722457e-23
2.40943727611951e-22
1.8392393430289756e-19
7.472698330761317e-19
7.833894899442369e-23
2.5826767936832575e-21
6.353415180486918e-21
3.8035332227759606e-23
3.0411876782639356e-24
1.1052303551972727e-23
2.59414233926324e-21
3.201883609890331e-20
2.1582832191021453e-21
6.91463985580205e-19
1.3718773207784633e-19
1.8994931054000122e-19
1.4947785483954195e-23
1.024339457417502e-23
2.59498193666445e-19
1.2919364098114743e-21
7.136492462831116e-23
3.3221719401998903e-20
8.012539842954537e-18
2.1601321024971542e-19
1.3642105309542636e-21
1.5144441499597414e-19
6.388429826218065e-21
1.5158543246026387e-19
9.523349121483296e-19
1.8470416967530922e-22
1.209228403204071e-18
5.464789932420706e-19
1.5549726893493007e-23
2.510253775764736e-19
1.1231932902678773e-19
8.39124714789445e-21
1.208383665357445e-22
4.835912657516551e-22
7.489697045974267e-24
3.018112824027225e-21
4.168650888730234e-20
1.058517179307486e-23
6.865047024690845e-20
1.923468676651447e-15
1.763131099792022e-21
4.382852729851986e-19
5.924905402935996e-22
5.785783617505202e-20
8.442696204784231e-22
3.440761673547782e-20
9.785639926734865e-22
1.1217793413330636e-18
1.2675451069150168e-19
1.0756739898031401e-21
3.7693610475011234e-19
5.62886601476147e-20
8.063420469055838e-22
2.091044559629889e-21
3.435318960396994e-19
3.760433606704407e-23
8.5790478136593e-20
1.5236394276926032e-19
2.5742360029767567e-19
4.609156254235082e-21
1.5799471287758514e-18
1.7144735200391747e-20
2.4749116073320914e-21
4.977195520738372e-20
2.0083040318370614e-21
6.6126501270349385e-19
6.287674159549606e-19
8.55964714700295e-23
6.833102996678194e-22
1.6251005227123943e-22
1.4817610076963565e-19
6.319232165649079e-20
3.5283550384831235e-20
3.5806856952440763e-19
2.968802136355543e-21
1.1598301957624022e-18
3.2793499205511e-19
5.297747036209749e-21
3.973121255104534e-20
3.2339196337347444e-21
6.713447444175157e-20
2.814865855410715e-21
2.513248727849619e-19
2.15413286148324e-19
5.925609288932152e-19
3.3712246004949694e-22
3.4532439007959826e-22
1.1051342069058115e-22
5.245065255291517e-19
2.9954359361251593e-22
1.7548266275288346e-19
8.669634416876092e-22
2.3174626035795664e-19
5.606915937706e-20
1.1336839871767778e-22
3.364982169323417e-19
5.888222566150884e-20
1.8343373054617286e-19
3.3190093659346214e-22
2.6071279755903363e-18
7.801297819119246e-20
3.454864346766493e-20
2.5119974148295014e-21
3.4691195824879446e-23
2.268171713097843e-22
3.553697569417097e-21
4.696804477558542e-18
1.319908094848847e-19
9.766359858432218e-20
6.668242525648263e-21
3.770124266396722e-19
5.68826090042105e-21
4.954992748893963e-20
1.2851073148422965e-17
2.698207068028141e-21
1.1595910179572038e-17
1.1226307071190105e-21
3.391656793968119e-20
1.12531262024757e-19
5.475471694266213e-23
2.1732052040874747e-18
3.589960177533285e-19
2.34454975053684e-17
1.1750850281597461e-21
5.0640901633768723e-20
1.9837419727310112e-20
2.3657991467188027e-19
6.135797976389948e-21
3.917996852096233e-21
7.126924746800634e-18
1.7122431564501007e-23
9.767961814103914e-20
4.566575848172734e-23
2.549203154992896e-19
4.177697541477185e-21
1.337620216330007e-22
2.9073394197202504e-19
7.252184379865457e-23
2.3425665739337098e-21
1.0671300658218649e-19
2.2059926668176274e-21
1.1433185775278596e-18
6.23390945105597e-18
8.668734007011841e-21
1.1781157271364716e-20
2.012458436692934e-24
5.813664474207549e-20
1.0969406115866384e-18
6.02219955433069e-22
2.7851129463617037e-22
8.151520498960671e-22
3.4402138322005756e-21
5.819907637952491e-20
1.5023359275055367e-24
6.939119655504092e-21
1.2496840190794094e-19
3.054382483191142e-23
4.922328699732206e-23
3.037140857522269e-19
7.530978437953922e-21
3.4202790332975495e-20
2.3011848418415165e-17
2.1298882212757216e-22
3.9121300027667185e-24
1.137366214070571e-22
5.516785318307806e-23
9.82880072749847e-19
8.943184677291188e-22
6.038444940631244e-23
2.1757146310380207e-21
2.528796191477272e-19
1.0374161083786838e-21
2.926140561487566e-23
5.451188686870626e-21
1.3979547722633703e-21
1.5372648315839954e-23
3.2331598499025034e-20
2.2007412502244527e-19
2.080020693309573e-23
9.208727721046303e-19
6.064306358241344e-18
1.9221572158629737e-20
3.2404342228375526e-19
5.0908034142594255e-21
3.7001718847933843e-16
7.146860036875855e-22
2.3612677970916987e-19
5.6036079007561575e-21
4.1903810819380675e-17
3.1182322580883304e-18
7.457707690999765e-21
2.7794635039617614e-18
4.953261289475893e-22
1.5747348077575943e-19
3.946210579316585e-19
7.236583239836721e-20
5.135041971488966e-20
1.041565458504007e-18
2.9683249701770394e-22
3.1906908172323447e-20
4.54072742498268e-21
1.4030001405051604e-21
2.765903153952079e-22
1.13440805898757e-19
8.980290489868554e-19
2.038193620138517e-20
2.155824533150653e-22
4.0298512202244354e-19
3.0490427328086574e-20
3.6733064504458894e-23
6.486698017868698e-20
2.9646211121692136e-20
8.863144981716923e-20
1.6335139313667874e-18
8.071038599870668e-22
6.162278960941406e-19
4.8153802229497843e-20
4.418910690810624e-22
1.0658037184334317e-22
2.544671854030575e-18
7.25300619925105e-20
3.771869043743729e-21
1.5371410043071845e-20
1.8680649454933073e-21
3.5091879144838167e-19
7.345531917852309e-20
1.0833909069705436e-18
1.0775435880374294e-22
4.8969349835793644e-20
4.2358174234445664e-19
6.096348965343762e-18
6.191002981021894e-21
3.1269218662528503e-19
8.38507311281901e-18
1.8057669253359424e-21
1.1215160387470768e-20
1.0712026977727892e-20
1.938628979889715e-19
7.806026010442445e-19
1.0925592948909484e-21
8.427476825823089e-19
1.4706239847859602e-24
3.8673997023283455e-21
2.2975452786468357e-19
5.138787759345146e-21
5.203166697886883e-21
1.385422729170916e-20
1.4599457827964586e-20
2.596480394514145e-24
5.169371448447724e-19
6.003891407356058e-22
3.838984765124941e-20
3.82538122033835e-17
1.3132417240161824e-17
2.0048355809623666e-20
5.950301246526179e-20
8.859236228773869e-21
2.061432262298703e-20
2.9840139992571105e-19
3.0373169155230136e-18
1.3374832117296444e-22
1.1460366435806227e-18
1.4619176113281796e-22
1.3041984883572173e-17
5.419709585762348e-21
3.9833321772305635e-20
7.720663012555634e-20
7.994760944181347e-21
2.1710476032666396e-21
2.972449847141037e-24
2.3831976358255364e-20
2.165266218279497e-19
3.058693885986204e-21
1.7664547423366265e-20
4.265837866848064e-20
3.05936312626339e-23
2.052725262443187e-20
1.1376599900844036e-21
6.300926617096733e-20
8.715084925038073e-19
4.806254764094403e-20
2.670742495841629e-21
2.5966148694998264e-18
8.744152271553274e-18
4.931158149997641e-23
1.6458627531035676e-21
6.5744313546966025e-18
8.880738523700429e-19
9.559527125417854e-22
1.5621535986412605e-22
1.7496440048411837e-23
7.91906290646961e-21
1.543649659152183e-23
8.76888458610376e-21
7.938614325746854e-22
2.473243146629604e-21
7.167617356531406e-21
3.189884320399682e-23
3.418487567221888e-18
5.080648967309337e-20
8.686674960746758e-21
1.4630355981431918e-20
7.783915050477302e-22
3.810292441882064e-22
4.880799556898516e-22
3.8518210524482994e-20
5.204900453239803e-19
3.2761434275288716e-19
2.8578993649822293e-24
2.063402461732244e-19
3.169607986069914e-20
4.2534929297182974e-23
4.509556385864665e-20
1.65201197642663e-22
2.8129563035843454e-20
5.176356544929277e-22
7.567218476179657e-20
9.098559458736981e-18
1.2176074008477634e-20
3.359656770496938e-23
7.466204069795227e-20
3.0216167806141913e-19
1.5061771914726625e-19
1.5969175460209395e-19
9.427934841978868e-24
1.6666493928421984e-21
7.209047726735515e-21
7.056784981950998e-19
5.05610399210976e-22
9.205722973280187e-22
5.160172634078143e-19
7.658662525738909e-21
2.3919956200173054e-21
1.8715584397677225e-19
3.183571022746132e-22
4.7066267028509295e-23
2.062616247571907e-24
2.434986787201077e-19
1.3117092435800062e-19
3.182813009692505e-19
9.403670005355963e-23
2.8273062852699716e-21
6.642410606894377e-21
6.813357217566254e-24
1.981462582929104e-18
1.6744115330990297e-19
1.0350662630076339e-19
5.552485680879301e-23
3.081185331104193e-18
1.8580883438974646e-20
1.9852869741218187e-20
9.462627187049617e-19
2.5867888198057144e-20
1.4334675672340798e-21
3.0941924659245744e-23
8.742670344951466e-24
1.765925185874901e-20
2.1521071494009584e-20
1.4951085192896127e-19
1.2113801839279097e-18
1.634277632116389e-19
3.433682157227369e-20
3.83757542451925e-23
1.1548656884949963e-19
4.706093396882968e-21
1.2176904896672107e-21
1.5573422009547466e-22
9.299362193038173e-22
1.4254336819944474e-20
8.174960800294218e-23
1.1934300584699515e-19
9.329138068999473e-22
6.326934567471846e-22
3.0083655696309915e-20
3.5927495126696456e-23
1.604814165577682e-20
2.7139495176965744e-18
6.587693912376826e-21
9.456794928197687e-19
5.8195405447714636e-21
1.3572999956640556e-20
7.279295115715814e-24
3.2837203066783543e-19
9.156218702662251e-18
4.0516009417130223e-19
2.9955428240783755e-19
1.8422495680317293e-19
5.909049070997278e-20
6.83696771256521e-21
5.1086172412691796e-20
2.3694203970355105e-22
5.21396687923169e-22
2.3242404311976752e-21
1.8315828787806014e-24
8.509685583497405e-22
5.2642583716570215e-18
4.049115472375065e-22
2.855111519665268e-19
1.9964522638697477e-24
7.562557698300081e-24
1.683389982298546e-20
8.802459844040457e-20
4.812967072018315e-19
1.8658131629200002e-19
9.475157898503283e-20
6.29586513730795e-22
1.614596905059948e-17
3.59256666702591e-23
1.8778041914160393e-20
1.6471308559286043e-19
1.282224549987776e-19
2.847170066283434e-19
8.783820776628391e-22
4.6976538616030395e-22
1.4246300874845867e-21
4.835233593651331e-20
2.5105441269010032e-20
1.4949439218418974e-22
8.6854022348365e-21
2.7289288367193685e-22
1.4832494517616262e-18
5.064768279764006e-22
1.2665797477108554e-21
4.229572773333501e-23
1.7199890294987914e-21
9.656427726184941e-21
5.243820034517449e-22
6.7232675327995955e-22
4.267164332300891e-22
9.267048010766454e-22
3.753931896111955e-19
2.11963383285417e-19
6.837771118867009e-22
2.973011011115639e-22
3.8621547693475956e-23
1.7501775909654387e-18
1.9265469935729515e-21
9.91837811922168e-21
2.1100605386926488e-21
1.0604627867840095e-21
4.0695399691920034e-21
1.5300941418384803e-21
3.565941947731683e-20
1.2156341391167951e-17
4.325785069075175e-21
4.781357259971533e-19
4.879472663293506e-18
1.0193733186896173e-17
2.620630783492225e-22
4.308547522909493e-20
1.6985245573024854e-19
4.875002061467111e-20
2.2952395076471634e-23
1.1457486683656307e-23
1.0583120398830993e-20
4.443065144835519e-18
8.220251035729521e-19
4.214369538121987e-19
1.8937346033225605e-19
1.012923775822837e-18
1.5282928257483848e-21
4.6463866682875134e-18
1.0740237431559245e-21
1.9992500621281775e-23
4.6059535455552205e-21
1.1977268371439348e-20
1.3894999190352436e-22
2.0380824672704034e-18
1.8954478175147237e-20
4.050278813563397e-22
2.885437602086088e-19
3.441404708338604e-21
1.2646316545035356e-20
1.0724354288379992e-20
4.421835661352205e-21
4.766373946078428e-21
7.78214982994978e-19
2.776761700053488e-19
6.98308973558096e-19
9.143649614498066e-24
7.903176546075803e-22
3.003731864546e-19
1.9758554671430236e-22
7.437434035245464e-25
2.696278738418025e-23
2.0535671111353332e-18
1.36087160363105e-21
1.8864267066024217e-19
4.9388421392782556e-21
6.007050367168498e-22
2.7047324410542423e-20
3.0304654061793153e-23
8.449272473681171e-22
1.1777631048999498e-19
1.9443340138346384e-19
5.525697232270108e-19
2.156774216623297e-21
9.353176659020296e-19
1.7358635370543808e-22
2.7957220310081413e-19
8.02731654730205e-23
1.396046913368974e-23
9.442254865939651e-19
7.77462067567072e-20
5.120662855540588e-20
1.3492878751028956e-21
1.2287734243029776e-21
3.2734708767543477e-19
1.2881613323789859e-21
1.273896825840591e-20
6.362519084531e-22
2.086248325302354e-20
6.407466319928062e-20
4.349281240835771e-21
9.222459081789831e-20
1.3412675469479256e-21
8.562331230993939e-18
1.3218378218315122e-17
1.6194148143484877e-19
5.11224796428725e-23
8.941827209760722e-19
1.70471923858985e-23
7.27192858110224e-22
2.308885254532323e-19
1.0709365645144888e-20
2.8105380843420007e-19
3.886195101869425e-20
4.0637250810722793e-22
5.20340955133756e-22
1.718404351673715e-21
3.485273776253078e-19
1.5842029747026975e-20
1.1050573055714833e-18
4.688701710320377e-20
6.330232864598496e-20
1.48056685590036e-19
9.473682232793375e-21
7.799260965232018e-19
5.8840001647467465e-19
1.1688815271913226e-20
1.0483720773249422e-21
6.393748550397085e-23
1.8600013546338985e-21
1.7044214752726614e-20
6.3032609980572025e-22
1.1333434730133057e-21
9.279475342960422e-19
3.998603381956985e-22
1.889185550066201e-22
1.3022698342570434e-23
1.242854068669516e-20
4.172293826098978e-21
2.2614179851030965e-19
7.556733321551409e-22
2.3465352806163684e-18
3.2927796710116593e-21
8.796951119712597e-19
1.1387134513172159e-19
5.3169381343874616e-18
8.739787728880242e-20
1.8442756583083395e-20
6.93295797405818e-22
1.3597019627499573e-19
2.2550158686309356e-19
4.482175265561598e-19
1.3433072511491272e-18
8.630325264200273e-18
1.2822343967027462e-18
8.731201380375176e-21
2.332544031173037e-19
2.5147287540836515e-19
1.0859543192597369e-18
4.1858751805471846e-21
1.0613320235636697e-18
1.850489547088183e-18
5.5386187256572325e-24
7.665586294346368e-20
3.2966348368105966e-19
1.5499388217603632e-21
6.131657838847674e-23
4.906135609202764e-22
1.2101617246872504e-18
1.433281998970184e-19
5.533750736357975e-19
2.1780643516691574e-22
2.662480429297417e-18
5.057275099007321e-21
6.386856693222828e-20
1.0241276237331825e-19
1.4907545433677077e-20
1.0719821492633421e-20
9.095143582764918e-23
1.4695613155613993e-23
2.737885888278624e-19
3.8464772591390007e-19
2.3240369925049528e-20
2.1444022705944586e-22
4.011094385521994e-23
7.853861265519076e-25
3.34948986662142e-22
6.639602680721205e-23
2.5766601999070017e-21
3.4022089955554923e-18
4.079046794415677e-24
4.718711715236465e-21
2.2546852998584423e-22
8.313216757883671e-20
3.4145978203387666e-21
6.812817550896063e-19
6.775582953675604e-19
5.760746253814502e-22
1.4999669695635113e-21
1.057597341931149e-20
4.2169374673422755e-21
4.838018869185334e-19
1.610354800960082e-17
3.3178943701613383e-21
2.7698019515287767e-18
1.8990421256513582e-23
4.33146556147852e-20
4.5022219397730955e-23
2.0971991417926568e-20
3.1983939787104716e-21
1.7334656717386571e-22
1.7358207962443774e-23
5.4497631459797545e-21
5.961227486687456e-20
5.063579046929165e-19
3.7538538916698206e-20
2.922019124296839e-23
3.7491999774408585e-18
2.0184077761968137e-23
1.7100577558977463e-18
1.9021427958035128e-19
3.3351546182911475e-22
1.0478826647365604e-23
1.7900558463440784e-22
5.419258048879629e-19
9.091540389082542e-20
6.288889484209299e-22
4.952341021482267e-20
2.0043191416699564e-22
2.503437557210269e-19
1.098323441562924e-21
3.6390934910475894e-22
3.80305562261049e-18
1.973340033607893e-20
4.5527812903745044e-20
6.6542330962099115e-21
1.844961620452529e-22
3.6707271396790423e-20
1.0638114413062554e-22
1.8600200466579642e-21
3.6427329712498437e-22
3.519503448895704e-20
1.728971187685006e-23
2.647468669149443e-19
3.388810873223634e-18
6.588340956206776e-19
2.251474012993804e-21
3.573873365529153e-23
4.92082355963603e-22
3.3994213433375455e-23
1.39014580108859e-20
9.413485890899903e-24
1.0257406052481945e-18
7.612406752707622e-21
2.907527512079362e-18
1.0282039805900513e-18
6.042084899592593e-19
3.056134879925425e-19
4.8948970127910427e-23
2.820538171466991e-22
3.4816920202136346e-24
4.132518760523444e-16
7.388072547088187e-22
2.382048987215913e-23
2.039597919279794e-22
2.0087319968157065e-21
5.5523739492923825e-18
2.783700180694242e-18
6.742033830772421e-23
7.448363130439483e-20
1.4206812185050114e-22
9.186652819989162e-20
8.679927665603033e-19
6.140600422460867e-25
5.5353740085850525e-17
6.688595555546119e-19
3.0092307592521177e-19
1.914913478021764e-18
8.647789486107779e-20
6.608309381080363e-19
1.4453901505619764e-24
3.2465793852638374e-19
6.977765216932881e-21
4.2857532322231896e-23
5.694606748069604e-21
8.071521046916151e-20
5.048913696992704e-21
1.1920918907292198e-18
4.830062051892592e-22
5.014711635493354e-19
1.418535158110708e-19
5.656514695632958e-19
4.5356887161512907e-23
9.22403431965433e-19
9.931928765836388e-22
4.0411180435502472e-19
2.207328919027918e-19
1.6064240938947345e-21
3.1141545202689937e-23
2.671608155488458e-19
2.845034276231354e-20
5.13929892617828e-20
2.094080485135946e-19
1.555291873161743e-20
1.320268087618241e-21
8.082735362902563e-20
3.7255684495577767e-22
9.908579637341605e-20
1.7202139032788937e-19
1.7002786554779112e-22
1.5439065255222747e-19
2.4755726040249834e-18
8.462311969384458e-21
1.3741372926734386e-20
5.428805275777435e-22
4.8067159050802744e-24
5.951201655280792e-20
5.551927193509968e-20
8.59159490638178e-20
2.793824147089573e-18
5.87725720777519e-22
2.1710429359441286e-21
4.8969608726834566e-23
9.552700239874559e-22
3.936788057068816e-20
1.0509108766422663e-19
1.8468399899812267e-23
3.799602525518547e-23
1.6082491124755114e-19
1.960268125224819e-21
5.727147143617349e-24
1.2223791885790341e-22
4.649149272621396e-21
1.3557333947509577e-21
5.710391665774553e-21
4.661031048321934e-20
9.577371915123087e-22
4.759419205946746e-19
1.562579470994181e-22
1.5438688701015012e-19
2.5745124071256334e-22
1.0237788246953065e-19
1.8152477023108488e-18
3.350843333780636e-20
9.63579715311539e-22
8.530230900100382e-21
2.010798545938483e-18
4.474322305185292e-18
3.770737982839764e-21
1.596047613800353e-22
6.787274021697843e-20
1.962521593607098e-22
7.367032653162439e-22
2.4778775247514187e-21
1.304451590328662e-21
1.3455218063851327e-18
1.6611880530611283e-20
3.6790959475609245e-20
3.4760813411745495e-20
9.191087762221107e-21
9.929499463397591e-21
1.939120216472046e-21
6.696300396252296e-20
2.1031680075902624e-20
1.837271536136882e-23
1.2383729845001317e-22
7.416559106253597e-23
6.894764588706363e-23
6.628129970569687e-17
6.386650337061877e-18
4.4398374645839375e-20
4.2430800626386524e-20
3.45096482959909e-21
6.852476273717258e-24
3.899518560280574e-20
4.829071692158798e-23
1.403781162104693e-18
9.193706130463593e-21
7.88544091776594e-23
4.383376955183745e-20
4.635375141551969e-22
4.023944564800055e-20
3.972274935208898e-19
1.0859248271159787e-20
8.634272385791798e-24
4.216741226053734e-18
3.431268090839452e-18
7.707361484230212e-19
4.413095468617226e-20
1.3954085791190867e-19
1.3651084567877465e-21
2.9586193907707625e-21
2.834429766646698e-23
4.9545830632901526e-23
8.095365836630406e-22
2.802560188633087e-24
1.2701503717282675e-22
1.1974234062632697e-21
2.7138902491525407e-19
6.695027521327779e-19
1.2524094715150598e-19
4.460863658192749e-21
2.4748674544708948e-21
3.0674226171536587e-21
1.9840705843998044e-20
1.4031755559071551e-18
3.0150307940500535e-24
3.5112781676329765e-19
3.8252946812770665e-20
1.2135255229764456e-19
3.6511169071477415e-23
9.503968201496506e-22
2.0239082575955415e-23
9.973864584969658e-22
7.222273649104977e-21
4.8337750605379614e-20
8.962394941088069e-20
3.379940556560834e-21
6.44817709276085e-23
7.091122526167256e-22
2.019342161267643e-18
5.505583813765868e-21
4.051643317687456e-18
6.2451542664956814e-21
6.131632887814314e-20
1.4309789702893662e-19
3.0353350052274657e-19
5.349362194951455e-23
1.9078186288822414e-23
9.302997368843035e-23
5.584114559961849e-23
7.655272333466495e-23
4.423886837705535e-19
7.104424331853472e-19
7.931809981450474e-21
1.0913307041519765e-18
1.1525159962019047e-21
1.3937724878651206e-18
5.296388895642206e-19
2.7737785457693304e-24
6.4212498388153306e-21
1.1627222975187258e-18
1.7363436616821642e-20
2.039778967192061e-20
1.4531344018697453e-20
1.13508178503145e-22
6.336172602374125e-19
1.2878931885047043e-21
2.751656077834706e-23
2.506517442839169e-20
1.7243269944366008e-19
3.688103251151849e-22
2.8281800818290686e-24
4.3470836081846855e-22
4.9736877598011696e-20
4.401438643820553e-22
4.5549194762320385e-22
8.994704379805788e-20
4.759928019901533e-19
3.924785888229158e-19
1.4342566300008275e-18
4.66958961688666e-23
5.081985639376904e-18
4.739589774282771e-22
1.4593361224317912e-19
4.662858838168767e-19
2.4071517434314765e-23
1.67465712484078e-19
1.909465602061112e-19
7.754035529202505e-20
2.9256921896443184e-22
3.919851634797844e-21
1.6709227696593582e-19
3.580021084573374e-21
5.710814494136839e-18
1.5674876315617063e-19
8.034885175399325e-24
6.135636634934336e-19
6.926466836521228e-21
2.2363291136565668e-20
4.236557040795865e-19
3.0915944249236275e-21
4.633076967765285e-19
1.3483918787707854e-18
2.1708302351480667e-20
8.42526129928779e-20
1.577543176841528e-20
5.67117681123272e-20
7.664480716544635e-19
9.318874597868144e-20
1.8970915613661049e-19
7.405808681747686e-20
1.2820682073077911e-18
1.465951856310922e-19
4.55916749300429e-23
5.341686191115917e-19
1.1959058672313144e-23
9.212075078695388e-20
5.277090448514536e-20
4.34597473308731e-21
1.3197984701925094e-18
8.894827350714097e-22
1.809666580929386e-22
8.999285395129822e-25
2.36595147748677e-22
1.9555576141201023e-18
3.420487131734036e-20
3.930338944017893e-20
2.9412054437840836e-21
7.904044454826354e-18
2.5396677820923345e-22
9.701945186671612e-21
1.334058725959437e-19
2.305505668264105e-17
4.031738865683692e-20
2.252546507685587e-23
1.6357261767054775e-24
1.2220577493412993e-20
1.7204974505605322e-20
2.5216027903408325e-19
1.7810917975630322e-19
4.385867400469572e-20
1.5941947076410253e-19
4.2681136754177974e-23
1.948919985592444e-18
2.3262185707940457e-19
7.667917631528384e-19
6.278355271587328e-20
2.0265562065946153e-20
2.5309153234044845e-18
2.144666087043449e-22
2.184924056567388e-22
2.1761348251113517e-21
5.498387438750599e-25
1.2524678474141984e-18
5.083395553518873e-20
3.2441008899195726e-23
2.1317846696429504e-21
1.6864265912380765e-21
7.512186492317654e-19
3.1244261891762835e-18
8.07122100879817e-21
7.558968301048101e-22
6.092089660392128e-22
2.9617894133063068e-21
4.2247055295692324e-20
3.6515094809293976e-20
1.8969983829827927e-22
4.333393603431854e-16
1.265584369993416e-21
5.335308501673286e-20
3.072430791459894e-21
7.285861991934477e-18
1.3443931145619281e-21
6.104795737736896e-21
6.041397379726394e-19
4.783852022034557e-20
1.363570054722986e-22
1.0789430161645443e-18
2.1851857668438834e-20
3.744560860249034e-18
7.502908695424197e-24
2.8851969161444163e-21
9.267580727201574e-21
2.4802114936975185e-21
2.5772398594976527e-22
1.8782723277902255e-18
9.944042304245188e-21
1.7191794021356266e-23
4.674322527162438e-24
7.092656710854545e-20
5.451467540874674e-23
2.728751666504503e-19
2.2043511863715443e-18
6.778959680130809e-24
2.991480982460171e-21
3.3272664923917863e-17
3.690807748729941e-21
3.950925688640541e-22
3.1147039241925128e-18
1.9358953908650325e-22
8.27571073252562e-21
8.674587666973231e-22
1.2467086577440936e-20
1.1276060798616142e-19
1.3344771812196713e-20
2.3817864153474213e-20
1.6011628939119947e-22
5.80303762767239e-21
1.9765360631424886e-23
3.8731214489642625e-18
1.2017685031237068e-21
1.5440676919288674e-18
5.7871340735813265e-24
5.700711828388924e-22
9.051030052443964e-24
2.346887877575686e-20
1.1751869371078947e-20
2.5710016894832797e-21
1.1349678805076244e-22
2.6492131310431553e-21
7.305485866177647e-20
7.871878558762964e-20
8.638059763997271e-20
1.3374019817738548e-22
1.5928243157228477e-22
2.4822024666098376e-19
1.1969041244905207e-18
5.02001303324824e-19
4.0830912019287337e-19
8.172870918579074e-22
8.193299836392388e-24
3.0371808520126553e-21
4.191968166863098e-20
4.609664026295968e-22
5.730360092906125e-19
1.3869147937964482e-19
9.427351127982989e-21
1.2390862351693194e-18
2.814528181460204e-20
2.4066099270453123e-22
5.904004131264169e-22
8.143428295108463e-22
1.138533801466581e-19
2.9942760333248336e-21
2.0892110384431528e-20
1.777661619514551e-23
8.73201313648129e-19
4.525143457101244e-24
3.607985894599849e-19
5.81298208315681e-21
4.324098184679827e-22
5.0841123018984744e-18
3.3932805525035023e-20
2.0578283206985028e-21
3.8730922511468045e-21
1.5379580663038797e-23
1.9373295366165992e-19
1.2238943710951867e-23
2.3069982966247533e-19
4.737058087017017e-22
4.264337579506687e-18
4.565218136629032e-23
1.479788110795618e-22
6.682565774665038e-20
3.60092614223445e-21
2.298302394287643e-20
1.2089172061491017e-19
1.924537671131329e-19
3.1605880337801408e-19
6.445778142766044e-21
4.620301381999685e-18
3.405581302358729e-19
3.1585860839033715e-23
1.2356523879065894e-19
5.112914818889306e-20
9.652487480209821e-19
2.5074362168259214e-23
3.6355836096664284e-19
1.1436611937535137e-20
6.623568471942514e-19
8.110986380160151e-24
1.0247902609465184e-19
7.689977623327265e-23
2.314868699732876e-23
1.2399254812638317e-19
3.6479093743063066e-20
6.7385624514884355e-22
3.312153281516617e-19
1.0547755705029429e-18
7.427084122173153e-21
5.2799654141142635e-23
3.015074204155702e-20
3.6398014614678647e-23
5.081506248005126e-19
6.835823780911791e-24
6.181952379408576e-20
7.992658959078203e-22
9.201245842065274e-20
2.535338451282144e-24
5.029865272695547e-21
1.8269943345063584e-19
3.3953786041277804e-19
4.940106482202867e-19
1.572246717492091e-20
1.56889994440584e-19
2.8111329854335834e-23
2.4296060367448112e-22
4.903082821362774e-22
1.8424050792523436e-19
1.1059286893584338e-20
4.839333205062152e-22
5.807609550792711e-23
4.6441850439050035e-18
7.085338535394169e-19
1.7490832004238197e-19
6.096792353118886e-20
5.625309966496515e-19
1.5622304985869055e-18
1.897371744738183e-20
5.995867830793053e-22
1.8088171638146993e-18
3.3683040840155286e-21
6.581156122541289e-21
1.0415574927236711e-21
5.617696745547485e-20
1.12893174633358e-19
2.166493269261325e-20
1.1641494390859294e-20
1.6273819491120719e-21
1.2180927877099189e-21
4.425294586745214e-22
1.0500656353106601e-22
5.973641765129435e-20
7.645713362083087e-20
1.012938406599868e-21
1.5558940983519698e-18
1.0559812868857476e-18
6.064145593941749e-22
6.515692446677243e-20
4.828505217624706e-25
6.519309648253976e-20
1.5261949489759764e-21
3.0424496822878674e-20
9.317648221568726e-20
2.8470160175822274e-19
2.480523403678555e-20
3.4277952418852687e-23
8.156911720200239e-20
3.7565847901975753e-19
2.200713710852353e-22
4.0278117184289186e-22
3.601014029489403e-20
6.168813979876383e-21
2.3430564809660288e-20
1.2980783624815044e-20
1.6944931784795682e-23
2.652323622718863e-19
3.9118140556273393e-19
4.68139470540114e-19
1.0408126022518217e-18
2.372490970000688e-17
1.0898333131223512e-19
1.7105798748914525e-22
3.120361102244077e-19
3.7524815217193605e-22
1.7213559443506138e-20
2.2198754300164553e-23
5.847994904402989e-20
2.2090572303661792e-20
2.3485108303085076e-22
4.446408837497509e-19
1.1400435787130005e-22
2.8207347719453997e-19
4.3199515133827335e-22
7.937031979427868e-23
3.55377612030343e-19
2.089584666443901e-18
2.6310373128943423e-18
8.012852891915925e-21
6.934855704971117e-21
1.095730896660512e-18
4.839516047803245e-19
6.1613061835053406e-21
1.3367272500868462e-20
1.754558857267337e-24
3.254148468224714e-18
4.11303514942851e-22
9.318755753948322e-25
2.914697844716108e-20
4.569178798364387e-21
2.8259606451313584e-24
2.6966763186163307e-21
1.4590320549205646e-22
2.995919959545492e-18
7.179931801738808e-21
1.7739149732886658e-18
7.98626114012937e-21
2.1004556797180355e-21
2.0697987396170052e-18
1.5541042920773679e-21
4.354576617649496e-19
8.191196946405336e-21
5.913241259831631e-20
1.7418866878042965e-21
2.900632910108869e-22
7.353236950082107e-21
1.9979692652073075e-20
1.35982968012593e-23
8.575297872575779e-22
2.4176579312073654e-18
6.758946199102942e-21
7.712505201487528e-22
5.74948074360822e-20
4.463527438615938e-20
1.159275448457457e-22
2.598481175427878e-19
4.857190410414735e-21
5.120289906991515e-22
6.339969459982733e-20
1.939567428268825e-22
2.3866869273355027e-22
6.114872690285759e-20
5.394666017900762e-23
1.9104889916187858e-20
5.469839343825868e-19
7.066706223566959e-19
2.3105420746975776e-19
5.771107802128805e-21
5.35613806569323e-21
8.722677820787986e-22
2.918463362222358e-19
5.183067614750331e-20
5.251626357384395e-22
3.431450120141204e-20
5.931460661192883e-20
1.078834107710991e-20
1.0089144198244409e-20
1.3678936534822811e-21
7.952137537182394e-19
3.103321327527179e-20
3.273121099842718e-21
1.3642222104337528e-18
2.448897513270532e-23
2.2652705846159847e-19
1.2075357977137317e-17
1.330595628027241e-18
3.925732415177831e-21
1.045296209724455e-24
9.128886142762085e-21
7.932269867072679e-23
1.6973139819860399e-19
2.0658332306614568e-20
1.5321430071248936e-20
5.183675025767877e-22
4.236462864831794e-18
1.2181112663908642e-18
8.96621082643434e-22
4.234631217764459e-21
4.0274629224434204e-18
1.0933954883452895e-21
2.9342432161231617e-18
1.4923952251239328e-18
2.0143829042788965e-22
2.211810076123669e-20
1.823396910108674e-21
1.2147446492812391e-21
2.379670659311208e-21
3.3199198786597285e-20
6.001761006325977e-20
1.9902171050958283e-23
7.599998103982534e-18
2.009561712494289e-21
1.4555930585764867e-22
1.831819733951748e-22
8.320863132751654e-19
4.2482907519484234e-21
1.201488639158067e-20
3.6138631700329894e-22
1.7622587859588454e-23
1.0451046629557962e-20
3.831786318840415e-23
7.883499500225737e-23
3.1433929420360745e-20
3.2259323524619255e-21
1.53243488482787e-21
1.1716938005415195e-20
3.4285732080252868e-19
5.926725226423907e-20
5.3467427065690984e-20
6.070811209036501e-20
2.9549157869189038e-21
1.151230464011645e-18
8.299065334666192e-19
1.970469405609304e-21
2.0807849984197203e-24
5.900679866088014e-20
3.323397826874333e-23
9.42168470524636e-21
1.2738831090663351e-21
1.0367425946235399e-22
1.1190180690830836e-20
7.526401600391702e-20
1.4129248559775237e-20
1.245731825811403e-22
1.060527527001868e-22
2.084528977881827e-18
1.0394450536120006e-18
3.2730195683175755e-19
9.068202928129141e-23
2.119820578961052e-22
2.5036005249088115e-20
1.1851602621025646e-21
3.5136245333639835e-22
2.579877031979443e-20
5.331626995971926e-19
1.584872928863316e-19
2.1797533254256626e-21
2.4746309001610102e-18
1.3935156917672817e-19
1.341988938970469e-21
4.1686518047772015e-20
4.677407947734407e-22
1.5092546739859085e-18
8.940343102725073e-20
1.0551024060568457e-18
4.623505807476828e-22
2.0404882536701647e-20
1.3968452962544644e-22
2.9265995789914697e-19
2.4765343811289292e-20
1.7649548621598261e-19
8.08085856257134e-19
5.9324189124564165e-19
7.901213906830021e-22
4.966684063544196e-21
5.700840863837677e-19
1.2164290468384402e-19
1.174224737871955e-22
3.0518298686080263e-21
4.0062190482580475e-20
1.7710159026423007e-18
4.544413128471604e-22
6.0376019666996785e-21
1.4477896132184854e-22
1.910193269395227e-20
3.2700773149150284e-20
2.342722435526575e-22
3.5908938044063593e-19
3.0321517029399172e-18
6.017224966265197e-23
5.945087872173188e-22
5.277191986847546e-21
1.0066444614078123e-19
4.133839683391129e-20
7.196464941528637e-20
1.8404689527008408e-19
5.260612626755727e-22
5.748559929481599e-24
7.372361471770939e-22
3.425362127427091e-20
5.730804702532548e-19
1.948576355006953e-20
1.1189587754681192e-18
7.532964463905799e-21
1.3119753029061516e-19
3.436349611600874e-20
2.6680832635966493e-19
2.842908618398159e-18
2.0630562633818376e-17
7.869536998613999e-19
1.436037593090704e-20
1.8925820101106757e-20
9.53427361421286e-21
2.0553306553656384e-20
2.4532900631220434e-19
1.121383210753823e-21
4.001621200785667e-21
4.477945119178412e-24
1.948936686373798e-18
6.784165648684437e-21
2.5864307656747316e-18
9.61529307418259e-20
1.809717754183007e-21
3.15935880852366e-20
1.5121389877157877e-20
1.2884456230683989e-21
4.843285845176385e-19
7.817254424187649e-20
1.2849043902697999e-23
2.4927595908624886e-18
4.604979961232587e-19
1.9631177179766578e-18
4.1185789245380986e-23
1.5162433582517257e-19
2.3103420462804877e-21
4.16118170899869e-20
4.1243348621827507e-19
4.726255078969743e-20
1.9933874936845083e-16
1.0443627575068623e-18
2.0181298254166217e-19
1.5433419686027072e-18
1.072093362651615e-18
1.0543149694248565e-22
3.999200629356186e-22
3.7642036995518965e-21
5.658029735026799e-18
3.7250012386577326e-21
4.106076626967497e-24
1.1113478716570888e-22
1.2981606605698687e-18
1.0984757822939729e-23
4.7132531527701566e-20
7.139290128931782e-20
9.460470191525774e-20
8.039669159155315e-18
8.001153573445307e-19
7.72809314319477e-21
2.3539355094903956e-19
1.8440694402490802e-22
3.8085401179769535e-19
1.5411715208751766e-20
2.5668361287351223e-18
2.149978204711739e-19
1.0823635420016573e-18
1.4937452137486213e-18
6.70078088894752e-22
4.428299832679436e-24
4.421696537901732e-21
1.8720012159244213e-22
9.323574594871859e-23
5.4468282109530255e-21
4.009195743407325e-18
1.5969264552425402e-22
5.096223770276719e-22
2.5607867969780877e-18
1.5153795011635982e-20
7.644931140510595e-19
7.123433545919654e-23
4.721703736864123e-19
1.1685998375164134e-21
8.119713685973245e-21
2.888783482802666e-23
1.133801654865356e-20
1.009152779927683e-22
4.0451730671782665e-21
3.9570910054009115e-22
8.641125413134401e-25
3.8172101747850346e-20
5.886687193553529e-20
4.320794029384738e-21
3.1176288505360104e-19
3.4814996554659434e-23
3.01808517398688e-19
3.227585076427095e-21
4.644647351348173e-18
6.569154172462103e-19
4.500394391076096e-19
1.8874283446001793e-22
1.2788959007153497e-20
2.9033101682662687e-20
3.503366102782702e-20
4.738924265243268e-19
4.0775179613790965e-19
1.7484587080489432e-19
4.488532697278342e-20
8.281204135042543e-19
2.3426691606447756e-19
4.08985281706468e-23
6.861682762217918e-21
3.0690377918002942e-21
8.059288962413757e-21
1.1318946093040025e-20
2.5018018469588603e-19
4.0323420056619353e-23
7.672232872778537e-22
1.2370957491681748e-21
4.87104890473048e-23
2.838850701787589e-21
1.5385954884629207e-17
6.349894533010366e-19
5.0331804602437804e-23
1.5222962655063538e-20
1.1646664959102732e-18
6.841109507645045e-21
1.5787538366977216e-20
2.8872560240299787e-21
4.970736658664941e-19
4.447800848923325e-20
1.4172189243726622e-21
1.0332867782001111e-20
1.5662517910009803e-20
4.4330107536715775e-20
1.2692798782300232e-18
3.5496190338012215e-19
2.688981557567467e-16
2.6231922794335567e-21
1.5284480940835965e-21
1.3373388947851915e-20
1.9156298166541504e-22
1.7453637627938977e-19
4.579630581900168e-19
8.234458440575364e-22
2.3667395684841374e-18
3.7166968870785825e-20
5.382981528445836e-24
3.2081373803332827e-23
1.4991604872756377e-22
4.304394759684235e-23
3.2795965274868744e-19
5.310620895388598e-21
2.3911970552084732e-20
4.056104321911589e-24
1.223732960985303e-22
2.4971245970673286e-19
1.2136758571199015e-20
9.932157463548739e-21
4.424250392945949e-22
4.472360940657151e-22
3.333168016426977e-18
2.005427264783613e-21
1.881579528944308e-19
5.924245255627274e-20
2.9386925418830577e-18
5.0606712356863796e-21
2.0070948121867547e-19
1.41263933484445e-19
2.661147794134873e-24
2.130026153036462e-21
4.29927765771465e-22
9.953848288730796e-19
6.091258115802179e-20
2.3571136722760763e-22
1.6681913445374728e-23
6.219035808880504e-22
1.336589101164012e-19
1.2575144690153516e-18
2.0027848452754867e-20
3.558258015921619e-19
6.134585010054118e-19
2.5061593226688164e-22
1.2666552587374234e-22
5.987788573604759e-19
1.1118360101112719e-20
1.368873441292155e-21
1.7690685353079705e-18
5.852139282650091e-23
3.6170664672219643e-19
1.605095692564729e-21
1.3473558345280962e-19
3.974284258609966e-21
1.0604047065753415e-21
3.755293826832084e-19
1.6484104464934725e-19
3.0804678641013905e-19
5.150424912106899e-21
1.1010962551481549e-21
7.304531609769948e-20
1.1725264694437844e-20
6.655754619515326e-20
4.017995634627031e-19
3.44051488850402e-22
3.293009147912654e-19
2.7864374864568424e-18
2.5857798637636715e-18
2.002009902720361e-17
6.423409294874765e-19
6.26105643657785e-24
4.237978188489602e-24
1.0078941036517424e-22
1.8604310003823775e-22
7.0909572634976e-23
3.325083814113895e-20
3.817802161895547e-20
1.5619877989618732e-17
1.8964559795333863e-22
3.0929037231950336e-22
4.549458401610553e-19
1.0017754896232693e-22
2.1887789295396154e-18
2.0554721811998277e-20
2.1856335132581097e-23
1.3401277745266497e-23
1.1452559435574348e-20
3.502862310735825e-20
6.829614302100284e-24
7.824135823755955e-22
6.573498395706051e-20
3.5286161600433897e-20
4.0059491111611063e-22
8.038434345043271e-21
3.257422948859668e-18
2.0424594501509824e-19
2.276322087995498e-23
7.256913564280297e-19
2.615750196021549e-19
5.845062746539117e-18
3.17193955379019e-19
2.4482124199619725e-21
1.6691686295564235e-19
2.2195198477260125e-20
2.6068966310499204e-22
5.299135669848689e-19
5.799778048064438e-23
1.8915212314034565e-22
1.2969860293749863e-18
6.341537989703246e-20
3.81124257672867e-17
3.683799701488846e-20
1.1139602671424116e-19
4.5399748408452545e-20
8.431054935778566e-20
2.2226503205949294e-22
1.7739668455558454e-18
9.669077721532727e-22
8.823764593156858e-20
1.2119833012574521e-17
1.8773558682726978e-19
1.8026132811148901e-22
1.0230431558499785e-20
3.918739759503271e-22
2.138447473611103e-21
1.5254172353410056e-23
1.1342561960349678e-18
2.071343039632095e-19
2.3148335734025584e-20
6.548725861941542e-19
1.4119084006500453e-18
1.2714772994141515e-24
8.659821521750807e-21
8.079890428310604e-23
1.943594850494576e-21
1.0213650999597903e-19
3.2729384091179875e-20
3.559932761916558e-18
7.999533235491368e-21
1.733441228906609e-19
8.97675226258392e-21
1.5773795505051513e-22
6.5786131553943386e-21
7.783956109713652e-23
7.457982881966208e-21
4.455500526175194e-19
6.269350311376396e-22
1.621602641180573e-22
3.2024929052522823e-22
1.3748343111296312e-18
2.729143215430684e-22
3.529344477641287e-19
6.947768677536643e-16
9.096587982326615e-23
3.7943705482534553e-19
1.9139142389640797e-22
2.7325344658006185e-19
2.384522696091894e-23
1.6468783124498187e-21
2.974294837362649e-20
4.710970146905131e-21
8.554479430718349e-23
2.526812331649673e-22
3.3380197978372214e-19
1.9803456537183628e-19
1.0097940153049722e-23
8.419483883908383e-24
3.400907522598095e-24
1.4948447317860925e-22
6.892893224811004e-22
4.6494657886192676e-20
7.521709339352462e-22
1.940384706222976e-21
1.2047293296020308e-21
3.6828380785545293e-22
5.364924301189784e-21
8.123946625361072e-21
1.2607172144711059e-21
7.30032925062532e-22
1.7639738291041574e-19
4.450508953198351e-19
2.4557152984212003e-19
9.804539841511278e-22
2.336769315222895e-18
4.297931408379715e-22
6.533850097316994e-20
5.301789978560918e-21
1.5724436244785856e-18
1.4611721041470796e-21
4.041657817146718e-20
2.0302708023650208e-20
2.6400806653405463e-20
3.7647660099085375e-21
2.0443001922733402e-23
6.88409569854416e-21
5.131188368318777e-19
5.195385688443131e-19
1.33236383045783e-22
4.928181542764841e-20
7.278606396159848e-24
7.18029288674416e-18
3.6400587976088463e-22
4.5289581808709396e-20
2.095115094928923e-24
8.927059219919934e-19
8.080667796686849e-22
8.657501914769866e-20
5.289779193995733e-18
3.200454702384328e-19
1.5906379134411313e-18
8.213244261223477e-19
2.011712972501833e-21
1.878912645316212e-18
6.568516141139167e-24
1.0531756108437047e-18
2.774348722435407e-23
2.961443756299522e-22
8.427027177829639e-23
1.0460837744102856e-19
1.760955379163165e-18
1.3446666290781276e-22
7.888378377039006e-20
4.86520158129808e-21
3.1677263218443537e-20
9.241064424097432e-19
1.8298759458822537e-18
2.1539850767120186e-18
5.369566038630258e-19
1.044723530505216e-17
4.648296277770141e-21
2.015961474908931e-19
4.656896139257751e-20
1.7812025191582446e-23
2.2797066762321437e-23
1.187682691373498e-18
1.521510520135991e-23
2.3198242547221746e-19
6.4274780705024276e-21
2.3893870743268284e-18
1.218380189190407e-19
7.439448608950833e-22
2.3195527617873316e-19
6.449535959898273e-20
4.557270174522702e-21
4.241616019232043e-21
3.577872464816768e-22
3.4756820232836997e-19
5.870021636703144e-20
1.2169827199262926e-18
7.765394087879646e-18
5.134877697625939e-22
2.424175942560438e-22
2.900323008385584e-18
4.0735815614251285e-19
1.6390684274249828e-21
2.1878002350346027e-20
1.1581003093643801e-21
2.709251509454429e-20
8.342423766819004e-23
1.2442790470585784e-20
8.734517403795604e-21
2.706044745907375e-18
1.7558841860858743e-21
9.51133447421275e-24
8.332408090352831e-20
1.8267656213508437e-18
3.022192946646254e-19
1.4456759596875301e-21
3.20983509449432e-20
1.2472341488760227e-21
8.289025184761544e-19
4.424418453510343e-19
1.8161734543349164e-20
4.869706242928889e-22
3.413303202523549e-19
8.30858925771438e-19
1.7985925795486346e-22
1.1048922743914918e-21
4.316785908396506e-22
1.1568434655859698e-18
2.173445273425408e-18
8.860309085212195e-23
4.424047458922321e-20
1.0318353448239861e-20
2.8694410034886557e-23
2.7025190794989544e-19
6.101108289665943e-20
1.2379177887694588e-19
1.867929382542385e-19
5.438703884235702e-22
7.341614018909936e-21
9.845632637661047e-24
1.9308054126082955e-23
2.4428291312390415e-24
1.3444375366093105e-21
2.1605284287349804e-21
1.1442376646179886e-19
5.166947275763619e-19
3.896944746421285e-22
5.7783758840625344e-24
1.511383087817322e-20
2.6215880378097304e-18
2.7418595768810967e-19
1.5340166028978221e-19
3.2551736488993453e-19
1.988026945887119e-23
1.6043217881190085e-22
2.317193162280056e-18
1.0270304814682473e-21
5.456191074297911e-22
4.022216630046593e-21
5.565185497658602e-19
6.591349841295783e-19
4.590110626999456e-22
4.1377086624625354e-23
5.314247735349954e-21
6.248919560976404e-19
4.975000733177291e-21
3.1665051132347777e-19
8.106697470595068e-19
2.3451137644153637e-17
1.914261667630896e-21
4.6840413856286585e-23
1.8666435178893378e-18
3.3651472616231764e-23
7.221571960411109e-23
2.3065725828696625e-24
7.433781297111967e-21
6.005705197826883e-21
3.917404888898578e-21
1.0705308559000685e-20
3.6105427677310896e-20
2.1051272766632836e-21
1.872356439239252e-21
2.073138801924926e-23
1.4533722437035608e-21
1.0155379383816095e-21
2.178543423536021e-21
1.876458528672802e-18
1.5117943352325936e-19
4.050659519776834e-23
2.0534403895857053e-19
5.406435396506304e-19
1.077835859410474e-21
3.6613672392962416e-23
2.95240073269583e-22
6.029280941142547e-21
1.378246561933915e-23
9.392840596249308e-19
4.282815391985339e-22
6.392652204386387e-23
7.218248008427847e-19
4.843433771932778e-19
1.3930730738804432e-20
1.2966572399828128e-18
1.088965002232509e-18
1.4065428472802907e-23
1.0030474396501771e-19
3.619597376108798e-23
1.4801825868632675e-20
7.759488424916504e-21
6.291538098077307e-21
1.778630594801746e-18
3.1265255400959927e-21
1.8329465638264084e-24
9.361698986322088e-24
7.448988079011429e-20
2.005673010293418e-20
3.065635207164936e-22
2.848966093238255e-20
5.426031342592034e-19
1.3543619441768524e-22
7.550138704170668e-20
2.901326201461317e-22
1.2594451985990442e-20
1.9940520603520594e-22
1.6656068662485264e-21
7.659828393687124e-24
6.698398621294869e-20
4.8527417411305377e-23
4.547734389769735e-23
3.7416222795450285e-20
7.639637030229427e-20
3.2393489433515527e-22
6.461787308855383e-19
6.807943790580068e-19
2.43512449660499e-24
1.9372199669250115e-20
1.1134868279542312e-19
8.992758336255145e-24
3.414853454542976e-21
2.3960460581175903e-24
4.683595599360463e-22
8.936287214084419e-21
2.4915693415116383e-20
2.4225114847265063e-20
3.178739537077915e-22
2.1089221679574512e-18
2.0862602579501705e-20
4.947377967495537e-22
1.9000302703195704e-21
5.480551933387834e-21
5.993203428996113e-21
8.114139360953524e-22
1.6607666952968303e-22
2.8911471538575837e-19
8.785143886978592e-20
2.6002172315340678e-21
1.115172016135128e-24
1.0044284699679598e-20
3.838142789508366e-18
2.9771071699360576e-20
1.7656280448676148e-20
3.5267973269308365e-19
1.2575123212727281e-20
1.6565827004582073e-19
8.895880713956575e-22
2.410970168089228e-20
2.295955367760703e-18
1.745420630193948e-20
1.4543009024177518e-20
1.4343130833570475e-21
7.36394105520766e-21
1.6390555980607018e-21
1.0224349888279372e-18
2.0834106513443545e-21
3.1883673625901727e-19
3.740698217860906e-21
2.871224473346921e-18
1.6398926896512355e-22
3.1767038953424306e-19
2.5309028059019404e-23
1.207256656242291e-22
1.3597131013607677e-18
6.61314858446513e-24
1.4057409317176613e-20
1.0775226074077773e-21
1.2155061262008548e-21
1.5539387790032985e-19
7.220369892491008e-20
2.5784813747971434e-23
3.3122950910785738e-21
6.385350308849748e-19
1.903081603624132e-22
4.6373393162114854e-21
5.309841758529673e-23
7.216981263526595e-21
8.838261307106396e-25
4.1785826016882995e-23
3.085569190869452e-21
6.878666539677854e-21
5.019097321864566e-19
1.1037046660172428e-18
1.7082680517992134e-22
2.3860455273540958e-19
1.4274365846541354e-18
5.366282188963843e-20
1.0584629995926813e-22
1.9757867758211803e-24
1.585957387771374e-19
2.4464875527159448e-21
1.3946931281849223e-21
1.6671730325262294e-21
1.3371351345475418e-22
5.42865526879481e-19
9.60964519687778e-19
2.915826619164505e-23
2.9486731242534306e-22
3.8037873925087214e-17
6.978039281979271e-20
9.648426433018915e-18
8.708319205924597e-19
1.3799728966747125e-18
2.623465816270887e-22
5.238746653801493e-21
1.5339647862272248e-19
3.3145939473527332e-21
8.62872328909899e-25
1.4124636010688912e-18
6.767999274729837e-19
1.6521483727696236e-20
1.5827829202421026e-20
2.6739752702999148e-22
1.4100121473685948e-19
1.1894522370129585e-21
6.400935392965808e-23
4.340288695835997e-19
6.242109807593504e-22
5.584841773090358e-19
5.001801015303522e-22
7.653616397632381e-19
4.2654865951277804e-19
1.3480059947896223e-20
3.468559748094163e-20
1.2095137732401673e-21
9.733680433787895e-18
1.2089725755015574e-23
2.4363139144931416e-23
1.133592104134734e-18
1.1061440226277277e-18
5.922974486153778e-21
8.161659697627856e-22
1.0327090023393372e-19
8.848114436578679e-19
1.6429066432579435e-21
1.5375695247818789e-19
5.786341265585834e-20
6.5507643805802044e-21
1.262628726085473e-23
8.445334699700716e-23
1.7774996421549312e-20
5.251607935903494e-21
1.091121662318463e-22
9.76164009632781e-22
3.592580265416371e-20
2.7422933135124236e-18
1.3369686520028357e-17
3.1490481318066914e-21
4.593161085225543e-23
4.6590335288876e-19
3.6376347805982662e-22
1.5374856436567516e-19
5.170750487615406e-21
2.704625063120704e-23
1.1933340432525206e-18
6.084448386090565e-20
7.894312927203894e-20
4.933778432191741e-19
1.807616438808562e-22
1.8914851703346268e-18
2.2361031103306686e-19
2.91324154028392e-16
6.51945634488294e-21
9.106803608057003e-19
1.3195229535567228e-21
1.4346966751480579e-18
2.129964848244356e-19
2.6304892006509244e-20
3.4177895958015353e-19
7.69074765814595e-20
1.6522845231474815e-17
6.251895352657476e-22
9.303051777800028e-23
1.3469544397055384e-18
2.424606528228617e-19
3.393012298795428e-22
1.6835956672857481e-15
6.448515114906128e-20
6.118713202560269e-18
1.2439500003995485e-22
1.7707915990985475e-18
1.0905255417059344e-23
8.161951688395796e-23
4.982665803207501e-21
1.4882752252959112e-23
3.1836174023528927e-23
5.2337047721455115e-21
9.757761890209988e-19
1.2905430479174952e-22
1.5700114156263386e-22
3.43969425084999e-21
9.255645497586695e-20
1.2198072624714456e-18
3.7886828357989336e-20
1.1541603293302576e-21
6.657824192779029e-19
7.430403462832721e-19
2.8937668904038805e-20
2.86328473099798e-19
1.1934339420014972e-20
5.930344425493713e-18
4.554513209903147e-20
5.222809786432695e-20
6.705233434275681e-22
1.0725282071035333e-21
2.5263242738830616e-19
1.548399030941234e-19
8.825651032322168e-19
6.233363435471297e-19
4.2699922785665405e-20
1.6871747033041695e-21
3.504279694580872e-22
2.9360380370573283e-21
4.196522971119345e-23
6.496557497666637e-21
3.504152501888091e-19
1.4060847451529107e-23
6.786204791417849e-21
4.911519066295118e-19
1.25128293259764e-23
1.1595437590104007e-19
2.0944505098300947e-21
8.550033820762808e-19
8.43299499485866e-23
2.073750782268019e-19
8.094739609101641e-19
4.450214863710831e-24
2.3437540603964708e-18
9.453555691377258e-21
1.394900096975339e-23
1.5197613307250379e-21
7.559575005600603e-17
3.855827480547918e-20
2.1893016916161962e-20
4.791417661787593e-20
3.649724621626262e-19
1.0363056870101321e-23
5.731735551484475e-22
1.5250024009924897e-19
1.1783456678015873e-23
7.138901296187177e-19
1.5484025103974586e-21
1.9122886015574483e-22
1.16210302146087e-20
2.2194062399172796e-17
1.2461023518119038e-19
1.212298142458095e-21
6.009045302093454e-19
1.617212715772139e-22
7.71823516820263e-20
6.505250868851858e-22
1.171674351688578e-19
9.305150861898368e-19
1.2417212551142878e-19
1.99985410462294e-24
3.1730509609906986e-18
4.894793038606644e-22
1.4623468769933005e-19
1.646490862518727e-21
1.218882591193905e-18
2.6947354378237137e-18
7.926831375729584e-19
3.4278989171953625e-21
3.041486226298132e-23
3.352721609800872e-22
3.3835698810776946e-18
2.069056364087406e-17
7.104237432460113e-21
9.838587759905921e-18
1.2176388061899691e-17
1.590689906695068e-21
2.4057558296671333e-18
1.0548672420195573e-19
2.09080795255594e-21
1.1530548658597128e-19
9.396576172082363e-23
3.990078497812831e-21
1.6632087381631651e-18
6.602020008468226e-21
6.05707956143815e-20
1.2657850346215548e-20
1.2551368933705153e-21
4.0067547592027484e-19
4.486319411355916e-19
1.2267536500381522e-23
1.3682818101123594e-17
6.639703994589656e-20
2.0237037561215214e-23
6.047259634280186e-19
3.8388872716656894e-17
4.38677062910012e-24
6.34498138084882e-19
4.170214604624173e-20
1.433360000826894e-19
2.7349942354413524e-17
1.5652437117605867e-19
3.624700036601103e-21
6.129307805521791e-20
1.358162680197663e-22
3.039422485364103e-23
9.279076832152257e-23
8.753754477389284e-19
8.651207881232473e-21
1.0741987730369643e-18
4.661745298652069e-22
3.15414598484568e-23
2.373833481772133e-20
1.699482725582822e-21
5.063395915513977e-19
2.305006566801713e-20
1.8271976366002786e-18
1.7853231590945916e-18
3.875116249631805e-21
9.731210539952897e-21
7.312179050252721e-19
2.004670379706944e-23
8.870447061165021e-18
3.0090743263920517e-19
2.4700116419043446e-22
6.188537977399213e-19
6.39408399703277e-20
8.542121221479998e-19
9.522557925509095e-18
5.007125402584727e-24
1.5728914225818292e-20
4.6085472801999665e-23
1.608631990756654e-21
3.0451479417175405e-22
2.3281446601384013e-22
2.524925089993018e-17
6.818047377766262e-19
1.1770601023317455e-19
3.9458331855406606e-20
4.498717140420759e-19
2.95983144298661e-20
1.0450125851644194e-22
2.641632622856286e-17
1.0534116881950002e-19
6.523218752924311e-20
7.30987859264031e-21
2.6351546839128726e-20
9.001505713233268e-20
2.3990562946306797e-21
3.2955052275233645e-21
3.0198952673898714e-19
1.4836896851129326e-19
3.8380619923603665e-19
4.104631608087962e-20
5.2931209926552053e-23
4.805953474278101e-20
3.1297164533934086e-22
7.102815222633498e-22
5.3057863139869075e-17
3.229730773460529e-22
3.100688067981537e-20
2.437187317095847e-19
1.1179758575518401e-20
4.364151328376658e-22
4.743209355312407e-22
2.213315760423087e-19
2.311625622172375e-19
1.7634329284440245e-22
2.531180724258529e-19
4.8492130992884095e-18
1.1779735953690328e-22
1.4097345895360987e-18
2.535912981048126e-19
6.229738432883172e-21
9.734999395749214e-22
7.881600942896617e-21
1.7968784713856855e-21
5.264634083118357e-21
4.115928489144598e-23
6.924720457228798e-20
3.5344917408860994e-22
2.282241576826657e-20
5.1143582833558186e-20
3.2211393985052814e-23
2.4738009124382578e-18
1.0073573955784156e-19
2.64106926261788e-19
1.895355225101513e-19
3.1951921185199533e-22
4.569864241882504e-21
2.2663269770494366e-20
1.434442988528386e-17
4.674803946914289e-21
1.4600317035502135e-19
1.0671419493703967e-18
1.179355992616294e-18
6.733605283668725e-24
2.0327606736075063e-20
2.0181113651987508e-19
2.5309985088730937e-23
2.545927964980214e-20
1.961591267842083e-19
1.011098161888919e-20
1.133939810529349e-23
5.471393697825457e-21
1.1287326167894582e-22
3.6909286269614924e-21
8.665254407810515e-24
1.8695654468054413e-21
3.750836074253022e-21
5.891916995266138e-20
6.910070510221019e-19
6.220631306112681e-18
3.4011836740063626e-21
1.306554797016549e-18
5.643860604808399e-21
1.9574812284619253e-24
1.6222574183665741e-19
1.3637564119660265e-21
2.0891536149938704e-18
7.809120162390021e-20
6.2290503645270626e-21
5.430854624127175e-19
2.932887920332053e-22
1.904738725687144e-20
7.071509749483338e-18
6.285142988223371e-23
9.519300185722868e-22
1.8255875926937726e-23
8.856156421865691e-24
3.437193608223675e-20
4.736008722585026e-18
5.149759566319548e-22
1.4514090560266506e-21
7.6952523825976345e-19
1.4830050439373204e-19
5.029755812860832e-18
2.935498596868577e-20
1.2022150303019243e-22
3.0542088743986678e-22
9.309079598625993e-22
2.427545105192699e-22
6.04027893309951e-18
2.604892735620414e-19
9.806178037362402e-19
1.1024538387164523e-21
6.084447451370708e-23
5.896257320775904e-21
7.045619249884662e-21
1.1069420057940897e-20
3.8814397264396524e-18
2.3607336110398504e-19
1.2378576931291525e-20
9.184514222981938e-23
7.640530132287346e-24
2.6529105122294984e-19
8.662080886432681e-21
8.978473451402554e-19
1.756315437933361e-22
1.5821420656246578e-19
1.360845088813933e-21
1.0274709984340325e-18
2.244362980616973e-22
1.0922736085407343e-19
5.111849962639361e-21
2.1931101157793803e-21
3.8928617407405434e-22
2.009299162056163e-20
1.5422699180507945e-20
1.835140480995243e-20
1.0171396011017805e-21
8.429859545686646e-20
8.73627129166341e-21
8.393863888022999e-21
4.308417001764177e-23
5.429073037943365e-20
4.0586249433319054e-19
2.0279830201910135e-19
1.0984235457731212e-19
1.2188813162136135e-20
3.7226572327916427e-22
1.6992010860881386e-20
6.185139564758087e-20
4.924664918537129e-22
9.383226214946275e-20
6.746618505311131e-19
5.661946507778022e-19
5.9667510003939645e-22
9.591502075857874e-22
5.602557706939668e-22
2.317433420852675e-25
2.200075437217163e-21
1.6358551321242144e-19
3.5441150254007553e-19
4.1958497264851743e-22
4.4044850895481844e-23
1.8847073804766915e-21
3.343291580205489e-20
3.1056274643336205e-19
2.9155149440910966e-22
8.487011461144038e-22
8.109994946175958e-20
8.756963588577209e-21
6.897149916344066e-25
1.029162072664359e-18
4.491207439315268e-20
2.7624179345415815e-23
3.10419633033144e-23
9.484985272339422e-25
3.556524792145004e-20
1.6862134639661656e-21
1.292719518494872e-19
1.2428173511118839e-24
8.458180088059575e-21
1.809279508223634e-21
2.087047823870862e-18
3.3542189263340856e-21
7.768829634423123e-23
4.3362682526261635e-19
3.774948083414239e-20
8.963235194920052e-19
1.1820705845640809e-20
2.1668468512202305e-20
3.7107503251029326e-19
5.929260483746022e-22
1.681183688728495e-22
1.8443517106532783e-24
9.940747845645974e-21
4.290423078472297e-20
8.630439317473156e-22
1.3312011466989864e-19
2.8171499461073255e-20
1.081157943710716e-21
4.129745071327589e-18
2.0519389891482665e-21
1.1873289135172981e-18
4.1811713114706197e-20
4.366918295576042e-20
5.937184901831459e-24
1.2958529015671885e-22
1.4242173685646547e-20
1.0786894369231123e-18
6.227105043648334e-21
5.365644641768401e-19
1.3603338404156344e-21
2.9280091916082254e-22
7.564142850474189e-23
1.1099003662347843e-19
2.425999197671631e-19
1.9849983014941854e-19
4.167730674024564e-18
4.836770418754522e-18
7.219512834313859e-22
5.939810882572096e-23
7.412824086953511e-19
1.7682223472437785e-23
3.579280979828056e-21
2.4520133476205615e-19
3.563739056575382e-19
2.3124755352475153e-19
5.223870314546598e-22
2.5766342988116825e-19
4.3924971585211075e-20
8.35732265166962e-19
7.035204283441843e-20
5.1488761895564606e-18
5.1824391435124435e-22
1.1080086371285587e-18
2.2970188673804377e-23
1.3462628751936697e-18
3.509639833648093e-22
4.7859084312946524e-20
6.126250510778751e-21
3.3517840677362313e-21
8.336904364086761e-17
4.4478445102761943e-23
5.854360493193386e-19
3.7931351815272276e-23
7.977553702238633e-24
3.129649341258044e-17
2.2761573202629398e-20
2.2451482723756993e-20
2.1127421907351606e-18
2.0365244796234777e-20
4.748032533665423e-20
3.1837178352393573e-22
9.923494530450534e-19
4.310301165262714e-19
2.9932147700493748e-19
7.010741932632427e-20
5.850539780767646e-21
3.714335580204429e-19
5.42035228745063e-20
1.7266332035389034e-19
4.5737628861625817e-20
2.833965851977534e-23
1.2720565690086904e-17
3.2597365379432405e-21
1.0046014357107723e-23
3.3107853168561277e-18
1.9616215085077735e-24
1.830169342508236e-21
1.7272969031994421e-23
2.6767106032757685e-23
1.1424981684970518e-18
1.9636470698543798e-20
7.38827630710341e-19
7.501914062733792e-19
3.1260353840448353e-18
3.8919715816704556e-23
3.69108339874473e-20
4.0689400008884725e-22
1.203251546540868e-16
5.9850529546235166e-21
6.717214616118891e-18
4.31782358013722e-21
5.358351389691755e-20
1.2030692870387314e-19
3.752692194837742e-21
5.491823181143709e-23
7.62797640816956e-24
5.652469454214253e-23
7.703699949540659e-25
4.288185397381578e-19
5.515605266595708e-22
3.6418599691103905e-20
2.3594637311023683e-18
2.38593750568186e-18
2.9151210434777242e-18
4.550248415853159e-20
5.023626236313585e-19
1.9153944079368534e-18
1.5212522427350182e-19
2.1840344934683547e-22
2.831245630553489e-19
2.7919123337835376e-22
1.3799084716088646e-18
2.3834083286892996e-22
9.654588537175697e-22
9.398655421434463e-20
2.844050378171074e-21
7.234170310753178e-22
8.238289585173351e-22
2.2651137818010174e-20
1.574248333411807e-20
6.37283053107296e-23
5.130057483111598e-19
5.2542752745137284e-23
3.952444090230478e-20
1.3335107268208233e-22
1.1611082367768003e-18
2.2665734201675537e-22
2.2589498074059728e-24
8.626028218921431e-20
7.346039880621984e-24
2.6783419521934454e-18
4.994328461502087e-18
7.615646588723928e-24
6.037564390766759e-20
7.513037153933277e-21
8.60030408128145e-20
8.871624146017146e-18
9.09619012016263e-23
7.817770573349756e-22
3.251682320465519e-18
2.453767174822473e-22
7.087852466872517e-21
8.444202183244127e-21
1.7362520642863824e-21
7.692446601183669e-19
8.532238674091909e-19
2.3067266297744507e-23
1.035551966669757e-20
1.2187881109426742e-21
3.7343690131180297e-20
9.2165381043492e-19
2.758232650190255e-20
8.438426300696876e-21
2.683085010514223e-23
9.68005542758511e-23
7.792646016437606e-25
1.3233059051413933e-20
2.9210971630314798e-21
3.516096685457542e-19
1.2128312791477366e-20
1.4373598866592372e-18
9.807406233353324e-18
5.671838935337742e-20
7.90942100887518e-20
1.1002591245000872e-20
1.8357999812471343e-21
2.8038982007989204e-22
1.0212844688010277e-19
5.553089465899771e-23
1.7116275857372058e-18
1.0451795988044958e-18
4.4157728275907883e-20
2.034464356040938e-21
1.3347853690057841e-22
5.09692381451206e-19
2.8319763783709755e-16
3.9572522526441577e-19
1.0521439565182418e-21
2.730172705419112e-21
8.59532333403096e-21
5.4827668122615e-23
2.0244709613261495e-20
1.1110816863165948e-19
2.3864437204262397e-22
8.162684224682534e-21
6.94483705875739e-25
4.376568165318457e-22
1.651026987649148e-22
9.791238099944603e-22
4.01477174019522e-19
1.2470498784386812e-18
1.7948771490816775e-22
7.115994764433121e-20
3.898854318193126e-18
9.127049075737424e-19
1.7570287484613613e-19
4.703726762296889e-23
6.168341211620745e-19
2.416047465822978e-18
2.3828440441641737e-22
1.0639640887571421e-20
4.0400956980997307e-22
2.5715164563442723e-19
1.0979401450054234e-18
9.048670230207501e-22
2.6229452420571668e-19
2.4186722815767913e-20
7.830040061765726e-19
8.885457724093654e-22
1.332636532585096e-21
7.539669730563255e-22
9.827881898798656e-19
3.875114746463189e-22
1.1382447563886562e-21
4.951865500675914e-22
1.3226047404441974e-19
8.792882700537132e-20
8.858579311517111e-22
2.8610013607224296e-24
4.469891935787249e-22
1.0722034543384483e-20
5.952952737742941e-24
4.122556315846775e-18
5.524001319305144e-25
2.242610843060301e-20
6.8782036061674535e-22
4.2566173560219336e-19
2.678993151086243e-19
8.910558892114603e-21
6.777367843850444e-24
6.614200560686675e-22
2.403282566145458e-20
1.0451304286422308e-21
7.963622470242301e-24
1.9025361953269026e-21
3.7430129550566266e-20
3.845948013241704e-18
3.0364246686403285e-19
2.1859406895237226e-23
8.823491168078156e-18
4.549593374049323e-18
1.2473534855650123e-18
7.0253406010414535e-22
2.332451227714462e-19
1.6226837526993305e-19
7.729968596705594e-22
2.6732912558944944e-19
1.5978618294047032e-23
9.404682541725213e-20
1.1576325054914724e-21
3.1698163243991334e-20
2.031581396310606e-18
3.808393784902029e-21
4.2273238982752236e-21
3.2080698662032226e-20
4.771986156205117e-19
6.412523919121936e-20
2.781229675554968e-19
1.611505849175171e-20
4.743175055651362e-21
8.099952583015379e-20
7.212023872150388e-22
7.763604534026445e-20
1.5917230480935883e-23
6.012000677751622e-20
4.325991132193111e-21
8.683460359224167e-19
1.0372811466322345e-21
3.019868682745825e-19
3.56238617643551e-18
5.842238147442133e-21
8.876755706520605e-20
3.841765921221903e-19
9.10952416700272e-21
2.507323443703415e-19
3.2933551125321483e-19
6.540149122592458e-19
2.4847381611104516e-19
2.8890396468490994e-21
9.382265823867314e-23
1.1323005749931512e-18
1.2588439909370455e-21
1.1098238241797978e-18
3.261371933865329e-21
9.193285491342788e-23
3.8175535509233093e-20
2.0316707822785183e-19
1.357403416963213e-22
1.079823412816615e-21
2.448507553582759e-21
1.2991821175031601e-20
4.8058585293329244e-20
7.483498826218686e-19
1.0982498752181619e-22
1.719694080658641e-18
6.0041991749180105e-19
7.636924525630314e-19
9.433568916346304e-19
7.431859675558495e-21
5.997288080092798e-21
3.860107790457283e-19
5.516034586788164e-23
8.44221547936586e-21
3.3192534215092508e-21
3.120468776294759e-17
1.25044360552686e-19
1.1148953422050786e-23
3.85785664207058e-16
9.343008408845763e-18
2.306830790653774e-20
1.740904554963344e-21
3.46118503924416e-19
2.0982938233733831e-22
2.762018935938643e-20
7.309053290464097e-21
2.8248093452055505e-20
2.3575765346621812e-20
1.3643608030363065e-23
1.24314655348554e-21
5.1470627179665154e-23
7.211706442408307e-21
2.2434390923867273e-23
2.6687738096878144e-19
2.4168841019118284e-21
5.624360982323022e-18
9.024775769355237e-21
1.768406474848554e-18
1.7127474205063455e-18
7.26940163772531e-18
1.9452555302112863e-21
7.918544405411842e-20
4.010175172208671e-20
1.2211682677933102e-20
7.626288813676661e-21
6.968400733699436e-23
2.613752764364537e-20
1.1162017598571448e-17
3.49656836956989e-22
6.855436142470175e-22
2.1970468168622566e-20
4.223273633144626e-22
4.73511958166491e-19
2.123578903531405e-21
1.2350272580279572e-18
2.788731840953235e-19
1.198219528795253e-21
1.3084763022039778e-23
4.906820051643982e-21
5.313789085273501e-22
3.3109718293009765e-18
9.375011003282036e-23
2.4021597411875056e-18
1.311489571248414e-18
5.516804983791451e-21
7.866239988763876e-20
3.656033838834119e-21
5.1648859540734654e-17
1.233412373346334e-19
1.2506527851323155e-21
4.2928579086876346e-19
3.516268345266542e-20
8.801059679288696e-21
7.880938943323812e-20
8.918029438817729e-22
3.3409278211517334e-21
3.448663639152246e-19
4.771370230941573e-19
9.953354103666245e-21
4.0814453565244727e-22
2.042918656078444e-21
1.29011333174528e-23
3.690905696680046e-20
8.83397487840168e-19
2.9159198388460737e-23
2.141761225802542e-20
5.513683589851104e-20
1.2730729614763002e-17
1.9766146188159192e-22
2.0545609754008987e-19
1.829083525946893e-21
2.863462259633274e-21
5.474141207655312e-20
8.428263164112752e-20
1.0500696929072652e-21
2.7137376866446675e-19
6.343511618470101e-19
7.512655069201439e-22
1.5218684725169726e-22
3.84655740614095e-22
7.590963988511089e-20
7.980463223493052e-20
5.047408700966142e-22
1.829650341904636e-18
4.337877978224698e-24
2.839429403509397e-19
4.27377239759337e-21
5.808109251749753e-19
9.794482583602522e-22
1.571953583514307e-20
3.976770731028396e-20
8.904429286739744e-20
3.5127934409688024e-19
1.5560361993161344e-21
4.947212013020494e-23
2.4601691818436115e-21
1.296999245771774e-23
1.3512151313380196e-20
4.7176214786141034e-21
2.693324206174969e-21
8.099119325629226e-18
4.360275003635438e-18
1.3955742343499773e-20
3.131977484770981e-20
8.560464244202639e-20
6.434664018047905e-19
7.617628216315478e-21
1.0272248637115437e-20
1.1376851393829004e-18
6.5476812693475295e-19
8.927531915647975e-21
2.488304937680691e-22
1.5113987174469863e-20
1.756136462655035e-22
3.1772756427711657e-23
3.107212444004981e-23
3.4289404094135495e-22
5.527680983053661e-21
9.458574628934377e-20
5.050730884494553e-21
1.224882569552095e-20
1.591536967955291e-20
3.1834861476626113e-23
3.084661909477651e-22
4.7737952609134636e-20
2.465294595574419e-21
1.8209302033264375e-19
1.0580946964837337e-22
1.3046035251508447e-18
6.121358010480568e-23
4.7812950250874035e-19
3.5736274401303593e-19
2.386869689767462e-20
1.0975844264591355e-18
5.56157681707211e-23
9.743144622167976e-20
2.5842653515457535e-18
1.4439327257028938e-19
4.314258793588253e-19
7.81535556860885e-20
3.337008638516103e-19
3.70332311547647e-18
1.8304813309651934e-19
2.3706163315912494e-21
5.213981237390383e-19
1.6174974912631887e-21
8.539084555625098e-21
2.37043096209502e-19
5.398285570924387e-19
1.4302189575508003e-20
7.355874618134487e-24
2.1542684994094328e-19
2.228601605717136e-19
4.399179588705247e-22
5.377232580999371e-23
1.906315233278703e-19
1.9271371588556055e-20
1.7645865212913353e-19
1.2954765879661497e-24
2.0075239394801176e-21
1.4909455241446022e-21
4.42049051563227e-21
4.899570298109898e-22
4.7355081728300485e-20
7.61575012063399e-20
1.0867435191064138e-18
1.2984381909915347e-19
1.5527901334393738e-19
8.029052918253883e-19
1.0865335925328902e-24
9.378236693132965e-21
2.477965742596824e-19
5.1056042902274995e-18
4.99813326296959e-22
4.412359739821758e-19
1.3324363697599512e-22
2.8784267432594344e-18
8.980484183401639e-23
4.774639426989843e-25
3.3411249879834676e-19
3.288178686415224e-23
1.2811749196015393e-21
5.56532262077779e-20
3.27671807371438e-22
1.1522922675484043e-19
1.3131488436207883e-24
1.3866798700436863e-20
1.738480768199608e-19
1.3631172865461634e-22
2.0701570215516546e-20
2.326641451353546e-20
4.188139701907136e-22
2.6379832480347705e-19
4.975962350527477e-23
1.0567804979167894e-21
5.1158971962449664e-23
1.2395643118651633e-22
9.900516542147188e-19
1.4779158843861642e-22
1.5974255552344325e-16
1.3096726017948923e-22
1.6024519475570232e-18
2.5911099658165607e-19
1.6818011974303872e-20
8.753644929669706e-18
8.505959257493325e-20
3.645090171909925e-20
2.2137875231353584e-17
2.2307206833028077e-19
5.134675336168888e-25
5.843604267257072e-20
1.0204777560829327e-22
6.169151557429228e-20
1.2208360035677878e-20
5.804906374624713e-23
1.1579785080722903e-22
7.39544400057104e-19
1.364999331673795e-20
4.4409218064722005e-23
2.058687686653194e-22
9.756436396791978e-24
2.960675943349736e-23
3.975626251554615e-21
6.75254216537823e-22
4.358240450794511e-19
3.9180991155721803e-22
1.883722720904948e-22
3.2647612890560793e-22
3.335978592587051e-20
2.2057971385118217e-20
9.821552796634745e-23
6.52287199482232e-22
6.501864792229602e-19
3.238866128012262e-21
4.982681368581199e-24
5.039540627678122e-23
1.960777305662829e-20
4.1746417304797187e-19
4.789792804100062e-21
1.116048624135038e-21
1.7779988962603225e-21
3.8065811526602184e-21
9.873793024482975e-20
5.019265211614612e-19
2.481921008186306e-19
1.6051618665544271e-21
2.698274819789945e-19
5.723127298023025e-21
6.893081017906285e-19
6.143227874586277e-21
3.0425292995377456e-21
1.838102625086643e-21
8.230719890138897e-19
6.819279130811503e-19
4.992875725462653e-25
2.3061613035097903e-19
6.268723468414682e-19
4.243597786860866e-21
4.436043134412254e-22
2.729779416154194e-19
2.281332504624602e-23
2.568240260343144e-20
1.0874812605281054e-18
3.747418631983105e-21
1.0057997126200747e-19
1.469866827608635e-19
1.094998144503121e-19
6.216107471198685e-22
6.609727763165662e-20
1.628708574600169e-19
3.9832799181733765e-18
2.399271439941537e-20
3.3269107071931567e-23
1.0626273422276468e-20
7.339523132037031e-19
1.35429395515631e-18
1.0720175573662611e-18
1.8170553151586116e-19
5.571832321675122e-21
6.812457737391327e-19
1.0284420765198757e-20
7.868215422466859e-21
8.55168570638686e-20
8.823744208942705e-22
4.098181244295963e-18
2.4335890647353587e-20
7.049607636577266e-19
5.325412440911551e-24
8.046216523106351e-20
2.0178120651156095e-23
1.0061136725288722e-17
6.804542807239249e-23
6.543622882419926e-24
1.0026004811481548e-19
3.923669406302411e-24
1.0974947007462428e-18
1.4756454290165224e-18
4.435580285538676e-19
1.1965398823616224e-20
2.0287407093042147e-20
2.39462168058514e-18
1.837604620198991e-20
3.618873183850408e-18
6.053200265790265e-24
8.905470719210517e-19
4.397480018871059e-20
1.5268034970652534e-21
3.0403882426151055e-23
4.249023757945188e-20
3.3492806073402433e-19
6.818322836605156e-22
7.753704311478981e-20
9.820318972314411e-20
4.433777087106546e-22
9.586223350755116e-18
7.710691978382792e-21
3.434081308479839e-22
2.926160369870147e-20
9.775837477766594e-20
2.069994735360088e-18
1.7453268857126278e-20
5.356302898832431e-19
1.3125181788833107e-24
1.3156991038078856e-21
1.0072179163527253e-17
5.2322708692194814e-23
3.663845638952715e-20
4.089926813973497e-21
1.123210801356647e-20
9.884184353019828e-18
1.1031497550268306e-20
9.27045503253868e-19
8.408052436952064e-24
1.3668648785849241e-18
1.2177156807508545e-21
7.262131888047802e-20
5.928439984611679e-19
1.173172816770725e-19
1.2231840103530131e-18
8.933817753120033e-21
5.49843881844103e-20
7.847697678969318e-20
1.5244967757461972e-23
5.128040220879084e-19
3.841347186326548e-17
1.3361061069229077e-22
1.0590711384243608e-17
3.3824130447898532e-18
6.621977499278343e-22
4.537665953671921e-22
2.1872185661527854e-22
1.2591104289249407e-19
3.5169530705852165e-22
3.264662384331121e-20
7.206451495165691e-25
4.202845017307453e-22
3.573897661280036e-20
2.2018366364499486e-20
9.182411381472094e-19
7.945350314546359e-22
6.64423348215352e-18
7.914490501584713e-20
1.0246416011940342e-19
2.6443324930428833e-18
1.862988909463754e-20
3.7732920045397555e-19
2.4364962537488316e-20
2.1844054957752272e-20
5.6365255482140855e-24
1.4910503207881478e-22
2.3209709780060534e-19
1.051656302525989e-20
2.4326444045937775e-20
1.7077600623418862e-20
7.271664753576965e-21
8.500524616996612e-20
1.8752756546263792e-19
4.3894587275397065e-18
2.880386114589398e-18
1.6782572681383475e-19
4.755053898522193e-22
6.422457313841121e-19
7.402826403931164e-23
1.127150673179231e-20
1.628222541226005e-23
1.8123671567002227e-18
8.860441603582391e-24
6.716094933363874e-19
9.189762412107045e-21
2.0045704937834144e-23
8.358114576509206e-19
9.611583081319495e-19
2.127747985702007e-23
1.4452254125219834e-21
1.0617885448308609e-21
1.4202999519621664e-17
5.555990863141847e-19
2.1739603948024058e-19
4.441895344902888e-23
2.5460573144689066e-21
1.2731768598303976e-18
7.731593112021728e-23
1.5782911780758225e-21
3.292389040669819e-23
1.3154709110052993e-24
3.1764635613493943e-21
1.711353487324206e-18
2.707464222670278e-19
6.546784829820434e-19
6.004007016500169e-18
1.1112815422800198e-22
1.3894002413132929e-18
2.851682645982495e-21
7.377507439543448e-20
1.4882891314531964e-21
4.064997884892144e-20
1.8116690933125182e-18
1.8772414456750795e-20
2.1688357428768537e-22
7.047142683709127e-21
1.76966436326435e-18
7.93924642847874e-21
4.841694034703145e-22
1.4119313364205147e-16
2.6584142042931423e-21
3.436146833970445e-19
8.569621412053076e-25
2.344658324752103e-21
5.142802708993024e-20
1.4966133952542482e-19
9.100195201703742e-19
5.945392738946598e-18
9.741643465537873e-19
1.4606414427844264e-21
4.923857622492116e-21
8.682906050433874e-22
5.461002631380516e-20
4.1668573513893065e-23
1.900701999182362e-21
5.879240291981169e-19
3.3722369895029623e-21
7.485636134241083e-21
1.000068853431159e-19
1.547375713918838e-21
6.405147689947188e-24
1.974223759822805e-22
1.6440199899987959e-22
3.541145021909192e-21
1.5168155370096873e-20
2.538421823672588e-19
4.933938258558984e-21
9.030992732423279e-20
4.202380926086429e-17
1.521171207633169e-22
2.985734630933043e-23
4.432025360141221e-22
2.1541678996667174e-22
4.416597927217809e-20
1.065472212556669e-23
2.8707445046500956e-25
8.989703566985495e-20
3.8905762873055437e-19
3.744170055281833e-21
2.4196508970682735e-21
1.8625433182158302e-19
3.6435189971002236e-24
1.9495761984233752e-21
2.748726566709957e-20
1.7924222631575615e-21
1.9443033609234073e-22
5.2327792667006816e-18
2.190909069002059e-22
1.5556879931826789e-19
9.84259107378633e-19
1.3213881073557825e-18
1.4170045866877977e-22
1.2983615344921253e-22
1.3321396187984236e-20
4.61728022507655e-24
9.745760306540653e-22
1.0249869235172917e-21
1.2891829808667346e-18
5.473483141110374e-20
3.037223837124197e-19
2.393780689491388e-19
4.288694415528416e-22
1.5401721006294997e-19
4.269224798840431e-21
1.1398383000351912e-20
4.5826044835053606e-23
1.6312457559405477e-21
5.2787790220187016e-21
6.331345206906534e-21
5.623473390724509e-21
8.433510339119031e-19
4.419809783685866e-22
5.25640331737842e-19
4.809132451619355e-23
7.92441228058257e-21
2.2051922949655163e-19
2.955004812319814e-19
5.812081889323698e-17
4.4767210709374225e-18
5.56507796404905e-23
9.158973380096875e-23
4.2869289293593885e-20
7.669621482511074e-21
1.0559314265661012e-20
4.819999208201068e-19
1.3721195176706304e-18
5.932437376235821e-19
2.5964172535563155e-25
8.349299476388881e-19
7.451455990181407e-20
9.09597874566144e-22
1.352623481116706e-22
5.792026778136541e-22
4.780218892223897e-20
3.203606912645962e-20
2.601355497205836e-22
4.58515069578706e-21
4.946715678334847e-22
1.4022598314634178e-18
4.5008040572132e-19
6.1665453097670936e-21
5.296373709811146e-23
5.445719954916461e-20
5.780658007569967e-22
3.6659760124786416e-19
3.472896104673361e-24
2.856334276983101e-22
1.1665958672892259e-20
9.711118946423791e-21
2.0535399952084237e-22
2.297066215449825e-19
5.03909231294027e-21
3.674338408789213e-18
1.291055233504625e-20
7.337066473042763e-21
1.7403622183852655e-22
1.3165285322620275e-18
5.598586020677128e-24
7.488175597424506e-18
7.775029626178938e-21
1.3051163571364993e-20
4.0653531845781366e-16
2.5373651612223457e-18
6.114070357813013e-21
1.6045777799807334e-22
3.945593210293746e-20
1.496193235631372e-22
2.0881016794612658e-18
9.892856932392014e-20
6.586970724443992e-21
3.579585168479188e-20
5.551842920705854e-22
1.5076321442708151e-21
2.1749874253568018e-20
1.7981276688225477e-21
6.009791796099776e-19
1.0440784508624424e-18
7.757692818569655e-23
1.5493476957816947e-20
9.128615954363122e-22
2.0477156014143234e-22
2.930328368987328e-23
5.881504683276683e-21
2.294304110469934e-23
9.752570311644201e-21
5.398876528000946e-18
7.47200108231329e-20
2.1770500592900265e-19
1.4240060661586794e-22
5.41982644707334e-22
5.1875800630731495e-22
2.4084456322462003e-19
4.677628088504484e-23
4.4157039136918274e-23
1.1287621282429366e-18
2.0632710317322595e-19
1.5128484977712342e-19
2.37439354781856e-19
1.3155119514967662e-22
7.931659345010965e-18
1.1918674223026071e-20
2.0361489835933984e-21
1.0207410296899565e-19
2.2290279283129545e-20
1.1829618921513455e-18
2.073467636233496e-20
1.6980801777345386e-21
9.47715364430222e-21
1.4105132985166733e-20
1.2827167170342829e-22
7.486370231151357e-23
7.227254805445676e-20
3.260020835461509e-20
2.01500109063912e-18
1.3670464311561832e-17
1.2247009341520072e-21
1.485275337193183e-19
5.738671284311435e-22
6.1133508561217174e-21
1.5468252615468e-20
2.0566688822485746e-20
7.294695114302185e-18
6.45923256542736e-18
1.0127531736659305e-20
1.913549059389147e-17
5.828129702579867e-20
1.993661602113762e-19
3.5868010342924944e-22
7.872734302940682e-19
1.289334462231365e-18
1.6420812476088395e-22
3.513270916810578e-19
1.4933411893132495e-21
6.172309745842625e-20
6.925693981414305e-19
1.8867838351599565e-20
2.401756814850013e-21
1.4883770314550956e-19
2.403356548149141e-19
1.1794063511826914e-20
1.0575190926587965e-24
6.896808693946253e-22
6.391655799335263e-22
6.019527548898727e-20
2.609861507898629e-19
5.266688047888089e-19
5.167625096621521e-20
7.2715448070288e-21
4.782310088232811e-19
2.786142148499974e-19
2.4238149416575544e-18
4.463356988112725e-18
3.237548775578697e-22
3.0251269613591156e-19
3.1375705683649e-21
2.265517390605863e-21
1.2788408832166875e-20
1.379443187181096e-19
1.655621989415039e-20
1.1085320502741488e-20
7.632174778080628e-23
3.580775643890784e-21
5.954728943541015e-23
4.857837487387228e-22
2.169215747229407e-23
2.999853906576738e-21
8.171695920375528e-19
5.108772642841662e-18
1.3768520450941278e-19
5.902815632856002e-23
7.226375556906447e-20
7.124420431728869e-22
4.972925035177965e-18
5.00379031051276e-22
1.8788829339018363e-17
2.165261710745474e-24
4.4016142988993017e-20
7.764767844219841e-18
7.941633979442754e-21
4.792322771012032e-21
1.5235886307631696e-18
9.159196271138181e-23
