1.3204945156517907e-8
2.60185351981922e-9
3.26227864353346e-8
1.664107853927177e-11
2.725953978625811e-10
6.002405570666065e-8
2.2000451618588453e-10
1.593239621767007e-6
2.049234265985528e-11
1.1838690814589053e-10
2.1422701363046335e-7
7.409810375412365e-13
3.1932531650049708e-9
2.5181111399455916e-9
2.984172828121357e-12
5.148028653739023e-8
7.659245985222217e-11
3.1293712175551353e-12
1.554355870246093e-10
2.0980099580609362e-11
1.1283704025642666e-12
1.1707493283928606e-11
2.275454778840628e-11
1.2067389540702368e-8
3.242111965958564e-8
2.7660001670268183e-10
3.6861049313139915e-8
2.454138954150911e-8
3.8732219394916187e-10
5.085201056297956e-11
8.763166761815539e-9
1.4096718796146635e-9
3.5819810522335378e-9
6.119127266567722e-10
5.110781164881588e-11
4.823601186434941e-12
4.1638234061604017e-10
5.752036811746384e-9
4.864364281742436e-11
3.858539287516072e-9
1.5747680389862038e-11
4.475010961650533e-8
1.0135132675433772e-8
7.902310759767236e-11
1.287297152848887e-13
6.090728059756813e-8
2.3246701704192108e-10
9.260295876422547e-10
3.84123918933912e-9
1.7989423803460973e-11
8.015467506334741e-8
1.1008527196962441e-7
4.888403662392854e-10
2.3694561489323955e-12
1.254100020101581e-10
2.0883292464860687e-8
6.141352725428678e-11
8.672810937502695e-10
4.198699746311523e-10
2.4870985626563304e-8
1.3420588486743545e-8
3.0977780535794464e-13
8.451165751524132e-10
1.3264999948977486e-10
4.178737804043567e-12
1.4613972707483622e-12
1.3489202964111742e-11
6.779866398867971e-10
6.766132467374293e-10
2.5783314068149178e-8
2.2964130225569286e-8
2.618467414576906e-8
7.912299169915494e-11
1.138471065534282e-9
7.658781600665867e-10
4.2494890355938854e-11
1.2366268231331657e-8
2.952244021193604e-11
9.762251044849464e-9
1.7174773766689427e-9
2.734147809758344e-10
1.7760659135302302e-11
2.321704489207377e-9
4.6501952853256606e-11
1.4792973906933715e-7
7.197818248015927e-7
1.2159945990122198e-8
1.7089990986573617e-9
1.348612363666473e-7
8.158427721508227e-13
1.3483161808885368e-10
1.4696076464396913e-10
5.8605417803167644e-8
1.0099682868679517e-8
7.171213284767061e-10
5.97159178121021e-12
6.178962279709746e-10
9.93189857294508e-10
3.1365622765352753e-12
1.186955218485306e-12
5.4256852332201676e-8
7.991200083075648e-12
1.6347698110890086e-9
7.182627942747058e-12
1.0500350194420122e-11
1.3096988099494827e-10
6.368634587305627e-11
1.0430950260306328e-9
2.9049034865487894e-8
5.629796033441025e-10
1.960928408994617e-9
1.935690947128732e-10
2.5857442188191004e-8
1.4330509405259302e-8
7.70582664934183e-10
9.093952275685396e-12
1.7843009339764642e-10
1.4820906726040613e-8
9.816979823960698e-13
6.540371187166039e-10
8.25404192295115e-11
4.918360388618727e-11
1.6269618872090238e-9
6.04281863258533e-10
1.0015517546706238e-11
2.4594525639272474e-10
7.525200223631072e-7
8.415772411084567e-12
5.764847973691973e-11
8.02353728689864e-8
1.6401628799303492e-12
5.96469261360419e-11
7.3692157897553415e-9
1.0980532393149233e-11
3.0375579106015745e-9
3.088037088147185e-11
8.799295375989204e-12
6.022870679438109e-12
5.167175843869561e-12
5.355308469393141e-12
2.6575145436627693e-12
1.9249424398401013e-10
3.303046605540602e-10
4.2452589362467874e-10
3.871079397225459e-14
3.6591696359130866e-10
9.201162927073864e-9
2.795522279847189e-10
4.210656938941755e-8
4.6226903426101394e-12
4.883068229873008e-9
9.836232558190537e-8
4.440750825368254e-9
1.8378073106619969e-9
6.1247617417641e-12
1.1009197762983278e-6
9.904863807721205e-12
1.8496924805470532e-10
1.5377867691775333e-9
1.2942222538608732e-9
1.3477896485641534e-10
5.413560272928621e-9
2.666417302513671e-13
3.322807283305297e-10
8.841532642885081e-11
1.30545011984581e-9
2.2530601896460223e-11
6.528431929925417e-14
1.342261335940607e-8
3.3839852814563925e-11
1.454631095527289e-7
1.0594539521905636e-10
2.8325710421845267e-12
1.0651792786881389e-8
6.712299307548991e-11
5.23226103244511e-13
3.2209852261023566e-10
2.012062780119343e-9
2.7156176982295895e-11
1.658470079770644e-8
7.91373729878773e-9
2.248693735280698e-10
1.7053749383760583e-13
8.96109985801012e-9
7.314205141433418e-11
7.395794272344224e-13
4.1508453361700484e-11
1.6567972136098935e-10
6.285920545367894e-8
1.4384411588169132e-10
1.2470244393333194e-10
1.7618052847748646e-7
2.55825510892826e-10
1.5955240630218853e-12
4.1233179946258434e-11
1.4837721354928568e-12
1.2713970197348317e-9
2.217291147757264e-14
4.503980841853686e-12
3.8800546808961e-8
9.87003654821175e-14
1.21477827563129e-10
6.468806876416484e-11
1.6897935187743107e-10
1.1089133479060207e-9
1.1658710806275672e-6
1.1248175495104056e-10
5.64736436877729e-13
1.7847434343825997e-10
2.96248615597619e-11
3.65385637511974e-11
3.460066753967415e-13
9.365256512077247e-11
1.569913823771383e-9
7.151690022883422e-14
3.365153821697766e-13
8.003577871343903e-8
4.0798540767038057e-13
5.961206269317848e-10
7.713151773508077e-14
7.473708883095926e-8
4.46578591501838e-10
3.651320550234579e-9
2.507782703194761e-12
1.6525671752408392e-10
3.5976790652603957e-7
3.7277727950651714e-10
7.346450135714486e-12
3.472707974550141e-13
9.512847179563226e-11
3.1484836206203547e-10
1.4970881380934426e-9
6.181918184677944e-10
4.319216597538071e-13
7.334344547502445e-15
4.1750730157210303e-10
1.4770006345373532e-7
2.9663890739942804e-10
1.5812591660333198e-13
4.700240960097835e-10
3.097212769461344e-9
1.5340289698800593e-11
6.717665995694573e-13
1.761933725848104e-8
1.0885216988173741e-12
1.7304760506565754e-13
1.7090428095837723e-12
2.1914599908788144e-10
2.9097788493781193e-9
1.5664931621560813e-11
3.715739307945402e-11
2.793095404492436e-13
4.8604188779583016e-9
8.338194773003202e-12
1.9338391728241767e-10
3.188871288246076e-12
5.414020588617323e-11
2.7061600428564464e-9
5.619613287720656e-12
1.4871669736416323e-9
1.6171856353765026e-9
6.806294561004335e-9
3.1711755863274184e-11
1.9502111446185046e-12
2.87166433580325e-8
1.6050302443899792e-13
1.3780430199310937e-9
1.4575331420939051e-8
3.010517338692166e-11
8.20899423442469e-9
7.343091401734651e-12
4.127221002477934e-14
3.839292153264907e-12
9.599092137956634e-12
1.3372964123513487e-12
3.049557775711686e-8
5.503585106622478e-13
1.922982816719701e-9
2.075709578460952e-7
1.6249134101574257e-12
3.906451581892256e-12
2.4671431042327538e-8
3.226728276224142e-10
4.697581776392744e-10
8.022333443314067e-12
1.4623720528221148e-13
2.1758430039859893e-9
1.736018013902196e-9
4.259812103118981e-12
2.7568645455633933e-10
7.751661020855651e-12
7.016608497151449e-8
1.7021044505641167e-11
9.909698938420221e-13
2.0546388668046397e-9
7.195245519391291e-11
2.4893965637870925e-11
2.4001686676754597e-8
1.5035943408585225e-11
1.2164976519796914e-10
6.556744708357144e-10
9.35068466586155e-12
1.3089464342808917e-8
3.231935175038444e-10
2.991382281358667e-12
4.513413591226107e-9
1.591314041982402e-10
1.7685651867444223e-11
3.1194330771701204e-12
1.703026093025442e-8
1.5504245918170661e-12
2.5916328900884262e-11
1.6256425099323484e-7
1.6281267928471963e-8
8.730080405961329e-11
1.1122391026471845e-8
2.128166572238212e-12
8.997492991550212e-11
1.7162165006448355e-12
7.977082804173684e-11
1.8567977479716811e-9
2.578762202525954e-10
2.239939973783978e-14
8.680515420375801e-7
2.3969430844609792e-11
7.494025884934529e-11
1.1508191087111028e-7
2.2956460975106363e-10
2.270458154918448e-15
6.72276897991598e-9
1.6593829842091287e-11
4.2607623843873027e-11
6.93761491210953e-12
1.4664132055923854e-12
3.6074221147716328e-9
1.2939048091116299e-11
1.5779781578684253e-10
1.9088253708410205e-13
1.8517020871110362e-11
1.570582642607051e-14
2.895348922303302e-13
2.4562899228826837e-11
4.322211308437711e-10
1.9294690517019973e-11
2.584115171113764e-13
6.519034832106562e-13
1.5031229911840113e-15
2.2115965694422224e-12
2.3190177051517476e-13
2.2311972096127074e-7
4.675048378481838e-9
1.0789768421590777e-14
2.937474273184013e-12
1.1174007947873571e-9
1.6316579416975036e-13
1.5177641337439362e-9
4.347662839291662e-13
7.40751265560127e-8
4.1099679347615626e-12
6.72231409604865e-10
9.072989396346223e-11
9.860278319417432e-8
1.881418933590495e-11
1.2946733837288885e-7
1.4767976308535064e-13
5.651263000505406e-9
2.2134307958056418e-8
2.2771707093505694e-11
2.304249381680603e-11
5.886412384151819e-11
8.412918401000901e-11
7.680895587991721e-14
7.29612119833484e-8
7.379016323693888e-12
1.145778095595973e-12
8.319614382815783e-11
1.2056983633148696e-10
2.2154449337792046e-8
3.8568169331930305e-11
7.242814269226216e-11
4.26234173249169e-8
5.9723243071475835e-12
1.7656240019677657e-10
4.779317756939245e-11
4.793545122055418e-13
8.443238205366165e-13
5.543850356133661e-13
6.926271128343186e-9
3.049123219719332e-10
2.2537892537815152e-11
7.567113796426836e-11
6.3893852862710336e-12
1.5149256371501153e-13
8.548235911439774e-12
3.231260867003348e-10
3.866803452001807e-9
2.8459581706841506e-11
4.068099976835428e-8
2.166999310225228e-9
2.1297824513214884e-11
4.265667692255274e-13
1.9967619662359487e-10
1.029280441399561e-12
3.258680635739319e-11
2.3171902456406934e-12
5.2103801178220454e-11
1.9287266825872676e-10
4.3560866666574324e-8
1.7608710182671492e-9
1.2515215636400843e-10
1.3431129054643789e-8
2.909879701986655e-13
1.139059649687453e-10
6.167580731104075e-8
2.1993104381340725e-8
1.1058716369083097e-12
2.4391143976146155e-13
5.1299407506215906e-12
2.9247438349760345e-10
2.1793413724569087e-8
2.031742825493084e-9
9.204595654634212e-7
7.012935242142037e-10
3.5102879296762374e-15
9.079427121747229e-12
3.6752397409589435e-10
6.171773535470919e-13
2.2410205898428267e-13
3.2826631264044096e-11
1.2235502743251687e-13
3.186420630888829e-9
6.512041185585645e-8
9.225826892253852e-8
8.12051771630714e-15
9.4578346478618e-9
5.137579689485068e-8
2.749949626360233e-12
6.366799080451081e-12
8.645145641608777e-14
1.6098806261447473e-9
2.089971383562704e-7
4.0375201043708796e-8
6.745189488968496e-9
7.77204437875145e-13
1.4718295661887048e-10
5.6357103895699086e-14
1.1562831385938893e-9
2.5687484177591543e-15
2.4323678686381884e-10
4.867641117423648e-11
2.975440608274005e-14
6.469462114427054e-12
4.979098324611819e-12
4.637733229819013e-13
1.4219086158761034e-7
7.862504381636461e-10
6.268240565209568e-11
2.1696301731874994e-9
3.0723855769104984e-13
2.354042816238652e-11
4.0691018541130173e-11
1.382371261154431e-10
1.9996851080969027e-8
3.938781268551417e-10
2.22356601998327e-9
4.768503108270628e-9
7.109005828144579e-10
6.607548192029123e-7
7.26377096948269e-10
1.5678868715151114e-8
2.45177088577898e-9
1.9636696818431402e-13
7.554705385893603e-10
1.246113763244315e-9
2.324203315293358e-8
6.960962837036518e-13
1.7550021270972574e-11
5.248948325589315e-10
9.539106753855624e-13
9.654982995832342e-12
8.770034924691122e-14
9.135741362369018e-12
1.6138171373665564e-11
2.004752607576246e-12
3.610561205844304e-11
7.192131844852492e-9
1.7165942125134823e-9
2.6875934312926935e-12
9.260901151515033e-9
1.8835694908671298e-11
2.9861053482771874e-12
5.013055984412512e-10
7.790932600632347e-12
1.9921938668779598e-11
2.887232913381473e-13
8.315374370555319e-10
2.3472974921532977e-11
1.3859874747479755e-13
1.993398822761343e-10
1.0354631595758601e-13
3.2686923203403507e-10
1.954309421635802e-12
5.387800748565192e-12
6.867505571180395e-7
5.347380474023426e-12
4.127411185861876e-11
1.1725408273344375e-11
2.4807039948224367e-14
5.413260780726261e-11
1.1039007979667553e-10
8.4600864102284e-10
4.4693941774780286e-13
1.0975079007940111e-8
1.5754332826405044e-9
2.4333596811491325e-13
1.2701178487800144e-14
1.8378549489221404e-12
6.796481467888423e-11
5.334304966848907e-13
1.240930967609465e-9
1.1203043821745338e-10
2.6770709801531063e-14
4.737270014419896e-12
1.2627374540265987e-9
1.2861185912517437e-12
1.8320823451227576e-13
6.7065158763344e-14
1.3578736133205483e-10
1.2872524966484383e-12
2.4219061151251063e-13
2.3388934531638212e-8
4.287850065326927e-10
4.4597071236420316e-13
9.53802689204495e-12
3.1384604087338363e-12
2.8708055642306773e-9
4.8505502098084575e-9
2.1312262876210284e-12
1.947491799025337e-8
2.356835344614398e-6
4.478142519168592e-9
3.964947777607494e-9
7.80788171207001e-10
8.420317209385494e-9
1.2412164193974371e-9
1.857353831348047e-14
6.986888584660952e-10
3.414975339057006e-8
2.5857442272443816e-9
3.40285293914306e-11
2.818073968257516e-11
2.84583504985534e-10
9.45791925433007e-14
7.249327072071393e-13
1.2624066296338922e-10
9.285398425401171e-9
4.6535800817804336e-10
5.991409610695478e-9
4.4053191213941435e-9
7.424317394598743e-12
3.321885600093461e-8
1.8787425402608187e-12
7.709318141314677e-10
8.062893132632576e-12
1.4066210806562638e-7
6.49396030267028e-14
3.609817876234013e-14
5.26947097373509e-10
7.090551450163912e-14
3.005762039396271e-12
2.939071112350434e-11
1.293650510222504e-10
4.923340549472034e-13
4.682510217980405e-14
3.4946068294992792e-15
2.6248798693422304e-12
2.2344028216174382e-11
5.0244103766979573e-11
2.7153182765319116e-7
7.983410019578997e-15
1.4939107784584873e-13
4.908913184645185e-12
6.031471218748257e-12
1.0891462174628593e-7
1.854513202389485e-11
1.6709045949520683e-8
2.6157205074067774e-11
3.391207043177193e-13
9.798079763959059e-10
5.602658120833626e-12
6.089609595130169e-9
1.7316702101918144e-8
3.4707366239430485e-13
4.209339182455707e-10
4.749002025647641e-10
2.507780660402072e-13
5.161636311852636e-13
4.0518220194431815e-12
4.398101845237054e-10
9.18748004281508e-9
2.3966886950410165e-11
2.604629087376165e-10
1.3323308953462945e-7
2.8712670126939056e-12
6.493409774700784e-16
1.1886612649612157e-11
9.607305020537571e-12
1.1326439001535164e-8
5.527369085196268e-9
2.1672165647139932e-10
1.88500009963741e-12
1.8687474961720242e-9
2.008241674668708e-12
3.0704873489799244e-9
1.866111589784154e-14
2.624899548864531e-13
3.4746775357936704e-9
2.373418574962879e-11
6.053284199042728e-9
5.094923461093076e-12
5.982413099339185e-13
7.727652350177509e-10
1.3851954353138249e-11
2.971380900490394e-8
2.970341732493726e-13
1.0505307869284885e-10
1.017050279505304e-11
1.952275481521648e-11
1.7037822238807618e-8
2.0305438956668125e-12
1.3418987981298739e-8
1.0122111756352756e-14
3.4651691266826376e-11
2.1802048535832487e-11
4.551218343952077e-14
8.282788454750152e-10
6.024443158984101e-13
7.591583970716554e-11
2.8458512171795152e-9
1.855253676603795e-12
6.06649445593318e-10
8.356001046980609e-12
2.6497219564796104e-11
1.1518598893224604e-11
1.4011708703186452e-8
5.395460323325288e-13
4.3740766908310815e-11
1.3093407120180098e-11
2.2310029061956054e-10
1.9397437712737096e-13
8.078923482906782e-7
4.168353082005504e-12
2.0499800687023727e-13
1.0279411875099715e-9
7.964144950898799e-11
9.690959762434195e-11
1.82788021465922e-11
1.062789252553616e-9
6.976305539898527e-11
2.1002524435009652e-7
1.0860696234200303e-8
1.1227159680790775e-11
1.8002289102651115e-12
4.010267584918909e-12
6.594075298466546e-10
4.629798408933836e-13
3.8384503987596093e-13
2.89703760399924e-13
3.149437067430027e-10
2.917709572430486e-12
2.0856738900784698e-11
7.439174944964578e-10
2.2135523996630947e-11
4.158340370701274e-7
5.676772936217956e-13
6.193597615245092e-13
5.097899202442477e-13
4.716417063715397e-13
5.979367935263563e-10
5.2853098955262134e-8
4.32188818224776e-9
1.2990948613364683e-12
1.1777514063262666e-8
1.2763367020449932e-13
1.8577748444545212e-11
7.763140266358993e-11
6.84865328072495e-11
1.4907357827671892e-8
1.223976798427348e-13
6.843502046483178e-10
5.49797846552965e-13
2.5067312862675425e-8
6.655211142154736e-15
1.9782106965481665e-6
6.327859949064595e-13
1.5927497819615519e-9
9.560546611311453e-11
8.961638279181361e-12
4.63045155344931e-10
1.8231193631747856e-10
7.798498844843389e-10
3.0302726646096785e-10
2.165740150721689e-13
2.8212599288416107e-14
1.67455595616639e-12
8.946883631897464e-13
2.119926196518631e-11
5.190916169898567e-11
4.0104991245838125e-11
7.366130510458053e-12
5.561891237311269e-12
1.8983695575146223e-10
5.605827546156994e-8
2.1388617141744282e-14
6.722993951246898e-11
1.0257208562445776e-8
1.7397552221234936e-11
8.218582112065627e-11
3.3244063045325884e-8
1.9775187535204628e-10
3.0989438083960276e-8
1.0812288498203004e-11
1.1485889126112829e-12
4.68086529443292e-13
5.451813220407822e-10
1.7943570616449075e-6
2.642241739025969e-12
1.251683774434031e-9
5.964179300923698e-12
9.343076616876273e-7
1.388822797066206e-14
2.1072682055039882e-12
1.5026456026225921e-13
7.951734681990499e-13
1.944837824661058e-10
1.421505971174782e-9
7.10462560767274e-7
1.6162363096418805e-11
2.69361006235319e-15
9.2787886446141e-13
3.3288300837891396e-11
2.706837599247787e-11
1.5953577282332338e-12
3.4117708781069427e-13
6.53436327738427e-12
8.357951029600066e-13
1.0108039995554813e-12
1.0241939091315443e-10
2.3693005868749235e-7
1.006306620586571e-9
7.585347798015461e-13
3.408560296903935e-11
2.0567555683935875e-11
9.429185316639677e-9
5.29297491312738e-12
4.770214565851119e-10
8.118427132342923e-9
2.309633429227428e-14
4.231519798513714e-10
1.3232363862958573e-11
4.6621118163378784e-11
1.4349255407651172e-13
1.9752008495735623e-13
3.1262667073595354e-8
2.1906982292808598e-13
2.6009602061864736e-10
6.231280342638604e-10
1.5909936141838565e-12
8.609771538981892e-11
7.651496944338106e-9
1.0512842415691714e-12
2.124459618437205e-12
6.5518907160817515e-15
7.872746650146335e-13
6.929777171809889e-13
7.350672135609856e-10
8.533782167876741e-9
3.300700626520719e-9
1.274282659228678e-14
5.13802518340123e-10
7.802205824936705e-10
2.4562690740503226e-9
3.4015422603618065e-11
3.487184502360781e-11
8.124128573202954e-10
2.4875835380161717e-11
1.499006143028993e-11
9.877350648954617e-11
4.259248488774399e-11
1.9466214491112214e-15
9.245926066634258e-11
4.5459784061993324e-11
2.1874203283345962e-12
1.7438854859617734e-9
1.011495810760379e-12
8.904813484934057e-12
2.961595735350892e-12
5.89811884934787e-14
2.0910771369584587e-14
9.38456053029393e-9
1.495996820508136e-10
2.747400853641817e-12
5.000832263639489e-9
7.15660666284195e-12
3.2612701814962706e-10
4.237147733282495e-9
1.0805187048853527e-8
1.852247426093639e-13
6.446598171129152e-12
1.9535069038904887e-13
1.6461853696065383e-12
7.188992706695421e-14
5.968009562695006e-7
2.826802477879252e-10
2.714307383279232e-8
2.2633379099653162e-11
7.727282437295595e-12
1.6414630619943924e-13
3.379561356743385e-10
3.7031903685442673e-9
9.533300539875485e-16
2.6476108317419133e-12
3.7465177490670475e-8
4.50987010616397e-12
8.670089188366699e-12
8.809642667027811e-14
2.1936514100893453e-11
5.879784589958259e-10
4.066297611157919e-13
8.602612254334335e-8
2.71291775370936e-10
5.294212933908778e-10
1.6046171153163567e-10
1.2768100763786078e-9
5.012437734600261e-11
2.5584902826589e-12
1.7222338796048634e-14
3.91459860793069e-14
1.8805129609771165e-11
3.327176926601238e-10
4.586596114664806e-15
3.763864944290044e-11
7.54011967400558e-9
3.949610798882304e-12
2.245437706127274e-10
1.856957076233671e-12
4.244033072176728e-12
2.2156669560204886e-10
3.158279492320898e-11
1.38918421616007e-14
4.608347481129817e-10
7.584914360694443e-12
8.780374553737936e-13
9.817043301852044e-9
1.5553503147901077e-8
7.101479210448493e-14
4.342144674023443e-13
3.967533473992573e-10
7.537173848507585e-12
1.1897755935196279e-14
4.509181205537079e-8
3.111193004790874e-10
1.9368288127602305e-8
6.725306736826251e-11
3.5913423784261143e-12
6.614837610715054e-12
8.188158925129588e-9
7.990328816213868e-11
3.552482904428513e-10
2.069745859389814e-10
9.160226575229579e-10
1.6760425870251453e-11
1.922976959012115e-12
2.5268474785484537e-13
4.90129206982344e-13
5.715309808258307e-10
1.1302440645092768e-14
1.4553557008872892e-9
5.1148762772243856e-8
1.5038835170190398e-7
1.1001885304525534e-9
1.5751129725370115e-10
5.837597926216479e-14
1.1362607209553009e-10
3.646752848719496e-10
1.3311294529728333e-9
5.447224283389495e-12
9.070226827407806e-11
4.504995523755709e-14
3.063486862887584e-15
9.38790177855961e-11
5.9451641428355024e-12
6.924966422486332e-11
1.0539408011511752e-12
1.2081585591549125e-9
8.466185356743053e-12
2.79412154525173e-12
3.620558869534804e-13
3.8054695972524314e-11
1.0880514665424392e-12
4.352218539581743e-11
3.0445297791899235e-11
8.61750611833076e-11
2.82537604267333e-11
2.970535504545024e-11
9.037940491487417e-13
2.6220855388278658e-14
1.070391551380451e-7
3.958519188385166e-7
1.3483125857696094e-10
1.3077184497754767e-7
2.141594009061138e-9
1.7791680787752532e-10
5.653686168577956e-12
1.332694139238291e-11
1.1916833765371968e-10
6.2543578648460555e-12
5.663127723780207e-8
4.981080933835025e-16
2.4410864935026034e-11
1.2267500339639857e-10
2.2896743325861655e-14
2.560964667040555e-7
2.6980720275649234e-13
1.3052756994822724e-13
1.2183666021864042e-12
8.394220148198131e-14
9.62910294775943e-12
3.4719373692966255e-8
9.626697175637482e-14
6.743205279741761e-10
2.372607095910068e-13
4.965604191101377e-11
1.0197123888097702e-10
6.725285320019826e-9
5.455097156005735e-13
3.960847231838123e-12
2.0784085954895366e-12
2.3044347274129864e-12
1.2110078940754366e-13
4.1778097423573234e-13
3.916706292737683e-10
9.995231093758737e-8
9.002159511352976e-11
2.1406985983556498e-13
1.0633646685767874e-13
8.815690448445866e-8
3.0684691024132494e-9
1.767058418426685e-14
2.8427648446599983e-13
7.525141210853393e-15
9.403700250243658e-12
1.979676757334272e-13
2.025879844352379e-13
1.1231213024236304e-12
4.459702917069231e-12
6.44591256537583e-12
1.5685309884627843e-12
7.3277092705912e-9
4.9059695145553375e-14
2.635964206598109e-10
7.331859139600794e-11
4.442905878852408e-11
2.6239065718324298e-9
4.223681570837661e-7
9.053967940889345e-11
9.721489653167043e-14
1.2534732832456609e-12
3.542505954133711e-13
1.3095060093537872e-9
3.75633843161236e-13
4.8179122864636765e-12
1.6065688364322158e-14
2.263356497415112e-11
6.860293722975118e-10
4.465956568130338e-14
3.978764414463857e-9
2.5075626359553992e-9
1.6825786401510273e-12
1.0605481364777539e-12
1.6277868059974087e-14
7.609219520294061e-13
9.974445396160612e-10
1.898692473470515e-14
5.6577561753779934e-11
2.2802003128264577e-15
8.347175761951341e-9
1.920382216988027e-8
6.991621293900396e-12
1.2883122572698521e-9
5.78558966851948e-10
1.6250273591856927e-7
4.285115156846476e-15
1.4349624479255067e-10
7.527439245293567e-14
4.0119388867729205e-12
3.018714163849159e-11
8.437403612829425e-8
2.6519387037933174e-9
4.822047480095268e-10
1.8688756754039547e-8
1.487950507578855e-13
3.345674092780424e-13
1.1684727810732727e-8
9.24590878838872e-12
1.122593309228903e-10
3.733535285273958e-9
2.714685662276604e-11
4.3204552373441877e-13
3.373137747181734e-9
2.5869207934758223e-14
8.374851373371283e-13
1.855354646465177e-11
7.007183107364675e-10
3.4295244740154975e-13
1.6029795939049032e-7
1.264388615729092e-14
3.028725257386728e-13
1.53218045158594e-13
3.536617008075538e-11
2.2501541367388724e-10
1.0994291891589455e-11
1.742781166283673e-6
1.3590323543763652e-9
5.127016198193046e-11
3.020795866945013e-8
3.1651079957789476e-11
1.132223983980731e-11
5.198387269453612e-10
1.335266084594808e-12
2.0281624131165032e-15
1.925529476969908e-10
2.3943492907867444e-9
1.1148243942698371e-11
1.1400230608932301e-11
4.795287798634433e-14
2.3636572430333943e-13
1.4940101813910243e-12
1.1059870875371125e-11
5.868591480911455e-11
4.1625005244089715e-13
1.718488458687176e-12
1.4294307700884003e-13
6.293577895866235e-9
2.607973385166524e-11
7.044440917946535e-10
2.287113700341893e-12
7.43245148925639e-12
4.2760642964388826e-10
3.630417084881967e-11
1.7939520451517046e-6
7.784360637025202e-15
9.405016270326468e-12
1.3528338855616403e-11
9.396743210565293e-14
3.8248022194287206e-12
1.0593478192986514e-9
8.568417836645969e-13
7.388920744906385e-12
5.5801254552355934e-12
1.6749461962237787e-13
7.764407481286814e-14
1.4558168979740511e-9
3.366677597156258e-11
4.5264636583986023e-10
3.354387616814151e-8
3.972319857023648e-6
7.965802562592638e-13
1.418303196155965e-12
4.984344036694714e-13
1.7146651458019843e-12
9.314788168023587e-14
1.4441649130427935e-9
3.0126253914153273e-13
1.9197110255072647e-13
3.4657810321240433e-11
1.3553237951735117e-12
2.829548072212636e-13
7.171012580498197e-11
1.052257299318713e-10
1.5430837220932397e-11
6.042249948273839e-13
2.0433450311023887e-11
8.233880615241869e-14
1.2716247805240357e-10
4.376916315155313e-11
2.0849082580327452e-11
1.2587512458393865e-12
1.4180261644095758e-10
1.078341594794528e-9
2.089606297258894e-12
5.178317043291738e-10
1.0279058930431587e-10
3.332875118064852e-14
1.243600492535698e-12
5.0236239713808006e-11
3.885580181314897e-9
9.41748631226482e-11
1.803278403141629e-6
2.0329761947924587e-11
9.049027637112936e-15
1.88701833085871e-12
1.3617042101383386e-10
5.71705266319916e-13
9.213726692385653e-8
4.115777121510867e-13
7.752886777657542e-11
2.515783803490225e-8
2.7383611899060507e-9
1.0740024199501083e-11
1.8300304331168676e-8
3.2363015792303685e-9
1.5189057273084755e-11
1.6278093013006667e-11
1.211237312087571e-12
4.194208498414026e-12
4.726257049136009e-10
5.169082201021329e-12
2.2069737271035435e-15
1.3896455729364916e-10
1.787692059683933e-12
4.65582387927484e-11
1.0551363287545715e-11
1.1295474253330076e-11
7.931452115691872e-12
1.3926801926532798e-11
6.913110435829012e-14
1.8258281369392939e-9
2.2717898217585283e-11
2.153329490434658e-10
3.7066896679950755e-13
1.794768092218625e-8
1.0346093294498682e-12
3.8890844791602306e-10
4.4837639723423275e-11
6.113807400689205e-11
8.600576134698996e-13
1.8793634465335562e-14
3.042591959935181e-9
1.5977322770454366e-9
1.2065183732146766e-8
7.00526833985581e-8
9.536444840260216e-14
2.0432007181033836e-14
1.7873248651895881e-12
4.321589960334349e-13
5.834806024517081e-15
1.9735335380093704e-9
8.825932352364128e-13
2.5742414511202226e-9
2.084498355376377e-9
8.267551754711028e-11
4.512114646177447e-12
1.3350673884612535e-10
2.759846155162224e-13
8.631740168431513e-12
3.096259438769163e-8
2.4770737145403577e-11
1.0464114110366365e-11
8.562825318459474e-9
4.746132380950748e-10
3.71086918681736e-8
1.0473746641090188e-12
9.758988925268015e-9
7.018808873511354e-10
5.731095920954445e-5
2.9862513562149255e-12
2.859227686122546e-13
4.495503867746633e-10
1.643356006359644e-11
1.251758988177262e-11
3.3227211107594554e-10
1.7484122489708565e-7
1.4608985734763576e-7
3.2222149814936413e-9
1.0010766672681125e-12
3.1954600966092856e-14
1.8799551269680507e-11
2.8755739937748164e-14
2.5892061174273537e-11
3.3697490887281916e-13
8.128175439418362e-8
6.802826400631019e-11
2.323481322049498e-8
1.3736943616863452e-11
3.3188044629245794e-14
9.358203395534671e-13
9.656046321123133e-9
4.483847659469629e-14
5.113570045722974e-9
7.914039383657629e-9
2.2087294949851058e-9
1.0023972781630657e-7
9.031684568601116e-10
1.3939127531856288e-10
2.619783341871937e-11
1.4086265149155443e-12
8.222367120921822e-14
1.785448487481585e-10
2.2125356046985644e-13
4.354061968810198e-10
4.828219672632517e-11
1.0073705905776155e-8
1.3199194445197467e-13
1.9049218740537787e-7
2.9645459044861357e-12
2.5541873860866025e-14
1.9757939037933382e-11
2.1657731102276575e-13
1.626052082130379e-10
5.261623729112564e-13
9.35258472117618e-12
8.671608127030506e-14
4.404562973346195e-11
1.8081644392767317e-11
1.4501026366452016e-7
1.0760729582441117e-12
1.3654790211860603e-8
3.0193344204855583e-9
1.4429875720803503e-7
6.867269436717495e-11
3.266111736481125e-10
3.00589045285819e-11
3.0875515224698506e-14
1.51823803815661e-14
1.2123801142521287e-11
3.011369435321578e-13
1.0581803147037249e-12
3.323308951162302e-14
7.076293449364193e-10
2.2088312412718113e-8
2.9968559504448928e-6
3.1931478900522333e-10
8.937943232367674e-10
7.849133239374731e-13
2.156177506683169e-12
2.9576810513657454e-10
4.3407866223078365e-13
3.1379908738801594e-10
4.693218234943541e-13
1.0798492887304312e-12
1.4922825130463624e-9
1.4453224227545428e-12
1.4591270826225198e-12
8.065175881240005e-13
1.4938532029537064e-11
3.1110382355928053e-13
6.198026232189988e-12
1.8523213390704924e-10
3.66397597538447e-11
2.1673846628451547e-10
5.639034819435242e-9
1.488419447480017e-12
5.015334415741384e-9
7.473576413253725e-11
1.4240924352394395e-8
4.6113372397660295e-9
4.454843528014238e-14
1.3689160388470551e-11
1.3501433623686312e-13
2.0865344156090756e-12
3.5189209374790874e-14
6.955407410656291e-13
7.452295893248806e-11
2.4975376487933956e-11
7.999910956462902e-9
8.876455705798685e-10
5.807361125427045e-12
4.922734293232202e-10
2.2570268870231025e-13
1.082534350860578e-13
7.817020898435507e-13
2.190549471263748e-10
1.387258532413051e-13
2.4362511937047094e-13
1.52419157771196e-10
1.593232405599366e-12
1.1043108808685087e-9
2.5794370442553305e-14
1.3952415130545723e-13
4.4872637344919314e-13
6.390637506491378e-14
1.0711842674817325e-10
2.116498245460085e-11
3.087817629922428e-13
3.417654562110365e-9
1.0432585105166311e-9
1.6930343547316003e-10
2.9668975928203447e-8
7.383108602148086e-11
1.832735100134431e-11
4.535088135542314e-9
5.489537057745451e-13
1.1473755277592228e-12
1.803893740963857e-11
1.430154940355534e-12
5.103539033031043e-14
3.074822858042229e-9
2.6432443322285793e-13
3.398043945277449e-11
4.1457757856078833e-7
1.4852837547629916e-13
1.899884106256673e-14
6.951479466436466e-8
9.55651848856895e-16
6.274575752098621e-13
1.4062947665074904e-7
1.5211559939329785e-10
1.966940638485247e-10
4.2290947304807235e-11
2.535689629475191e-12
6.685325727957175e-11
6.301715848073728e-11
4.914787947424674e-14
7.524932978251841e-12
2.393019152671518e-12
3.357647721729701e-10
2.5393438955638298e-12
6.792778830724978e-10
9.742873648027016e-11
5.718786543815729e-10
1.8006724254596269e-12
2.275834450188255e-13
1.8614298310456282e-13
4.788632418646758e-13
1.5470168975935522e-13
9.534412025564178e-8
2.545930920487747e-13
5.737782223323862e-14
1.1210586063887884e-10
5.218460037027899e-14
2.557092798634252e-11
2.078585476439923e-12
4.054777099861782e-11
4.571245958204009e-11
4.2179354058323156e-13
1.4258905935964495e-8
5.436356370681871e-10
1.09885684118146e-9
6.767530586675235e-11
1.3576831910959754e-13
5.917474463721526e-9
9.385103248341158e-10
3.5330166080512345e-13
1.4057119947343808e-10
1.985560655965017e-11
4.91473087788692e-14
6.042366525928995e-11
3.787344796033011e-12
2.473267076996498e-9
1.4689809062392798e-11
5.572971525444758e-10
5.020835309729981e-10
1.8637885169484352e-10
3.298955012337466e-12
1.1423288578057074e-12
1.6946649847890058e-10
1.881961508546716e-7
7.278730121775773e-11
8.243914761129008e-14
2.16886550325644e-9
1.1846671913553124e-8
3.940796358521286e-8
1.1976263363292267e-10
7.784798296428359e-14
2.345485151147941e-10
4.943523237364283e-11
7.687340994029623e-8
3.112426524175239e-10
5.325763058769074e-9
1.5590098815329507e-8
1.2990185726967024e-11
3.1933749802013255e-8
6.027759576987518e-12
5.642421259467403e-13
2.9218726234158225e-8
8.503565087582677e-8
1.4055669509720573e-11
1.4605965663188323e-12
1.5007787811939544e-12
7.348957348501394e-13
4.929521480914315e-8
1.847327277661637e-8
5.87307401559103e-12
3.852595520442363e-12
1.671793617248628e-12
8.89080614781858e-14
1.0632013243962245e-12
1.3334176759192832e-10
1.0335742248713223e-11
7.80520637236578e-8
3.7661081321515073e-7
1.39265247157275e-14
8.702879774614107e-10
3.358531370573984e-10
1.151483536773592e-7
1.0758471779600949e-9
5.597131828656751e-12
3.121886236896952e-11
4.2001697591288343e-10
3.638012899571661e-10
3.6373887053103194e-8
1.3935351120423237e-7
1.0408474636218059e-11
6.954552526398339e-9
4.763648819334978e-13
2.47844943682107e-10
1.2687499168135082e-12
2.542721572051294e-8
3.202708787486489e-12
7.661359396653696e-12
5.338400140885898e-13
3.40713572994836e-12
1.3871275840089519e-12
3.192466842708423e-11
4.149000521968947e-15
1.929127587832823e-10
6.499262528111544e-12
4.3260900541446874e-11
1.0059990233478975e-10
7.248271669793739e-12
6.134803394844638e-11
8.68948152109437e-8
2.328930879097917e-11
5.326918529846455e-12
3.0440751554664723e-14
7.30138514112656e-8
9.670055725970667e-12
4.7896190662892625e-11
1.5527164060897348e-10
6.000226078436006e-10
2.3559676264781404e-11
5.941173794604036e-12
4.66682140899067e-13
2.6158894308813262e-11
9.238592595340577e-14
3.4515921238133503e-7
1.3889855047287678e-10
2.9752309563174976e-12
7.348408355247108e-8
2.8761739242284263e-13
1.6964427812704543e-13
3.7901962093128777e-10
1.1788638768819349e-7
3.761029181958941e-9
4.0555028213770567e-10
3.538540234073871e-11
3.069273227907989e-12
4.762706778416059e-10
5.968336583003792e-6
2.251845992474179e-7
9.137251596015939e-13
2.6792524610081256e-9
2.594735708621051e-13
1.5721759527382117e-11
7.503772129024295e-10
5.149970616180943e-14
1.7949203566130257e-13
6.567855070558802e-15
5.579078686972117e-11
8.69432969706568e-9
1.5253557601251587e-13
2.242780948946331e-13
5.0481161255693405e-14
4.390260493996353e-11
3.1862133196189703e-15
2.6331462761402735e-12
1.2215620301717401e-14
3.733367749513379e-11
3.565718604743666e-13
1.8652543922182338e-13
