4.5797672638518187e-26
1.903768302654538e-21
8.525134229471659e-26
2.199493874975953e-24
7.142382060945294e-25
1.5114476872013842e-27
1.3200250881551308e-25
7.623647872357458e-24
3.7372347105059554e-24
2.812562030962155e-23
1.7323684465712555e-27
1.4091404643645708e-27
5.299097720489427e-24
1.09479760708221e-24
4.6905680464691083e-26
8.088272735679173e-25
1.0186650644736558e-26
4.398005276808346e-18
1.1480014135746321e-26
1.5992182885531438e-24
3.7886306557677954e-25
5.260865721124345e-24
8.902189468985869e-26
2.3279428064125104e-27
8.134932611300279e-24
4.3841886183077984e-24
1.569774350334215e-23
1.9207934502976557e-26
8.817859516283017e-20
4.233005006197441e-23
2.9818994772689145e-24
6.997255276921118e-25
1.0751531533587666e-22
6.432943951618073e-26
9.240091821373799e-23
4.672944891709737e-21
2.281038942573436e-25
1.6545841195699055e-23
1.940738142610864e-22
8.195424506741229e-24
7.922838653771014e-25
3.972794708259103e-23
3.512057769704653e-24
1.057585223716617e-23
2.9613996463108055e-26
4.874672045737515e-23
3.2546760327756304e-26
3.067396073240985e-24
5.64544362041239e-23
3.594038004275001e-27
3.0738973418858677e-28
3.713485252858922e-23
1.4047595477374593e-24
3.8132859855445345e-24
4.448404807891867e-27
2.1501479192506525e-23
9.674040347405497e-29
5.445309402053328e-24
2.5290778180767376e-24
6.467084117391768e-23
2.501121546243584e-23
2.0535304372942057e-24
1.3613498724749595e-25
4.0272464346562315e-24
4.589858464247218e-23
6.782080085373304e-26
5.207102328518965e-23
2.0673965761719687e-27
1.168157634335531e-25
7.043781073356089e-26
4.811491962917781e-23
4.348317800386849e-25
3.688210711257806e-23
5.35914604835505e-24
1.0633945538943024e-26
2.852680629194252e-20
1.8534008643867852e-22
4.513620253096749e-22
4.826672132435856e-24
5.698252966717667e-24
1.8661679991846483e-23
1.0263331684250591e-23
1.1100838391461002e-23
8.64354865522448e-23
6.558519420612665e-25
1.20203560693475e-23
8.455104072230787e-27
9.2319253362991e-27
3.5816306821944794e-25
2.2126493316533386e-25
7.610791395247294e-27
9.95384124930437e-23
5.029243542150201e-23
1.3171217923617336e-24
1.823114650956867e-24
8.244912500164106e-25
1.1577823735778133e-23
5.578944238033829e-25
3.6131458760309307e-25
5.926067383235363e-27
5.1555344915319924e-26
2.8958444044958722e-25
3.2109991867476082e-24
6.0011100945469234e-21
4.87885853094645e-27
1.0040977423392111e-21
1.0426835277882634e-25
3.474397793124023e-25
2.11411055323993e-23
1.5232182685040165e-21
3.6647053322724696e-23
1.7513233649346454e-24
1.3151549115535582e-24
1.0628343488321749e-23
5.0869326374365043e-23
9.637390866869073e-25
1.6558566938326945e-24
1.9918386817398863e-24
3.2927181782710595e-24
2.5749982605952923e-28
1.0445389884043874e-25
1.4576311237268381e-25
1.3131085037827633e-28
1.0309190479638188e-24
6.23676339618148e-23
1.3100513548400715e-24
1.083500611630922e-23
3.443360733864966e-26
5.962715264131644e-26
7.557294613948352e-24
1.323894404379906e-26
2.7476131645397005e-25
2.71195338378927e-26
2.9182555364022147e-24
2.8970970923629583e-26
1.0545611489823625e-25
4.828727350691936e-23
5.747686916561688e-23
2.0926219523533588e-24
7.136240027915742e-23
1.933553291532176e-24
5.362409121155762e-24
3.814657912338264e-26
3.260596647997584e-23
1.582835253277679e-23
1.733157834169808e-24
2.93173994207863e-23
3.252111034647573e-23
7.392952983114787e-25
9.74506805947111e-26
1.0165321391322167e-27
1.3949728368259763e-23
1.1508161738574578e-26
2.998167967807926e-23
7.309734192903737e-24
1.841578213911685e-26
3.1327958373312987e-24
2.4393023143134298e-24
3.0605891651811106e-26
3.7951087543102266e-22
6.482612712645759e-27
3.4688087573114274e-26
4.0246267307739574e-23
2.180130340846664e-24
1.8481349143615146e-25
7.74082833695099e-23
4.935740673364885e-22
4.2924106938084044e-24
8.2118891820492895e-25
2.235592217049959e-25
3.637151339895757e-26
4.3185631998266454e-26
1.1157787862004182e-21
7.645386409897162e-25
1.349360515871542e-23
1.345477891111791e-23
5.313859951363679e-23
2.1588338436738922e-26
1.4351055791746915e-25
9.233222829528031e-23
1.3731387575408192e-26
5.934757977836332e-26
3.901656908099425e-27
3.36413032002945e-22
1.3416372354051525e-20
1.0752165622847196e-22
1.734138233733914e-26
1.5195275916992323e-25
1.0340820782263885e-25
7.635908400972889e-24
5.2947984032190344e-21
7.768740909438827e-24
1.964702755684139e-25
1.0888148106443124e-27
3.277664672349161e-26
3.9070871498366686e-27
1.1590417675910482e-25
1.288512467473885e-28
6.706668224859524e-24
1.5059432915183446e-24
4.088724717860411e-25
4.8220667616020643e-26
6.744002668978259e-20
6.99664329850457e-25
1.1799994023241346e-28
2.5766288974284913e-25
6.641083584445017e-24
1.080593638049951e-24
3.318669245939423e-28
4.245765665672264e-23
1.757812369063481e-23
1.3217393103116544e-26
1.9789694101570424e-25
8.798487512658219e-26
8.100035207724015e-26
6.341470438000491e-20
3.1756650527130146e-25
3.690193240286315e-25
2.659750171482604e-23
4.163276390090338e-23
1.1666714018492254e-26
8.491630473096537e-26
2.4817649364062584e-22
1.228690608881428e-25
7.418205006733614e-25
5.539843226149858e-23
2.5829924387639425e-25
2.3078718575719533e-24
1.6087726739764474e-21
2.0345758743829043e-26
1.2094913235613796e-26
4.951670396946814e-24
1.4367512619208932e-24
1.960101580733254e-26
1.1344132732294343e-25
3.2094618273727174e-27
6.218855625132688e-24
1.0336018441542653e-21
8.919749373231056e-24
6.835757252434426e-27
3.2133882396904214e-27
1.1206186406342012e-25
1.303450387962988e-26
2.2327808966813173e-24
6.2218669469216264e-27
8.586872279368515e-23
4.0347637947476715e-23
5.259532583197965e-25
5.215705115844889e-24
1.4695160873072778e-24
2.0000790884976047e-22
4.450629487489256e-21
8.477612241012478e-24
1.192876431111698e-25
2.4945231859929658e-27
3.2196094499729834e-23
3.202386324430123e-27
1.920348482444228e-24
1.2938058072245586e-26
2.8922398948695786e-28
7.289686883681841e-28
7.012466734432334e-25
8.235176379834135e-26
5.917113081006714e-27
1.7788386713625778e-28
7.863652711047596e-29
8.063876144410806e-26
2.4115642490311426e-23
1.4325571624892533e-22
2.0645966852566085e-22
1.1334112714434583e-26
4.189033055890551e-25
2.65226790124514e-28
3.110307903973018e-23
1.8061581066283436e-25
7.90863140150735e-24
1.0495809536675333e-25
1.1861545234548166e-23
8.89807669753584e-28
5.941567689877023e-26
6.255388180369509e-24
2.190154918946316e-22
3.666567444732509e-27
2.1235004003280578e-26
8.557758945139223e-29
4.303423025638069e-25
1.0994017366441736e-24
3.303741751659023e-28
6.053750153042292e-26
6.116474279335645e-25
5.607248820924114e-24
6.844768830235963e-20
6.792409692325883e-24
6.726910741292354e-25
5.504510386874731e-24
1.8728610856566277e-26
4.466226809708913e-24
5.06316057204215e-27
7.394295724673252e-26
7.117700962181126e-28
3.640828971095194e-26
2.8520448002902795e-27
6.318746671583008e-27
4.4047572661057925e-26
1.5381412419894853e-29
7.6061637771124115e-28
6.864678766667121e-25
2.326475017046245e-24
1.726548624401093e-26
2.1982360672846958e-26
3.202190232701732e-23
1.1640607149920984e-24
3.093465839086025e-27
2.1083929872562344e-23
2.479428160371082e-21
1.5216410815077197e-25
1.0152321487872917e-24
3.906442525220108e-21
4.847892537503118e-26
2.395060737005919e-23
1.9007491567109493e-24
2.460494220457699e-21
4.289331510072288e-27
4.139838836521859e-27
7.728387630421094e-25
3.908115227670025e-22
4.163659086444027e-26
6.479782114165427e-28
8.234128561873903e-26
3.3451625416255586e-27
7.590472201966589e-29
1.3213614234346691e-23
5.566837782949437e-24
4.742897284089525e-24
3.644168414980803e-21
5.207647604469042e-24
6.048030171212468e-27
9.630313201859587e-25
4.9900692813613416e-27
1.585877734079047e-20
1.1820724320118456e-24
1.246477083413756e-22
9.027596021230825e-27
2.1133689844922653e-25
2.9555147462869856e-23
4.2451799563908205e-26
4.636593111573636e-26
3.260610753558351e-27
3.278687897442209e-28
3.4389705570117796e-24
3.8741323516612933e-22
2.4709676367024116e-26
4.218947639856883e-25
4.0077699150991523e-25
7.175686791106622e-26
2.828486016553868e-27
2.9467209983864115e-26
8.207472673947167e-25
3.40006603577556e-26
7.200009276151754e-26
4.456237545196237e-27
1.1212154411710814e-23
8.613335426334596e-25
4.3170282616638174e-26
5.394196002633854e-26
2.4048071773345558e-27
2.288240624796711e-25
4.1591488137340055e-27
2.982018126517088e-25
7.876066776401764e-24
3.3674886587888895e-27
1.9898322470366666e-27
3.0919738969366944e-23
7.349334398829498e-27
7.91264522214122e-24
2.0742338090985256e-21
1.3716432202667044e-28
6.954952394222473e-20
2.80864148215203e-25
1.0973494564480098e-24
2.201143782043094e-25
5.188750134182873e-25
2.9667009968329324e-23
4.918736882437902e-25
1.0238028615501426e-27
3.270517940443e-26
1.3693325686313427e-23
1.0261533118726545e-24
1.4442749772317442e-26
3.9858376959320145e-26
1.221438530757247e-21
4.231720366738407e-25
1.860004019993875e-23
2.092800783838449e-23
6.457925287420927e-29
8.841384359191414e-26
3.086217649773398e-25
3.809255533761739e-27
4.808444056151216e-24
5.923284195513149e-24
2.6224419846381085e-23
3.470920909585583e-28
1.909435097199102e-29
1.482640902337525e-23
3.024824471483784e-24
3.0318841742522176e-24
3.8098415285400774e-22
1.3521921022178044e-28
2.38511846065204e-25
2.503993164411645e-22
3.923228483331972e-25
4.824387160688431e-24
3.5009483236720383e-25
3.996694446907589e-26
1.5816962976255565e-24
2.4248935477716493e-25
2.4396433896156584e-23
2.27982969535603e-26
5.076114831406465e-28
2.221505643813124e-22
1.9764929717536613e-27
2.8168123577846036e-21
6.1406695763584255e-24
1.80684971574469e-25
1.8527970525711044e-24
4.10116340735886e-25
1.5844786844530312e-24
2.056594937140411e-27
3.0024882432931083e-22
6.449164522397125e-24
3.6174342406713174e-27
9.705249702663346e-26
8.172103620487518e-27
3.4082913058556796e-25
3.0531050052490393e-21
1.0988385393532564e-24
6.228271998268977e-22
4.29625140053296e-25
4.857730339037485e-25
5.674685207065703e-22
1.8500816506356284e-28
3.2046211873165155e-22
1.617226635371474e-24
2.979951557854791e-25
1.0143429727347657e-27
6.096300010128693e-26
7.507624143513246e-27
1.217856625106577e-23
2.976833032783661e-23
5.626904580031532e-27
2.431662075277383e-27
2.1659172780449373e-27
8.876753072185976e-22
1.0151028988764294e-23
5.1184778730783014e-24
5.001081983006332e-27
1.7929391385950942e-22
1.0281488885610844e-26
3.2651945856096488e-24
2.2992232763991177e-27
6.404624574668765e-28
1.7701807680774974e-26
3.3858916416987654e-23
1.0349910752428313e-26
8.928607820642725e-30
5.808066169329333e-25
8.703345447945272e-24
8.83537639804921e-25
1.0759746587456965e-23
7.302358809145089e-24
8.543954189772986e-25
2.952275276963969e-23
1.1742326123246781e-23
8.835780800224777e-24
2.4556635385831125e-22
1.407900957983644e-28
2.31846632864213e-25
1.1832078932395582e-22
2.9528763922027146e-22
1.4062012751680546e-22
2.0474905690882174e-26
2.165207659880927e-22
7.394592164571239e-26
4.7858914467355716e-23
7.482185684750923e-26
1.0281426115524247e-26
5.093390986273136e-27
2.279902038593723e-22
1.781926733038111e-25
1.085376461281646e-26
1.3150643864790877e-26
4.078645941037337e-27
5.231785763935137e-27
5.2147055788533534e-23
1.393696143439171e-28
4.3596921451647e-25
1.5919039829709887e-25
2.0286980700069586e-29
6.92578222281086e-24
6.97253127199691e-27
4.866252560690787e-25
2.5559111984819603e-24
2.3335758639908534e-25
5.731258283962456e-27
4.7234384936541855e-27
1.6444755177716197e-27
1.4406786386875303e-27
1.4497964644968928e-24
2.27653139337685e-22
1.1514162770235251e-27
7.764857032895379e-27
2.3344234221393452e-23
3.961596133420414e-22
9.962164417281506e-27
9.359345233799374e-27
1.0427741692191897e-25
1.920748054249002e-25
1.3726016036088278e-28
2.7707909317350166e-29
2.548684032110626e-25
5.476262198819147e-21
8.657248219867709e-27
5.063352632407015e-26
1.6523762498838091e-25
1.1533491838950504e-26
1.452726130221988e-22
1.1604886828912336e-28
1.3290729123775805e-22
3.878040161382225e-22
5.821920642157364e-26
1.286041074784145e-28
5.003413819346446e-27
3.7756436984190754e-26
1.0157708686450493e-24
1.1785525679297593e-28
6.89533977829027e-24
1.6018958989736901e-27
3.772583520355467e-28
2.4578423595919257e-25
2.9204396646231215e-25
1.0779436600809064e-28
3.470387575812483e-27
9.077110058384203e-27
1.444976268691509e-23
6.04718151064745e-24
3.0222405561198705e-24
2.9407734502350426e-28
1.8986774120793764e-24
2.637383251032078e-26
1.1521872682123908e-25
2.5408427989553823e-26
7.722294106830581e-26
2.1270724199448833e-25
8.39300453575635e-27
6.293478282564195e-28
2.075053272983071e-27
1.5952081726405326e-25
7.463680905841099e-27
1.9858149679107846e-24
3.959231877766775e-24
1.4620950311439076e-24
1.805402334884942e-24
1.295409175341001e-24
8.120354437598258e-28
1.572004290288959e-28
5.068952607325596e-27
2.118023679280599e-24
3.127011042094445e-24
2.6068879563425802e-23
5.1320739145509206e-26
7.621845920183864e-25
2.798895982637961e-19
1.0707324034024583e-24
2.837809850743562e-26
5.893280240044653e-29
6.514553780296974e-27
7.070065778441389e-28
6.522709220507383e-25
2.5381623106514992e-26
1.0674941334845864e-22
3.6841161042924614e-26
3.413139043357265e-27
7.074156603081756e-29
2.7866379377874674e-28
7.489024177463237e-28
5.3517056100060585e-22
7.492162904790932e-29
3.746648171248047e-24
2.5255603769454092e-23
2.3982913034162163e-25
1.4869241165072497e-24
4.617535215757229e-27
7.208588435087154e-26
1.4516184672025735e-25
5.7814731402461494e-27
2.11401346501553e-28
1.4236504664655174e-25
7.984120250809551e-25
2.185796546572686e-23
1.9744712834084464e-26
3.560946211358559e-27
2.4262187848837195e-26
9.205923109362474e-23
4.5644987653102465e-26
7.904678052323027e-23
4.406473518538344e-28
8.755994735600152e-27
1.4647538221043958e-27
1.1391260962217306e-23
1.105554086157534e-28
1.7373171154425196e-24
4.7043592008831855e-23
1.4488445102516602e-29
2.0229570599074127e-19
7.488658282021092e-25
3.125451497623207e-23
1.8833359317327707e-27
1.5651443924820512e-27
1.4617641817570213e-29
5.409665624036618e-19
7.136384470541008e-27
1.2632995450433753e-21
4.316029349346847e-27
2.078743121986864e-27
2.6669496746352776e-23
2.0842822805481776e-24
4.008611293294013e-28
3.3910611361005823e-23
4.673251812699757e-25
1.243037822010855e-26
6.1247559583686006e-24
2.49338139274981e-24
4.882998809617501e-25
1.4264603072094592e-24
1.2031263620858024e-24
6.245016380467213e-23
6.908276587331352e-27
2.645361418307065e-24
8.937145917865164e-28
1.2471409132938069e-27
1.0680136471065204e-26
1.2187909754901352e-23
1.6978894300810034e-27
9.737512940953788e-27
2.4416456733931834e-25
5.4288619307782395e-27
1.645920166993848e-24
4.152305712601052e-25
6.690265127642559e-24
5.623132035084087e-25
5.257993147640926e-26
3.687041825364862e-23
2.9113294105132465e-27
1.399812905605942e-25
1.483773476392435e-26
3.620161361160044e-30
8.982929148058752e-26
6.434117203814747e-25
5.82350994857785e-22
5.1106445512177456e-23
6.579408928742673e-23
4.6940174413346614e-26
2.4398093918385755e-27
2.2724430156524645e-22
5.827971483956794e-25
9.878433150118761e-25
2.0427319939206093e-24
4.747912980461995e-23
8.55601352182182e-27
1.2007295208235866e-28
4.3581507470423e-28
1.9828079156271154e-26
1.5997379224679533e-27
1.486565530453307e-23
3.9948587461543408e-28
2.1026007926965917e-26
3.7297391983090805e-26
9.094521283326053e-28
1.1672896140467774e-26
3.3758875473866933e-26
4.816118948770106e-28
8.111769850888815e-22
4.9075866726884135e-24
1.3379119155783267e-26
8.237089650826641e-26
5.486572543917902e-21
3.273173732998308e-26
4.893933333487024e-29
8.83850625686602e-26
4.505988392947746e-25
2.433854688397164e-28
3.425469437170454e-29
2.419368226140056e-27
7.250540272778175e-26
2.9755705214443393e-27
2.202092646729262e-27
6.96713713854667e-27
3.15489026609179e-26
2.589628690690032e-27
1.3511329105061885e-26
5.749340258513473e-29
2.8502981047626595e-23
1.5222616336808295e-24
3.202883266583766e-27
6.338074793382793e-23
3.4579187629643174e-26
3.6039285100004194e-25
6.501249120283735e-25
4.634714282234136e-27
2.635256085053688e-27
2.2041507973642602e-26
3.846335343702328e-27
1.5217345728178927e-23
3.6396420917444065e-26
7.596963630245331e-24
1.1099897501611087e-25
1.2776059625918473e-26
7.247812531920059e-26
4.6416804236826936e-26
7.953877216037814e-25
7.641666977487371e-23
5.976401769213846e-25
1.0379675591154743e-23
1.8366288908876957e-24
2.1429368448322508e-21
7.040388962925386e-27
2.692019902926822e-22
9.902192351778643e-23
1.0880958367626887e-25
2.1379762075137346e-23
5.4439524784313815e-25
1.4321215512396764e-21
7.444959910127032e-23
