1.2843991071409292e-12
2.5224503912595703e-10
3.2069020119041177e-12
5.0778257475914624e-11
2.459153203766169e-11
1.9264221631674825e-12
2.9338938329843786e-12
7.401277738441669e-12
1.0852578203592589e-9
4.834144375929509e-12
5.292449756424929e-11
5.947028972123076e-12
5.464962640239397e-10
9.043314198694825e-11
7.006318724651037e-12
4.682399592937197e-10
2.0591730920847985e-10
1.4429820656205685e-11
2.9012084413153726e-11
1.7991694502221172e-13
8.16721273951217e-12
3.2747052081158946e-13
4.8803036168567425e-11
3.3624465794720964e-12
1.1850733933319423e-11
4.310483130700921e-13
6.010946641361416e-10
5.455397441794706e-12
4.993525975033466e-13
3.6646478580043286e-10
4.818545409764837e-12
3.932539627410724e-10
6.178585443646127e-10
1.134711442888008e-9
7.104685079785006e-11
7.387406309608856e-11
4.087887337243365e-11
5.250737460605627e-11
4.294235487142576e-11
8.921831347205197e-11
1.0764876896582362e-11
5.62504421652243e-13
3.3993970412995855e-10
1.3891244589677455e-12
1.1062473447611083e-11
6.170158998135387e-11
1.1791806590525345e-11
4.595283553569498e-11
1.4666732382054333e-11
9.360495753927912e-11
2.764045910572171e-10
8.595523818414913e-13
1.813232130941432e-10
3.9853103125238185e-12
5.8085610441053034e-11
2.1884264877324093e-10
1.1809395508138903e-10
2.9241274198467698e-9
4.084338332934967e-11
7.729701711264398e-12
1.7739554617393138e-12
1.0728804350557331e-10
1.1334842127117373e-11
7.026763765270302e-10
3.479447499299648e-12
1.5479757460180234e-10
5.46642663791929e-14
4.402459589178913e-10
2.161537489382412e-12
1.2087046405474123e-11
2.9980805097599487e-10
3.0834373235664354e-11
2.4318875291448045e-13
5.339099440700784e-11
7.875458506465382e-13
7.155321826801085e-12
1.3975939593732828e-10
7.390769654704195e-11
2.2970894616618778e-11
2.784878059516482e-12
1.2298584421732264e-10
6.686267079419674e-11
9.462666044000278e-12
1.04791991581114e-12
5.934353799627244e-11
3.23969672830297e-9
3.774039625805327e-12
5.108066448400638e-12
8.320017969448631e-12
4.351231184448133e-11
1.4354264574562555e-11
1.7715244321932159e-10
4.246016467987847e-11
3.151749380423194e-11
1.1198818014453747e-10
6.570858915257609e-12
1.1762094057296613e-9
2.300320086012832e-12
1.002523249481455e-10
9.980937660356932e-12
7.990268386775281e-11
3.453567689595632e-9
3.698197545936282e-11
6.886665792934615e-11
7.834471651910066e-9
5.87427748200283e-11
7.536654513302563e-11
1.417895118172094e-11
1.886252093852374e-10
3.6408225680189735e-11
1.094647090150005e-11
3.286173909124315e-12
3.251850782212015e-12
6.9977684716081826e-9
5.137283114855698e-12
2.750193627031827e-10
1.7758366412556039e-13
2.147831211500382e-11
1.1005501524705688e-11
4.092725765890417e-12
3.8792680858367175e-11
3.596746011294259e-11
1.1345672673429403e-10
1.0939569818294403e-11
2.422424846929465e-11
6.581496851271388e-13
3.7181170026980465e-12
1.0380416393663634e-12
4.7249132897805146e-11
3.0527422915172126e-11
4.936085716141432e-10
3.6367368187609905e-12
1.2863450691003072e-10
6.836238464361757e-12
6.299465244771288e-11
1.369559927116939e-10
9.407134267099873e-11
6.460869185352162e-10
2.6840690506053372e-12
2.1251167808900186e-12
1.375477339393674e-10
8.750225294288075e-11
3.2999487410048245e-11
9.437491801558561e-11
3.4699621631257625e-11
6.726931069690461e-11
4.437789814176633e-12
2.933063589230133e-12
4.458053423801867e-12
5.644873340401671e-11
4.4678138160605256e-10
1.2246563310536781e-11
4.946711659061143e-11
1.012602300265071e-11
1.4887984208002148e-10
2.4540304996774663e-11
3.6342641600775457e-12
1.4413532710421786e-12
1.8283411797582987e-11
1.5401132549675215e-13
4.4044035969962165e-11
1.1009323287159364e-12
1.5902606352585414e-12
7.577568396788571e-11
1.520735977150685e-11
3.630892125597066e-11
7.870831571570282e-11
2.1946865076335607e-9
8.631442041734925e-11
1.6475543057363085e-11
5.890968361021776e-10
1.3245841904617852e-10
1.1953637734943514e-12
7.063905622583575e-11
2.353075520933646e-12
7.356167481092739e-12
3.619156515460687e-11
5.644982229458995e-10
9.162110289419755e-11
7.333807622312692e-11
5.304122871027386e-11
5.590722942287891e-14
1.1527019087152253e-10
4.144608846134017e-10
4.467931226778397e-12
8.034331247185261e-11
2.1141427057285792e-12
1.1224940916298526e-9
7.205292214235381e-12
2.3395494096380576e-11
9.937614500536543e-13
2.5641789335471964e-11
1.3386876992865148e-10
1.6383225623744365e-11
3.44227721770504e-11
1.677321999017039e-10
2.977606978690222e-11
1.1565237863149055e-11
1.1021428645780851e-11
3.0560337404601637e-10
1.6186277209030441e-10
7.68563537058623e-9
2.29638835285672e-11
3.2015073394244884e-12
7.000585052367254e-13
2.2334166940899438e-11
6.950354335164279e-11
3.9832745594399583e-10
9.616744705909118e-12
1.203052461601285e-11
3.0170882153984423e-12
1.6193208229231707e-12
2.1642354673819056e-12
1.9599083412225942e-11
4.0569646871017415e-11
6.997570174448631e-11
6.145935631959055e-11
8.450760452749755e-11
3.399045845842019e-12
1.648792814722378e-10
3.701103759666921e-11
3.952021317717384e-12
4.14953117935051e-10
1.873266713285736e-11
3.1362217589410327e-11
3.11114115334395e-11
1.7248376636788594e-10
3.2528250458253418e-12
9.119156736360448e-11
1.7394310156784273e-11
6.333572019240191e-11
1.1537552395878213e-10
6.244170682239848e-11
1.0469297277099304e-12
1.9518913182713264e-12
8.599374634628147e-10
9.62682121654577e-14
1.647952485995952e-11
7.805955780677329e-13
2.7220773399945474e-12
2.2184718427005337e-10
1.1828389879339356e-10
9.300809808119136e-12
5.932839493712179e-11
2.2993627136045497e-11
3.363434133544973e-10
1.8891025472600304e-11
7.0817641160500304e-12
4.628663353292357e-11
4.904659380344918e-12
1.026596757061656e-10
4.5487864474704377e-10
1.0083280067434567e-12
1.5151315943094938e-11
4.712136761083117e-11
4.7302865734890634e-12
3.143341387770797e-10
2.296873194202026e-12
4.497816225988291e-11
3.498176432355332e-10
3.693972474623612e-12
1.2269860725231347e-11
5.64599596714953e-12
4.66547049477631e-12
6.703791530686321e-11
9.908890899131825e-11
3.2286789398096055e-12
3.6368804501642933e-11
3.8153837603920536e-11
2.0323391471411934e-11
1.15464318354363e-9
7.152641526304183e-11
7.741173474613786e-11
8.705354985066913e-11
9.465981407502178e-12
1.2730745349892776e-12
2.247960036435205e-10
5.500545468996111e-11
2.1426421986082407e-12
6.05966505161823e-14
1.216825818903196e-10
1.0925931679362227e-11
2.4703533188256417e-13
9.618008642981202e-12
5.0799513456227685e-11
1.0630200032695539e-10
1.599798512837451e-11
2.092665116524146e-11
5.812154449219792e-11
2.9956190724808764e-10
1.4285308109351415e-11
2.3562629286493003e-12
3.3289128999448506e-12
4.118703935159924e-13
2.158140652508845e-11
8.71772045478033e-12
5.86329330652705e-13
5.184665897996458e-10
2.199488760076637e-11
1.2319715214585e-9
1.4659817811634407e-13
6.026567448654724e-11
3.743766049955861e-12
4.340364360973178e-11
1.135528084441316e-10
4.317840733414101e-12
1.531673882890902e-11
2.73233867187127e-12
5.09359962695382e-11
1.230382437256423e-9
2.0159388792394033e-11
2.987463480735439e-11
2.618278125403771e-11
6.690056449183386e-11
6.408848572814845e-12
2.982679408039841e-11
1.4803352695607702e-10
2.8713205564214392e-11
1.3480765049075875e-11
6.5705702358321766e-12
1.1210657230511726e-9
4.2500753175422185e-10
6.374172302060689e-11
7.1449342050331395e-12
2.371213596847986e-12
3.831086389171173e-12
3.515853784126434e-11
1.0261290572736277e-10
3.5869258567669484e-11
7.863424710780038e-13
3.223805366482517e-11
5.954995750865531e-9
8.470770993663816e-10
1.0375169891828331e-10
1.150357421117881e-12
7.345814922109935e-11
2.0375258123643937e-10
1.2277753310841242e-10
1.0034438736780757e-10
4.574718164796745e-11
5.995980067995262e-9
3.9089433902821377e-10
1.1815343130850153e-11
4.433081322044424e-12
5.6527172427503226e-11
6.643441617844178e-11
8.973439820382038e-11
1.956634226598099e-11
1.207894382860781e-11
4.1168021734658374e-11
4.4392412734000834e-11
1.482103867525842e-11
7.232448376810757e-12
5.791515186949235e-13
8.045584671363958e-11
2.572122298599727e-10
8.100710973562736e-13
1.8257012346225205e-10
7.70922659072185e-11
3.809114302218864e-11
1.0139211854357986e-11
2.6301841461964166e-11
1.8218441217888833e-10
2.8356169346037764e-12
8.059255383678531e-11
4.4240665750758756e-11
2.862629537887637e-11
5.975170034236606e-12
2.4873266802644234e-11
7.14109977211351e-11
8.9503471342063e-11
2.829465828787773e-13
1.2123788442298581e-12
4.088496135435952e-11
1.327448806198305e-12
9.200528990202591e-11
5.513907005014544e-11
1.6802686600070193e-11
1.0437135724816983e-11
3.711854067066044e-12
3.860056054878182e-10
2.442190994031036e-10
3.2735431351115346e-11
5.5478283196993395e-11
1.0859011794251895e-10
4.763750915653394e-11
3.960388764068846e-11
2.832327589318141e-11
4.6509531553128986e-12
6.065008329731847e-12
1.4175514184789018e-10
6.385687307954776e-11
7.843572460407664e-11
1.0376331435767679e-10
8.266659703720859e-12
6.240011961791154e-11
1.540811687676932e-11
1.856730534774126e-13
2.524381779519518e-13
9.169936267710605e-11
8.12613538562012e-11
7.767093436799201e-11
3.908035391895746e-12
3.3014703113464305e-11
1.375809107894024e-11
1.1647578591492577e-10
5.038173128412711e-11
3.1414603733958876e-12
3.3458935016876233e-13
2.774885458350889e-11
1.3133752045035983e-11
7.018865160146042e-12
1.4004779056864476e-12
4.842082004618852e-12
6.220197485514308e-11
1.4099236781879835e-10
2.563015717815975e-11
4.346471250710401e-11
1.9233107210876486e-11
3.2738692305919086e-9
3.561528643279374e-11
1.1164769598500257e-9
3.0262427591113094e-11
8.252893157724831e-11
9.708094279009622e-11
4.216086643213087e-12
7.943097142574262e-12
1.2107126034501526e-12
2.8644113706501637e-11
2.344801771145222e-12
5.2649648906459985e-11
2.6234839969074252e-11
1.8726842781274744e-10
5.118119094517755e-12
3.0474926510466967e-10
2.5602239992539214e-10
1.5780445779662202e-11
4.502310848122772e-11
3.087655906978121e-10
1.4240738458529343e-11
6.650291105738671e-11
2.8795957621501075e-9
1.1169250262202062e-10
9.173101226760137e-11
1.398417676528883e-10
1.234972957748207e-10
1.8993984849410878e-11
5.684422022207901e-13
1.3413521152348696e-11
6.346409474700818e-10
1.1534162234642071e-12
1.953388766750522e-12
5.195593349882277e-13
3.516965140921755e-11
1.1871397584549886e-10
4.2692673601209915e-12
7.932240636518261e-11
3.1406998659403336e-10
5.908170758591361e-12
1.4173159694290758e-10
1.9633399127575686e-12
2.966396814486894e-11
5.095517040971628e-10
2.708671720306118e-13
1.9145337514647847e-10
1.0987558242946266e-11
2.30063954509661e-11
1.2257857151176438e-10
1.7157159463662052e-12
6.146979672858447e-10
4.180776356612784e-11
2.7251140983357e-12
7.766738928711749e-11
9.530838537000405e-12
9.493520630375763e-12
3.1143420602218484e-11
5.09913964779445e-12
5.332396798241086e-10
2.0640100008322485e-12
1.803301247338297e-11
4.674539904332009e-11
4.419072455929021e-12
8.940381253523205e-12
1.7197273787612212e-10
1.2446349516858171e-11
2.0947421470508337e-13
4.750376340958992e-11
1.1617178545791574e-10
1.2024128303787077e-12
1.3167019408514503e-10
6.719394603603917e-13
9.786799609110677e-12
1.550234555321856e-11
3.7052856913292643e-10
8.245350683109933e-11
7.428223624120121e-13
4.797378892218295e-12
6.258942885895268e-12
1.5054956563439388e-12
5.782164040821885e-13
2.261896341238428e-10
2.2687120586545177e-11
4.1888595888868854e-11
3.1348996254625446e-11
2.2968609885758885e-11
5.279421710660596e-12
1.7067579561875646e-10
1.7609932730109524e-13
1.4948004723397856e-11
1.9729651720380006e-12
1.8291056469429157e-11
3.902139719686967e-11
1.0514036226144316e-11
4.005825972239535e-12
2.3201997307368674e-11
1.5991345136808215e-11
2.687881270947027e-13
3.005045552934902e-11
1.5523695424620942e-12
5.2558358390022676e-11
9.667184133122723e-11
7.196626072917815e-12
1.040779740261529e-10
1.5306506595196217e-12
9.826716139325235e-12
2.856741293339665e-11
2.5214235750790632e-12
5.285624682560779e-11
5.33282984609786e-11
2.0773223027206617e-12
1.3780318270126903e-11
9.953711948732543e-11
3.066375834489167e-11
2.3197218724948018e-10
7.809130394757008e-11
6.94881608494781e-11
3.534576715847606e-10
5.450864013319879e-11
4.865103271411577e-13
2.0870834172777124e-12
4.683960467314066e-11
9.73753035387357e-11
5.976810624842984e-11
6.23162804501079e-11
3.507312046673326e-10
1.7330807456896385e-11
1.0129336462768918e-10
1.031802962110015e-11
1.333643314273737e-9
4.190901192160759e-12
1.1011442104086485e-10
1.4877899863720479e-10
5.787041242108599e-11
5.904662277837154e-12
1.8195081634171332e-11
2.822363507561436e-10
5.786332345964714e-11
5.073103908322317e-11
8.769347677732791e-11
1.2340037236626724e-10
6.590974309721195e-11
3.2168527157957156e-11
8.971162802700353e-11
2.4322311013808587e-11
2.4812007872490133e-11
6.654050431437408e-11
8.074628624197922e-11
1.978429973569566e-10
8.395616356075985e-11
1.5072110354839208e-11
1.5668897866630758e-11
2.1320118406578494e-11
1.3919399683866412e-11
3.8847560817348046e-11
5.750275985681854e-11
1.3128861659849148e-10
2.230762457409062e-13
2.6467790614005936e-11
7.518473150527737e-11
1.1436231389177557e-9
1.9946573494852913e-12
1.5992557113540346e-10
6.079970299482237e-12
1.9938262757561043e-11
2.856662094200974e-11
1.0215511989010186e-10
1.121011944301424e-13
3.5281933542241485e-11
2.6903568775677884e-10
2.1952291165892739e-10
2.2536505376383822e-11
7.46428570227016e-11
1.8267039190448725e-11
8.53733394250527e-13
9.988695051623092e-11
6.552191968031952e-11
5.250512084259479e-13
1.5270211266948837e-13
7.462746558159112e-11
3.805046042868592e-12
1.4300605046461728e-10
1.2660587597482697e-11
6.684318832081341e-11
1.0619081136876454e-10
6.1358238046640544e-12
1.075609591061686e-10
3.598490539859147e-12
7.964407643771558e-12
1.0980685148269294e-10
2.1129085581617137e-10
1.2798486299071956e-11
7.750507908039144e-11
1.322233091412188e-12
2.5336823064973077e-13
1.0176079309311279e-10
1.6512335356466914e-10
1.0656790132312635e-11
2.188192541861723e-11
5.2049462032546956e-11
9.540356065335184e-12
1.4820650590723587e-11
7.651463527270257e-13
5.924343970770697e-11
1.008978677696358e-12
5.186282180433631e-11
1.870067291616243e-11
2.2588451140302218e-11
7.176865234998241e-12
1.0126160738241759e-11
1.3351217471121523e-10
3.441227010900761e-13
9.168137635619931e-11
3.914924591352774e-11
8.897820888988125e-11
3.5581073036043446e-11
1.0909655991166121e-11
1.4638625492585988e-9
1.426060455376157e-12
2.250850374969176e-11
1.5158849892232894e-10
1.886645955401621e-11
1.9118322596970964e-11
2.5964551519648545e-11
2.5046013559742144e-10
3.897409151168501e-12
8.049146955456283e-9
1.2251910819177255e-10
2.444393645022267e-13
5.906708227723909e-10
4.099962565236055e-12
8.265258196994934e-12
1.139880257803617e-10
5.2894588645252787e-11
2.113083054309711e-11
6.653016222993798e-11
1.0667876776059311e-10
1.2841287399656644e-11
1.905720077686881e-11
8.483967070690431e-13
1.0582988977281933e-10
1.034514993404422e-12
2.7885488388732256e-13
1.1604051282731301e-9
1.6222917454884072e-12
5.773241801649641e-13
1.7915066005535596e-11
6.481176405156331e-12
5.62030195194475e-11
5.096544400646377e-12
7.293567251769599e-12
1.1435423350674934e-10
1.9819596707527623e-10
3.1006059950971456e-12
3.862148095581553e-11
1.1043385959682897e-10
3.0426991851142436e-10
1.912055435158103e-9
6.774777453240325e-11
3.725701083189957e-11
2.8998403700246603e-11
5.611498801642272e-11
1.5991099548294003e-12
1.2922887425956666e-12
6.611714613452308e-10
4.688459522122896e-11
2.883099790413123e-11
7.407207584103445e-12
6.871589542956539e-11
6.410295825217573e-13
3.7832047368431406e-10
6.840898433858753e-11
7.423474305045281e-11
6.295642264148252e-11
3.7442245702219697e-13
7.094698609580631e-11
1.5955702603424708e-10
5.54014862793085e-12
2.410324547657263e-11
1.3144759407464123e-11
8.893823384645772e-14
3.173538364614603e-11
7.489458577158847e-13
3.876117887572228e-12
1.8074781030893378e-12
9.820086904234452e-11
2.4553425154841417e-11
1.764191700102337e-10
9.627099206622527e-11
1.2663666561626681e-13
6.2755883711177685e-12
1.1493893989671958e-9
1.5709072638963357e-10
1.0934782659728775e-12
4.51891321626508e-11
1.2260312597104954e-13
2.518812411041104e-12
1.686625882446759e-13
1.9593568005290783e-9
6.915220525191698e-11
4.594222725753329e-11
7.235199664071474e-11
4.0080309405080315e-10
1.5237651205538039e-10
5.1295570710827076e-11
5.851964479114984e-11
3.300183571407086e-12
8.435409318437988e-11
3.9427689309597874e-10
9.160121700148382e-12
6.638216654637238e-13
4.759440251845566e-13
7.862558108888902e-11
1.3213059997853368e-12
1.0499272068205469e-10
4.91564697314385e-12
7.149300491345583e-11
1.5449702849720328e-12
7.587885681868353e-11
3.4571543874355447e-12
1.5169858816180248e-11
7.5359817030185e-10
3.173077588866968e-14
1.2790317195654506e-10
5.56528679305916e-13
6.620152434959132e-11
4.136333858290711e-11
6.138258892666169e-10
4.843076051631358e-10
6.393811699938651e-11
1.648226910531365e-11
9.556447377191703e-10
2.2843430187275384e-12
1.7743252231581608e-10
2.8296049123258243e-11
3.296822738097789e-10
6.61263184860815e-11
3.892574153532117e-11
5.5385503315195075e-12
1.5039370673145898e-10
1.9246148461377138e-13
1.509248267548487e-13
2.1894646257413155e-10
4.996098640615618e-11
7.318313218457923e-10
1.7456173482449987e-13
2.4513734199801836e-12
3.639835038054741e-10
8.805334344460683e-11
6.165215721901109e-11
2.1232724648365305e-10
3.0984510386680354e-12
2.1597504363539145e-10
1.9638091647171977e-11
1.0007495633303046e-9
4.655060550882741e-12
1.900621210381049e-11
8.899959631098174e-12
5.227648536277011e-13
1.1014461846335011e-11
2.7532285752664727e-11
3.3097074401722945e-11
2.148588564091511e-12
1.464462415303077e-10
1.4099420861136885e-11
5.676727938737589e-12
4.128490079075411e-11
5.947863377546722e-10
3.272552257233651e-11
2.0096371522183833e-11
1.3444089983551832e-11
1.6449967515252968e-11
1.727628783459342e-12
3.7521554107840985e-12
7.224648001508877e-12
1.1585752924940294e-10
2.4365561416751935e-11
1.5724936427461742e-11
2.0985751376983092e-11
1.1162067748534974e-10
4.7456919664862633e-11
7.522557209604922e-12
1.4634216748179703e-10
1.5606268951383583e-10
3.524128603443431e-11
1.3401800151529112e-10
7.863810729897547e-11
5.1802423923440675e-11
1.0943905098286287e-12
4.310981089295226e-11
3.6934125632931663e-14
1.3408679986252777e-10
3.4679722071180955e-10
5.0998477408071536e-11
6.299359320810003e-10
2.37610093374223e-9
1.302134600405665e-10
1.4047231426130638e-11
1.8640760410258134e-11
6.65752537705445e-11
7.548206100861438e-11
8.875001635264195e-12
4.176660370037193e-12
7.65807954043435e-12
1.4185725613653434e-10
8.308156970747999e-12
1.9761625391952118e-10
8.44026014746153e-11
1.9925724062675633e-11
1.5569748730054007e-12
1.336665733874023e-13
2.186533273394837e-10
1.1927940075792602e-10
5.475523353639051e-10
3.434130997029718e-13
6.911152831256425e-11
3.2058279744869727e-12
4.962404027819944e-11
1.6559063416183942e-11
8.09478772665559e-12
1.141020336076815e-10
9.510013394442738e-11
4.387469872158221e-11
1.1197719460838002e-11
2.0922879411165243e-12
1.0548549254318378e-11
5.257015608404578e-11
3.8532738194913976e-11
5.074996424985204e-10
1.8583223242168666e-12
6.73584138672805e-11
2.380870946889516e-12
2.619301524399225e-12
2.55752214357396e-12
6.259377165909964e-12
8.3070422129613e-13
1.0203401837504468e-9
1.800996369958913e-12
1.1315300612023717e-12
9.059229322261973e-11
3.550264317755395e-11
8.312982152211303e-12
2.1491334343538664e-11
2.111896163779736e-11
2.783657724352071e-11
1.0739831996396183e-12
1.2440138826282302e-10
6.151001643924526e-11
5.215772578731027e-12
2.3482419253940815e-13
1.2044935747392436e-10
1.6439702995205302e-10
1.2317504515373259e-10
2.40053189866137e-10
7.47446284712885e-10
4.647045268778359e-11
9.333437316306102e-11
2.580182266272419e-11
1.9074472465059664e-12
2.057528958054549e-10
4.229015891552777e-11
6.580886677918372e-11
1.0076695395094978e-12
1.0870524864687713e-12
2.7149014012790624e-12
1.9518921331222544e-14
3.1367794943113355e-12
5.2225719917870654e-11
1.3617257942449974e-10
4.7726337744990575e-11
6.639691982747518e-11
1.098752657692842e-11
2.193449271068058e-12
6.319205924276811e-11
2.323081609976516e-11
9.851751651541076e-11
2.259939022869919e-12
7.507272904094462e-11
4.052263219619441e-12
4.2385414842551397e-11
3.1847768225570864e-13
3.522412442867777e-11
1.1024297310360137e-11
6.483241960098508e-11
6.593935668831292e-10
3.193855791546536e-12
1.387298828073307e-12
5.443592483413541e-10
2.1448005898629452e-11
6.890157961556283e-11
4.208066864773105e-11
4.289254524495596e-14
3.17423034945363e-10
3.3892105930493234e-11
8.064440773280094e-11
1.0051745070635419e-11
2.694038353747864e-10
1.9746024244577957e-11
9.257241809495043e-11
1.0235066169489454e-10
1.4915337439557555e-10
3.988453547306642e-12
3.145588737786421e-10
3.652013655602956e-10
2.6496771464485985e-10
3.425611806640067e-11
4.758195684855402e-12
6.308644883469823e-11
3.4526871662047435e-12
1.0711875395988522e-10
4.105814767411126e-12
8.813171098140627e-12
3.861808012159638e-11
7.822906160097612e-11
2.6902023020779902e-11
3.3287299671909745e-11
2.3331667981589686e-12
1.7166382790717634e-10
1.4571815778266048e-11
7.816928768887569e-10
2.783629247030613e-9
1.1609210730490291e-10
5.0323172200391744e-11
1.2273078025648174e-11
2.770229825774277e-11
1.2413265450075314e-12
5.339813467569601e-12
3.575341076988103e-10
2.328082606886423e-10
2.5222137831961255e-10
1.111078140849271e-11
7.345452725837502e-11
2.0757364716999475e-11
2.608214766504137e-13
1.9666493434677505e-11
5.628462275029112e-12
1.8370563137134185e-10
2.4512936484280683e-12
1.1569252429395157e-10
3.652133930272252e-11
1.3239468236619324e-10
1.4319464199523226e-10
1.7634288436506328e-10
7.750302719174449e-11
5.974889553563078e-10
5.844868382873186e-11
2.3924297177753766e-10
4.584867313482614e-10
2.8337441743025892e-11
2.503660371650806e-10
1.2314147542909064e-10
5.36021871027554e-11
4.595631224873708e-12
3.852677011563491e-11
3.343010142778257e-13
2.411528442804955e-12
4.7623688181293545e-11
3.903031291172898e-11
2.963864094219474e-11
1.7008639998384236e-11
5.857665918785867e-10
1.9532795233133163e-11
9.266327877538508e-11
1.2427740696876967e-11
8.150687012972901e-12
7.63511044096015e-13
1.551506648361595e-12
4.792540376973044e-11
1.0027797135510828e-10
3.429765360722873e-10
4.4309269689670364e-12
1.7542862926731042e-12
8.264459455273063e-12
1.2860695733970683e-12
2.9211317971499305e-11
6.209776363239611e-10
1.959192672600804e-13
2.5078002527085927e-13
2.024952344707731e-11
3.264139150164469e-11
1.0911314436680145e-9
6.868052338864993e-12
1.6962416354726718e-10
5.545672397872117e-12
1.1750229769316624e-9
4.902789710954866e-11
2.3417904747767393e-12
2.900445748259105e-11
9.092284285756093e-12
1.20546454529292e-10
2.8532588039885133e-10
2.3293438121515076e-11
3.06935693229277e-11
8.091041924493782e-13
1.603962216721531e-10
7.510762638002164e-11
2.2355152354480953e-11
1.8608814592928922e-10
2.680261212121767e-10
1.2881997666546793e-10
1.3932953476025837e-10
1.3558130966751858e-11
3.2337279180269346e-11
4.073183660538124e-11
2.6375963921853156e-13
3.3016302664634256e-14
2.638248153874043e-10
2.4866727245486188e-11
2.408433908790864e-11
4.825802315715095e-12
7.043183158743569e-13
2.229898302072844e-11
5.594322799502529e-13
3.5367697165798465e-11
9.492057685998653e-12
1.4358602855299084e-13
9.579977589864961e-11
6.159636576168009e-10
1.50238937959379e-10
4.0134048105626866e-11
4.746936988101949e-11
8.635635688770634e-12
5.003182746507537e-11
5.279496371142339e-10
2.4087389441705284e-9
5.5037110984898245e-11
3.8194650426869465e-11
6.276865068658518e-11
1.1038913397044136e-11
2.9855552724402966e-10
8.051566933996332e-11
1.0946520692455227e-11
3.37688602159179e-11
1.1822060120026323e-11
5.205823471171892e-12
4.858553005908803e-12
1.6267419955663257e-10
5.675374133233307e-11
6.985620772119556e-13
1.2745089774103242e-10
1.1833926752207571e-10
3.753151278544601e-12
2.97363603328324e-11
3.5478306953525654e-11
1.7153343222931286e-11
7.019609089864203e-12
3.6439638666210855e-11
9.469570458896399e-11
1.6815152118322228e-11
6.560354034780707e-11
3.597271100536636e-10
1.1577028273240688e-10
1.5443684515615515e-10
1.862472020967574e-12
2.312344979714857e-11
3.647968705312664e-12
4.660397462745161e-12
3.4036470422413655e-13
6.356780916917685e-12
6.712570983445849e-10
4.1128978055716894e-10
5.359448898727294e-11
3.737264473675767e-12
3.8370258845370913e-10
7.040917384329044e-12
7.600172315974391e-11
2.0052069670328936e-10
5.6438705813018767e-11
4.695318024834914e-9
5.022484465724292e-12
5.404038906446079e-12
1.1441251367534334e-10
7.704763377448161e-12
1.0494517957115711e-12
8.320513816054082e-11
1.3157689438076704e-11
2.5638459658567978e-11
5.390851677515845e-13
5.971505335270425e-12
7.329858687158883e-11
4.150105713824316e-12
3.7203290815053773e-10
2.4068463475102206e-9
4.61018935737224e-12
3.615195914506939e-13
4.228117674655894e-12
2.205643561035888e-12
5.221176375653113e-12
3.249572870969675e-11
1.3856356009651325e-11
1.7464941700225164e-10
1.5736983769104416e-11
8.911008668295805e-10
1.7480537501269678e-11
7.000196435095574e-12
1.1402490887049723e-10
6.513886256586271e-11
6.538800772175045e-11
2.4907692083577684e-10
7.674057395755784e-12
3.668475397604185e-11
6.004931461255431e-11
1.1158392478003616e-10
7.852861680163622e-11
4.3470585725162464e-11
2.0803606967365994e-12
7.063422318595168e-13
1.1476647347317089e-10
1.8473721439545154e-12
3.8967306060622996e-13
8.585586072425334e-11
3.831493750089431e-11
5.641706781155442e-12
1.5970056696379794e-11
3.087409773669177e-10
1.9349861295154068e-10
9.329978296909577e-11
1.4339251639178625e-12
1.354081223094409e-11
2.600366242967285e-11
2.432387317053108e-12
3.3560165164896235e-11
5.304935259672673e-11
1.430182533251636e-12
4.43790280305777e-12
2.2089808951719297e-11
1.6125356157768751e-9
3.1593966333193436e-10
2.2334081167561863e-12
1.0350803836609967e-11
3.02695006952026e-12
7.666830800679746e-12
1.1306296639420391e-10
2.1528368136841718e-10
9.62977237969415e-10
8.491881118267868e-11
3.8429870133426653e-10
2.9009689164836147e-12
4.3710546083655036e-12
2.036462717620003e-11
1.4291317798457311e-11
1.705501622554629e-10
3.97301642581472e-11
4.0893652746712594e-11
1.0597313386423638e-9
1.593428228280576e-11
1.249084571460106e-12
2.8438206082569272e-9
5.99749344690545e-11
2.3129744840528638e-11
1.0403765242532628e-10
8.87836640496224e-12
8.735957139326158e-12
5.7996674167672586e-11
3.5974358496435335e-11
7.29705451346524e-12
6.94304340470009e-11
4.4473282146000855e-10
7.747412410447356e-12
4.179421170381659e-10
3.2929320463739686e-10
3.8439191483529925e-12
1.1448774479682387e-10
4.509509560773363e-10
1.3573523131938664e-10
9.668254839015728e-11
5.344623406764877e-10
7.944516932700851e-13
2.705230817652819e-10
2.1751902711546296e-10
8.249040622958148e-11
8.27890211096598e-11
9.99577822570546e-10
3.045062121242785e-11
1.9958725878100747e-12
5.772705169840859e-10
6.909068657284413e-12
7.545584477280172e-12
4.4146669513328045e-12
1.1116196497507205e-11
8.737475596982677e-13
2.7879773215330574e-10
8.579877182937344e-10
7.878328395880227e-13
1.9046185535778738e-10
4.9727820190813876e-11
1.1647570722248525e-11
2.177995408357562e-10
2.1608002083573447e-11
1.9285247750575197e-10
7.223828494662141e-10
2.468198446548297e-10
3.136122704866197e-11
5.522997883059466e-10
2.2114015215464345e-11
1.513740354195321e-11
5.564023836075115e-10
1.4314125370267709e-10
2.0127463025062556e-11
1.889706005298685e-11
1.9322168298242193e-12
1.303201031706871e-10
3.578591023321007e-11
1.85684282732938e-11
7.621802388273963e-11
6.419065091829286e-11
5.990860074733177e-12
1.8824886727038957e-10
1.022329492026238e-11
8.004373690701326e-12
1.2841240244850931e-11
2.0307297415011954e-12
5.938484896470015e-10
1.9850839223482412e-13
9.184979638844105e-11
4.34607951375843e-10
3.387206069843936e-11
2.342123496262312e-12
6.034462053029099e-11
2.341717157471315e-11
2.0863710791648746e-10
1.2498449143858937e-11
1.3048273047781546e-11
4.646185641804749e-11
3.5964878765169134e-11
7.934106848554368e-11
2.7760693708740887e-10
1.2824902913938727e-10
9.677638868223546e-13
6.07509348287243e-11
2.2868311030627204e-11
1.0631631447056495e-11
2.3193480020133907e-10
4.584731194683228e-10
4.694638521560132e-12
4.344118735368651e-11
2.0203029187695743e-11
1.414592960233214e-12
3.493224258625732e-11
3.065390936372816e-11
4.383126397823616e-12
2.727630930347613e-10
5.2574836732295e-11
2.335088363715273e-12
6.400647598057886e-11
1.9512305851140935e-11
1.0111108430120214e-12
3.3690125219161164e-11
5.759433453804789e-13
1.5949981674673995e-10
8.885975561294015e-12
3.636936606871373e-12
2.121309117776094e-12
1.1582896516165617e-10
1.6533661394839866e-10
5.073030100805392e-10
2.1277289199634495e-11
8.217751103542582e-11
7.522610561758765e-12
2.2348134625013846e-10
2.613552229958777e-10
5.577051878084641e-12
8.709272502960188e-13
6.397488264847487e-13
1.4833919361538145e-10
5.051205821129811e-14
1.737399350151841e-11
2.2322394368567433e-12
1.4578638376666527e-12
1.0369387844663078e-12
1.4554113455062628e-9
1.6574432847796648e-11
8.899886560587782e-11
2.94077631078463e-10
9.050943727567292e-12
6.064245428726268e-11
9.103120304147055e-12
6.627646851032508e-11
5.475309391240426e-12
5.128954251540726e-12
6.253167450026424e-11
3.959660189936747e-11
6.085473153629783e-11
2.8994756244859183e-10
2.397946935873078e-10
3.178716054667086e-11
2.4625622581947192e-12
3.591344422574576e-11
4.927090424557097e-11
1.3099666731405222e-11
3.851454364805536e-11
2.464178665074409e-11
2.7320030522815852e-11
1.064691767119621e-10
1.3795727343528061e-9
8.913880112240605e-12
1.168171096858102e-10
9.1315060326427e-12
3.5991847868943735e-13
2.8764260662155772e-12
9.080255155176746e-11
5.855738926410687e-11
3.669927749426873e-10
7.828135284922114e-11
1.220418320181628e-11
1.6342379727671362e-12
7.577844402858822e-11
5.623799555638411e-13
2.2984675399744997e-12
1.2947138810668078e-10
5.174573168222698e-11
1.745973792537759e-11
9.104202147384782e-11
7.711357448595178e-10
1.0222755909417005e-10
3.968396094722902e-11
5.901723807891e-11
4.130866729809146e-9
1.1983925490353455e-10
7.349177540470475e-12
9.99771835007593e-12
3.610082422041965e-10
1.9485429797371663e-11
1.1396939051547973e-11
3.425634831194129e-11
1.0524110321647411e-12
9.788307621471832e-11
1.3910476943663898e-11
4.631291003267879e-12
1.3610254846788557e-11
4.1391887784769236e-11
5.956583541252919e-11
3.3979892430752654e-11
8.814832408638519e-11
1.2716083517473857e-10
7.176919411131334e-12
2.249703332006115e-12
4.05276569879577e-12
6.533857769174926e-12
1.231970173667315e-10
2.068979371122577e-10
1.7608947960678917e-12
2.9976181949104406e-11
2.526156197088917e-9
1.1199920772108057e-12
4.32341791077148e-11
1.287434851106226e-12
7.506838062967417e-12
5.0720035031161795e-11
9.903015910002483e-12
3.9514486271324565e-11
8.850255976692578e-11
3.8801562045356835e-12
1.70914098755505e-11
4.280627317584218e-12
7.33170465220203e-11
3.2488308487837125e-13
2.1418576191490556e-10
1.3653428848819348e-10
5.922022436130473e-11
1.7175234955469463e-9
5.285004878967232e-11
2.648056611133295e-10
1.118503564882783e-12
5.774539470685954e-10
7.709671959097935e-12
6.274426662130637e-10
6.839528888381963e-11
9.787461216579303e-11
2.231344622465819e-13
2.4534106510956412e-12
5.526924141503786e-11
2.864033534152873e-12
3.5612538901744785e-11
2.159146002931068e-12
3.022940250465452e-10
1.022479693584363e-10
5.125261123163749e-12
1.5420983578499623e-10
3.143904687098278e-11
7.019814193136696e-14
4.3951436735218285e-12
2.6478790268008788e-11
8.834628013412096e-10
3.914369710313463e-13
1.2411312150400186e-11
4.7527472281425983e-11
9.731866287305374e-12
1.5190816413070123e-11
1.9928671010424675e-9
5.7037362024541344e-11
4.230529736660871e-11
1.439679833699747e-12
2.550110216923881e-11
1.811454124970148e-11
6.254790893581608e-11
2.905924699088836e-10
3.712882504047385e-10
3.673800193137376e-12
9.535150167499006e-11
1.9562270186964395e-10
2.119770967434516e-12
7.088904222696809e-11
5.767498865320954e-11
2.60385294665906e-11
2.1571261226168295e-12
3.01742003101667e-12
2.0169668103797542e-10
1.9282848157152138e-9
5.229242403180976e-11
1.934989916538756e-10
1.1111337471376417e-10
2.7765447386229828e-11
3.318899750558615e-11
3.5895769814475474e-11
8.968824264827262e-11
4.665214668572818e-11
5.109840757996661e-11
5.586056220782908e-11
2.2690561621577668e-12
8.111775567395556e-12
1.3631092802764307e-10
3.174175913574925e-10
1.7915208386703815e-10
1.7589557516313596e-10
1.1490572838544709e-11
6.89176621664444e-11
1.0729513662804579e-13
1.4279342762618343e-10
3.720553654821819e-11
2.5348618426007417e-11
1.1264924772823769e-11
2.521426293627406e-11
2.540249543436668e-10
9.14578146059784e-11
7.214295344077679e-12
2.283033866857227e-12
5.696766490831128e-10
3.550771985225421e-11
1.21723984597635e-10
4.583271571121671e-11
1.2710485950624158e-11
1.5540227307316336e-10
8.981267113570946e-11
1.073947710095472e-10
1.454308788742904e-10
4.378494115790301e-12
2.8907086025689653e-11
1.9268663582278544e-9
5.199578454031834e-12
1.216544497488056e-10
6.831731726529622e-12
6.814248302783445e-12
1.0164958815741417e-9
3.316265117966703e-11
6.713752259745334e-11
1.6854013785061256e-10
8.338054882540919e-13
7.204878042486878e-11
3.039254059310577e-11
3.948077939086303e-10
9.570003493543829e-11
5.398580588986143e-13
4.706158810224529e-10
1.435418576293867e-12
2.650860428939381e-10
1.199070878352272e-9
4.28302389869245e-12
2.2486165594232197e-10
2.1294044356410355e-12
8.550563019243489e-12
2.0873546804802666e-11
1.2220207101087436e-11
7.773309545435379e-12
1.2444247153538944e-10
1.532870067107445e-12
9.431957449073619e-9
3.3469603610700925e-11
1.5496548549278732e-11
1.3018156739597153e-12
1.048395047874437e-11
6.76560277582206e-12
5.626696353810222e-11
1.5637467160773664e-10
5.539876159167921e-11
2.6593296550073674e-11
1.0542945962235448e-11
2.419221560625339e-10
2.3020542535402292e-10
7.939879354636861e-12
3.975389862357054e-12
6.947273041783576e-10
1.5677731797601002e-11
1.3340547011193731e-12
1.9019998864429832e-12
2.733493176611443e-12
5.16177546392587e-11
3.766079769955835e-11
6.483568585580106e-12
2.7044897880967013e-10
2.401335631300635e-10
3.570046113825951e-14
3.2703557400266867e-10
3.88167446346428e-11
7.385255007743174e-10
3.3037665947476745e-11
2.2388315056130602e-11
4.0499896274980915e-12
1.319283793054874e-12
4.2382850814712774e-10
3.0503293147670763e-12
1.5451187950837955e-11
2.5994537419064165e-11
4.2158669187968775e-11
3.672986725585911e-11
2.302554883423291e-13
2.0620659298066442e-10
1.8967503377801952e-10
4.1409268859164615e-14
2.1635263250713037e-10
1.3669689589434459e-12
7.527485826008457e-11
2.485549014326502e-11
5.24352334037375e-10
2.14126869387251e-11
1.4321836863923153e-9
8.305745941884702e-11
1.605119163774591e-11
5.013971303476383e-11
2.8242314642960248e-11
1.8159788119991604e-10
1.9752528116791923e-11
8.76571698744597e-12
3.418861349140099e-10
6.171973690710272e-11
4.577367623475192e-9
5.217066953366551e-11
6.922000158781444e-11
9.504125536459898e-12
4.9908068803156413e-11
4.651165612836474e-11
5.889355564952758e-11
2.360337306272411e-11
8.458829538224283e-11
3.03266714179149e-11
2.4230831184848235e-10
4.527654231345371e-13
1.0889317725911098e-11
1.7772799372956923e-10
3.114007827302477e-12
3.0973016480676583e-12
3.544919166913061e-11
1.7742435204083997e-12
1.6250899890095654e-11
6.0741616294453685e-12
1.1391045804932445e-13
1.2407961530953687e-12
1.9374141622809961e-10
3.369664712057451e-11
4.261243528344786e-11
1.4944032966813807e-12
3.2370237600131524e-11
7.643302398306028e-12
1.4057270098190544e-10
6.293776667212568e-13
6.0453806219337305e-12
3.682300604659365e-11
9.717946040908916e-10
9.980256944214105e-11
1.8066508029954664e-12
4.153978837626059e-11
8.660662563658462e-15
3.5885797297456075e-9
6.898650229405767e-12
7.742534170816312e-11
2.035356939052936e-10
2.927283075941939e-11
1.81904304675665e-11
6.646148267289708e-10
4.3594019811022357e-13
1.8534716978073772e-9
1.5217089111122934e-9
1.7020917418718679e-10
5.798762601680929e-11
2.319671451274868e-11
2.1252157485412554e-12
6.8471442514056895e-12
3.2504399460710888e-12
1.4480424211988736e-11
1.3783278993056041e-12
2.0706153351359942e-10
3.9979964657699485e-11
1.357833848289758e-11
9.695069002749808e-12
7.695923630146106e-10
1.7181222500902688e-10
6.478191651134899e-9
5.259636642107995e-10
1.5766532918345353e-13
1.2448386446104294e-10
7.424945054549954e-13
7.612937209372477e-12
7.5870456269137e-11
3.849993418352354e-11
6.794431773781047e-12
1.6546543024530896e-11
1.1763078483652555e-12
2.8561906382861126e-11
5.699143818972455e-11
1.8075304673720974e-10
3.579044789141191e-11
9.416200767968978e-13
6.552225170002943e-11
1.4021693459971498e-11
1.0396650368206691e-13
2.1974263932587638e-12
1.7684082114704978e-9
7.828730513052541e-12
3.020792902372241e-10
1.2861963971179345e-11
8.672794037236142e-11
4.34371739173965e-11
1.5960154687546005e-11
1.7956846776663044e-12
3.849904922893181e-11
1.6849339849321235e-10
1.7473239430421394e-11
3.077012653540375e-10
6.79414241701348e-11
1.0105221588072426e-11
1.846225689211352e-10
2.118289940527996e-10
4.401126997882925e-12
8.211085228706174e-11
2.3577303432556845e-11
2.281663819879146e-13
5.914356711063452e-13
8.691549040872791e-12
4.9095915433546345e-12
6.959628438178233e-11
6.332798260934591e-11
2.630356408239648e-11
5.06569001994557e-11
6.686710439602533e-12
1.0611285258346228e-11
3.8752335473258326e-11
7.29831256841961e-13
2.009063114255158e-10
4.425392648031579e-11
2.326218086963801e-12
2.5370443999902055e-12
4.837652002753861e-11
2.099295797824725e-12
3.3978671328212564e-10
7.259238442173432e-11
3.484729943137539e-10
9.118068213699099e-11
1.3969828610176656e-10
9.77084615800737e-10
4.093275090370234e-13
7.50723782268798e-12
1.2698073084492258e-11
1.786835966875864e-11
1.0188693480317353e-11
1.4897627533509786e-10
1.705906237313057e-10
8.001709812760891e-11
8.99419502628192e-13
3.621421111424945e-11
7.28210108012982e-12
2.1024747983099727e-10
5.455112093799345e-10
7.300291651361158e-12
1.0563586718089622e-11
3.256451490483782e-11
7.82628364939522e-12
7.121214840156244e-12
3.7894602585035726e-11
2.9627366376625654e-10
5.994483788989496e-11
4.695290772887699e-11
8.715785523869538e-12
2.4106693456126032e-11
2.6181899958703278e-11
1.36020385166188e-12
2.820060808928079e-10
9.957758075555505e-11
3.4814042667401615e-10
1.0102540296058208e-12
4.962621602630835e-13
5.6600216828791236e-11
4.880923156903054e-10
1.218867128008646e-10
1.607288319564542e-12
4.990282807715403e-12
1.4956920558085156e-12
