6.041186972489174e-11
4.409727268564651e-6
4.889613099693534e-11
3.589920640355635e-10
1.60882742615664e-10
3.5592151521349914e-8
2.2896168270670314e-8
4.4516376001918427e-10
1.840666088570958e-7
6.090927160500615e-11
9.712798969409208e-9
1.5267558873571568e-10
4.365899656243352e-8
2.5016970425930686e-12
1.2592284645875985e-6
5.58317279080297e-11
1.367136377451816e-7
8.16852032805618e-9
4.0004865825973846e-7
6.707404296120692e-8
2.7778018063482107e-9
2.21125208296449e-9
2.6081299298869484e-10
1.5709294325873187e-7
1.1436512162047945e-12
8.616207022578567e-9
1.364216996605524e-9
3.7966479081819605e-9
7.301625140337081e-9
1.5865760263695796e-6
8.914364664101576e-9
2.4234899162189437e-9
1.5081246636006833e-11
1.0880437535921176e-8
4.4067148098259634e-10
9.903973225801898e-10
8.859892989881403e-10
2.1664585228391073e-10
2.980172490799825e-11
4.058072457587118e-11
2.2327875432240848e-7
1.6159130274203925e-8
6.790995183786257e-8
1.305200300884302e-8
2.717722368645131e-7
1.8454927889177444e-7
5.966314183245778e-8
6.049113561142946e-11
6.261707334119701e-12
1.5578230237871645e-7
4.3326104351233764e-9
4.019234216751565e-8
7.24280720163413e-10
4.643774846987731e-8
5.657820052039199e-10
6.112915055412872e-7
2.112052753879619e-9
1.892127164627685e-9
1.0252705213012788e-8
2.2800807701463752e-10
1.0323915504083347e-7
7.926284942848622e-9
1.835223163046434e-9
1.1413405196787025e-9
5.888429870494238e-9
1.3869879308839327e-8
1.8622199590347782e-8
1.5858333564618263e-12
9.375453675405823e-12
2.30863548460509e-9
1.0297698170926012e-10
1.1325594856377476e-8
2.9645054537711635e-9
3.456680251373234e-9
1.2719342152065073e-9
4.255673295908956e-9
3.0746541535952456e-10
5.878134417386287e-10
6.0083347720682125e-9
1.2588242674244679e-8
1.2285901468541485e-10
3.655271635971063e-10
6.840792312659999e-8
2.5151080210513324e-8
1.0371924744028118e-9
1.681764861163714e-7
8.53347778893687e-11
1.5390952940827421e-9
1.178016912236645e-8
2.8739229735387637e-11
8.573907547068767e-10
3.2199717445756293e-7
4.144877406933658e-10
6.816798185660392e-8
3.9460942058428826e-11
8.67786406360418e-8
1.9220192330196357e-9
1.6238334775024016e-8
5.581249453066814e-10
4.280928997410451e-9
1.519911413881424e-8
1.2240794767759153e-8
3.734921429095603e-7
3.303270859687154e-9
3.6449016828427964e-8
8.465113228874502e-11
4.087820494236548e-9
3.532626421347118e-9
2.573705945113546e-9
8.15256036757041e-9
1.662022648133847e-8
1.2592637065736457e-9
1.2640784125346975e-9
5.37282064729385e-9
1.1787948930396457e-11
5.3798347114324227e-8
1.094770232335372e-8
1.8073554992973606e-9
1.413670452368866e-11
1.0032777542868842e-7
4.9241487867494666e-8
6.46528006328616e-9
2.5224896896804927e-8
1.7218450978586628e-7
7.237621081321421e-8
3.1859878190577265e-10
1.7953269284643996e-7
1.1870830190365771e-8
2.7471432420614258e-11
4.855359769906555e-10
1.1112249699902898e-7
2.4691253640743976e-8
4.3792196846000244e-8
1.5427818498685403e-7
7.972841697475363e-10
2.8860114575291908e-11
2.603370943477108e-10
3.615479961271031e-6
4.206434383746946e-10
4.916864576532106e-8
1.0120456795169922e-7
6.302880547978926e-8
6.534423339724003e-11
4.241383796837407e-9
1.7515194604503397e-8
7.877129111297229e-9
1.4411609704737108e-9
6.225550495451481e-10
2.7412155644951192e-8
1.551540932908296e-9
3.366264359015382e-8
4.935715357580951e-9
4.505072518008033e-11
3.42613752801415e-9
4.980382820072954e-9
5.0949210339829085e-8
3.7076960440166185e-10
9.18753200279936e-8
4.8645181713800314e-8
3.8981305593138577e-7
1.1024065450283933e-7
6.464962402742621e-9
1.0146655569027027e-8
2.4092670511931966e-8
1.8932139419778893e-8
3.8528941085265385e-8
1.640630660103328e-9
2.1790128865322763e-7
3.842255832415384e-9
1.1777971723341467e-10
4.4572089110168036e-9
1.3590688580956611e-11
5.229373213241688e-10
1.1381420133817932e-7
1.403792452339923e-8
5.115070897689143e-10
9.207958208846773e-11
2.851373918851884e-8
1.4815419518882744e-10
1.5627171372379073e-10
2.419180887457908e-7
7.257840288273544e-11
1.986403876924817e-8
1.302699209628511e-8
6.096277500973457e-10
1.383149036358556e-10
9.082099899759759e-8
1.9719069477759314e-10
1.4989038194920226e-10
5.060879269829942e-10
2.6509213860009377e-8
2.4681744721558195e-8
1.7807610441274256e-8
2.521341911953431e-10
8.715841237049388e-7
1.8198977679404033e-9
1.3505254173395065e-9
3.36169873976344e-8
1.2867803236993072e-8
5.320804997985604e-9
9.840029165716939e-8
1.5298818810458023e-8
9.78807804333862e-8
3.110003586896625e-9
7.698646543065681e-9
1.3573093724827121e-9
1.9948389898078624e-9
6.256549846113792e-8
2.5682098593188204e-8
6.460330965407079e-9
9.124984701654346e-11
1.997412081482458e-8
3.514886132742598e-8
1.6647104626196524e-9
1.3089572043963863e-10
8.546911527866888e-9
8.10829636372563e-9
5.393415564646622e-9
7.586889781920409e-8
6.43445100472919e-11
7.17460664309367e-9
2.520992555622018e-9
7.973557029861647e-6
6.591706854113062e-10
4.832661277924661e-10
1.4944731990777234e-8
2.3301471608388958e-8
2.5764000982655778e-8
8.216307246394728e-11
2.533434658298988e-7
3.9239611932517437e-11
1.8293117222391783e-10
8.850389949187024e-10
7.044024717956106e-7
4.082657530498375e-9
9.947690926179954e-10
8.22728505338938e-9
1.465356903244839e-10
7.500777032466022e-10
4.226320230319391e-9
9.586396550734858e-9
5.130345428255706e-8
1.4645135537274039e-9
5.349286562233396e-9
2.1029965522596497e-8
1.2915798412632989e-9
1.2638115375915098e-9
3.969386052124028e-9
8.537872270418035e-9
1.177895307772298e-6
1.1130108588109768e-10
1.2664000140840716e-7
2.0369370139632543e-9
6.575747539602863e-11
2.909797960345887e-8
1.362135408231462e-11
1.3359055299677728e-10
3.1415533434416807e-9
1.704220846262968e-7
5.907206498685645e-9
3.735497201740279e-9
2.7432476728777978e-12
2.6366055235164897e-8
2.2915258432067643e-11
4.576966554987127e-10
2.2483515708928602e-10
2.094362370113481e-8
9.939116803040601e-9
3.4048858405486084e-9
6.146322979370548e-10
4.931453428541258e-9
5.5647236795748875e-9
4.043414618598471e-8
5.018466104090592e-9
7.510130887053158e-10
1.1983380172899482e-9
2.788668739686521e-7
6.072901562162425e-10
7.334856925269954e-9
4.058154303859711e-11
3.80244545658729e-9
1.5170841933613177e-7
5.02907445450453e-10
2.2226583592410998e-10
2.638968292750154e-9
3.7352115131610996e-8
7.91278060242254e-10
5.3263193738837925e-8
2.124006808095059e-10
5.359582015039767e-9
4.137442417739317e-8
2.5865470711767676e-8
1.1497118104879644e-10
2.3921999913501023e-8
2.1411454719397185e-11
9.167488420217974e-8
1.6821275296812822e-8
2.2463159156510472e-10
4.06662754233546e-11
1.886496202266268e-9
3.015777126890568e-8
4.490945538298245e-7
1.3511821914223213e-9
4.139152673346236e-12
2.305822799444974e-9
1.893534418689657e-12
1.1964153772290068e-10
1.2645159310063345e-8
1.0906269401052503e-9
2.8968021203564616e-9
2.0045308119047173e-8
3.2824867314570218e-12
3.374120412028617e-8
1.2516168189695305e-8
2.5597000496854652e-8
2.873512596981384e-8
2.642405361857622e-9
8.503551311735324e-8
8.342414279153456e-9
7.396378148882306e-11
7.404267301179092e-10
3.445453368583352e-10
3.861974681940191e-8
7.058030058498274e-10
2.31250293079917e-9
1.3241051354938793e-8
1.5242048600395105e-8
1.4440992475824837e-10
4.12423261168891e-8
1.999744115999434e-10
5.656487070133894e-12
1.9493709380451132e-9
1.4569198459099019e-8
3.616439840289082e-8
2.5255943415145156e-11
9.742107462805997e-10
3.6076708997063895e-8
4.800551043025512e-10
8.955891292545623e-9
7.916554925902692e-9
1.3754012401698128e-8
2.7159533165722636e-11
1.330771730477112e-8
2.7261190432330238e-8
5.244911739003633e-8
1.9994221350831844e-9
1.4833011194927746e-9
2.0855545501370803e-11
5.745978442049414e-10
7.129001259455904e-9
7.692482945814812e-10
1.1035057843852546e-8
1.7253923175387903e-10
2.1509235528197026e-10
1.0554152841703344e-9
3.8405814214836335e-8
4.292359682320404e-9
1.1933580645109097e-8
2.726701159371471e-10
2.5685890384075483e-8
1.9386536010196966e-9
4.55711435108696e-8
8.522405349967895e-9
7.319943784677227e-10
1.5357659542082627e-9
1.1262458141347439e-8
1.8518117370943695e-8
8.918619528722707e-9
1.6901394620274025e-9
3.1010229382476614e-6
2.626712130519657e-12
1.5291877730767562e-11
3.840582636666363e-8
7.787002939989578e-9
8.828403269149969e-10
1.336451240366119e-7
9.7409507856356e-12
2.512056171613194e-7
4.856582367884385e-10
1.5174382659009275e-8
3.848712041465433e-10
8.327369897187384e-11
4.501554156343889e-8
8.303104725007517e-10
2.8942542623704676e-9
1.2257386819224977e-8
8.974448837666232e-10
6.385364933816098e-8
8.359426572208271e-10
4.258744972707425e-9
1.8737286817875826e-9
3.5876995420327893e-9
1.7267699193637263e-9
3.4484314126264384e-9
3.399616165860921e-10
4.184720964469857e-9
7.514777418017691e-8
4.907172590210916e-11
1.0987269477091971e-10
2.3183913455854966e-9
2.8104989208932554e-8
2.6247563901717757e-10
1.0441624465486518e-9
9.06398027114085e-9
1.3782030555826293e-9
7.302578161006277e-9
9.893698406188355e-9
2.0964907249968578e-7
8.153295993384407e-9
5.8203885709234384e-9
2.1077345365376273e-8
1.7758210137428803e-7
3.1001124492109844e-8
1.3372990166009473e-9
1.3248970490450224e-9
3.235771721157305e-9
4.8361047873237656e-8
2.439522303232865e-7
2.377720474453908e-10
9.976650786591867e-9
1.4908119283493998e-8
2.069271123407644e-8
2.081886569155762e-8
1.7981691224537277e-9
9.384156208570567e-8
8.59124442951684e-9
1.9321721300387815e-7
9.629262839072256e-9
4.213505231439963e-9
8.110794162600019e-9
5.660513184092547e-8
8.060468743890143e-8
5.426827147042244e-9
3.531586741895764e-8
4.036337371734948e-10
1.9164090955445663e-9
2.1491973897156266e-9
4.0688593909873904e-10
3.2671595231089656e-8
3.768390254266717e-10
1.909341102843515e-8
2.0649749404875048e-8
1.022625958069848e-9
5.873403352577519e-9
3.254166077529142e-11
6.510642172247889e-9
4.183814998394358e-8
1.350965517036596e-8
1.3104665316953312e-10
1.8359197217112843e-10
2.997691125684074e-9
2.82152888172639e-7
3.0974530154898663e-10
5.316447911210538e-9
3.6137813303281714e-8
1.9042460756538444e-10
1.2469794759319869e-9
1.4579106376679643e-7
6.701814513277664e-8
1.210117334042539e-9
1.974393901152339e-7
3.0203405331806456e-10
1.7235097611134992e-11
8.706493272383113e-9
3.9514161999585926e-10
1.4995688956014563e-8
3.4621527142518085e-10
1.1713453836079199e-7
3.4578441181992796e-8
8.205136157271107e-8
2.8138896630194415e-9
5.254523902509057e-8
2.2513757862810227e-8
7.709856881079878e-11
5.851626160554458e-8
2.2725051222396528e-7
2.3774094257019457e-9
3.1100570892679687e-9
8.989748654343471e-10
7.34361364649388e-10
8.776924636307001e-10
3.7856935619339884e-10
1.0892688803762693e-7
7.125834031074892e-10
3.943524872465862e-9
2.0759259815676496e-7
4.124310093478498e-10
1.2820145880228286e-7
1.0431564401488026e-7
9.883749399191964e-8
3.0547046551601475e-9
3.941994359012186e-12
2.7167786185817807e-11
1.7627326715761858e-11
9.868542173278636e-11
6.304151725985426e-10
1.049600820136588e-5
6.904729166178175e-10
3.7884879441265846e-8
3.1005647740824746e-10
7.584749509331521e-11
5.102258803981688e-11
1.8752341460071938e-8
7.597364766924664e-9
4.443825271371611e-8
1.8632682637465753e-10
3.370592762829206e-7
3.505978360089129e-11
3.1268313298650128e-9
2.8841260655027445e-11
2.9345438852236956e-9
8.948550247775092e-9
2.4561902237657395e-9
6.077674948552761e-9
1.6376724358793383e-9
1.4766266668369912e-9
1.6115354925772429e-9
3.199899422767825e-11
5.131634343246633e-10
6.652428580668996e-9
5.452341529250686e-9
3.503284430490058e-10
7.1921095968075064e-12
2.2985252889431983e-8
1.2630393539494185e-10
7.729674899012548e-10
2.6613918717876543e-12
4.791586021849019e-11
2.3883321125132907e-10
1.9704425980300556e-7
1.8606567586099839e-9
2.7281558257654936e-8
1.3517050006879204e-7
4.5152510986357674e-8
1.858103740106496e-9
5.245954138728599e-9
3.686177528039254e-9
9.63418247848971e-7
2.810312585175026e-10
2.0570562303844006e-9
4.6354820816341756e-10
5.559946046571049e-12
1.691144700315605e-8
6.060328062206159e-9
4.8792119989560434e-9
1.651845563674793e-10
4.637913840597498e-8
3.305720666868906e-9
2.3411915475305038e-8
1.6955987237232387e-7
1.8314940756375023e-11
4.349220770228019e-9
1.1700040566286567e-8
1.0649858947606796e-9
3.899402158773211e-9
6.48203018438318e-10
8.957892961247534e-8
1.4078034787773131e-9
3.488986600076749e-8
6.332945191493638e-8
2.5287555084486764e-8
1.4354718411882208e-10
1.9541420500239877e-9
5.109760898616146e-9
1.930725436385269e-9
4.121813982490225e-9
7.063182479518419e-10
3.067185061013483e-8
1.4146579841925402e-8
4.8596377148498916e-8
5.862893533576925e-6
1.8227950435285758e-7
8.696107251642247e-8
3.0086710090115617e-10
2.952521466928169e-8
9.191634277163912e-10
1.5997441076605744e-9
9.232110937930213e-9
5.112652986597107e-11
1.7365662053285426e-8
3.77374547998968e-10
1.2070682965485812e-8
5.501474241806202e-10
1.3178371252078845e-10
7.360451531910167e-10
1.955248581609029e-8
2.634344455428597e-9
4.2035606427434607e-10
4.024851221953214e-8
5.326722717961606e-10
2.957875635889376e-7
