7.87108939698963e-22
3.360708064943222e-20
1.3274813741579544e-18
1.206366796142875e-16
1.1118397185054047e-19
6.372356764119768e-18
1.5727964478916466e-19
9.682356012247473e-20
1.0604112168417163e-17
5.750482840969548e-19
4.898197993174212e-17
3.348575690269884e-17
6.858830408085131e-18
2.6385975046593232e-20
4.495326097891703e-17
9.043572781493869e-18
1.0135656879970866e-18
4.518460139326286e-21
4.963505870975029e-20
8.279384197975377e-20
4.252991996279112e-18
1.2736648163285026e-17
2.958216863558779e-22
4.663574418729916e-22
5.532140370703484e-19
3.0451146743837266e-17
1.100663227325465e-18
1.9943116399186558e-17
7.081646826610235e-17
6.664699986220173e-19
1.990359986178053e-21
6.56964092026112e-19
1.07468631352548e-20
3.209043904438147e-17
1.0886683009783066e-20
1.2871038077817567e-16
1.2894658079478709e-22
1.8987058358404148e-21
1.735033172771382e-18
1.0060316445632059e-20
6.426601237012068e-16
1.0269327445972148e-16
9.281894294359253e-23
3.392211060690659e-17
2.5056015385045812e-18
6.311051686207324e-17
2.6490701743522325e-19
3.0219575734146305e-16
5.562697814567364e-18
9.02731988153147e-21
6.83768538253916e-19
3.72940625377237e-17
4.708622910407125e-19
3.5041673856171013e-19
1.2100829002634832e-17
4.675297850254165e-16
3.278367310664348e-19
5.1900224364972917e-20
5.885921942836171e-21
2.3023432748985423e-21
4.60610485846304e-18
7.651815139768848e-19
8.222394821488501e-22
1.310237491009202e-14
2.419344521975292e-19
5.516971137981102e-22
9.378810678101553e-22
3.3723265946608246e-19
9.035768869841432e-23
1.935781080879182e-22
6.284921738223454e-17
4.2195083730549205e-19
4.716038320071425e-21
2.2340630126991013e-21
7.89431097177095e-19
1.5870024799431204e-17
2.1906737775521583e-21
3.296362754019375e-23
5.707852167053843e-23
3.89084106511452e-19
3.167945890276831e-21
1.4388771465909928e-16
1.1927291678217112e-20
4.5202257349116735e-23
1.2642869799182467e-20
1.7025228942875238e-18
1.1278575319405497e-19
1.0126923130347193e-20
2.757095088358794e-20
8.44133969325949e-17
2.1095763706571618e-21
1.0920786970711517e-21
5.756901005285999e-17
1.6711641172585376e-16
2.678763946804852e-23
9.880614195668727e-21
2.811454634424195e-21
6.755279825501664e-19
8.692201763078508e-21
2.7813429972801344e-15
2.0188302446500813e-21
6.009276709702868e-20
2.4235024557219156e-22
6.676151202287205e-21
1.5569256459155265e-23
1.1200317126605878e-18
7.986635551782195e-19
1.297604387002037e-22
1.998890156821805e-19
2.1045548464920747e-24
1.5771767582385268e-19
1.3132893418560285e-16
5.380654050748485e-19
3.993247625837034e-18
5.598628406764782e-19
1.3201167381778675e-19
9.159884376980683e-24
8.806856930537931e-18
8.164214492080303e-18
1.1130343766055784e-20
2.87786536394858e-17
3.9870088936495563e-19
6.880563774886748e-19
9.25029495497785e-22
3.552243317130974e-21
4.538965564951948e-23
1.2277195641691782e-22
9.369801681653712e-22
1.9576512576493357e-21
6.843918714820878e-22
6.887699628986503e-21
3.4139130585725168e-18
7.829673996308553e-20
1.7434562594139773e-18
1.040059024977563e-18
3.856963614823552e-17
7.389055543407998e-19
2.2014374290316e-22
5.4372000752170446e-21
2.330931808713206e-23
3.254994215125988e-20
1.8470185021785587e-20
3.72591738587232e-19
5.3619137514575925e-20
5.747705926302565e-20
2.71338388759062e-19
8.293558166863928e-20
6.4738305581452085e-22
4.162675432315085e-24
5.085479110928224e-19
2.3114115477336596e-20
1.019602047595434e-18
1.5334851963162515e-18
1.1593296523027352e-22
2.638526488862162e-22
1.871486778917052e-21
8.895446694163886e-21
2.46813501371317e-19
6.44026935874844e-20
3.8909048224938265e-20
1.941019452927521e-19
5.077345262280416e-19
4.50727797939167e-17
2.622193961198422e-17
1.684673150654881e-16
5.941204683555597e-21
1.041690152039312e-22
1.5023118793869906e-18
3.6244980176229353e-19
1.2248245966422384e-15
5.3648130734644905e-14
2.6056640521080302e-20
6.115232265563693e-20
9.428988230556552e-20
6.558708837924294e-22
1.0576996622732254e-19
2.0542147010469423e-19
1.1205134393259704e-19
3.1548806869088263e-18
7.742277224224855e-21
1.0736524854274045e-16
1.1612178447339079e-18
1.1991495432544731e-20
4.224622749329288e-20
4.7722058585871407e-17
1.2508505133460527e-20
1.1455546956565433e-16
1.7551896407738795e-16
2.8638356309363926e-19
1.3553495910423354e-19
6.438177732148004e-22
2.0398449457545677e-21
6.01886112459315e-21
3.7803217325541067e-20
1.9536083227585183e-18
2.1830954735133015e-20
7.164623474744622e-21
4.693445008088414e-19
7.303882159859801e-21
5.8915729670926e-20
2.00460433709423e-22
7.731984676262596e-22
6.845925020840715e-17
1.809315648399836e-18
1.0876849529335046e-18
3.096982861538543e-20
4.999597839574005e-17
1.9117152750406956e-21
1.8136636878934764e-20
5.179204101334586e-18
3.320830287773772e-18
5.199986230998326e-20
4.206517753302008e-21
9.096107704210889e-19
1.2098564744939544e-15
1.9079551324290342e-17
8.044439930601238e-19
1.1657092590268798e-17
2.6545813656852025e-17
6.671311898465002e-22
1.0243238880383338e-15
1.154303292601364e-22
1.10788936095359e-19
1.2349766233772747e-19
5.297490301620702e-20
6.1368633780215474e-21
3.1875098562160604e-22
4.2419974005711924e-21
3.069138829212697e-17
6.173326077297125e-15
2.2021066675384902e-17
5.178064669205647e-20
5.1393987979800295e-24
1.0353182427196872e-18
1.213207179402237e-22
2.6530170296771127e-20
3.3737021085360473e-19
1.7841886431921437e-22
4.271611881787747e-22
1.3174241039946748e-20
9.469834185211592e-23
6.895818887520821e-20
5.753072460856427e-18
4.094246714136591e-15
2.6308998403496655e-19
1.3303098208245441e-19
5.664780555061729e-20
5.622946819244897e-19
4.1214512778028774e-16
1.0385190643578377e-22
5.1101044790615604e-23
1.388445821005542e-20
7.001946890066067e-22
3.748981352797984e-20
5.861277676391989e-20
1.2714337629640413e-19
1.1244614853134518e-20
1.9609971910611747e-22
4.863081238804129e-19
2.967043509675907e-21
4.633719146329436e-21
5.913192755437118e-24
5.383975605866882e-18
8.681888349022073e-19
2.7473002903925493e-22
2.2562996491830546e-20
1.5818493812036068e-20
3.268106596176552e-16
3.8647420589531506e-20
1.0599273461772737e-19
1.9016332260031288e-20
9.848718229573573e-19
7.313256705415808e-19
9.982001353095522e-20
7.091442025291614e-25
6.296426406513705e-19
1.5835192607709264e-23
9.429291955180947e-18
8.665286976910364e-20
9.792125323921423e-23
1.8952479652959467e-21
5.81966183003435e-19
5.269066679258196e-21
1.249084882477721e-18
1.2945619106444745e-22
7.24223635084251e-19
9.275071105605317e-18
2.255547235036067e-19
3.127773283131215e-23
5.979076152934576e-17
3.703993225507782e-18
1.2262940114443723e-14
3.554111730796623e-20
1.1146735501585464e-18
1.1500052617905787e-19
6.3381965574374584e-24
1.55916079862132e-18
8.715622737226018e-22
2.0522965758704538e-23
1.1512876598863893e-19
4.254064345776862e-23
4.9561273798981065e-20
5.447592596569088e-16
5.839217593342347e-20
6.128665585634667e-14
1.1106854035763115e-20
1.0188374800775143e-19
3.3787726099833063e-21
7.569384694777049e-21
2.4310262766924257e-17
1.9058435469987258e-16
1.6251747478522084e-19
1.9521385137196057e-19
4.096896382711649e-19
4.417325112448274e-21
2.089021869697978e-23
5.3123814440863905e-22
1.1033763478565416e-21
5.717813177719365e-24
2.2986838265659108e-20
1.0703924925749942e-18
1.2047533411646919e-20
1.1072426795126508e-14
8.789093806827678e-19
1.0313044924438506e-20
1.2096790424932243e-20
1.0912438792353239e-17
5.940849707663067e-20
6.572874331329582e-20
2.858390217251075e-14
1.5457388516832288e-21
7.740610844602693e-20
2.2527256053503864e-16
2.990881738314864e-18
1.3605503855435757e-23
9.132617157005338e-16
1.7815375417319001e-16
3.171954630567226e-17
1.0597110274988955e-20
1.7677589810105907e-18
1.5686140406590578e-23
6.304236932438707e-21
1.414038509843306e-17
7.772442702601112e-20
6.030362249083864e-19
2.472717506782747e-19
3.0642637315015266e-19
1.0329869407072867e-16
6.601518681193361e-20
2.8390395940915123e-23
2.6286182312586682e-18
3.1346058788559424e-17
7.189817117625425e-20
3.991183783342791e-15
1.4238353213960898e-20
9.5787820114224e-16
6.245082133638731e-20
1.566328682671944e-17
6.899317805967478e-20
6.106383250746834e-18
9.324933651596082e-20
3.731140184632941e-20
3.06370782177784e-20
2.5253994900674534e-18
2.0272115561940683e-23
6.45098351075203e-20
2.5127977133336973e-16
1.426143368757627e-16
3.796997186947428e-17
3.303520649541385e-19
1.0960350843184179e-23
4.3131772932883956e-20
1.0157834210938867e-15
5.838870031274828e-19
8.813536332358844e-15
4.900513137785636e-17
2.143105867554964e-23
3.6805579544488875e-19
3.7551301673129203e-19
6.189881527645845e-19
1.0699646035576552e-22
1.2434864554758102e-15
6.495106141092019e-21
1.4940628170207346e-19
2.1473427209736625e-23
8.845465740945553e-20
2.0967548149482192e-20
4.186599101338138e-24
2.728419503263465e-19
1.2524417659579543e-16
4.675809355429745e-18
1.3521253489270026e-17
1.2008482176727645e-16
2.2533063438787463e-24
1.395195755396725e-20
9.914568461275734e-20
1.506508507289068e-19
2.4510078826180125e-23
6.716387803364653e-21
7.9655267351499e-20
4.407951951240225e-20
1.1432337749753613e-15
7.11422030029156e-21
7.49785305215836e-19
4.8366478509864986e-21
2.195715056444085e-21
3.296801773802063e-17
9.09728667219256e-22
1.4070541328474914e-22
7.408706387502387e-19
2.4063253166450262e-20
2.6131897483446032e-15
1.1552592994458819e-17
2.895188974863827e-17
6.115522643552263e-17
2.736855364130376e-19
1.0550232280467699e-16
5.0472958054953585e-21
1.0909745883883233e-14
9.859932426541477e-21
1.8862302541090398e-17
2.9033698074800835e-19
8.444279166249986e-18
5.795283651245023e-21
5.7305340215809876e-21
1.621743647692332e-21
1.1646980626711006e-16
9.931541651634833e-17
8.306060176381784e-21
3.9421156577586324e-19
2.5932780864916657e-17
3.6549036922039507e-20
5.278972470692696e-20
7.124218739993924e-21
3.66973463425677e-22
9.803208999946937e-19
3.6345016285358843e-22
1.684555891372375e-18
1.645272088738472e-20
7.911281044226557e-20
2.5465405876551008e-21
5.966591978836176e-22
1.275020410470079e-20
2.4584756267714064e-19
9.003050877600699e-22
9.574845578879921e-22
7.800637877214266e-17
7.302169419172732e-23
1.3552194081426994e-23
3.009201673580883e-21
7.717801044751012e-15
4.6773572209128485e-20
5.935866827994065e-21
7.465226369381372e-23
1.1136602267230786e-18
1.5803173340740477e-23
1.0062395950810356e-18
1.7343043745722501e-22
2.4294030597729536e-19
1.7345697081936992e-20
2.4020682851777253e-20
6.905211508801539e-20
1.6767509517587411e-16
3.55490863811055e-14
1.89895491279766e-20
8.513302928523826e-21
1.3551245729408825e-18
2.100361006797492e-18
2.3934011021123842e-20
9.911168928562135e-18
4.1426767117691555e-23
3.0564443805685174e-19
1.1434728671727646e-17
4.820292179810662e-22
3.7170966316725163e-16
3.7900638862321875e-20
2.969600666135266e-18
5.581330940999991e-17
1.821590244982837e-19
3.83788653191706e-21
7.51835650794614e-21
1.1412345244603243e-18
4.180624424486259e-21
1.3046117791629596e-14
7.430051953199509e-20
2.516658138341779e-20
2.5924925740374523e-19
1.240424534350129e-19
2.054729879035809e-20
1.1450246487114362e-21
2.1383094073511894e-17
2.819445707550802e-20
5.880841668546912e-19
4.576189423123869e-20
3.3283375734132735e-17
8.691688476675118e-21
4.564623317835299e-21
1.9299282538487434e-21
3.7437355420118315e-17
2.038375082961118e-17
1.9310048956803658e-17
4.664675425809005e-21
4.290897106363832e-17
2.943768055325538e-19
1.8784088051967206e-19
3.375616373761703e-22
8.559076758877255e-17
2.8790069184665715e-22
4.7586237351918786e-21
3.4502933404593055e-16
1.2554703970183834e-18
6.134230249738764e-20
2.456833138970137e-18
1.2390040887510515e-22
3.1913405947410704e-20
2.7278584462416217e-21
1.5136134567745896e-19
1.7053419118935843e-20
1.1607487086905704e-19
1.394855648032186e-19
1.7926984384899895e-21
1.5536823150718126e-18
1.302633292124023e-19
5.730253186019122e-20
5.701362937395747e-17
3.565506363049409e-16
5.041342512687351e-21
3.2428582270661486e-18
2.2249343961930747e-23
5.007985158542635e-19
2.0981362695219515e-20
5.592389223571696e-22
2.0430412787761722e-21
3.947735924278322e-22
1.6527929608885792e-19
4.7984661446164114e-20
1.54074005866772e-22
8.396074116230288e-22
5.793533219365716e-23
8.985577119654879e-21
1.4358158044014962e-19
2.416380082474798e-20
1.6207271628968169e-21
2.284531376368331e-16
3.937122254941643e-22
2.7528376799030216e-20
1.4888508304364944e-18
3.569621419943008e-22
2.0651951310230713e-19
1.0487525015680555e-19
2.3727815066292185e-20
9.003978232459637e-20
4.0777138308325884e-21
9.044386453057693e-25
9.841047388215342e-23
1.1256893113200013e-20
1.1973349391822e-18
7.532599860891847e-19
7.60259040758223e-23
3.996688680725471e-17
3.5388226708092575e-18
1.796042998539027e-18
1.942216619138926e-21
8.224362046211693e-21
3.284430063844462e-17
3.960117955426025e-15
1.082464392515647e-19
2.377471813835886e-17
2.3999057978255562e-20
3.2053155271489687e-19
4.823642366086849e-22
3.1942300093254196e-15
6.333078218890818e-19
5.0461476051077093e-20
7.979252621561391e-21
8.668911521105236e-17
3.2714431599691887e-18
2.6561748759137988e-20
1.1779404053581233e-19
6.454165205849528e-22
8.804320206546863e-18
2.8467270452613673e-16
4.064921508411161e-20
6.172856714314831e-14
4.2540672879229255e-19
4.727081261874806e-24
5.469392182770825e-21
5.344758952985018e-21
2.0460401030750679e-16
3.5074598750344607e-25
3.147290608186598e-21
5.631837552089508e-29
2.502344887902836e-22
1.8659738613298415e-18
3.790645502616457e-21
2.724721934367625e-22
3.74998468196242e-17
1.450448321715781e-17
1.0582668510421741e-19
5.076412965936952e-20
4.942699052128229e-24
1.8768475411328346e-20
7.251443002831683e-19
2.5143847049833473e-24
4.662255607414419e-22
4.439176462162883e-21
1.0941311247913724e-15
3.756723725943483e-17
1.5156470287115135e-15
3.4888815096226877e-20
1.1375714661241583e-21
6.001571854712115e-22
4.2204002331927326e-22
3.7559954611296994e-22
1.1503848903745776e-23
3.518767831987403e-20
1.9999701300385373e-21
7.264521082196095e-16
5.537020375980132e-22
1.1131651188424526e-20
1.2680386004707064e-21
1.4222309652789516e-17
3.609288573692103e-20
1.1302987270529736e-21
1.1580302927496935e-14
1.3026918384411718e-22
1.4230415499961847e-22
2.655255809007718e-25
4.651044958671739e-19
2.86184405374352e-26
6.689488289346826e-22
7.437531198190476e-20
3.800840912562351e-18
6.221694815183782e-19
2.75288149521603e-19
3.466326706248833e-21
2.436830300777571e-16
1.773770807747491e-18
8.074404946416189e-21
1.4253430544479073e-20
1.6649759774236082e-18
1.4245057329624801e-21
1.5413325023849808e-16
3.086341499275254e-24
1.3110599592785576e-21
4.240529065147243e-22
9.939752466938171e-19
8.137885380594717e-20
1.3493283207560116e-23
3.2257253094108103e-19
1.8955325817052224e-22
5.31017826470523e-22
1.0850000273219634e-19
2.5886090668280304e-18
1.0360547401583701e-16
2.9729914888780916e-22
2.6393831429057354e-19
1.8675798121977889e-19
3.13312672135358e-21
1.279962909398989e-23
1.7586436545917768e-17
9.595420482833987e-22
5.897156350154318e-18
7.504511424771497e-22
1.7744622079528533e-18
3.626607382128075e-17
3.450198694943134e-20
1.325071818195096e-20
1.5805088720773454e-21
4.964611231247593e-23
1.4807962874749773e-18
7.338849417593132e-22
2.9552704561677996e-20
2.0340076375811473e-22
1.479934519894054e-18
1.735798132579453e-20
2.6487105607028974e-22
6.249597580661618e-22
6.065884612751741e-19
4.7303882504613275e-23
7.523911710323279e-19
5.581374154541008e-21
7.629384980786095e-25
2.7855993130144163e-19
8.165532677100564e-23
8.732771148393837e-15
4.646492557675746e-17
1.7298225256467322e-19
1.9828810910916547e-18
4.387814565036322e-17
1.5376577412049833e-19
8.213781465321582e-23
3.585293369792325e-18
2.2726047405362814e-17
2.7369651060364002e-21
6.964730377530153e-20
3.822496685857914e-21
1.2188589810118543e-22
2.72754311673803e-21
9.07691064229216e-20
8.629604360049145e-20
1.0614052437964252e-21
1.5679223873880425e-23
2.991573414358918e-21
1.2343879602249248e-23
2.621522597628108e-20
3.050011154783586e-17
1.407974039071194e-21
1.0248768676098248e-21
6.669295134105232e-21
4.069596345013959e-18
1.5382887944786783e-16
8.121359887365306e-20
5.6189678721338546e-21
1.2231151119290593e-20
1.762456299966641e-20
1.203159044912975e-21
1.3066402134193343e-16
1.007752799353211e-17
2.5180705149161238e-15
1.3079093619202192e-18
1.9082102004513015e-20
5.457283984023828e-21
1.194319359910143e-20
2.3633142009090093e-20
5.8891135102355336e-21
2.9923552059163024e-18
8.553831347306334e-20
1.813441817713286e-21
9.007989227599181e-17
3.4721302285671324e-17
2.2416503897733567e-22
5.313016995119596e-19
3.602905811604089e-21
1.2394111067875398e-17
1.8889905948045166e-15
5.19346529926243e-19
1.6287982962102388e-21
1.3095509870080173e-20
2.3956124752126878e-17
2.8238264338261325e-21
3.280948256855754e-22
6.1761190725234516e-21
8.42167479380564e-23
4.899671733275365e-19
7.275180892283743e-15
2.093396217461254e-22
3.3875749353338434e-22
3.946286232818705e-24
1.9018610382319942e-16
9.185764097977647e-19
3.621124092035056e-18
1.8984956030058277e-20
8.228957822674e-23
1.8094969727428338e-21
2.759737807119569e-17
4.971447119668751e-18
6.067319156863809e-17
4.5650700210026406e-23
9.373446194889249e-21
7.946025074671711e-19
1.485427234270549e-15
3.491593200504599e-22
1.1687295032713679e-18
1.1772948838292987e-19
6.230068866446672e-19
1.5981195621130302e-16
3.2007715878432906e-18
1.8862774397977804e-21
1.9648235243085263e-17
1.7826013767056605e-24
6.180719722545184e-21
1.3934290908298487e-21
4.032376754556356e-22
9.548728221593134e-17
6.765305489177912e-20
2.1890812882630187e-21
1.5461847509055617e-23
4.517567715623687e-24
5.39393090334865e-15
1.3697224539114941e-19
6.432499950972221e-18
1.2570890445015973e-15
6.139371759507849e-19
8.102937978545337e-21
4.0522245513368605e-21
9.082088553714907e-19
3.618097808087969e-21
8.848390450385651e-21
4.509038467224461e-19
4.979989747724228e-17
1.0210438215688254e-21
4.8966631060800785e-24
7.441717483650123e-17
2.7429453798070494e-18
2.9483134827926943e-23
2.3852681109066465e-25
9.589475594177045e-19
1.1557067299951709e-14
1.6463453806383914e-17
7.894167963341533e-22
1.5886932671702032e-22
1.7974692399975394e-18
8.212998791271402e-23
1.1911694381571905e-18
1.7011542818111504e-17
8.636020958615474e-19
6.802444485582697e-20
1.5693580614115752e-22
6.147014548403766e-21
7.502899930201586e-16
1.785890208048438e-19
4.336538045331716e-21
3.283015074012384e-17
6.247051065693235e-18
1.4261620878862275e-22
5.2880498285219914e-24
2.3402472713329583e-18
6.605347231350914e-19
1.8730299735249648e-18
5.87856349389609e-24
3.3005683420172364e-24
6.642143879283473e-19
8.631218368682353e-20
2.4233506272009918e-20
3.8780290138362056e-25
2.6614476702081207e-15
3.105534858130305e-19
4.796168122692923e-22
7.18058801155447e-20
2.141702244861797e-18
2.677580325242896e-19
4.584633579642885e-18
1.9171819668778236e-20
1.9680823476853987e-21
3.499051519324786e-21
3.6992341091302246e-20
1.752738977625651e-17
3.2997930269328624e-20
1.264426860608427e-22
3.7809214227615635e-20
1.6989375404971915e-19
4.332768427251594e-22
1.4706349763718605e-20
5.556632919135582e-21
3.7297553130691432e-19
1.0711635842380695e-23
1.2718453370540208e-22
2.420165402779109e-18
5.646974671571705e-22
1.17506609484527e-21
4.4528946510334616e-23
1.401921844570456e-21
2.5750197132093773e-17
1.965163247152354e-18
8.925701052603554e-19
5.601300569330771e-21
2.775657578486089e-19
2.994376971585228e-16
9.47362851073462e-20
4.13279427032868e-23
1.6052746761735522e-22
6.711415639748605e-25
2.2519896500606006e-22
7.911383445860485e-23
1.275832331464755e-25
6.225877863015697e-25
1.819544610158987e-21
3.916810980785877e-20
4.909033090020436e-21
1.9377071815528458e-18
7.647993486233557e-24
9.401899753796296e-21
2.9386698851221925e-23
2.650789333743511e-24
2.1610353116941627e-23
5.445113713271637e-19
4.101179185008652e-20
9.088529572463854e-20
5.988024197599848e-23
1.1047878521938994e-17
4.582135521689177e-22
1.532396636642598e-21
1.8488970544649523e-16
9.264146824356703e-24
8.113673867714016e-23
1.3592628667337921e-17
9.700351379958883e-24
6.312287777028411e-19
3.9111531104086005e-18
4.278475457286936e-18
2.417957100437114e-18
1.5162640942253549e-18
5.170796138494634e-19
1.08175147354165e-24
4.683030337216369e-23
9.165116654314073e-23
3.7457071763912904e-22
1.6700444346283357e-20
3.1274186060969987e-20
9.102402660377091e-25
2.4920928630224462e-18
5.403268025961877e-25
8.081292419031179e-24
8.012301381263526e-22
1.1088158868949632e-22
2.2463292946034863e-21
2.839924462579844e-20
6.0191948203702574e-21
5.236551620594256e-19
4.901659039684683e-24
2.36547792671829e-15
8.40418763088519e-23
1.221803668093946e-25
1.4632051380244226e-21
4.662954693133746e-22
6.842465987220689e-21
8.796232927856058e-22
2.6209506861781763e-24
5.089166934237218e-25
1.0872662132239209e-20
6.447813241107203e-20
1.2003158337158098e-21
9.049688760608398e-16
7.978378670689079e-24
9.256206007583866e-18
1.57627700858653e-20
1.0926867456885654e-16
5.625683777455659e-20
3.877495549082134e-21
3.284533420424344e-18
5.903763357882472e-26
1.8359945527138727e-25
5.769524941490553e-17
5.247062556562906e-25
2.1038018552777475e-21
7.983662621798123e-21
8.191671567592043e-19
1.4948564705893097e-19
8.963172529494896e-14
2.114276653355649e-23
8.416790378127008e-22
4.368129723700224e-22
1.830133966682901e-20
8.1480878101468705e-22
1.4959149525052289e-21
1.1255425252812189e-14
1.0361573909601399e-22
9.637421535515494e-21
1.0224689095883637e-21
1.6481165506682673e-16
1.0896020947878787e-21
3.855183119211796e-22
7.332545779231403e-18
6.543738349725455e-24
3.404758310088551e-24
1.614613639470195e-19
2.2678090179616335e-20
2.9217967922163747e-20
5.467623392155378e-21
1.4876420550450443e-19
9.557729425603456e-22
1.354484715541074e-22
4.926967015364425e-19
2.8111669020938922e-18
2.949625304162507e-18
2.0615893857502284e-18
1.1906068398673992e-17
9.107809737256999e-21
6.228096494534339e-21
7.692488886775813e-20
5.542193580559345e-22
3.5594881881935904e-23
7.560259513423587e-16
5.568200173924874e-19
6.425150391076793e-24
7.566550372315094e-22
6.863403823183508e-23
3.7921388881443104e-21
3.4394082833790777e-22
3.6150770397972286e-23
2.3147426193575473e-21
3.389051057279909e-21
1.252169895180489e-20
1.262846459810389e-16
4.409755485649479e-24
6.531257273852597e-29
4.107672988879523e-21
8.607284502415754e-22
1.351396898749752e-20
1.4753626503041727e-20
2.0107226073547222e-16
1.1634713834127272e-24
4.334864464211099e-18
1.5818377188579091e-21
5.443516017368238e-22
1.8344160770020832e-21
3.2528576135296305e-20
7.163930885270588e-20
1.5748702620396395e-18
2.27753636431274e-25
1.7680867919185558e-21
3.439781444642447e-17
5.514626646361804e-23
9.899489211119509e-20
1.3013284386736261e-24
4.412890652565796e-22
8.839751185847224e-19
2.421650233309139e-19
1.4823364583408853e-18
1.4950814619720784e-17
1.6208487783546692e-22
4.500208261545653e-19
6.660908241946498e-19
2.0612692830007296e-16
2.8530180112845865e-15
3.179621394812333e-19
3.678862456144367e-18
1.8249603343695275e-17
3.6774562365479206e-20
5.97384087933529e-23
2.0519965577096291e-25
1.5844151463201322e-21
4.314772794775007e-19
1.1573881935560182e-20
4.289285194858931e-20
2.8446497453579055e-22
1.0339173184648758e-21
1.1248879932186565e-24
2.186593656723367e-17
3.3159576401877333e-17
9.404569828705045e-25
9.010609139019644e-18
1.0421388178380298e-25
3.292400555996174e-19
1.9826696052452143e-21
1.2387632287076435e-17
4.911957446461644e-20
8.539361860740735e-27
1.192838413320897e-21
2.2887797402976696e-20
2.121363764824322e-20
3.612112213750118e-24
1.2477994230714275e-16
1.1246829212689085e-22
2.8689911561272567e-23
3.739957316310295e-20
8.948795780883854e-20
4.801030055913709e-16
3.940060498076626e-26
2.7996325404748064e-17
6.98382844703147e-20
1.2986783544521255e-20
1.0958611585511498e-24
4.391405737265603e-25
3.280297796113301e-21
3.194940178737331e-23
7.968447404729211e-22
1.3994341637038112e-20
4.623711922102132e-19
1.5402931689889286e-16
5.958446744535676e-20
5.65309691139363e-20
3.380134971463447e-17
4.630278514177158e-18
6.229885935612852e-17
1.2867372772795547e-14
1.1704199991986663e-20
1.84851017273534e-17
6.144462779815956e-21
6.721992626994149e-22
5.5398129732736325e-17
2.848831662845658e-20
3.2065005567494365e-19
1.3877579447767339e-15
2.6270429033839515e-22
1.2810374496244074e-20
4.077922691240085e-21
6.124636447948125e-23
5.2574720490613295e-24
9.563036364652506e-17
4.9902701351623994e-18
1.8653099189487772e-21
1.4696820405297123e-21
4.852770186486614e-19
1.0145837773689268e-22
6.290183682947663e-23
9.686461841199973e-19
1.0661060441628532e-22
4.453736859252368e-21
2.7080474667560638e-18
5.174668065695798e-21
1.6944582077735036e-24
4.2719360334984867e-16
3.15555082688084e-19
2.3025360911462724e-21
1.367369772744492e-19
1.589494182312459e-21
7.514612751075585e-20
5.690744836738349e-22
1.304152984229574e-24
7.002480376573009e-21
3.9497417575021317e-17
7.852942991309966e-19
1.460418808603333e-23
1.399799972112109e-15
9.715612309518832e-28
3.2210697232856495e-21
1.0634387185112624e-20
9.506151048460365e-26
1.6329659372160533e-27
1.3558139741079064e-24
4.395290662068466e-25
2.097367005149279e-18
5.811735369000378e-23
2.4149048113767515e-26
2.6370911783585185e-20
1.6548936409349799e-18
2.048452811363243e-17
7.838910580279053e-18
7.520787243227994e-20
2.9010825920173815e-20
3.331057580599641e-21
3.83952382198865e-22
3.046412381318467e-16
1.61982627420637e-17
1.3861737644959906e-22
1.0176024764745443e-21
1.285380573539768e-24
7.523241923062587e-20
1.0657007870481912e-27
2.177368697341474e-22
4.533957444197594e-23
3.33236854067395e-20
3.5188799945778063e-19
1.268417597295381e-24
7.740525182143851e-19
1.720922365585328e-22
4.001058419243246e-21
7.42238171673885e-24
8.850074907240627e-17
8.293744804988652e-23
5.720128777990419e-23
1.333873719777192e-18
2.9688013296477606e-17
9.935442149654182e-24
2.376599348487504e-19
2.145673119363533e-25
6.134360448700869e-20
3.847240103407781e-20
1.9206182441796694e-19
1.8486240698336926e-19
6.460728747217808e-25
5.717233904899106e-18
5.114467109460473e-22
1.7453744872345777e-21
1.490847941788735e-24
8.088631798981356e-25
6.761255501599424e-22
7.28044632248692e-18
9.20152026137481e-20
2.5803784736862454e-24
3.822488844939533e-20
1.2582188945086583e-24
3.150490262127158e-17
1.376570202783859e-25
2.5410719813588195e-20
1.3676605027089384e-19
1.1682881003226137e-21
7.403739257887484e-18
1.566599819739217e-17
8.248510448007727e-23
1.48444863246791e-18
8.984839070720738e-16
2.2927846238065583e-22
6.855037685420967e-21
3.3726571921954513e-20
1.367014375486743e-24
7.750900604317063e-22
6.017228656877925e-19
2.5535930861831786e-23
2.4586161352443705e-17
1.139915576556921e-25
1.5964658874882754e-23
1.5199034614240724e-21
7.436500091971107e-20
1.4067696141655928e-27
1.0803404537118675e-21
1.056021096565116e-24
6.881439502057592e-21
4.672843735880303e-22
2.6687963282467973e-25
1.4587640666534125e-19
9.1638432593979e-18
4.539226631721137e-24
3.7536593824571084e-19
3.4120823185443336e-27
7.47430358671652e-20
9.207040602714551e-19
7.723803666274286e-21
2.9564228878191334e-26
2.4467524521429037e-25
1.435006416557039e-24
3.5333638957890956e-23
2.5747974109507682e-20
8.168110924967548e-23
8.236935641701985e-21
1.720414007186472e-27
1.1162715723584565e-26
8.804056273406583e-20
1.9882217430363064e-16
3.059846570057821e-23
2.69682993177299e-19
1.9592720754259063e-21
4.463233590727207e-20
1.1510853163614158e-21
5.154902253883893e-25
2.321417828893439e-26
9.435083947179655e-20
8.184264572165972e-23
1.846045804763945e-20
1.6515930840660915e-23
7.498137974802952e-24
1.816611518784403e-19
1.93346149509166e-21
5.6206516938549626e-27
3.5935223877384545e-22
1.2737908177263904e-18
1.299960757638394e-23
3.3591395106392866e-21
4.470215178349973e-18
5.709515832024866e-20
3.0337972496301397e-16
5.952005950868418e-20
2.492272088789609e-26
6.9648467294712475e-22
1.6998944800065157e-18
3.569276538358884e-17
2.2960030531653577e-21
2.486185003893606e-15
1.8035233220175975e-27
4.7976560991790405e-23
1.96595924857233e-19
1.6827079074328514e-20
2.2899953299195293e-25
2.0676541980584766e-19
9.989813813153478e-21
1.2230297492802188e-18
3.412893694498136e-21
5.903239508135963e-29
5.861589017825627e-17
1.3477505002344987e-24
7.646098394681291e-23
1.277166747030418e-26
2.5360839865492953e-22
6.244488026960315e-27
5.06480089106767e-23
9.206135693877007e-22
8.942039836621838e-27
1.4455361663500279e-15
1.0443070321556065e-22
1.2675467123146536e-23
1.2468070683545511e-18
1.7567890668434567e-21
9.419597637921323e-25
1.0526919648303398e-14
3.9051123753202044e-22
2.0784051890395928e-20
3.004262384881354e-25
3.170373365938976e-19
4.7729391712639196e-26
7.425968059013237e-20
1.4466361956896066e-20
2.7034726060301853e-25
3.6583532666704116e-19
3.0298852430388e-20
2.358645084598991e-20
1.7405811154388417e-18
1.9575916265313732e-17
6.3732459867747016e-21
4.5379245908189545e-24
5.644026805393686e-19
6.302352828208664e-20
4.224016141612526e-20
1.9519186614914044e-25
4.949527258837823e-23
5.2868752979231525e-20
1.8737886887143016e-24
9.15092772001039e-27
7.6110743041299005e-25
2.196738356245315e-19
1.8714290142874876e-22
1.0120035373683655e-21
5.54127619265798e-23
7.850935459359857e-26
1.5637691061217916e-21
2.6778744505030808e-17
1.532166764404939e-22
7.05209399010644e-27
2.1892542078691683e-17
2.27716437710097e-27
5.24024415861605e-19
3.241361192786476e-21
1.073070343304535e-24
1.603255594128004e-27
1.2092544793018881e-19
9.667701840672959e-20
5.4981170529443285e-21
1.3896059372710427e-18
1.2406517520978201e-26
1.4615059073246445e-25
4.093352308574295e-21
2.074349815948859e-27
6.250526267161392e-17
1.2026024857210945e-19
3.1860959098950695e-19
1.26633963043156e-26
2.0766453584454216e-27
7.437806763458562e-21
5.941394706030089e-20
1.8890728546193382e-23
1.1436430423657075e-24
3.72672922615494e-26
6.750258545016208e-22
9.116485823486716e-25
1.4855740115543546e-25
2.290786174635039e-19
8.750108586635116e-23
2.662708886439344e-28
6.626246772420282e-20
1.8230299303361155e-18
2.505855291671499e-22
2.5794997053412715e-23
3.923442879370911e-17
1.769978747815314e-19
1.8991564292504922e-25
1.4440603512724906e-19
2.3384851307284044e-27
4.356683981375953e-22
4.992932417830218e-27
1.816825705095843e-17
6.315084883682019e-22
4.48770604471613e-17
1.313751131151106e-18
2.8621517046261098e-24
7.866108891392522e-27
2.759840962349492e-22
4.753203155857305e-17
2.068672668625364e-15
8.277042770812114e-19
2.3764779093598077e-15
5.926909724934382e-24
1.1860039973437607e-17
2.2304859869720478e-18
1.759331150408427e-22
6.738841186307442e-22
8.41021098864514e-22
2.1263623995291912e-19
1.3114786195006733e-19
2.0749985947574515e-23
2.0817411777493487e-27
4.348933160849761e-23
6.761315651246919e-18
5.785375547294835e-24
5.3290035339856346e-27
3.658854115783935e-29
1.2014008130120966e-18
1.0110594500873787e-20
6.259870936758842e-28
8.9259815922938e-28
2.3373750463208535e-21
2.940702618655925e-20
6.832030509459454e-29
8.832229164006924e-23
1.529698424058874e-22
6.10353764424079e-21
2.634187088305392e-23
4.2745613882769945e-19
2.241615122411618e-22
1.5883362973064927e-21
2.928592016361928e-22
4.461423362185918e-27
7.929001007632375e-22
8.385411375852429e-23
1.6313458918401185e-20
2.13770382080126e-17
1.4195264597439052e-27
1.0608943053690422e-16
8.3164920254527e-18
1.575554266499399e-19
6.376100585915006e-22
7.337317722035308e-17
1.2253252949456043e-27
2.4642784715463268e-23
3.72960450481482e-18
1.5234149945470784e-16
5.824112355092602e-20
1.5465485781976626e-21
4.7843792439681133e-26
2.3997489993084277e-25
2.81660181021681e-20
2.372536983401065e-18
4.1003425835565213e-22
8.056864758390791e-26
7.739993278450721e-20
3.839992214354575e-28
1.9140553362660328e-27
1.6606537477578014e-22
4.221183944275754e-21
7.746197858062802e-19
4.1788617018582433e-19
2.9351595514443856e-27
1.3795382718005188e-19
1.0832035736781767e-19
2.170290532934958e-20
5.549300392720764e-28
2.2653648416600287e-25
1.0374240272019696e-24
7.700268711463703e-22
1.8606472180361804e-26
1.6577036146339022e-18
7.950953216566447e-26
1.4846418863916833e-19
7.201244993630946e-18
1.502316429370788e-17
1.1576427449526726e-21
2.8572278734647894e-20
3.0424741124802316e-21
8.062766362615275e-21
1.5948516321974727e-17
8.666403530396864e-19
1.984632296863617e-21
1.9659233909239155e-16
2.454158424502277e-27
4.2083962420091045e-22
2.741397421975237e-27
2.703747992999202e-23
1.4100731524545216e-22
3.4307476370432825e-20
2.4022537400491987e-28
1.5464043718065814e-19
3.0094554879497635e-26
4.983833521051253e-17
1.988995347278089e-26
1.405370216345214e-22
7.942081190596003e-28
1.1777954477677362e-19
5.685257795597683e-22
2.6541903834813127e-29
4.110513262404083e-22
9.798734872769842e-26
1.7729992449125432e-26
5.539983799660835e-16
2.1757302352816426e-26
3.280860053720707e-22
1.1794458093796371e-18
1.9939913603786048e-24
3.356883728918281e-24
1.6849771842271345e-25
1.5257637291068502e-24
6.8693937988523585e-22
1.7627349315891595e-24
7.849619452449824e-21
2.4874558151964537e-27
2.544846549679232e-22
9.639612876922542e-21
1.1383248089671984e-24
1.056575746271615e-29
5.370450669901194e-21
2.056937162230993e-24
2.7048496407680873e-20
8.261005757567176e-24
3.167033052192151e-22
5.859215743782536e-23
2.693830759591927e-23
8.297060812637946e-20
3.798857716316859e-25
3.2282335204623165e-22
2.4865846849311224e-28
9.001514409903402e-17
4.451262665233134e-20
1.3460084024109211e-27
6.718553430689759e-19
1.1623749300224884e-29
7.693939166614046e-28
1.9905012200597077e-24
7.986091946118688e-18
3.913500344734821e-23
7.948568488430901e-22
9.081973471611278e-27
2.299171235133667e-25
8.788160139540015e-26
2.3190263024915642e-17
6.224735057453733e-25
1.4037918723847117e-26
8.31244123964554e-21
6.195912437004808e-23
1.8466509969148587e-21
1.035702757299544e-25
1.2304183558559143e-27
1.0319513631484919e-16
3.4459871034683408e-28
2.52533382877245e-29
4.0503356917867433e-17
6.004868215544141e-23
4.54622858498705e-24
3.3809417797042454e-30
6.208232344934396e-23
1.2011829151576369e-27
6.19280720500555e-23
5.516155776337655e-22
3.9458904553616556e-27
1.0368284249058413e-18
1.5550241327504857e-28
1.3174878452423974e-17
1.6183375138853966e-19
1.6457304859580778e-19
4.295142228388446e-21
9.957462041928947e-29
6.964710398154485e-20
4.0961933473470515e-28
1.4756521190834123e-16
2.1411641425604313e-21
7.770145587717521e-18
1.4852030272748484e-19
5.2420927889194675e-14
3.838534561984926e-29
4.908211740420664e-22
1.1215670587015403e-21
4.122555678517657e-19
6.415516302506217e-18
2.850046351121315e-23
8.36480228556869e-26
8.333734585988006e-16
1.2048640903770126e-29
6.235848701575414e-26
4.2097330003298684e-19
3.402820224889335e-16
1.0094047808162099e-22
1.6142432707691198e-20
1.9349134994105794e-26
1.347313967963674e-22
7.281076485925586e-24
9.586297521955345e-26
6.645052997508376e-23
3.5508288172884814e-26
1.0378073800520526e-22
1.6739745094378913e-20
1.0653924269160373e-26
3.171657957064703e-26
1.3085969644955341e-21
1.3312146347992828e-22
3.23734541200848e-20
7.525648969270595e-18
3.591449808379608e-21
1.3826369616175367e-24
5.989809833373094e-26
7.277307686516289e-30
1.4325066914595078e-20
6.522615189700734e-19
3.204702531189417e-29
8.006594560774535e-23
2.799465103141371e-29
4.400658182029203e-23
2.9246052162417354e-25
2.5837383567891315e-25
1.0247292149594013e-21
5.690933359760327e-23
8.807720649147702e-24
1.5955442600621617e-22
1.5066069283177161e-21
1.2829930044504208e-17
5.295583053783457e-26
5.791158235963067e-18
1.9351158365999043e-20
1.2833787459904794e-20
1.4663342681070372e-29
6.508892738036682e-28
1.6827132571977727e-25
4.808438992228125e-19
6.695358091283063e-29
1.305713465678811e-29
6.17066568997867e-29
1.80145416120999e-24
2.014026713410596e-25
1.3478093087015588e-25
1.4006804384306044e-19
1.4873208322413103e-15
9.831526940532065e-29
3.870249076369375e-20
7.382600765496485e-23
3.872610457585652e-24
1.6718775877546016e-27
7.782379912959318e-22
9.646055203375692e-23
8.484441896408049e-23
1.8680001285119002e-25
9.699400680593248e-22
4.765025094673936e-16
8.437864237738917e-28
1.6156683455667485e-20
1.6256808168236552e-28
2.981280150620982e-28
2.2075633895884122e-22
2.803274710820687e-20
7.9853014908716e-18
2.05127913685726e-19
7.72574703160186e-27
1.6807999005176708e-20
1.7916393950559172e-18
2.4894633742951496e-27
6.814524674021355e-19
4.0069774776049555e-25
1.9947543877518947e-23
9.555867021201338e-29
1.5371158889198236e-15
6.730998677403727e-22
2.4552406457365005e-22
1.379211094076192e-23
3.846091340184207e-20
3.0258895042405188e-21
1.4314472683672741e-28
3.6232401956512826e-23
5.220165820249209e-29
8.799940155768907e-19
2.592557582460376e-25
1.440044210729779e-25
3.2830720066429605e-22
3.667612826184072e-24
6.7617311101565405e-25
2.3506324220153747e-27
3.7830234087949338e-25
3.1852452541695784e-28
1.1549485881560086e-24
7.154063112735147e-22
2.0261641580178377e-26
1.536376021315347e-28
2.2051855510894666e-19
8.455451949986554e-20
5.685417169131646e-20
1.8504856783307744e-29
5.458169163984222e-22
6.186876164356687e-22
8.906687010766119e-21
2.01302300465695e-28
1.241315430980208e-25
1.9791797814156165e-23
1.8635060247066366e-24
1.765034190071006e-16
8.93667905083221e-22
4.6938762214957893e-29
2.2017174374175396e-29
4.267751883657887e-17
4.621955381258824e-25
4.2066498327229166e-27
3.1147218914077366e-22
3.570459187624021e-19
4.0704522832737143e-23
9.358350112187714e-27
4.447165451460768e-29
3.237456495592622e-26
3.808700927449388e-27
6.725307132086238e-22
3.776266616217813e-26
4.034571518931253e-20
8.2351380669195595e-22
2.5403224945390152e-24
2.6698762425388827e-16
4.073833138461759e-27
1.3781616301440156e-20
2.2667530627741446e-28
2.0960531974783478e-27
1.5886268401081927e-28
3.567235235364415e-29
7.770089267689027e-20
1.617900594157003e-26
6.78618158263942e-20
8.085657001872109e-25
5.1683583386353876e-30
1.1549900994563215e-24
1.0094489770373158e-17
1.4429266055204467e-27
8.64094165719152e-25
2.5832951327699504e-30
1.1482618502037748e-28
1.4614202068390302e-27
2.2014113282292783e-26
1.0827901965863606e-28
3.784550512959877e-24
6.537572185666439e-18
1.3586824590010094e-20
1.751067522965128e-30
1.3695653244034675e-29
1.2409521390537058e-25
7.746895475394042e-29
1.1327195298107214e-29
1.6110349174295627e-21
3.172917443967606e-21
1.7696346755484284e-23
1.2008390448250317e-19
1.0607952560632067e-17
1.0309305252944188e-27
8.435422576502941e-20
6.718061412561521e-21
2.570403332085833e-20
1.5175598239566375e-18
4.830265722289576e-17
3.0782154158598466e-20
1.488466970281236e-20
6.181045792075888e-23
4.886637408537729e-17
3.0842357622045987e-30
1.918346211834557e-30
5.586833300134215e-27
3.870581101597523e-27
1.3374515566507216e-18
4.855527458482719e-25
7.231242512226261e-27
8.924757080795526e-27
3.8211751777686073e-28
1.4275613676514503e-26
1.6906436255057901e-21
1.0061637493143875e-18
4.861804906766408e-21
4.377297105383402e-20
2.0585461151332562e-19
2.721149948475375e-29
8.546816169938985e-21
1.0908197486612209e-25
2.2255876566713752e-21
1.7294513118311113e-17
1.9314181193351342e-22
2.479020665872835e-18
2.697905686521265e-24
1.841253458965232e-22
2.7915452528540473e-28
5.204690577835518e-28
2.7405696359939327e-27
3.6577012145639536e-19
9.183338155352067e-30
6.121760322302963e-25
1.0966164408921534e-21
9.430168160323876e-22
1.0985545365492411e-24
1.2563241597985295e-29
1.8444420229910988e-29
3.9133427334630015e-30
3.0899660465691596e-20
7.219990415823836e-30
1.1737340777895596e-30
4.170516105836453e-28
1.3678169981524375e-28
7.809799211239941e-20
9.651158135322456e-21
1.2079357729089751e-26
2.322485365302924e-25
6.699554679743343e-29
3.313549944862642e-30
3.626736226418159e-22
2.455763442220255e-24
4.533546740161306e-32
3.175915002812388e-27
8.815478818352663e-30
8.933447212142981e-29
1.2567345536065232e-21
3.1614258489186542e-21
2.660524355711457e-16
1.1863347616379655e-22
1.0684114560549548e-25
4.202048065209981e-20
7.18607756990832e-27
3.451162612594105e-27
1.747573326484173e-26
5.992465950624155e-30
3.2380924009917293e-21
2.150780188890644e-25
3.3400631130637816e-26
1.2074336766981428e-28
2.47373318665651e-24
4.6727014155422476e-29
9.499729554533787e-21
7.244952836818245e-21
2.1264020282899182e-20
7.829493910030582e-17
9.293681904649146e-25
3.1055466385181227e-24
9.11492065784671e-28
1.0573351974814609e-22
9.020722643441874e-21
9.763444572093278e-16
4.183712591572506e-30
1.1949155083553901e-28
1.1888585378310425e-23
4.315069904218571e-27
1.3044115106744865e-23
1.4220424450134857e-28
3.5535653533884126e-21
3.7240187094386897e-25
2.735172495030873e-27
1.0663003428619774e-18
8.240701988632552e-17
7.315519397387688e-31
7.685133490127186e-26
1.2484098832850684e-19
1.7743621637080924e-21
4.476787455471818e-26
1.4381202408644832e-26
7.678317654752403e-21
1.018647383168884e-24
8.923539559105726e-21
2.2995450824877154e-21
3.977114238811183e-28
2.2712073557764724e-28
4.499498448229545e-23
3.2967607232264957e-18
3.9333811166179867e-29
4.401971269799043e-19
8.273394664352426e-28
1.1229523576922276e-26
5.845083877423921e-19
9.894891551858077e-20
4.139982861637754e-26
2.410960113456288e-19
5.486248008686874e-21
1.2598997717999996e-29
5.234547680843853e-26
1.57176600337863e-29
3.428871835458895e-23
1.2614292275729785e-29
6.0774867529502756e-21
7.616717581163788e-28
4.287148540686075e-28
1.6569801540861552e-23
6.954349220716422e-16
7.885815790671235e-24
3.43535302248227e-21
2.1579896066489086e-29
3.9236753624000007e-19
2.0589592801361437e-17
6.339089380122515e-18
1.7414265301705845e-28
1.8089659797715398e-28
3.0953075449818438e-27
2.2985855042977615e-20
1.943939066077803e-29
2.4388096478721583e-23
7.364340059668142e-19
7.813418996005193e-19
4.794019597404098e-24
1.424136925910576e-30
5.390083448111963e-19
8.59010285584274e-27
8.966342194592159e-29
5.991767463069164e-23
1.2821662292551001e-27
6.638937709123663e-29
4.116317573837478e-21
7.638997645851377e-28
5.653008705385571e-19
1.345522558573932e-25
3.639083045402027e-29
1.6173892546101766e-17
3.314136641670418e-27
5.826151200142319e-29
1.9109118547852015e-28
2.1208425186884813e-21
2.685936732508636e-28
2.537776466455106e-27
2.9298897787779914e-18
4.746940224935153e-27
7.555933077840235e-19
3.8918679832714975e-24
2.1579519456895193e-22
2.0421616635080874e-28
2.935745619501319e-23
1.2915150930914636e-27
2.6870796840420475e-23
1.472981675083812e-26
2.747242093887188e-20
5.885449652073202e-26
5.01148411719253e-28
1.612984957584956e-24
2.4411412606420064e-27
3.1829227917880974e-31
3.05685228380338e-21
6.930433745086048e-21
6.453143231075112e-28
2.1974488465807727e-16
1.7583910811761158e-27
2.75204820457141e-29
6.910684383808865e-17
4.5013849154905754e-20
2.0362035117948588e-22
1.302005253933228e-24
1.3497467896832512e-18
1.2243522215269227e-20
4.669108232878971e-24
5.474525856210212e-20
4.277794585677469e-27
2.521956315677884e-26
1.7049926994716014e-16
2.7548335555044163e-17
7.920044177129219e-26
4.5519610573076836e-30
6.603934807009649e-31
2.1982172871420715e-29
7.755947633514354e-29
2.442480203696299e-28
5.370442279729576e-30
4.162743704936644e-30
1.785396570814176e-31
1.429489677948558e-26
1.9012714802020856e-25
4.512639010537426e-18
6.787598552700546e-24
2.177435125874605e-21
6.405258685508977e-22
6.366822932195245e-17
2.2250909134326536e-29
4.846386586592271e-27
1.679559951780825e-19
5.396144659071053e-31
9.886184882302207e-25
6.797109253652649e-21
5.528136340587833e-28
2.0324240920839646e-17
1.1433910129999429e-22
5.973126516716958e-22
1.2452312512556746e-28
3.6972693571794893e-29
2.445239585749809e-20
2.3854489350172503e-26
8.689359928370981e-23
7.941998774236465e-20
7.986861429060307e-28
7.043814919607877e-26
1.607227937030823e-22
8.806248683133438e-17
1.8712963966143376e-25
1.9876353250078213e-25
9.192222314180965e-23
1.5512510594736795e-20
1.0415209370540297e-31
9.112642002708774e-22
1.3678175776710853e-19
1.9027573727251483e-21
3.0565075647395328e-27
4.070560086992345e-19
2.013556807618992e-28
1.1727451086179714e-28
2.3247843458597213e-26
4.431152722538977e-21
9.421405903584233e-28
1.232401557714794e-19
5.669011173171161e-23
1.1656373384700888e-23
1.5619163347422715e-27
1.0931091406105425e-19
2.244007276904027e-22
1.895445118133334e-26
2.47977668216636e-30
4.399307176538158e-26
4.7943217702721523e-29
3.8150793959419945e-20
5.7001751538916535e-24
1.9613976753272407e-15
1.4838527457001618e-19
1.3262017442265908e-26
1.9249223056913327e-26
1.9102631952468203e-29
1.776987868113664e-17
9.60000873980413e-28
2.8084462840876048e-31
5.249890335231575e-28
1.126949100251727e-29
8.636977395292528e-31
7.709675177521337e-27
1.622636450242342e-30
8.82356568971824e-15
1.729096658708596e-29
2.683862948886782e-29
1.4086165599990973e-22
9.474175302297825e-23
1.053582124858479e-19
5.109865231966415e-24
1.9961573750679217e-16
1.5645329961006287e-24
7.577021547954852e-31
7.809195387813378e-28
1.568403310248827e-26
1.82476113363656e-19
1.880909518706215e-27
4.80074842216011e-30
5.821383322023917e-29
7.141568863881821e-27
1.9463693585990097e-28
3.5537791844785604e-31
3.929639892973477e-23
4.1480459884253355e-29
8.419967881930431e-25
2.1048271436597275e-30
1.1817948059063923e-27
1.6941169064099237e-28
4.2242376383763726e-21
9.31129863926522e-19
6.940637667825491e-28
1.360622083152722e-29
2.2960410299270557e-30
4.6822365227441746e-27
6.745271535852268e-29
1.2092510256053134e-28
2.6304594424533305e-28
1.947320163975854e-31
2.7389295993601544e-22
2.98712257000822e-19
1.42645482416544e-28
3.459278797155473e-25
2.42042353873926e-27
4.1561813965158207e-29
1.1376382503118925e-29
2.0101302211012634e-28
6.36505280937151e-21
4.2636975694788446e-19
7.969125206226137e-18
3.300213459990282e-14
1.4987550056656543e-26
6.685389844773399e-23
8.442592379217467e-28
2.3115466047589106e-30
3.5111063136171847e-17
4.326313593178508e-31
1.8499661885714853e-26
3.028834562435289e-31
1.2122752855683587e-17
1.6078701894752246e-29
1.6371792300885547e-16
1.5714014171111723e-29
2.1351296223263377e-17
1.4952308537269978e-28
9.86611816633488e-29
1.4105396745644497e-24
9.057078140756471e-29
2.4240872495622775e-26
1.2493317349780834e-26
2.455505586170045e-19
1.2873168833961978e-24
1.3217462384417586e-28
1.0111961990297756e-18
1.2637644362090986e-16
1.5383896965544098e-16
3.226819369776778e-23
4.033198045892003e-28
2.976607563576331e-29
1.5917445397521758e-28
2.9112702844254565e-27
5.179996055621309e-26
2.53120293150521e-27
1.5030258183528247e-26
5.57468432066452e-17
1.655142338257583e-25
2.7958592673135604e-24
7.328195370313956e-24
2.32832483896206e-31
3.0383969917127506e-29
1.1233407817655772e-27
4.1062879497583733e-29
2.673336428642255e-16
1.111830747454129e-30
2.6884531888729253e-22
9.874214936932883e-29
1.209596206068229e-29
2.1808273758891018e-29
6.098445249354174e-30
1.1626500639064674e-17
8.951179278155532e-25
7.802972305283234e-27
7.146090712067881e-18
5.054305853744396e-23
5.703089926061193e-23
2.1973718518570163e-20
7.527852915283488e-30
2.006225422797959e-27
4.1557722648270874e-22
1.1365096443583346e-19
4.585123390216846e-28
2.2331569124681436e-23
1.1095060537402182e-29
1.0917151881542651e-18
2.2255496726826775e-24
4.377457722119604e-28
4.533309333223318e-27
2.4868484039225985e-26
1.2381826628244832e-28
1.3334974266694653e-26
3.9654403227933315e-18
1.2096298447784934e-25
3.109794329581343e-20
7.289638326090001e-18
8.875838462264888e-24
2.481125468873777e-28
3.760615531938043e-25
4.440410620303887e-30
1.7986105878135343e-18
3.2483693482530305e-28
2.364471356449688e-26
2.0310908085827144e-28
2.7344146217052705e-26
1.3632771441855535e-26
1.5696862891439047e-22
1.1269373752687113e-23
9.779722676462629e-29
6.102526139525203e-29
2.4873380587961603e-25
4.92229392045616e-25
4.701776188323422e-32
2.84660148783652e-28
1.4650380151593122e-22
3.72556700316382e-22
3.999091343095264e-24
5.49610341144329e-20
1.927235453431136e-31
2.97050459898988e-29
1.8692148923931767e-30
1.782455949393104e-24
8.140699899804847e-22
1.958284220273909e-24
6.304969293948922e-29
2.2767547181360285e-28
1.1333839334598482e-18
7.809202888555013e-31
1.3858940787251114e-26
2.040734503928903e-17
9.148457197776378e-26
6.677507892630141e-31
1.1082048760096217e-27
4.735030603370637e-23
2.643747067090559e-30
2.081268979548284e-17
7.865985565080842e-24
4.992642947095732e-25
1.7095904509442446e-28
4.160951149200476e-21
6.138056449803205e-21
1.9276997766245232e-24
5.465970112849128e-25
8.087129026414285e-17
1.6425902752387682e-25
9.650240518962994e-29
2.901077492014422e-28
2.0768437511181182e-30
1.3166035497575413e-29
1.1290787593509152e-29
2.4956862619031165e-30
6.140469262663196e-29
7.156226106904167e-29
8.852032486908066e-20
1.6494538993918612e-19
3.811216950218667e-29
7.406476892693694e-22
6.4969544959478975e-28
1.0681158894322528e-22
4.9364539833835356e-18
2.8703806388955577e-28
8.387052298437427e-18
9.251667860501134e-24
3.4721392336347355e-29
1.0139985036083822e-20
9.708997723612103e-16
3.2626398936485833e-21
1.1762139506405342e-21
2.471407260753228e-21
4.288237177489831e-20
9.687852717579518e-24
2.4250715877302425e-27
2.7619599364673133e-21
2.556010336726221e-20
1.448711068261095e-22
2.845818577686315e-20
5.773105056804703e-28
9.092984592812101e-28
1.9285586526428858e-31
6.561265516518724e-28
5.580553903801927e-32
2.3412315463810548e-26
2.4894101527235867e-21
6.837682539749713e-32
7.211793846633627e-23
7.675898019438583e-28
8.022879512414407e-24
4.981179905116504e-28
2.987685633288762e-28
1.9415711388481308e-29
7.388198324594311e-16
4.303598731267252e-26
5.000556454918339e-14
1.6780891100646124e-29
5.531729958896583e-25
3.972986338538018e-25
8.60795003728107e-21
8.144042985398198e-30
1.3314040130223174e-20
3.3034281689154606e-31
1.291526180904282e-29
1.4487853100292062e-28
3.0027520545571733e-24
3.825713598043308e-33
1.6625008969400382e-19
2.4833596697860052e-29
1.8216062022588054e-25
1.1830139082024129e-26
6.272478557672496e-29
1.887337729621512e-22
1.3724579153076809e-21
3.57775027533079e-23
2.43397630316259e-22
1.71113233399845e-29
4.454572081128309e-22
3.662683865201028e-28
5.222624728143887e-26
8.012788899868683e-24
8.60809275441995e-30
4.27605787480342e-19
1.035698628347552e-30
3.678789437453243e-30
2.1842741896745426e-24
3.2042198067684244e-20
1.4231736308321318e-29
2.3567018699526214e-31
3.576926020589984e-26
2.2903740013558444e-30
1.7225274733203122e-30
6.495337212546556e-31
6.532749937739336e-30
1.9440651593415275e-27
4.6545397963113366e-26
1.1392817104264914e-19
1.1049105429943081e-27
4.2058169577326904e-22
1.1766583445908002e-27
7.010005122242917e-30
1.2803657232706786e-29
6.466501056410485e-31
2.1077331944611855e-29
1.2400722979922736e-29
9.128889843896352e-29
1.6743172417750756e-30
2.2453188720323418e-28
2.367000282358513e-27
1.2283754117929089e-30
2.6686378121555367e-26
1.256322714092398e-19
1.5317813863239693e-16
1.287203219052851e-22
1.2253139669578429e-29
2.076664058731432e-18
1.9971497203744585e-26
5.652896280459642e-24
4.4065564638008346e-20
8.982612164390141e-32
5.08011656674708e-26
4.641518699389167e-30
6.659750744145347e-13
5.927374480041951e-28
8.186394851145697e-29
6.543190228488347e-17
1.552199999616245e-17
5.330826609711644e-29
3.668595412831669e-31
8.921730945756385e-24
6.203850466471539e-19
2.0617499061073662e-23
1.4338577011543567e-20
2.0905663289803817e-15
2.743493466998223e-27
3.437791219857256e-17
1.5424614393275502e-29
1.9532990017455755e-24
3.574425802050182e-30
1.402104978314392e-30
4.028506935042237e-16
1.9441994126249424e-20
2.2830356733059e-28
2.2082687785454877e-27
2.721323739384177e-20
7.284901384420306e-19
1.7281611942941875e-21
1.1987324101453746e-21
5.989868791645334e-21
8.383536038643183e-29
3.990454990972757e-26
6.044122991142e-27
6.598352157846193e-30
1.8666414912048926e-27
7.767978820879878e-18
1.2714511776100484e-31
2.0745874011015817e-20
2.978824014940597e-25
2.3662570291304174e-31
1.2056414258243325e-24
2.642322701506512e-21
3.084602704012161e-20
2.122626005836232e-31
1.0517887906190476e-27
8.246501331821725e-31
2.1889237433814123e-24
1.0726420293258538e-29
3.4445299892355244e-30
1.4649797499249087e-30
5.960753641875886e-31
7.187181724439613e-27
3.220860479480662e-31
4.450835660046607e-29
1.1768480357192854e-20
7.34844833872495e-32
4.677917060887204e-25
5.167916816067844e-20
5.467115198511833e-17
7.41650777237662e-29
1.9598826543930605e-20
7.684012686390498e-25
2.691761009490325e-29
1.8435428999557554e-25
1.7141743242379358e-24
7.942321255291259e-25
1.714810470004724e-24
3.08335730054503e-32
8.043080646949869e-19
1.4811049115912885e-15
3.298692870598551e-28
4.381548603796529e-27
7.010377765222043e-29
1.5523500278422072e-29
2.132955936047611e-19
2.0072946733624618e-30
7.806323121858273e-28
1.547798843310824e-28
2.2821031964594337e-22
1.888268037639326e-29
1.1337983886433654e-24
1.5473302696718883e-22
7.588826856831161e-30
2.530586696071112e-29
2.459259844379701e-18
7.469698298149397e-29
1.601960449006545e-28
2.3606405529549577e-21
9.146402259193611e-29
4.0163849948465e-27
7.072235117635038e-29
7.646066525400794e-27
2.6973576621710813e-27
3.154313711135475e-28
4.279821009395867e-21
7.083225953616999e-31
2.3326582750769788e-26
4.4764246890350487e-29
1.9809418259108924e-30
3.78867541091316e-23
5.801894660338793e-28
3.0963655265218724e-28
5.990121096240015e-22
1.0058734964789476e-24
1.0476371432563304e-26
2.9688009201535267e-19
8.373896636428861e-18
5.41134941078681e-20
2.4881866908006602e-27
1.80170410821014e-23
5.072638248060649e-30
1.4013218187229732e-27
5.984296817957168e-23
5.510578208820037e-28
1.016707672796806e-18
2.3514029698600655e-22
7.185528484472344e-21
7.154977121055416e-27
1.458997006420146e-15
1.8495571813381544e-30
2.6251456109918682e-31
2.1438615904848593e-29
2.5777899122223224e-30
8.724419830233251e-16
4.345916237474197e-25
1.374894440161794e-31
3.367499191197613e-32
2.0073995594937886e-26
7.501372165002009e-17
1.147036053588328e-29
2.3896051737611345e-32
2.448949125066145e-29
1.9444590796766009e-31
5.5093135230192e-26
7.008949290064098e-30
6.092847491348949e-21
7.798625358134634e-32
1.1620674094839742e-25
1.0797663712432304e-31
6.883901340127892e-20
2.153461099920756e-24
4.903515860160493e-30
1.3304258639006277e-22
1.2519667536944517e-28
3.9188377227141377e-19
5.931166242145657e-28
2.1295915985341596e-19
1.5424512051867466e-29
6.6405517179821965e-21
6.06536892202405e-28
3.4065203763176546e-24
9.927210533522652e-23
7.307728399471585e-28
2.5787694410718216e-29
1.3962471170615627e-29
8.032627307641325e-30
2.7134502651963217e-18
5.697903504491604e-23
3.1582606181079554e-27
1.3246945808254496e-29
5.64452792036296e-22
1.2163588441004143e-27
6.169034418872798e-29
7.872360178499401e-29
4.385333945233358e-23
1.1161605014637992e-27
5.749820912530952e-26
1.2010272687139704e-18
2.2714957719081616e-30
7.781940235329409e-31
9.49119516217923e-30
1.290737516075147e-31
1.9564883977657245e-30
3.0020357016084494e-31
1.1348931559401013e-26
1.694073231479636e-31
8.821762472887883e-23
7.05615655476953e-30
8.37512402182127e-30
4.353534711989742e-25
6.157675077567448e-27
2.906960374751211e-25
4.041629267276414e-29
1.33697896301368e-29
2.193561240590418e-19
6.733718008746631e-31
2.5891234670014715e-29
4.269357462094343e-31
1.3132918795971146e-21
9.011861959800335e-29
8.911438792599734e-29
1.628872096054853e-27
1.524050298810474e-31
3.896724929336428e-30
8.968198653997854e-20
2.5412089462987157e-17
3.228511339052335e-30
3.350835470867346e-17
1.0564772424784957e-25
3.215705059963611e-20
4.480529237932824e-30
2.55102780251735e-31
9.58363375764983e-21
7.885104620485729e-30
1.3737096925384219e-28
1.1076913442468649e-30
5.060838285294538e-28
8.897462900033441e-31
2.226494721362673e-33
2.898988754962148e-32
9.783316411816293e-30
6.032354688306159e-21
5.30416487301115e-30
4.886300099286993e-20
1.1855458040455644e-23
1.0964551697509328e-29
5.494092876579886e-24
2.531366401617852e-21
2.1740831474394223e-24
4.957904159738927e-31
7.90456122534248e-31
5.719928696090429e-27
4.0659426366821e-31
1.1375237933869772e-27
4.011734094078891e-20
1.8176623478705526e-25
1.2134835120985505e-27
5.206751428604137e-25
8.097947375884849e-26
3.246465070720722e-30
1.1854980561650006e-28
4.12324058548077e-29
2.6457546018199415e-28
4.796655127849712e-26
1.8268611884942994e-19
1.3461830637371658e-29
9.069953899792844e-17
9.239716613674507e-31
7.100623085216889e-27
4.6567627267551135e-32
8.514749781084033e-25
9.319970003039573e-25
1.3833543614646114e-30
3.951996912110937e-31
5.954728458689177e-29
4.999720742259155e-31
3.560601005853863e-29
1.2098481286660137e-29
4.0022397920819046e-26
1.2466874650700004e-31
1.9815528010859845e-29
1.562080393804944e-18
1.5924520681561096e-18
4.804918044516321e-27
5.983661370673821e-17
1.2807071542282175e-26
2.9808518761418804e-17
7.14089866697073e-29
2.0314098212875525e-21
2.0960334719936745e-19
3.0133877837871204e-24
2.9934403983448935e-31
8.217262998440249e-27
1.6813562397689519e-29
2.1202716231063956e-31
1.463886369629438e-25
8.780213104275037e-19
3.220217031623008e-22
1.6178838059336612e-25
1.674645661268567e-27
1.3575226652690434e-24
8.806630690077644e-23
2.2038527578917686e-22
6.6062484926234046e-24
4.5193443433218816e-27
6.112591276665246e-24
3.716813157653224e-19
5.555704352495521e-33
2.1679095710443945e-29
9.32948480323278e-28
1.8923925156148757e-30
4.631215482198543e-24
4.123381880071813e-27
2.2568039667758208e-26
2.1029244631142837e-29
2.7011195914488883e-18
1.857122208286571e-27
1.360466868140831e-25
1.530896614636771e-26
3.435835313811053e-32
8.337657803210928e-25
1.2488353092265936e-29
2.157127026219675e-30
1.4680593484946507e-27
2.6864837373296004e-25
4.553304234097342e-22
2.3214526070339752e-27
1.7042144244536297e-27
3.9782268391453995e-19
4.858984799389034e-27
2.8775858720621864e-30
1.300122643394562e-16
1.0851758802472846e-31
9.650050359511341e-29
1.0763478765000446e-22
1.1630078380504305e-29
1.9502368386748276e-30
7.73085652613287e-27
8.249848346625307e-30
2.6228993441016097e-22
5.938269155016462e-25
2.786752397367635e-26
8.67194001229433e-29
4.028398500360501e-26
2.0540832627491553e-20
2.320979793655329e-25
2.185428303044854e-29
5.429783837553173e-17
8.064767108175773e-21
2.9054854510303617e-22
3.612697064527941e-25
7.48692098871768e-27
2.7342452015784045e-30
1.1198721368463061e-28
1.144545993659511e-16
3.6199584140988905e-32
7.348065149967539e-32
7.94785898762892e-21
1.709414526876673e-27
7.076815782260914e-25
1.440846597599823e-32
2.7718052002525746e-26
1.3882599135386443e-25
1.96842163041214e-23
7.579517031572637e-29
8.812106751808778e-32
5.022678403458243e-26
3.318960034732934e-27
1.2120605475855926e-31
4.414098953816997e-22
4.8087503667043154e-24
1.2195803122181238e-29
7.352919183962915e-18
2.653589173487851e-22
9.992941374007595e-29
2.174790286193245e-25
1.2729812870873682e-27
1.4922704910138681e-25
7.701252429376427e-29
3.3001334914120465e-30
3.676199613417643e-18
2.5726074042256583e-27
2.186332202825732e-29
1.125485264155805e-25
7.577337283484657e-32
5.1824482849528085e-22
1.924331621704024e-32
4.554809567734555e-27
9.080412780402891e-26
4.808503636850199e-23
1.2121196869209129e-28
2.7712991778351355e-29
6.968360920026e-21
