11.324575105442559
10.689587308833092
10.075715330347652
9.26521690537117
8.343183298940986
8.25987087257873
8.061306558203555
7.752685051485457
7.265243482974132
6.687268174152614
6.117984060395029
5.598196417462898
5.206605416311305
4.903243264746136
4.648149842660928
4.439410547117884
4.273371198436447
4.142589495352626
4.046048254321217
3.9455982251130415
3.8473701791299684
3.7467844777896273
3.6405769696208665
3.548905623298765
3.45739630337376
3.3781923959983953
3.3071633238517952
3.246686151177199
3.1891371522656
3.13416350837554
3.0856037215967778
3.0398329630833256
3.000387148438934
2.95987080880347
2.9232981722125224
2.8921500898034767
2.8671934875050784
2.844045807132007
2.822244545072998
2.8019633389862424
2.782984285982807
2.7646618790444997
2.748478978622993
2.7311884092734147
2.715437058041421
2.7009092731318933
2.6855323966300357
2.6721760576999483
2.6590030221267034
2.6433629240174525
2.6290987045244014
2.6148135409321753
2.6015091585080405
2.588625641860581
2.5741043040308362
2.5598828014233153
2.545568970810809
2.5268288004895316
2.507546005845005
2.498273312127105
2.490313123477394
2.481819670938205
2.473431888641546
2.4638991019194316
2.455069319224237
2.4454007591434284
2.435979722534305
2.4261824350655825
2.4166266225805337
2.4046520274898917
2.393654304278332
2.381414708088686
2.3670210347483716
2.3526549814650677
2.331216236094308
2.2895715632098
2.2013428780088686
2.049710063838262
1.875445774707794
1.7281063698045855
1.69457696044545
1.5921451043293633
1.516871370524072
1.4500937170840302
1.3877088435072569
1.2945243509721314
1.2605440233489862
1.1994541715691192
1.0804499306773723
0.9391386969283353
0.7723928246419849
0.685789662261362
0.6814228850009378
0.6601717206493811
0.610914851598733
0.5925628246980592
0.5889948564303253
0.5822926382300428
0.5817462003173866
0.5798956929203483
0.5723141992040217
0.5657477433191103
0.5558989061791806
0.5488707522989316
0.5301102413943948
0.5176612808402652
0.5009161157262305
0.48625409966057287
0.45981092478964314
0.4231295452669901
0.3978168652173748
0.39435062008942445
0.3915015138024698
0.3820095009411828
0.36783185301518273
0.35265716678464276
0.3427083694705386
0.32845335736395764
0.31557066480496854
0.3067162351072428
0.29852143674592746
0.2950205758728872
0.2921133846055941
0.2895289170581963
0.28712955895994696
0.2851965937500811
0.28328085133763725
0.281798551449314
0.28017102052320375
0.2789048957901361
0.27775369521161775
0.2769995546739148
0.276363647456205
0.2757002240869477
0.2750923363279103
0.2746324975001304
0.27410873079673514
0.27360957894228743
0.27313810804661465
0.27265232550649365
0.2721638743289221
0.2717299138757907
0.27134067265870776
0.2710135687505204
0.27062406635700675
0.2702982796301683
0.2699208228365144
0.26956943879816464
0.2691155850130258
0.2686988362155587
0.26835985217212954
0.2680173566859718
0.2677187533710139
0.2674422790049418
0.26716075873742895
0.26691510387054596
0.266640823632911
0.26638247577537033
0.26616982324948424
0.2659344227504601
0.2657500483191031
0.26555913778517937
0.2653503140164366
0.2651598509701927
0.2649608407570687
