11.333316719406609
10.7093142781585
10.114313096559288
9.381904264832286
8.349484084392115
8.264631992942057
8.084823801000521
7.804068193213389
7.371526158103627
6.857895024712837
6.313663189709306
5.834891656135255
5.421409808231102
5.099325381756593
4.84761718151298
4.619696104230769
4.421360095388993
4.2630774234173785
4.135991351558996
4.029204102925259
3.918138882395697
3.8092712724616433
3.7028583984702026
3.6011432383360207
3.514338353116969
3.436608146063209
3.3616690644779865
3.2938725270917715
3.2326530757482566
3.1774523522304357
3.1228745254364076
3.0740388697508214
3.026221953795293
2.9874565928070256
2.949855557659367
2.9179471489213142
2.8926903220102815
2.867581425524926
2.8465077227264777
2.824842842573215
2.8045770295943493
2.78420304502016
2.766679107838984
2.7496643369731943
2.732975482556107
2.718264406314084
2.7050225089121636
2.6917311063410425
2.679916516551888
2.668898345828543
2.6591363306936717
2.648896865796643
2.6389184094439564
2.6301684985231137
2.6206322149250436
2.6129784781819323
2.605173901360949
2.597900186874776
2.5901167117631783
2.5829637200273137
2.5766432937487265
2.57091866443822
2.5647547154946633
2.5598189655585273
2.5542183593157084
2.5490844557283863
2.544123801238925
2.538328546342976
2.5329529486720403
2.5287074566693164
2.5245876809011882
2.5199633684539355
2.5153470005289478
2.5110063712529866
2.50545196664242
2.5011595678450202
2.4962513128790533
2.491584006214497
2.486363120370597
2.480352025135364
2.4748267803089217
2.4696122674141483
2.4652176766678044
2.4603639712540737
2.4521088333121703
2.444171933256145
2.4359402758848923
2.428480120165335
2.420634994639915
2.413005477728939
2.403640962294878
2.3953663882779974
2.383906355750896
2.3706264873980025
2.3544620115112416
2.339216541203861
2.306834850050424
2.240254351087076
2.1405550395834823
1.9843913593727844
1.8418176089587543
1.7324179228957712
1.6257932246837328
1.5407988212168027
1.4597183552134316
1.3958125263093129
1.3373099459119624
1.2817186784355457
1.237580109915772
1.1983715991595574
1.1634888901591456
1.136315159415302
1.1039705260004773
1.0715100175075172
1.035356524106561
0.9818261681223488
0.9329288112250946
0.8775035194984762
0.8151046362877743
0.7531365957777041
0.6906433872850517
0.6467564888606692
0.6004392058478025
0.5642815677987194
0.5330919646853962
0.5093734062499333
0.4900967824886173
0.4654400006886794
0.44540694900245814
0.434083767525709
0.413898753004049
0.37881968197938143
0.34134555809886447
0.3305058944059933
0.328407607542581
0.3264776749811231
0.3190881847209397
0.3104683778884274
0.3013094054080456
0.296281240820619
0.28958509534111965
0.2808490259337395
0.27301362324205414
0.26609688287014954
0.2629490582792453
0.25899869367470707
0.25561371304886293
0.2524481394738576
0.25138938591407634
0.2510123508251816
0.2502953764857576
0.24971844196789394
0.24932430482535928
0.24894247986020268
0.24878910285830091
0.24867884230384352
0.24844079866880087
0.24794187114458222
0.24697796277271777
0.2445323493108429
0.2419256868427464
0.24129451733838714
0.24112266663912507
0.24098318056308
0.24059619293474732
0.23956522907042288
0.23827577705006497
0.2378345326866551
0.2376876313026477
0.2368249732375105
0.23598149787633105
0.23596279476804582
0.2358144539102085
0.23550566054603905
0.2349464428521637
0.23415933607367023
0.23374950218093016
0.23326892497044494
0.23291697279198598
0.2327835304518553
0.23265254603565566
0.23246890809210985
0.2321541123180788
0.23164461659765667
0.23110329640255678
0.23076512020024698
0.23058547769743498
0.23042434399169398
0.230236013131492
0.23006773185980567
0.22992107138588658
