11.323731742396108
10.687944170755697
10.066055258771406
9.2652512788375
8.341286942052601
8.232521910083502
8.04064690791293
7.751914709437457
7.297266998960289
6.7326683544983865
6.198386223288118
5.716244250048245
5.309984074470876
4.978051468759151
4.7149322256457324
4.49070295634918
4.314155999211959
4.161636930777405
4.053299820847167
3.9395703414349796
3.827483145887177
3.720317747662368
3.6229441379607303
3.5234646493522384
3.4449695661257485
3.366301023536801
3.2909920059150846
3.229454952314211
3.1768724407380198
3.1294132238951917
3.0820869919781604
3.0384850611608423
3.0023514829425357
2.969011585236909
2.9364455737208006
2.906822307033835
2.880168930158935
2.851246206183589
2.818384945514979
2.7888355988287774
2.759112600158187
2.731029852275319
2.7082643439510514
2.6888023316108587
2.6707665523419983
2.651733519719035
2.637255686487393
2.6232428880347705
2.6021091395668545
2.582487173513826
2.5679125882307776
2.5519327631870485
2.5396160007288806
2.5335772759513553
2.526697511531686
2.5203835702727204
2.5145075920540583
2.5082871110146057
2.50292324314196
2.4970054356771962
2.491174667418276
2.4845701744317408
2.479125467297397
2.4723140007544977
2.46583947814133
2.4599645571092097
2.454179501074133
2.44805152458622
2.4423080828366537
2.435750254763512
2.4304209331255002
2.4248473260973284
2.420246285709039
2.4149749093999793
2.4097185231928053
2.404274671835159
2.399494881642931
2.395188894948495
2.39003723440283
2.3848504639911408
2.379570759438753
2.3747860027015797
2.3684359527575474
2.3615130439590235
2.353744499971789
2.345877004802537
2.337805292954812
2.3296728605867223
2.3202739477936607
2.309707477013615
2.2780935569177423
2.230266222270764
2.2143894170101497
2.175641781494953
2.087115554982967
1.9946820177090672
1.8633979929655142
1.7449939689880605
1.6517683014356122
1.6133401176505684
1.5700458217292326
1.5310330178263554
1.4879504322114911
1.449700741373431
1.4136121514086124
1.3730679923055273
1.3355122477354904
1.2964333929701333
1.2574115924174718
1.2210206037745746
1.204650714016961
1.1822597888696595
1.1653202921389987
1.1349572967556076
1.0442167459208944
0.9560591940938652
0.8769604407004579
0.832937194835023
0.7361863965987832
0.6782428071929427
0.6489734036640664
0.626255379724812
0.6163197392189979
0.5943698254864982
0.5630064652353681
0.509630750447478
0.4783610745296265
0.46195362495127856
0.43970776087136176
0.4027708145440103
0.38633798843228284
0.37163215999994215
0.36224960644536885
0.3494836348546295
0.33984319103972194
0.3386644254648532
0.3381710277685146
0.33486470125776613
0.3220679180899042
0.3130927620912569
0.3084825704109342
0.29001887805330284
0.2863078877121863
0.28570126084204084
0.28170752329006454
0.27914934874475694
0.27741144798525674
0.2744311048438046
0.2732876161798785
0.2724654065647263
0.2716522884071777
0.2697918457172346
0.26811669152103157
0.26591024770078153
0.26356764067483773
0.2609959591282127
0.2600318652277567
0.2593025331671228
0.25883479826764866
0.2578473639121377
0.2540357466533072
0.25079843651651057
0.24994357309373338
0.24958391744896513
0.2490639592331565
0.24856631026674236
0.24818328784912413
0.2476848980414923
0.24727347155401347
0.24658518655131711
0.2453820336543675
0.2453071607630024
0.2450124427118361
0.24378318814611344
0.24285512143610521
0.24219651380105223
0.2417134179179934
0.24129223318512594
0.24077689846200467
0.24029254390152843
0.23987472834196666
0.2394691303502734
0.23913239464638458
0.2388593432850019
0.23866314061020333
0.2385423283126702
0.23834132707017375
0.23813210199069346
0.23799096337804215
