11.331449091319797
10.706760990376639
10.121582566777013
9.36305372159116
8.361422814886293
8.255659499687628
8.062003524749926
7.785551178675959
7.34247402815941
6.8122108375881965
6.216898479857354
5.701424267566983
5.317702827830747
5.010504234059836
4.759045975569622
4.555282232318161
4.380084026630005
4.227862466464593
4.104667831531938
4.006688622658178
3.897115445301556
3.7859113285118937
3.6776583956754596
3.5790412126516857
3.485872467286322
3.401506376072142
3.3299556090230773
3.2545016758954546
3.180777456132433
3.121146655401944
3.065417832691722
3.016226135133854
2.9776899968108026
2.944303225779148
2.910943946274619
2.883386705505549
2.8581636526609113
2.8353935682834024
2.8156123707588403
2.795392863766473
2.7782421673447777
2.7620699602030996
2.746375584689435
2.731560026828806
2.7178605906556736
2.704355079907497
2.691598298367678
2.6802728832146308
2.669792069529964
2.659121348393869
2.6491367766610097
2.638360408380695
2.6278254659334745
2.618467006982085
2.6067502243262624
2.5967227060051785
2.587046965509737
2.5775699555670393
2.568613777900282
2.560747559853418
2.552030446242572
2.543805339386169
2.5343340804387626
2.5253939160893877
2.516220437454667
2.507363502857605
2.4990101857214997
2.487738867768126
2.4764587427014018
2.4649601985419674
2.4161558167577057
2.351977065876331
2.1764785699483546
1.8821826406881073
1.6889032843457867
1.565452546604126
1.494256623674068
1.3945148669086578
1.3395391196665098
1.2990774207989038
1.2501653966573603
1.2173705699070352
1.191432898521537
1.174321569904988
1.1559154583568025
1.1357166591964596
1.112757514864791
1.0741687171102585
1.037607958085152
0.9613893321748082
0.8178750408315514
0.7066214457126314
0.6404910495606115
0.6188900037437426
0.5842572049704753
0.5272984395829363
0.48476407193213245
0.4712663788852405
0.44468807970485535
0.4244143296138576
0.408462058826327
0.40075942640644957
0.39028418228763595
0.38220681869910145
0.37000310111214496
0.3414437714829184
0.3077692269561103
0.29309046717479426
0.28941969408202617
0.28721773624487135
0.2845960282205864
0.28086423084263856
0.2775068299236594
0.2751548701692448
0.2715839252504164
0.26760558167478976
0.26518053819733645
0.2623090221850557
0.2594930633162136
0.25774498078855324
0.2569184178504198
0.25578522840740536
0.2549660408793306
0.2540282229450419
0.25340736811618214
0.25310102568346426
0.25186109280312063
0.2490298847333019
0.24809697416126486
0.24671288521725465
0.24524953982561204
0.24489027372569971
0.24458835128174883
0.24424903852306024
0.24387235406951557
0.2434378705714888
0.24282236919385625
0.24211315642319775
0.24146674157849368
0.2405106930360157
0.23994917866203203
0.23930686378987964
0.23887926360056255
0.23868872159307042
0.23838543247455224
0.2376491098491904
0.2373078821808079
0.23714136410236542
0.23681863169853834
0.23650714760819191
0.23599518510694661
0.23575750240622906
0.2353764782882637
0.23477380153866978
0.23417054466258058
0.2337305434394139
0.23334685509937803
0.23300481816691665
0.2326666726628117
0.2322707716689445
0.23188919974050926
0.23155959681993288
0.23129884845407211
0.2310327412864952
0.230805033627707
0.23053047876311616
0.23036100935053394
0.23025755416257265
0.2301368512660984
