11.326614684488565
10.690184383209598
10.092438335847877
9.37253892184314
8.37623866510782
8.281844378401747
8.111914160159412
7.88125559566916
7.515910039610635
7.026393021343672
6.475100435225633
5.970588109289025
5.540272369944814
5.214611500423739
4.950509628605289
4.719436210744867
4.521838913830845
4.357128390841151
4.21994287161235
4.112730787164294
4.030224279788433
3.9354595331465516
3.846450608778637
3.753337315960975
3.6651427149399023
3.5739026802781604
3.4961304820637595
3.4219819416811026
3.365440684758381
3.3015202409777213
3.2449420021345325
3.193563313483363
3.146081053887227
3.1046372133320617
3.0711571754067055
3.034936704417831
3.005045890134687
2.974798842809914
2.9499837444953556
2.9258775716463212
2.9035971301444015
2.8815599938376684
2.862945104469815
2.845549287633654
2.8272262974342777
2.809555152911594
2.792107325285368
2.776437363088897
2.763013130401484
2.7496003907527626
2.736113082329098
2.7236050023782274
2.712584281918968
2.703584917933731
2.693438500079475
2.6846029771255537
2.676623556072262
2.667636404227606
2.659335802497229
2.6511719687377866
2.643762566683617
2.637290966941025
2.6311116229501987
2.625521083585543
2.6194262681305798
2.613928393278406
2.6081243086377555
2.6018846481908833
2.5972179381817115
2.591499024680769
2.587022768278196
2.5824042401133376
2.5775975500844677
2.5731177644978134
2.56827592681225
2.563887442262698
2.559177829210709
2.555372772159563
2.5510477255205704
2.5469929933168878
2.5419878903444175
2.5374824714582713
2.5330823448031996
2.5289316171010725
2.5238178297788814
2.5182047070305664
2.5132148977311246
2.5078326584104715
2.5029294445663073
2.4984682954155693
2.4944322205927083
2.488763193084737
2.4809333479847124
2.469977444198271
2.4585675457635716
2.45119608336908
2.443968946700478
2.4314267265539566
2.422401604753511
2.4132674799971774
2.401038473985156
2.391584836335273
2.3824105511144076
2.3724010221195773
2.3613244986957422
2.3505808378462127
2.337076665236177
2.3231818832901503
2.2995636156284602
2.2537611100599424
2.1855501404593456
2.016357581118097
1.9290966727704042
1.870203856370673
1.820222781695347
1.7808828938629144
1.7625141506810493
1.7053675619074413
1.6286704963555714
1.5402746461395136
1.461458737487387
1.3478165578890007
1.2733371151478146
1.2317587356742727
1.210243219583007
1.1964360332034207
1.1861050846738612
1.1755189264931722
1.1638049489120554
1.1470644208404241
1.1211604067010494
1.0954226900721347
1.0708104759115589
1.0471144244069013
1.0256424742428942
1.003424931746678
0.9848479806938357
0.9655627838766669
0.946692338098094
0.926730273800981
0.9114660019524834
0.8969894895066837
0.8393452670174693
0.7819170920303025
0.7415759520450962
0.6847679635310921
0.6372608579581893
0.5970168696927551
0.5574247301641746
0.5227969567074258
0.4922057042935588
0.47118295876190786
0.4557624705846832
0.4405830916668103
0.4287754968855735
0.4196273306875238
0.41487550562494047
0.3942906640637718
0.38884069094293583
0.3852191815260966
0.3780629415146075
0.3740156218933688
0.3700428823635722
0.36505778482551676
0.36135145727689455
0.3578381333461902
0.3533445223213443
0.34957673178731596
0.3407972733945934
0.3307310942199342
0.3300149853769945
0.3226402480695194
0.3222773351847339
0.3132449904209853
0.2863081237781824
0.2760507614705521
0.27423205048595634
0.2710358895279912
0.2669650650815498
0.2632210005317832
0.2603916205513226
0.25811414787191644
0.25633956791522117
0.2549562407261847
0.25390401239655613
0.25339513169469274
0.2529618546927104
0.2525976887558379
0.25229090884835514
0.2520294062445574
0.25181178076970845
0.25164162110771215
0.2514651617638073
0.2512982953662215
