11.326587609323571
10.699772743826742
10.109379747031944
9.347120944494717
8.343118786530916
8.257287836765084
8.069703671286266
7.804546579426692
7.382466436642815
6.827014286788867
6.259984229615339
5.728845965213864
5.326332333934658
5.008562012977244
4.746067044883976
4.527412264442441
4.3495716428418305
4.212230521818087
4.094960795838235
4.0024242506520125
3.9070314605405168
3.7949869434195778
3.6890442387283455
3.59642912740099
3.5097631899333708
3.4261120629795494
3.3417015902254272
3.2652522907310964
3.1999068564907063
3.1394489154163168
3.084495602641078
3.035635830095636
2.9988634155866816
2.9618568799533875
2.9311125585773476
2.905553881108961
2.881877271890435
2.8579661055939365
2.8341370595863697
2.8138693385530402
2.79350241413837
2.774812890774008
2.7575890368175937
2.7411348188666036
2.725498107587393
2.711460759769121
2.698739253526796
2.687824579865117
2.6770342974228463
2.6659461882687268
2.6552175317262954
2.6455899337167708
2.6354892835304895
2.62666765137965
2.6183172586990224
2.6099875883158266
2.6040093285989734
2.596459886550454
2.589140797904566
2.582429156982121
2.5756730878645557
2.5692831145395028
2.562656627001992
2.554572146941757
2.547560052624857
2.5399872071765657
2.5324146182623357
2.5252366390130554
2.5184991787470903
2.5114422715999645
2.5043048607812235
2.496384790582322
2.488536023778039
2.4813626313098407
2.475697033649501
2.4688823705666296
2.4626258676786836
2.456597428634983
2.4489046461847304
2.442414139181036
2.4355584218596977
2.428119856124896
2.420901221035134
2.4144310835896716
2.406283924318039
2.398783578103397
2.388700829911749
2.3784776542185773
2.3696022451887755
2.3608772056919047
2.351745832056916
2.3461338848744413
2.340149322253966
2.3342912778336977
2.328819467845248
2.3231445169711558
2.3169584404119608
2.3117983319592916
2.302919546791326
2.283156678346735
2.2509477237404507
2.2092223524122376
2.115967112033255
1.9759294407716554
1.8467511068609683
1.7253815929459142
1.628552390457891
1.5596760455947543
1.5002573332753153
1.433803134607098
1.3921717841771208
1.3430949311849396
1.3035904722388718
1.2772535338298088
1.242657561553309
1.2009179244696107
1.1924046928042653
1.1773983240146952
1.124707534076669
1.0971032577073183
1.0433804914054452
0.9897211107182979
0.940603956560663
0.8764710864932086
0.8139176203199154
0.7675450311907221
0.7308240460669371
0.7042785214233032
0.6848541117743423
0.6703063483632654
0.6470141553333475
0.6245244494227764
0.60522973716572
0.5867695247240414
0.5740125340861733
0.5636052824595001
0.554709275729226
0.5461885323969282
0.537879912622965
0.5293481502578068
0.5206477308170161
0.5130841093049616
0.500261648796263
0.486118773348589
0.47292134114825846
0.4600846184337115
0.4495074979427809
0.4392101851806718
0.43008061875477743
0.4212934598847573
0.4130847803642972
0.4049727032871928
0.3991100040922788
0.39320616542081765
0.3888733121054191
0.38505020182814587
0.3814416990363698
0.37812302271966036
0.37448478638625726
0.3704384689110105
0.36688245367914796
0.36345323962802567
0.36015121315288035
0.35615127406901426
0.3517388516526294
0.345726516166037
0.33941968735541295
0.33342617717000866
0.3309170722689192
0.328281635754875
0.3259570124669171
0.32314514022285046
0.3195589446709288
0.3164976178932424
0.3138996646692567
0.3116032801967572
0.3091092701626099
0.3071627361196496
0.3050370545438641
0.3033573043383031
0.3014001503632304
0.2997108406419864
0.29798527078496573
0.29653432190970097
0.2952065421156185
0.2937956554858463
0.29247224721976117
0.29121401863219276
0.2899767105736837
0.288701773191951
0.2876335906984373
0.28665965639638014
0.2858147503205277
0.28495406027616355
0.2841496318323973
0.28336319225245
0.28265189040247307
0.2819679956709651
0.28134978571763725
0.2806043700193044
0.27980839178578076
0.2790745333119977
0.27839736656627867
0.2777092253496569
0.2770999462285637
0.2764984529482639
0.275948362944189
0.27540265038593326
0.2749065449867345
0.2744219995017074
0.2739961931645558
0.2735745638408318
0.2731474357564716
0.27271931524705373
0.2723529208405271
0.2719985248882981
0.2716713022971913
0.27136648244665373
0.2710655497401673
0.27078114296941536
0.2704919291392551
0.27022046174679026
0.26992929531276477
0.26965744023090377
0.2693928821738414
0.269109766272952
0.26884097981011923
0.26854779983053234
0.2682804130500891
0.2680205332871637
0.26774295035566187
0.26745240088567535
0.26715524053136974
0.26683709044713666
0.2665115899674815
0.2661223213888473
0.2657561748300079
0.26540667742937885
0.2649275506592863
0.2643534554393643
0.2636871857929144
0.26301854353173937
0.2623035058392764
0.26154794571402995
0.260785604089663
0.2600696758870482
0.25953986225307357
0.25908315342025023
0.2586284568126791
0.25817688184665233
0.25775402922179236
0.25737997115754396
0.2569632851658312
0.25656744619755223
0.2562069598677583
0.255877786737007
0.25555783512666697
0.25526757721692217
0.25495351617168005
0.254664893557643
0.25436493541652716
0.2540458050384018
0.2537026972890004
0.2533915492997556
0.2530454944045806
0.2527497679854829
0.25245549968165015
0.2521757792780255
0.2519058455192562
0.2516624549124966
0.2514373268077481
0.251219217371049
0.250982198102224
0.25073417459152036
0.2505127796428681
0.25030610037431256
0.2500982244062495
0.24991102756068173
0.24973650387379287
