11.333856332294811
10.700844487964211
10.091938272769019
9.342581479477248
8.349596338341538
8.262884478716689
8.067662895498435
7.774255461116432
7.322069118424469
6.771485011527194
6.219624506861919
5.747387614575352
5.357834452506651
5.044671283336342
4.789542920939212
4.563558962703448
4.370174901329094
4.221326883339261
4.101343210556614
3.996499292541838
3.8819499687491277
3.776682751365131
3.6630395731679
3.565759338649162
3.4858223592683926
3.409433697494725
3.336477908214449
3.2714207243455355
3.2120690999704005
3.1583975406772344
3.112905884729109
3.0604144062094374
3.0187140251729128
2.9760762697003136
2.937067756961139
2.9028636045796885
2.871557911768562
2.845688233168204
2.819599327822443
2.797368957583288
2.7754303607147275
2.755737550470162
2.740087269039848
2.7233685733755095
2.7091305593117667
2.6944886895159037
2.6802797556035305
2.669403115123938
2.658504582358127
2.6497024340281703
2.641186009003073
2.632393696459607
2.6229292883643662
2.6137578248153748
2.6061011121644126
2.5981530401970554
2.5904786030776767
2.583332233072614
2.575932349563372
2.5690614822022626
2.562035013230183
2.5558334436987025
2.5493043244118576
2.543537652722118
2.536804531093167
2.529798263865473
2.5221869164074917
2.514220284600942
2.5067444898987397
2.499364931378387
2.4922289355185967
2.484305170618244
2.475735850772155
2.4684027985680883
2.457505682703175
2.4459276610152942
2.435435627006729
2.420728940113653
2.4052372586592536
2.387821298031751
2.3658452606707705
2.339475131968751
2.290633514934969
2.224592142973991
2.1039679900892567
1.8693840408657856
1.7220164317162148
1.5839173000351607
1.4783990331286434
1.3878056092531565
1.2826462841561694
1.1843745067166642
1.1565619916401602
1.1039889906017661
1.0207949578695157
0.9280909414224876
0.8654850381384369
0.8156552649464244
0.7631991297930973
0.6842241879749134
0.6235801673400205
0.6166640011878792
0.5903803463652011
0.5324558231109737
0.49130237389525977
0.4733709533493755
0.4564033341636353
0.4353046718162128
0.39733440815729537
0.37513873040693646
0.3583628375931873
0.344048511308789
0.32554082933527706
0.29962226121866387
0.28728462247691766
0.27592927684714397
0.2657364695416353
0.2628056464488404
0.258963978720983
0.25690584291893614
0.25405983839718616
0.25284348713384475
0.2519639044960442
0.25128202784179177
0.2508049689939895
0.2505387486966546
0.25025837110613924
0.2500843995293822
0.2499113662690542
0.24971885677713068
0.2494776921162547
0.24915145512614068
0.24877867429076783
0.24819951561667963
0.24753016547045625
0.2467012090469929
0.24593644445154794
0.24518936207728004
0.24451201830010483
0.2438700115478083
0.24327528629325812
0.24272672862500055
0.24226054586835755
0.24180013040663972
0.24138067370639593
0.24101331779543766
0.2406845380576632
0.240403064147662
0.24014202553183317
0.2398781532280676
0.23967135438830134
0.23948578542827725
0.23930799796313007
0.2391582572371158
