1.472776311150368e-15
1.4178243932662614e-14
6.386380058698087e-20
1.0389153138466457e-18
1.4051682464843731e-14
2.0656823095970525e-14
3.198108547071301e-16
1.1095657534187088e-13
1.5967551740695141e-15
3.1569728044154744e-14
9.07148214683271e-20
3.1254950757739235e-18
8.318842340436391e-17
8.776407982071181e-15
1.2917683242960308e-17
2.339593580184411e-16
1.9523015167675592e-16
1.933942046365182e-17
5.061749900870221e-15
6.020440989872644e-15
6.86831302902228e-14
1.2272887996291345e-15
4.7938656938194677e-14
1.857682134974143e-16
9.517234879943558e-15
7.12934282081589e-15
1.4507010556769215e-14
4.063417281083484e-15
1.5921580296557966e-14
4.885778261845039e-15
5.406076361925063e-15
4.506341459751623e-15
9.018464778377276e-15
2.319589940447758e-15
6.754533044563736e-15
1.1690775206113962e-14
6.958322026602913e-15
3.189704431297459e-15
4.407540889798334e-15
4.014650433809253e-14
1.0855609184976063e-14
1.0257629077218029e-16
1.740655519059883e-14
2.0371794834965694e-19
1.06422790187137e-15
1.166883499142339e-16
2.4464705293689194e-14
1.9039056582868875e-19
2.3155668727436547e-14
1.709089545886607e-13
2.2017201794285872e-15
2.459212138605513e-20
1.95049652942171e-16
3.6204607334569203e-19
2.668482283443525e-16
6.317499416007954e-16
5.741854164133525e-16
1.0506122823026458e-14
1.418690559302629e-13
2.1459081629608974e-17
2.749512245525703e-17
2.1758080695314656e-15
2.010718818962442e-14
2.39274558377441e-16
4.653623585850991e-15
3.164899001038531e-18
1.5867010537441898e-19
8.309436239902568e-18
2.5315053818369764e-16
1.2895964741654241e-14
1.0997981294987156e-14
4.2187078527803343e-16
3.4425199435581513e-20
1.7533943018386084e-14
1.6212401413505445e-17
1.9870920851797285e-14
2.0444998450960323e-17
5.2219331963474e-18
1.2230028016967265e-15
7.884475126518098e-15
2.703449430886271e-14
1.4036348376188813e-14
1.284055031710079e-16
2.288714105561101e-15
8.910621159712618e-15
1.9707746794408315e-14
9.79118671145525e-16
1.9031774693101952e-14
6.93457176945036e-14
2.8049959010290857e-19
9.616999603850793e-15
4.76595585960246e-16
2.0315489999128694e-14
1.553952872432172e-14
2.3141982893569398e-14
3.4471225794838535e-18
2.3718233941364746e-14
2.343130666042289e-19
2.0552958181532407e-13
4.554564171962562e-16
8.844197349203694e-15
4.1695466497436444e-16
3.7038772980657506e-16
1.481907663226649e-15
9.286866179349094e-15
3.28877257424303e-15
3.1909261675158172e-19
1.4295455051590674e-14
7.106736154351322e-15
8.750787910915842e-16
4.972529215879114e-16
2.9823907394623394e-16
6.302991635778157e-15
1.03137681273327e-18
1.801120499663378e-15
5.809004747913313e-15
2.274487170923845e-15
1.2791353191842384e-14
2.2096192712663446e-17
3.1318830766743156e-16
2.407200048756574e-15
9.766214198709487e-15
6.58124449923922e-15
1.464699202012396e-14
1.2374199242452164e-15
1.0552606951495684e-17
6.357968757621786e-16
1.3139439861319827e-14
9.023115566825795e-15
9.759544169921083e-16
4.803908463283761e-17
3.3653380040764705e-16
8.266271549788064e-15
3.3523242600585474e-17
7.836747390974038e-14
7.738641127348703e-18
1.843617464486849e-15
1.6531295334741083e-15
1.0042677024218564e-18
1.2561832565272363e-14
1.4440108543249848e-13
8.02660572329239e-15
1.6619145592347674e-15
1.4506328425264834e-14
1.6814070954592124e-14
1.1966993646626574e-14
2.5882792240365483e-16
1.4155176136707418e-15
4.300715283954043e-21
1.614231491483314e-15
4.821846496448342e-16
2.679352063563086e-17
3.158787178785157e-14
2.0242183674775323e-15
2.139371697377412e-16
1.798959567812148e-17
1.5085045097792238e-14
4.3831762605412924e-17
1.5560969945642152e-15
7.583256186936175e-13
3.2391697986238998e-15
1.0586065993121757e-15
6.959919329770991e-14
5.898485022309048e-16
2.117139256876771e-17
1.878708358850942e-18
1.331118918271991e-14
8.804310986121958e-16
3.929964805317833e-12
1.244397517212161e-16
3.2544829244962453e-14
1.2689470078926486e-15
4.845053592196029e-16
2.7671846081861905e-17
1.2327902106356917e-14
4.642575722831359e-17
5.811254351019036e-14
1.3133340765115882e-17
1.549798691060522e-16
1.9662852372691406e-16
1.9257842942067192e-16
1.797277456889023e-18
3.412520279137605e-17
1.7202665121645307e-16
1.1088495226347776e-15
1.575831596419314e-14
3.670649628957038e-14
1.0120294795773718e-14
2.9569373224151854e-14
9.770476476300797e-17
4.633731714863057e-16
2.336586038474874e-15
8.010119404192785e-20
6.206973692788093e-14
2.6249298419862735e-15
1.307777914507405e-14
4.071819867783158e-16
1.2743249926241685e-15
1.8166350448630445e-14
7.731344846101087e-17
8.758264732687686e-15
4.330241542615198e-18
9.823749531690983e-17
1.7052123519149764e-18
7.370803191944648e-15
1.939705830889035e-14
1.2080414701171534e-16
7.831904784631664e-16
2.0656234135509192e-14
9.68457755293203e-16
2.8524879703426195e-15
1.1960084033464652e-13
5.761117252151582e-14
6.41043998816906e-17
2.0492757083509494e-15
1.5832824329582117e-15
1.390144893661881e-15
9.359325705353742e-17
3.0712623979918186e-16
2.149237491177043e-14
6.715849765792031e-16
2.446487962043822e-17
1.8238105087422142e-17
1.4082438043791086e-20
1.9094379878563946e-19
4.0251504801747605e-15
6.157909354793676e-16
1.9641224257065804e-16
3.1701436485223925e-14
2.2506151272515337e-14
6.722864213656934e-16
9.276665338980126e-15
1.1355107235226065e-16
6.232807354255725e-15
9.88633258689296e-15
2.4772312330638726e-16
1.7946066694638274e-15
5.328650610593452e-14
2.4434160498651057e-15
6.235848021204641e-16
1.1420945573803648e-16
5.772982751719431e-15
3.316607901092385e-16
1.3910817358889188e-15
2.3048151443924967e-14
3.338791504021895e-16
8.098550492672104e-15
4.9871778423479714e-17
8.454490502501013e-15
9.372823849204789e-17
1.260090225144122e-12
2.8773325880085728e-15
7.226388722330917e-16
1.5828145139101547e-14
7.20352958688464e-14
2.0006821320322534e-16
1.0647902406794401e-18
4.665957803815287e-18
4.123664763906218e-17
4.1118813095725246e-14
1.326330880075149e-18
1.9217028157943496e-18
1.0036481370397958e-14
1.4955857953430782e-16
9.13526277229868e-15
1.1121684532469078e-11
1.9083233447644414e-15
7.435933732619697e-14
1.7339354102770818e-14
2.715048994702463e-17
1.3666303085761243e-16
2.9331286424484105e-14
2.4773327373484364e-15
8.977029405799382e-18
7.492977952963225e-15
4.640391815829869e-18
1.883445665332654e-14
9.860359314841013e-16
3.228659099320045e-16
3.203895379868547e-14
4.57149724342789e-19
3.098673628803913e-14
1.0789337905368876e-15
1.7136672089307507e-15
2.2170251917032733e-19
2.3218986725444247e-15
1.9314623831488124e-14
3.3365495033474596e-17
1.2344847790938217e-16
3.6017326274331434e-15
1.27060162984199e-14
6.362333823249449e-17
5.427103556635891e-15
1.652349540408177e-20
1.1407495797682762e-15
7.562280068625648e-15
8.42627761307897e-15
3.1371779867642904e-15
1.626798721390644e-14
7.555311002176151e-18
7.588129984749204e-17
3.3718533071606407e-15
1.1072249612548312e-16
4.956239100311764e-15
1.1981352859904357e-17
3.350779183786274e-16
2.327206425868783e-18
5.591379169361965e-16
1.0101083020420357e-16
3.987103427987876e-17
2.516551936645733e-15
4.9641892103471574e-18
3.0227447999907974e-14
5.274573615486975e-16
6.747982883323855e-17
5.6812630119366506e-14
2.2216979618885305e-14
8.759411368713971e-15
5.5006889250109734e-14
7.852033888966649e-16
4.5219553564962406e-17
2.304904599624017e-15
3.1284766120597936e-16
8.876491224697256e-15
3.9428143612015123e-16
1.775240082194278e-18
5.20411341484918e-14
1.0533333575129656e-15
1.1361036936610179e-15
1.1117025674819733e-17
8.616668176759841e-18
1.819322428060651e-15
6.053909998104331e-16
1.8079555966089176e-16
3.0942261208603127e-16
9.419510122351905e-17
1.007373543195699e-14
1.3544003796886085e-13
3.1486902736758893e-15
1.1537194577542677e-14
2.8797564291672754e-17
5.521575797094588e-14
4.764054931506265e-15
4.288799463396891e-15
6.779999631624346e-15
1.1698956866837308e-13
6.26914203496672e-15
6.723260370641692e-17
1.2189458394170275e-16
1.0547313213873313e-14
4.342601933904915e-17
2.6755621995474946e-19
1.3737390276375949e-17
2.9452748897372106e-14
8.377606703824762e-16
2.414200867063197e-20
3.646759762340386e-16
6.563491052616436e-14
2.625038734016228e-16
2.1888098548621808e-13
1.649705032664641e-17
7.61625203536526e-16
3.152171680284692e-14
3.2604722542815884e-16
1.0046516695770507e-16
4.984435821810153e-16
3.7464939263226934e-16
1.0274490458816112e-15
2.240754577198249e-16
3.7605059972203486e-17
1.7207717077549215e-17
2.910661836099845e-15
1.6427073846550842e-14
5.882351406809779e-19
2.323118992901383e-15
3.2617993623461256e-15
1.0192121442657332e-13
4.776910901428281e-15
4.474929858504293e-18
4.3209107031720074e-15
5.041524968178805e-17
3.8790083088638053e-16
1.8118344778158571e-16
3.619379781033542e-16
6.923908644040285e-16
8.659309083445837e-15
6.728944185584234e-15
1.5841333974143088e-18
2.2776018655348112e-14
5.409711003053648e-16
1.1572003432751654e-16
1.0110632234397751e-20
5.008208735093099e-19
6.381778469114775e-18
2.5660282354137625e-18
9.934398473845187e-17
6.909842192874162e-15
2.6063505850296005e-19
2.3878179934451513e-14
6.978295937100154e-17
1.2677737580938956e-14
3.629594074322228e-18
1.9612921692316256e-16
4.331294118556825e-14
6.102624150030293e-15
9.00168465970642e-16
2.6207269933176923e-14
4.618129768624268e-15
3.5629897867981634e-17
2.2087917175368993e-17
1.677013025739598e-14
5.170850391148734e-16
5.371596121261813e-18
8.73783484775081e-17
4.538111297933634e-15
4.041541140646483e-15
1.070978538352035e-15
2.7219245914114423e-18
9.31995710295561e-18
1.546559152957646e-16
6.857548263113132e-17
4.1900378777341054e-14
3.1136216020317024e-16
6.097110688491947e-15
2.029436003331939e-15
8.994290108875402e-16
3.334040415747897e-17
1.973578195772849e-15
1.1554074712782414e-14
2.055412413910153e-15
9.858059271391832e-16
3.357825265869055e-16
3.065109734403708e-17
4.0417915972204e-15
1.2399486986103859e-14
9.852958741668915e-16
7.935218583503563e-16
1.81236719993073e-16
5.123472649399913e-15
2.0496461465410617e-17
6.67216911089031e-16
6.887813268584475e-18
1.1065251266050688e-16
9.563002647161487e-19
8.040599025369e-18
6.424932134833996e-18
9.386188985840843e-16
4.8488464509645976e-18
4.671918592597715e-16
8.959887978083003e-16
1.5125147959501737e-17
1.698356630899819e-16
4.935403547222809e-14
3.4748731682451616e-18
3.139844109214835e-17
3.043497747075033e-17
3.2895595576784974e-15
1.16890082504219e-15
3.0062902975334217e-16
3.447099464529865e-14
5.0149883154511575e-18
5.747359988261544e-17
6.19625765498536e-17
5.3095735521824244e-18
2.1981627026176054e-16
1.457188134626467e-14
1.281891833743446e-16
8.025619104528707e-15
1.5793417975624903e-14
3.854351568005527e-14
6.466611010766356e-16
3.5240412800022855e-15
4.170563750839138e-17
2.8339683903290813e-17
1.4059130077819541e-15
3.609784696279031e-14
1.1465619408714656e-15
1.884063219919737e-17
1.851266847223054e-16
1.0382282612094484e-15
1.114680695654116e-16
1.3862893703293062e-17
1.5104195878231505e-14
3.421533847686096e-18
1.4348973990555156e-14
6.788941144372925e-17
4.97356728349719e-14
1.2959335797130876e-17
4.240113740920208e-17
1.922912539644178e-14
5.388956163148329e-15
3.724735834767026e-15
7.892112079025133e-19
2.4894978560488983e-17
1.5104195632161771e-18
1.2576996840680803e-15
5.582974252855511e-18
2.312304824876307e-13
1.6204558404462896e-17
4.6314217715877785e-15
1.5941197286226096e-18
5.330338498791529e-14
7.313709886527899e-18
1.5766408400714433e-16
5.466393102424956e-16
9.48429554495448e-15
4.455634139978736e-15
1.4541248601762305e-15
1.518172995986987e-18
3.898204922294538e-16
1.8699288540096228e-16
4.1012520402078556e-13
5.582528945682531e-17
9.649747232276989e-15
8.18009728131488e-17
4.94437193708831e-16
4.540033209869765e-15
4.413405767609177e-15
1.4005630426468764e-13
2.5124313356750715e-15
2.3668343594061186e-16
2.756993564252354e-15
6.510460153577199e-17
1.6648131667782806e-15
2.5318495703284813e-15
5.722340895710714e-15
1.1276002394647275e-15
1.1870677584936238e-17
2.886696160529741e-14
1.1903783656339134e-16
4.482201091866992e-15
9.686201329474915e-15
3.2835645931639993e-16
2.3944817053021977e-18
5.5563890481520534e-18
1.6967559323102552e-14
2.1322454307822245e-14
4.3642667750862553e-16
3.1818836329065987e-15
7.714955845560489e-17
2.0428482398278337e-13
8.910847129555323e-15
1.0835262902629291e-14
1.2713062006736673e-14
3.3534937495956627e-16
2.193576524728568e-16
1.6990352713370797e-17
6.791264906244478e-18
1.2679411227529455e-15
3.877398230294084e-17
6.009441226792228e-14
7.588907992504105e-18
2.5732571697675288e-17
9.085073700684391e-16
1.7104515600889815e-14
3.28922124407416e-15
2.129533097828622e-14
1.334479042866117e-17
2.1322034478097142e-17
1.2442932052472503e-15
4.822340852497255e-17
6.189783202872243e-19
7.552844431806435e-18
9.572804584302478e-16
1.061847170025521e-16
1.9543319925678453e-16
9.322385422250086e-16
6.6804904185743435e-15
5.542277888373887e-16
5.329309050896157e-16
1.0009662226212148e-17
2.8288442398915736e-18
1.1835070428975778e-14
3.916652783485973e-14
6.590610369330388e-15
2.6979223097644022e-15
2.2928928460846005e-15
2.5275743758781604e-18
3.1374626704115907e-17
1.893018573275042e-17
2.0019420342453148e-16
6.102964752082039e-17
5.741713737892623e-14
2.4168266386061723e-14
4.1187279817238005e-21
4.1564699440153803e-16
3.941898781922991e-14
1.1843697349297194e-15
7.843643341757966e-18
2.3582355645003896e-16
3.49697602437409e-16
4.896532686298211e-15
1.8290221532943458e-14
1.0685822226741768e-17
7.444990534915756e-16
1.1043782944233528e-17
9.959162326367446e-14
6.698146496820056e-20
2.3857274134129813e-16
2.416322780949651e-14
6.429038183080809e-16
3.481045101765639e-16
1.5083534943304704e-17
1.6920110123961407e-17
7.064639219244916e-14
1.773833806813814e-16
1.3215463148340997e-18
5.604610682334835e-17
4.318740348485292e-15
4.600878572873485e-15
1.4994518441487844e-15
3.487165559549867e-14
6.903875739605754e-17
2.72768471592727e-15
3.3000862746543592e-15
2.808817419661036e-16
9.83184192917767e-17
1.013414152688259e-16
1.3042345335939775e-17
7.541441589260968e-15
7.159857838290584e-16
9.665180248320867e-15
7.543288597352284e-15
3.436226066005988e-15
3.1466105592940284e-13
1.5739972560688438e-16
2.8213789347828896e-15
3.440655064746993e-19
4.946799016759262e-16
2.6945450971712038e-14
3.24413957454169e-16
1.7043809520894188e-17
4.349942129647803e-18
2.527919556061786e-16
3.0856630707936096e-17
2.622969836469043e-14
4.999745966490987e-18
2.6236835492058876e-17
1.3181829214046227e-18
2.1239847293797203e-19
4.630575758635771e-18
3.2890198435741085e-17
1.2954579311518403e-17
1.1600479881624583e-17
3.932324228446264e-16
4.536976993323605e-17
1.6859220614103725e-16
3.864917132899525e-15
1.9793666675604996e-16
1.639117309243086e-15
2.0970598755645495e-16
2.8156966997596268e-15
3.867935967903053e-18
2.37185796138997e-16
3.1659806480073493e-15
4.14438453383505e-17
1.1501109013024048e-13
2.3181645201365502e-17
1.1718063509456739e-17
1.4193480758548917e-14
1.0144346618078536e-15
3.48544871216947e-16
5.60613982808044e-18
2.1268788701469188e-14
1.520262379365185e-14
9.663537538011583e-16
3.1255119144028017e-19
1.214824475971275e-16
1.4613192787112446e-16
3.450401090994667e-14
6.008033689461352e-17
2.185516714535878e-15
1.6223378703833025e-18
1.7479913730519508e-18
1.650226328487622e-14
4.182715544105616e-17
1.6044973408867275e-16
2.638305502304721e-16
7.532352233876796e-19
2.12644639454206e-14
9.33494291070344e-16
1.208221800477753e-16
4.495431028896409e-17
2.4446883704177923e-19
1.6678378813432767e-17
1.0152122202155679e-15
2.072223386571387e-15
3.6746999110842213e-16
2.046880008855112e-14
2.7176383216841472e-14
4.963614383064596e-16
2.1237433573555444e-16
4.8985220075531016e-17
8.7317785727372e-19
1.6149046617737782e-15
6.439134282759073e-17
1.666044859486411e-17
4.6816997229166746e-17
2.483901866762367e-13
2.930359631881782e-15
5.50679832613876e-15
3.1418923424960417e-16
3.66650411878496e-14
2.067298538860828e-19
2.0869509757984946e-17
5.873252248618153e-18
1.0765682034082763e-14
1.7600763108416894e-14
9.865604669920753e-16
6.527920636510798e-15
1.955713407473044e-15
2.945351362913196e-16
1.5859619554196362e-17
1.3257708597660153e-14
2.0494098760257114e-18
9.893686304406396e-18
3.599567809767405e-15
3.7924752459693354e-15
1.508986819035006e-16
2.0767667181636418e-16
1.7331098065323e-14
5.688933131945872e-15
1.0612202418022696e-17
7.689492413802015e-17
3.556786165467343e-17
5.476721583013125e-15
2.89206324251533e-14
4.258643938989777e-16
2.2256749181285837e-15
1.3991303055353165e-17
6.989443269852869e-16
4.2460596198794664e-17
5.746114131373143e-15
1.2155194065617607e-16
7.148939504861617e-17
1.6772546900400256e-15
1.4040141503247265e-14
3.54168276297158e-18
2.733044960075003e-18
3.3388569004510344e-16
1.386058135066861e-14
5.532995848203935e-15
1.315809270659716e-14
1.4244054316590856e-14
7.78038503021755e-17
2.726685831894532e-18
3.96141801542838e-15
7.519565349669805e-17
5.701803747634551e-17
3.079950970067403e-14
8.196269424058855e-15
2.0804072563503554e-19
1.0878060393298692e-17
1.969129026894369e-15
1.7784922256079095e-14
2.1616823886562866e-16
7.874528164665891e-17
8.491835880769862e-17
1.623037813359175e-14
1.0969657274872824e-16
3.761403500946552e-16
3.403163629779982e-16
2.0874926486488443e-17
1.7563097778968713e-14
2.9183362820080144e-16
1.4026380738988258e-16
9.547398284849506e-15
5.70067560662716e-15
1.0237769474483239e-15
3.633366507465735e-16
3.861724976172346e-16
1.557467240209414e-14
2.634201095253192e-17
5.047906145071028e-18
2.5753261287528128e-15
1.0620397850032858e-15
4.105676842772038e-18
3.3417406425178065e-17
5.32039856204661e-16
3.9334852739337996e-14
1.2890785870036313e-15
3.820853613123273e-14
1.5256933320775948e-14
3.8120379459264486e-20
2.016172825277297e-17
4.740372602036965e-16
1.1419573924327377e-20
6.235888165550345e-16
3.891578410662822e-14
8.367879587967387e-13
7.416716606871009e-17
2.402188755630913e-16
1.744180224635323e-17
7.070081326102231e-14
2.599297728467612e-15
7.359398057332399e-17
6.259494757839514e-18
1.7763026061919498e-18
9.021824368270044e-18
6.050320799557642e-15
3.0564427891094947e-15
1.4412069979499494e-15
2.1378748223824425e-16
5.078467775606307e-18
4.2679027717456103e-17
7.587639327035766e-16
1.1718517291880153e-17
2.4496233186962957e-15
8.489868403329823e-16
6.124626645874737e-19
6.608847931768685e-16
6.705310450476419e-16
8.225700928812733e-21
9.145581517872323e-17
7.560437369388742e-14
4.999562579073276e-14
8.194549535848952e-16
7.345089282919114e-16
5.762338569315051e-13
9.972354917347342e-14
4.615504330980249e-18
2.3862549242460596e-17
4.715427011277152e-15
2.9944203295451007e-16
3.0678183711100004e-15
1.7809403739740244e-16
8.406720161245412e-16
2.9069441854101806e-14
2.2647249322774495e-15
2.1487335158499165e-16
3.464892392579803e-16
6.431025467656665e-16
3.924818711560026e-17
3.515887799403259e-17
2.1334335267438418e-17
6.234617228493265e-15
3.208540594561878e-17
1.7248231268482505e-16
1.3040353547604831e-15
5.385886878543371e-16
2.582121671899359e-16
3.545778357845253e-17
6.012070195379389e-14
2.694962863012117e-15
3.2765541624472547e-18
2.4085665761440595e-17
2.5180556377936782e-17
2.269611311836418e-14
1.3009972895334422e-14
1.3834055418076652e-19
2.4622913540869275e-17
4.2267426263601674e-18
9.671115376139187e-18
3.4654972711460435e-13
1.315222773747519e-14
4.9013980282037636e-17
1.8164217539528416e-16
3.112837611061315e-17
5.553899422559238e-16
1.2701201490962874e-14
2.1987153704198598e-13
9.040835785290722e-17
4.4366765261482694e-13
3.063761672818084e-16
1.827233984202385e-15
2.3145942379428465e-16
1.3939727736923873e-14
1.6744571245401094e-15
4.89157638840257e-16
5.3181808849685905e-15
8.989657932002411e-16
2.955273557218265e-17
4.6842825162493e-16
8.336195964380259e-14
1.3813020813351134e-15
8.233088474714912e-15
6.247823004313588e-14
3.990760766842557e-16
4.403951552626462e-14
2.2197216141671698e-15
5.215217429176476e-18
5.679383727459337e-18
1.3977619641163355e-15
2.2080467329539507e-15
1.3924686455029396e-15
8.853882807536507e-15
8.27059569360032e-15
1.4029216232304858e-16
1.985302531103285e-15
8.15940016138248e-19
6.387213809463937e-14
1.9255031718899432e-17
9.493487379160232e-15
6.5381295569763765e-16
5.716137571432532e-17
1.0192651603957342e-14
1.0577985049341e-14
1.623644863338206e-16
2.986325031420799e-15
1.925179995409363e-14
5.22541120856577e-17
1.3392511431902113e-15
3.923863232834143e-18
3.71037442747617e-16
1.1484182674360335e-14
6.29391541073409e-15
6.609507466722341e-15
6.289697480441715e-16
1.8507819709213995e-15
8.356525993678369e-18
1.2137250429365791e-15
2.3826790180370015e-13
2.3860434667544075e-15
1.0422447576032442e-15
9.155179067546492e-14
4.740540206189146e-16
1.304461424419221e-14
1.6380569499818793e-14
1.6720350991776018e-14
1.0582636957802926e-17
1.0844093835234876e-15
8.727798679485397e-16
2.565246593712394e-14
1.9189531549072382e-15
1.2364032688193084e-14
3.4344497949567567e-14
8.81822935014878e-15
8.89220089589864e-18
6.548326246758794e-16
8.354401267975133e-15
5.046160039330079e-16
2.0965925487144585e-16
5.743713796895996e-14
1.1059628732413111e-15
2.1835730487858618e-18
8.772136549291494e-16
1.5174135742242926e-17
8.940960701783122e-19
1.481897439324328e-14
7.732628829988163e-18
1.1078945114444575e-15
2.567757556058657e-17
1.8696960297722748e-14
2.979561686945515e-16
1.7369499675979707e-14
1.580770946605512e-14
6.695716422600943e-15
3.000881155312578e-14
4.439312659795172e-14
4.953749126373252e-17
3.411131934696342e-14
1.0378848485338301e-13
1.8208551870941413e-14
4.584628131311928e-15
3.410880240275327e-15
1.455496068919845e-17
6.898620354319839e-16
1.589432724042367e-16
1.8648029764102663e-14
1.0988488999058553e-14
6.874267206641617e-17
5.3101758209040636e-15
1.6159582984738908e-15
7.559602973980896e-17
6.576630505650718e-18
2.41231270014088e-14
4.3129421501803714e-16
3.476167004431589e-14
2.009581270730431e-14
7.980147077466816e-17
8.526539495059045e-14
8.569496566150079e-16
4.302774134710798e-15
1.5262698514866288e-15
4.92447193669282e-17
1.818051235539023e-16
5.153797287730436e-17
5.853235235640494e-16
4.234654187842056e-18
6.91446078640826e-15
2.1823122701616613e-18
5.3382018883257413e-14
1.113970125438191e-16
2.6701081585886938e-18
3.0972176816711088e-18
3.741105482444124e-18
2.0106336986663973e-15
2.9293215983907165e-16
2.0964629289855762e-14
2.2624637620845975e-15
2.6114055114936274e-16
1.6852286353860283e-16
1.4261728894648093e-16
2.262719675549275e-14
3.6233215743524016e-16
1.9839238644073225e-14
6.791052501498411e-18
1.1883641278814662e-14
2.6926054285636506e-18
4.3919451506952346e-16
3.4260007339704438e-15
6.823723164641087e-16
1.3529124154126378e-15
3.569725348165543e-15
4.422035075872135e-15
8.4685375343037e-18
3.5618038119417e-15
8.341957952298929e-16
9.297571708283691e-14
6.445882980166129e-16
1.9279836660705205e-15
1.111364191663734e-15
2.592652917332926e-17
1.7466803708271107e-15
2.71886658681703e-16
4.17753349163571e-18
5.829748501377728e-16
1.8452039326978535e-17
8.053092459275154e-17
1.5533362584914293e-15
3.1414947455925427e-16
1.2286995153549182e-14
8.2797044476429915e-16
1.75061346728609e-14
2.321062405541095e-17
9.050248626293114e-16
1.5051637851343177e-16
5.561883245224828e-15
9.91748328718221e-17
1.005308223427045e-17
2.262816125161854e-16
3.6963492382582107e-16
4.8087529867722606e-15
4.158948417254039e-14
4.367791762934237e-16
8.820183604921488e-14
5.091691338177067e-15
2.8659759420923552e-12
1.136315638695599e-14
6.453168040431728e-16
6.151973581032303e-17
1.3839861607674513e-17
1.764685976526003e-18
1.8197167766834205e-16
3.571716756651123e-14
1.5370501795783298e-16
1.7755073645428082e-16
3.498634710829172e-17
1.79946799871669e-17
4.555844621698258e-15
1.3520047480382323e-16
2.0772473226926195e-14
9.473104691303771e-17
2.858308733562927e-15
1.7350022409245784e-17
6.78323538080514e-18
4.915963771691768e-17
7.00762118108755e-16
1.0377302615906189e-13
1.7471519708698695e-14
3.052290517144946e-16
1.3416085474975438e-17
8.95823291923752e-15
6.796226116566306e-15
1.1347495426316253e-14
1.194412190599801e-14
3.462984527814865e-14
3.631698828875656e-15
9.766087973579464e-19
3.885680898276353e-18
2.297085820569122e-16
1.4099822324243058e-12
5.945150421103469e-17
4.800023663004732e-15
4.1590969519545085e-17
1.0327909995195346e-14
1.2949248297559315e-14
2.1058961948014524e-15
1.7106717196600719e-15
7.109486703248968e-15
1.5089027356893771e-13
4.4633039171489256e-17
5.655316058623104e-14
1.7207984242700328e-14
5.360662417331668e-13
5.671907258935634e-17
1.243828216296996e-15
3.590586276005106e-16
2.6078409341143223e-18
4.2853521407067574e-16
1.2784519122142754e-14
4.3730064127759534e-14
4.3403182923407465e-17
3.6629197550060134e-16
3.1442795011252714e-17
5.3393761418954e-13
4.738341823284207e-15
2.141941019376792e-16
9.458051227822923e-16
1.216932729226107e-15
1.3715229046221985e-15
3.5504588491778956e-15
1.5647974489159154e-15
3.1166166341806e-15
3.0012808829417443e-17
1.7983940409983407e-17
3.190617450744865e-14
5.566946788300607e-19
5.238463573866501e-17
7.477135284049112e-16
1.1085673537996387e-15
2.585029502127045e-16
1.5687000612698572e-16
2.6399923386468873e-16
1.3508514133392791e-14
7.942189001917966e-18
2.7844056413781573e-18
1.8010948410188068e-16
3.677362336559859e-16
2.31905649917967e-14
3.820839847657271e-14
1.6385183578204483e-14
2.398130315920172e-15
4.1095301603747345e-14
1.1242771470933213e-13
2.0077416093112613e-14
3.7205339291541224e-15
1.2894028158731413e-15
6.4419570400117465e-18
8.076322392891638e-18
1.5906887815926445e-15
1.0411575168724253e-14
3.121194705798335e-16
3.1195565506165935e-17
8.072174755896092e-16
1.720601813559018e-15
1.824718676025175e-14
4.943415962495275e-15
6.293317575931235e-16
1.7963090518316616e-15
8.583385262259401e-16
1.7202281044877125e-16
2.2313436725762184e-16
2.143532555949328e-17
2.840059741650866e-14
1.4798496767380278e-16
3.2579806136218223e-16
8.685125182899258e-16
9.535749444522766e-16
1.3382124271831145e-17
3.965172561108681e-15
1.6542225756288296e-16
9.028682642657031e-14
7.77850018180023e-17
3.4958650311785423e-15
3.641816538941759e-18
3.2333963570230256e-16
1.104909302516799e-17
2.1678275946950925e-16
1.866514874991897e-14
1.3697593964854585e-16
6.743387688893594e-15
1.5881271841979797e-14
1.2826798814606866e-15
2.0253389736598985e-17
3.953804697514886e-16
2.3193693775681562e-14
4.880079535314625e-15
3.068122465125687e-14
5.772722789061824e-17
1.3946127645438674e-18
4.4698536114715725e-17
2.3426272538887353e-14
2.2463360743012506e-14
1.4928842267662448e-14
2.844470853899511e-15
8.299636916107505e-17
3.9271599384537905e-14
3.2557344797739623e-15
2.6075700434192974e-15
4.921504096180629e-14
1.1280605670607266e-17
2.0755423770741474e-15
3.4040900360459214e-18
7.208988742318169e-19
1.0959608938354964e-14
4.2072154415399735e-17
7.125346603116509e-15
2.161208786094309e-16
3.572935018180004e-17
1.9689856336706588e-14
4.797693764729439e-15
1.7095995342937647e-15
1.481036435810423e-15
2.7496896684104188e-17
5.931084137079568e-16
9.453576789794604e-16
1.8885936141470394e-14
7.051345804566287e-16
9.064494894561017e-18
9.204539551679805e-18
2.83131877407737e-17
2.1827477416495432e-16
2.5119961500617888e-14
6.526136086672588e-16
4.513071695655923e-14
2.2556001674416328e-15
1.1643445538418752e-16
1.378095769612975e-16
8.087353955555176e-14
2.572071688951713e-15
7.714873493142349e-14
2.789574522477263e-15
6.577877796401482e-15
2.851994840865825e-14
4.2330072569227704e-14
1.6405471369438252e-18
3.6034334782002966e-17
1.8528032032919444e-19
1.2725275683116326e-15
2.7578663475725685e-17
2.940268445968333e-16
3.034757397672201e-17
3.2717459651011465e-14
3.036160567999512e-17
2.2540075130741627e-15
7.72715480544189e-15
5.612025831468369e-17
2.2412130141555684e-15
1.4748700559261953e-16
2.0105172755484747e-16
1.907323323393419e-15
5.735511207132648e-15
1.4060868665912997e-17
3.2222091548028047e-17
2.974600903029828e-16
2.218557300972395e-15
2.589544840988521e-16
2.691682724713892e-16
2.6893227364578962e-17
8.853198507403331e-16
4.269436907395667e-17
1.1830297128810769e-14
1.9385507733587518e-15
5.276367984202692e-16
8.830999680103245e-15
3.182420509903934e-20
6.988137270213382e-18
2.430248842333451e-16
3.41867394405754e-14
7.497982123036724e-17
1.1906388452297892e-15
5.427304676649331e-17
3.037802132941995e-14
7.665862861968048e-15
7.185643761909103e-17
9.955007248794338e-16
1.9824671539106333e-14
1.566411846940153e-15
4.515102984533185e-17
1.1809645546839412e-17
8.116956904702064e-15
4.999892103965524e-15
2.708155763083111e-17
7.377242498539994e-14
2.8753755220241846e-15
5.033540927697916e-14
5.009191447783618e-14
2.0230331906332438e-15
2.895051772382033e-16
2.247030981866621e-18
4.550846297627439e-15
1.5040935784185e-17
1.240678697660719e-16
5.208474578304947e-15
4.464980336776716e-16
1.1855855573421983e-15
5.875714477722641e-16
3.5288498103817997e-16
1.3949909871586619e-14
2.608907510395352e-15
4.8267891007772795e-15
4.955181773223459e-16
8.626798784417839e-18
3.5675100924842128e-12
1.3345075268466121e-17
1.964617735261452e-15
2.284712818882876e-15
3.3063335237259955e-17
3.697200764582075e-15
8.199775955176455e-15
1.989720205229502e-15
2.137287598554916e-15
2.709026892304553e-16
2.8526108179472134e-15
1.034922376525802e-16
1.2318056906111256e-14
3.7171805624057125e-19
4.933177740734377e-15
1.0501052305925985e-16
3.82226835942654e-17
3.884610642727218e-18
4.994333416262882e-15
4.2876714953499034e-15
3.3545209695455073e-16
2.0373623088651463e-15
2.7964752936580545e-16
5.902396960349073e-14
1.6884260109002982e-15
3.7983240956209596e-15
8.137173956065514e-14
5.854214698759978e-17
3.4142612776497023e-18
8.636614880935883e-16
4.088295355782848e-17
4.551128762286887e-18
5.957031607614768e-17
3.829624168263786e-18
6.945541952186548e-15
4.104555268274411e-15
1.823385145912467e-17
4.295780710298761e-16
9.5361120821108e-15
6.525712404714297e-15
3.089021186977512e-15
5.0788977867645045e-15
8.928855606137973e-18
5.154142966432088e-19
8.518202794841466e-16
1.1557578524554227e-16
1.1007524710229556e-18
8.411598208934365e-16
2.61207011876221e-18
3.1579158086306342e-18
2.4895702358781577e-17
5.41645636673557e-15
9.187931067751644e-15
2.237539365120433e-18
1.5008771779627008e-15
4.4252085372550255e-20
1.5356635686968672e-15
1.0073663269578963e-15
5.015509571006324e-15
6.310926754710835e-16
2.0615987730668982e-17
6.242535046312902e-15
1.118539100754552e-14
3.3745432220120308e-15
5.5164296158907935e-17
1.3958191370979364e-15
2.8986943439812668e-15
3.1174455369169377e-15
5.302556840856693e-15
1.5728001861698607e-17
2.935944081497694e-14
3.001205116030276e-16
1.317217967037714e-16
2.057354317179574e-15
1.2957841813169397e-16
6.872880094434523e-14
7.565672253905316e-16
2.620727781520709e-16
1.3597422575362396e-14
7.658283983313824e-15
9.138578919623988e-16
1.2504271859009846e-19
3.117120200171556e-17
5.674251121914697e-15
1.0389454618033506e-13
6.458734146222829e-17
4.4495962836578563e-17
2.252494085166887e-16
6.476159205977587e-19
1.2262207661040397e-14
1.0446019223449708e-13
6.898098519230068e-14
2.9634996333119428e-18
3.6771528648992484e-16
1.4392346438724095e-16
7.544607567249299e-19
9.552285935352334e-15
1.935339993187795e-18
2.1356092629793813e-16
2.7783564433089934e-17
6.60492920552681e-15
5.305774622865281e-16
1.0063489937109948e-16
8.928455827765356e-17
2.89731855399281e-15
9.468102347153504e-16
1.0550699282442856e-13
5.4074534421306875e-14
5.0625573184015094e-14
9.422905053455339e-17
2.5031337260133684e-14
2.6808046616669945e-15
2.2845418729219392e-14
8.102242172804568e-15
6.576191795463813e-15
4.953159784847073e-15
7.129818142017897e-16
1.985168794289343e-16
8.309920531016399e-17
4.950991205670648e-20
1.0734844009030865e-13
2.7076866942508725e-16
1.2391570194988907e-16
1.1883225071453426e-17
4.538717960968716e-14
5.046739543653751e-16
3.5434078293051734e-15
3.2973877082219716e-14
2.1964770828340137e-16
1.1601531382193608e-17
1.639849944850886e-17
1.833369266950464e-18
3.78979785254517e-16
2.347247900118644e-14
1.4426858587052987e-13
8.675729495480661e-17
7.493384832747495e-14
5.322946880277057e-15
5.4480953459997614e-18
1.8843095625190107e-16
1.532311883449692e-17
7.773658931661864e-16
1.0886895813163974e-16
1.5028316665942745e-18
4.031047427648131e-15
8.515758104468077e-17
2.4106456918657415e-15
1.5037156967009698e-17
6.401707670606116e-17
1.2440203900449162e-16
8.115564053457908e-17
2.4537326213719477e-16
3.870869846778048e-15
1.0701334886428384e-14
1.1043621472346157e-14
4.7470828677363823e-14
8.777908079307973e-15
2.0255517117835857e-14
1.3565592719465008e-17
4.4261905406827974e-16
1.5648353609527895e-14
2.268244660839111e-14
1.4837976316735274e-12
1.3150749323896525e-16
4.73528142877832e-19
1.158652829358122e-16
1.2704179134308016e-14
7.341447583139998e-18
1.2877255910584789e-18
5.035544895309249e-15
1.0890708206234671e-16
5.725734132504852e-16
6.612209260591368e-14
1.292670341412485e-14
6.517452718630473e-14
6.267793826287762e-14
5.2915346421333574e-17
1.3653768984877073e-14
4.80227988719952e-14
1.6694868457801071e-16
3.9403295133098335e-16
5.4028482094782634e-17
1.9021376852259623e-16
6.074256475416509e-18
1.5994905598127818e-18
2.747460275898148e-15
1.1733660067639883e-17
2.2289441065425693e-15
1.976238525168495e-15
2.2135017803843455e-15
1.7910995288328822e-15
1.3627975793438914e-15
2.0488729200677556e-17
2.94139918269651e-17
4.616291750470711e-17
2.21357530707705e-15
4.3818517257912824e-15
1.4429923802580626e-18
5.994091822578261e-15
2.393658071215774e-16
4.744564519369964e-16
7.430871272360473e-15
9.146072908038874e-15
4.723506509343679e-16
5.964997949301617e-18
3.42215983983674e-17
9.46225790530844e-16
5.760368069672116e-15
1.514219463918317e-14
4.102752592224592e-15
3.1886618124346438e-15
3.987319093023805e-14
2.871024577295588e-14
4.1811305241722996e-15
7.90214242700858e-16
6.040932893841084e-19
1.673809362652691e-16
1.965750762963412e-18
2.93309212731615e-14
9.76112765884541e-16
5.1816002561206764e-17
1.2746813800024555e-15
1.339102362991811e-16
2.2358912160033024e-15
3.72931677144426e-14
1.9027446556143205e-16
8.140789323949492e-18
5.506635022434619e-16
3.147917597183609e-14
7.125738647590079e-18
6.128507460145653e-15
2.38822733119937e-13
2.8243746991090764e-15
1.4653475955677905e-17
5.7087222915404645e-15
8.233052230709159e-15
8.798982623408176e-16
9.243674313563725e-16
2.531030744261222e-15
1.2137081066455126e-16
5.648892263099505e-16
1.0968592385996189e-17
4.719513546377797e-15
3.0155144878432164e-17
1.0764583758893218e-16
1.0333704619036046e-15
2.61069522246325e-14
5.4540543332299834e-15
3.1539827849981753e-15
2.280937269326525e-20
8.766335939812802e-15
7.792818295332104e-18
4.014940256730736e-15
1.390232429808236e-16
1.1974123061553688e-17
8.524889286927926e-15
4.530980639133818e-18
6.638771137709332e-16
6.210850972416382e-19
1.939026314982501e-16
9.562516415651344e-16
4.652321460278444e-15
3.2473007126703947e-19
1.2145855833320329e-17
3.832748397466217e-15
4.132656789998821e-19
1.815195600694018e-15
2.805034987197098e-16
8.549132824678073e-17
1.3161934011659855e-14
1.6632713878107653e-14
2.2711397989121104e-17
1.9506137947459813e-18
1.255804105782345e-14
1.4994360312059398e-15
7.106645725263552e-15
7.463517754829784e-14
2.7099708518584546e-17
3.8787888604538596e-16
4.0899664000132805e-16
2.949176276979882e-16
5.441845082840849e-17
2.125229818678146e-15
5.799824874764884e-16
6.694120776176007e-19
5.81604216285706e-20
6.500024507476565e-14
1.2917771843243795e-13
2.2761683235245072e-17
8.793215066447775e-16
2.0918625818961493e-17
1.6532471303673897e-16
3.548473500076683e-15
2.872331337515816e-17
5.848706493879697e-16
1.052075862515432e-15
2.6556352222133087e-16
3.720861484312908e-15
5.3378306131596965e-17
2.3460350476672254e-15
8.228112458148416e-16
8.689887853050269e-20
4.588764748810684e-16
4.549808390456844e-16
4.507967911239305e-14
3.6021677106442796e-14
3.717625804069248e-16
3.1478979009773524e-17
2.663502843295495e-15
5.900815021645578e-14
1.6443151360112574e-16
6.928579300886525e-17
2.5364719285323773e-17
1.6553475762876013e-15
2.359497909246064e-13
5.527815310429098e-16
1.0293896548567356e-15
7.462503876094182e-14
3.6661630041813597e-19
1.632929942187938e-15
9.62543483930247e-15
4.4488768151084587e-14
2.010305386418254e-16
3.007301592031854e-16
1.1286653994523543e-14
1.4263314713926879e-16
4.161746935290002e-15
8.750185749420755e-15
1.2667004615852682e-15
1.6059058190369403e-15
1.3462515711506178e-16
1.702849164311918e-16
3.1472461323431054e-19
3.556491374361386e-18
2.7363248649295226e-16
1.9581647590870194e-14
3.991313563325795e-17
6.816484697875499e-18
8.454018300919157e-16
1.3349919065689206e-17
3.7676621506007784e-14
3.9946288620795607e-17
8.565341302141783e-16
6.314752741788542e-15
3.7149707775552566e-16
5.122597470804904e-16
2.8442482833707935e-15
1.1958777248904499e-14
8.569288605636633e-17
2.4864154412621955e-15
5.3496907318495605e-14
2.4264015582091126e-18
1.5686287991947462e-14
9.188602799405444e-19
1.402329530821649e-16
1.1059231029859849e-16
4.1669004975635397e-14
2.9637695146640925e-15
5.876434293039011e-17
2.9609261144292604e-15
4.171721010482817e-15
4.712258397095583e-15
1.3908542495141624e-16
9.92519924166215e-19
2.3787339229491166e-15
1.597488072724736e-14
1.5621899607971644e-14
3.188754738577646e-14
5.614995509329182e-14
1.2256797727938063e-14
8.6782454616061e-15
7.346259873404192e-15
2.6211762220006018e-15
5.210687831140632e-15
1.218297336387243e-17
3.3904090771447786e-18
4.134800928326642e-15
1.1377071494906595e-14
3.0546574222331615e-14
5.07355714580735e-18
1.3300826797885717e-14
2.255496646222141e-16
1.8297737652960708e-15
3.2967391182990184e-15
1.5272536644325148e-17
4.386423099829552e-17
6.850941824750207e-16
4.888821366464407e-17
2.6919142435350817e-17
5.1042438738125535e-16
1.1470270279857592e-16
1.8164252162340977e-17
3.7794438205482345e-15
2.9494882661411584e-19
7.792389029093291e-15
2.1198555706982434e-14
2.3555514606115434e-15
2.2369255420920552e-17
1.5856277359469486e-16
1.0953376109910765e-13
1.0892846338515762e-14
1.5811626688165826e-15
5.056499886620261e-15
1.3062202057622976e-13
1.517615936053977e-14
1.2468486538761432e-13
1.7133036744136257e-14
5.795198544263799e-14
2.4702414813399085e-15
2.0019557416871735e-16
1.1598875990879128e-14
3.808677129825215e-15
2.426303387878313e-16
3.019729332814719e-17
2.6510192487640424e-17
3.768706817497534e-15
5.258768748904635e-14
1.5886848035088894e-16
1.7651455620761035e-14
2.1052456832412955e-16
1.1201229282639687e-13
1.9673669572294207e-15
8.531135501981318e-16
1.64722130605343e-18
2.464377001472052e-19
9.872394327214874e-17
3.4625682143578164e-15
2.4728972787330437e-14
4.31709513138591e-20
1.967540621515481e-18
1.5848490807183423e-15
2.4108265471132546e-15
5.956358012199379e-14
7.524367820594711e-16
3.873622253726129e-17
5.806118176451298e-15
1.2761478392720374e-14
9.67646156878524e-15
2.700906354849541e-15
2.1640733247674572e-14
5.071456370168393e-16
1.0404354923768514e-16
3.2485624581918517e-16
4.329335066595582e-16
4.0407523368093e-14
1.4766420495070411e-13
1.4226284738072491e-18
2.658135597129848e-16
1.7484426176038097e-14
1.1621032769861702e-15
1.2513022430798095e-16
1.2063552908456799e-14
6.044091826992511e-16
2.871544379529162e-13
1.1234005443471768e-19
4.3770912159115635e-17
2.0659393076619377e-14
1.232014568823681e-19
1.277931354160404e-17
1.0643224987652647e-15
1.0504648013680066e-14
2.0961523083472156e-15
1.4013738462505639e-14
2.5166840693008524e-17
2.9986846794114266e-17
1.4617818726261e-17
4.194555210954577e-13
2.8735191160968757e-16
1.638024383871175e-14
1.7895526013454915e-14
4.504419500782832e-17
3.14503985501067e-14
1.7463844049477717e-14
1.2863444651455652e-15
3.0982530414993955e-18
1.8791968438899675e-16
2.404461796400875e-14
1.9152258475788823e-14
8.724466437445427e-16
1.228925244492104e-14
1.614948525226075e-14
8.652714598027988e-17
2.8854187893159495e-14
2.8944964188732554e-19
4.904577661139017e-15
3.404565374181145e-16
4.4255840899114855e-15
1.0708431435750585e-15
7.74516223170143e-16
1.1774605412893021e-15
9.97632122180206e-15
1.873357470639492e-14
3.838921609715521e-15
3.228823284282115e-15
3.6147059482269663e-19
1.2400083321901513e-17
7.326135000973744e-17
1.1810021720404409e-15
4.655346732068124e-19
1.6226236629762127e-15
5.0799448711961763e-17
1.3520979625366566e-16
6.338991036705689e-16
1.27843859832392e-17
6.437005377047048e-19
5.284827856845872e-17
7.430649384588098e-15
1.1626181897076595e-17
5.485312606022957e-18
1.182763881687446e-14
9.59882630326265e-16
3.25559229307876e-14
3.0609905255432206e-15
1.5090873699265234e-18
4.622363479692448e-18
3.3282923824701515e-16
1.0848419928495214e-17
1.0951543155251646e-12
4.7153421602274995e-14
3.4062398740547314e-16
1.6631019735017403e-14
6.193745797281945e-15
1.3683285932912406e-15
1.2122612571821935e-17
2.1408953806643035e-17
2.801280083305308e-13
9.245480678445256e-19
5.0826257724649196e-17
8.585032403514897e-16
9.501832296146702e-18
1.0532472453405276e-17
4.877573919272693e-17
1.801147586022428e-15
2.8545886181977004e-16
3.5574180711572215e-16
1.6820932646855749e-16
2.3479477197224e-15
1.4675673208836344e-15
2.029992683140224e-15
2.0882214537342707e-17
6.3137914329202145e-16
1.1633776634908791e-14
1.4735283608484703e-14
7.510305908675819e-15
3.0370780630804204e-18
3.214651568476277e-14
1.439819327118053e-19
2.822807139877601e-15
2.7386607086724914e-16
4.325242749763364e-15
5.063009813092623e-15
1.879745974021267e-15
3.385841730406454e-16
1.2497206719374314e-19
7.787719199392021e-15
1.3440141667499755e-14
4.356373012661712e-15
1.0053246724598294e-13
3.3231593543353636e-15
9.461075165674557e-16
8.481534746034538e-16
1.1890762419945166e-18
4.81206592894453e-17
4.984801674852936e-16
1.474665084557818e-15
3.900708200984004e-19
3.90341019129312e-15
2.3822337686966845e-18
1.4928480773988047e-15
2.0854288245602322e-18
1.1760730394327574e-15
2.048598481450712e-17
9.486256057866038e-14
1.528478317442376e-14
1.5455771479042821e-16
1.3907814288310632e-15
5.503830493887435e-16
4.341426147016894e-18
1.4559658223912224e-15
1.2954341271021911e-16
8.846967823963879e-15
4.550656994356584e-19
1.1125053423187238e-15
1.0128573682197583e-16
6.296830112019333e-15
6.343500592541735e-16
1.2598242070548944e-14
9.452557420065632e-16
1.638823219991496e-14
1.1391390672911942e-15
6.884258646243618e-14
9.122072843591521e-17
3.5071994245332886e-14
9.59335179751786e-14
7.61829471935305e-18
5.490969573028542e-17
4.3476665403998836e-15
3.111409745434173e-15
2.0168066083188277e-17
1.0907659660940825e-18
1.9999390588425122e-18
2.3021881980930534e-16
1.5064214321894785e-18
1.0743058235103965e-14
5.952075003615701e-15
8.018170151220231e-19
3.387654569819255e-16
1.2112465139870589e-16
2.085633770919101e-17
1.3057230952034406e-15
2.800784726761492e-12
1.3548707835280158e-17
2.351782786137151e-18
5.543620253169916e-17
4.4368667400722866e-17
1.1726891522050903e-17
1.0578223737910112e-16
2.338267079528437e-12
3.0200347909206156e-14
3.09989161508662e-18
8.975941421617565e-19
3.641106201962931e-15
3.4087519767613657e-16
5.5233202528054575e-15
1.0929344194378985e-16
1.1717514730995916e-15
3.7310748528656164e-13
8.776435038622473e-15
1.1724418761549768e-14
3.102712444290196e-15
7.427538428295008e-15
3.0862491353225457e-18
3.3152427765237066e-15
1.6048929234105423e-17
6.632175658984839e-18
7.369522669118533e-17
2.1105915049731017e-16
4.2149981559058704e-19
1.3916638111133903e-15
3.5402361713954104e-14
9.605725911230819e-17
4.449086799581397e-19
1.324402930882046e-16
6.176082057898115e-16
1.4045224545085546e-15
1.7867865628009246e-15
4.16894755257679e-17
2.6958539038019262e-14
7.372075424423871e-14
8.865403379143407e-17
7.093147241938984e-16
2.2672740944915507e-15
1.0860063083298435e-17
4.0723474153505936e-18
1.3636932023734784e-15
2.4869806687818863e-15
1.346140550902395e-16
8.02798728989703e-15
4.388104788669553e-18
2.4320551251226987e-16
2.2412957133601334e-18
5.274317592580369e-18
1.0762928074958766e-19
2.882382361877691e-17
6.844010209620223e-19
1.1624632703998384e-16
3.6090712173780525e-17
5.844724833750298e-14
1.0408804896806462e-15
2.226469664099934e-16
1.1613835109449178e-15
2.2834860679750884e-17
1.2150706232022725e-15
2.0412320914472222e-16
4.381752466498e-14
2.20608306232319e-15
4.022327282472427e-15
1.7705941660747955e-13
2.835978371047558e-17
3.2557149072517365e-15
2.25407178827523e-18
3.90019589856959e-19
6.411814701445046e-16
1.6349520404962362e-17
9.779698659141006e-15
6.262198760059374e-14
8.23555453259164e-18
5.968410244988729e-16
2.1773254785941424e-15
6.881975336727009e-14
4.645171176050058e-15
2.4848078368072633e-18
7.017642779767329e-16
4.806920806735253e-16
6.197708477009976e-15
3.025855924513467e-17
1.958605315645685e-15
5.637225652096617e-14
3.573516733546157e-14
2.7873271493042365e-16
4.2190783484369664e-14
3.204164138879599e-14
4.48495765895088e-18
2.1213476556024433e-18
6.978861506752734e-17
4.9751010723873186e-17
6.380574951165178e-14
1.1931315408933257e-16
7.42732821595942e-19
2.776780511094445e-15
1.0589730137258917e-13
3.534265739902208e-14
1.1652201358423143e-19
4.898658082970058e-17
3.2874898278004326e-19
1.5972669571134922e-14
1.423598890613961e-14
1.0970758922670402e-16
6.340195259667404e-15
1.1543281709455013e-18
2.555460002129869e-18
9.439164660210103e-17
1.6569348305005937e-14
5.580354556784557e-14
9.443522865097368e-16
1.4545901718329742e-17
2.258176544593074e-16
3.6706469844196375e-17
6.815484924619418e-16
7.510878109048897e-14
8.323320427345508e-17
2.7656483551842173e-14
7.307575355694558e-19
1.4583177771690217e-18
8.607850224938981e-14
9.330380166651072e-15
3.7185497408725703e-16
1.1338146757860172e-16
5.786328164534709e-17
4.388099469339764e-13
1.372908167870608e-16
8.522403269962369e-17
1.441804660111443e-16
2.6734641913945676e-14
1.3882073010461196e-17
2.745753161701675e-16
3.9380243468920574e-17
4.524573925986626e-15
1.274573057024006e-16
1.0310429605044051e-17
1.1052080186471186e-16
3.859096941840281e-14
5.715134017033885e-17
1.2753122165230108e-17
6.702857743803766e-16
6.799104995963179e-17
4.382356026201197e-16
1.3265275731125006e-14
3.2781469230812195e-14
1.7903651778822878e-14
3.968860290230682e-15
5.295659657848503e-15
3.499849254095036e-15
1.3824671818439798e-15
5.762084643541921e-16
2.1066711626500783e-14
1.2813215289112069e-15
1.5300183774321332e-17
1.66180157425043e-17
1.324200631293404e-16
3.6141543243607044e-18
8.351129152081203e-17
2.1666815200000517e-15
3.061362655808208e-15
1.1992195107463431e-17
5.266418190172735e-16
2.426845782982362e-16
2.3336562871229983e-18
8.860271119367459e-16
1.6652503944793786e-17
2.9834568401207e-16
4.0967991071455326e-16
3.3136171924125755e-14
7.528357074632473e-15
2.176083803683242e-16
1.0506534407240294e-15
8.830575790963502e-17
3.8140980014873583e-14
5.566392322844467e-16
1.2624483863178633e-15
1.2073462103087838e-16
4.48805804448241e-16
1.816947755760226e-13
3.4146506667607625e-16
9.182648564395787e-15
1.0033299454088436e-13
2.2821142595299158e-18
4.141169126299798e-15
7.905063486775638e-16
1.4856680547257243e-16
1.253964868042009e-14
4.839031095800473e-14
4.7223239297560066e-14
2.535242812369684e-14
1.791361271402221e-15
5.9434253680918745e-15
3.897598672639434e-17
5.864279344416281e-16
1.767769286785184e-14
6.786154443001227e-14
1.518407860244094e-17
1.6504264224175343e-19
1.42076881884245e-14
4.442979049446144e-14
3.08026637302543e-16
6.789677297227937e-15
9.547329177403173e-17
4.612938972107135e-16
2.0162238782745237e-18
2.4823993012503384e-16
4.155105905443733e-18
1.3248663828037733e-14
1.8148566979083733e-17
3.1741090052483163e-16
1.450836675659186e-16
1.1391778492364072e-15
4.4677244831611214e-17
9.54525074153409e-16
1.1839750359841346e-15
6.3243696358537155e-15
1.1166276812042301e-18
9.489409960343099e-18
1.4594765362761073e-16
1.316297445191873e-14
3.491533910681447e-16
2.45774705096287e-14
2.97256506443654e-14
1.2587546693664646e-16
9.350647058777516e-15
5.898700769466894e-14
8.925636872789685e-17
2.3705117421073094e-18
1.781504556026764e-15
8.141257119356098e-17
1.1651023771110167e-18
4.8780203557710045e-15
5.358598070502312e-16
6.533216567507423e-18
1.2728123086247618e-13
3.037477339843974e-17
1.60415139338364e-13
8.185087976821166e-18
1.0246269583228463e-16
1.6780572937628387e-18
7.044227192135814e-16
1.6244560210551088e-17
1.4296829201383384e-14
1.1471941583224626e-16
8.254824057866027e-17
4.881623867798471e-17
1.2325338761233448e-17
1.1222960549700252e-14
4.448300224005115e-15
1.0592891024394223e-16
1.5449987390956157e-14
6.411944138733697e-16
4.1014823021720347e-16
3.8263908590524893e-17
1.745717385068578e-16
4.123587447837436e-17
8.407401936071994e-20
4.812067234922008e-16
5.260688260919664e-15
6.72281506593876e-17
1.2688916240136068e-15
1.2864059836914586e-16
9.319162530204444e-17
7.985214470070612e-16
6.356713048986566e-15
3.909578699233813e-16
3.966395435963313e-16
1.3652065518662473e-15
2.313718908211678e-18
3.40530649476984e-17
3.3466987748426814e-15
2.0878564734714188e-14
3.2174530386538955e-16
1.473108081845032e-17
3.190557332306319e-14
6.900469579442616e-16
2.928364643133798e-17
5.734964782772724e-16
1.1225731179742962e-14
7.687725577202435e-18
8.848010935474759e-17
2.3151351189140504e-13
4.17074452711328e-15
3.4370619393372696e-15
6.740427559569283e-14
1.3258052893705448e-13
2.5742618573516312e-15
1.3339369281431934e-16
5.0109528279384924e-17
1.3270313002529631e-14
2.7078640917891863e-16
6.946878069488491e-16
5.0535781418953394e-14
3.619092377921445e-17
9.249195069796813e-15
4.6762418313037994e-15
8.923818904471656e-16
5.8089107861668616e-15
9.43229624555684e-15
1.3216838832819109e-14
2.3341686208247684e-17
3.9813778047312994e-15
1.670192160620568e-17
1.9193457331518848e-17
5.635696031526011e-17
9.77798049018215e-14
8.988988197508562e-14
3.272648280535541e-14
3.200656243815112e-16
1.1442574255254027e-14
6.062849634325476e-18
1.2022678468142789e-16
1.2625806344160118e-14
3.0192676593244204e-17
7.59639314579376e-15
3.5311371789067015e-16
2.385332776448546e-15
1.2383664438528651e-14
9.282753455554048e-17
4.449686016607612e-16
7.397899539550071e-15
3.9765262759139844e-16
1.956210335970067e-14
1.3015830848743078e-15
1.5457489792592858e-16
1.607843761660158e-15
1.8954381474656512e-15
2.1541283411494966e-15
1.3879935811266724e-13
1.8450535032291732e-16
8.732393975349144e-17
2.274085477862417e-19
1.3778747776798024e-16
3.0536341686575664e-14
7.569971894810927e-17
3.9807083886433717e-17
7.438901523929114e-16
2.816075088189125e-15
4.0609087230735995e-15
2.2510217739515357e-14
6.12674008194989e-14
1.3286879609405257e-17
4.7278243387599715e-14
2.0907491577247868e-17
3.1967723936835505e-15
1.3336636508161337e-14
3.651106471984165e-14
2.580979970769865e-14
1.1764289914174128e-17
8.160149760142216e-16
9.428613205053452e-14
4.032654115552173e-17
3.493003056623145e-18
1.2107634636946992e-15
5.4086171006179124e-17
3.868413285830464e-15
2.893629072992556e-15
3.551565667805411e-20
4.680733991269779e-16
5.814208795179395e-19
1.491076491174873e-15
1.9002425496928846e-17
5.411265346565257e-17
2.5055895893754077e-18
2.3610874741525507e-15
1.7567803264218004e-16
4.437990117489565e-16
9.278491033500242e-18
8.520395488308394e-18
2.8757709694636625e-17
2.6545147347669887e-17
1.3866101278944556e-17
1.4040644439053538e-16
1.0649451125275031e-14
3.024009384805304e-17
1.1415425360979325e-13
2.0742771901065512e-16
5.15163815807516e-15
3.538661659246747e-19
1.2863699439366078e-16
4.201500703657837e-15
5.28270996371e-15
2.77262300866227e-15
3.2073965432318236e-16
2.904742614596177e-14
9.055426048009216e-18
2.855979335086827e-15
2.0979492183225735e-15
6.4196849467201205e-18
3.429968208490073e-17
7.82862599954151e-18
3.749995477202758e-15
4.13338136896358e-18
5.685429576414588e-18
6.1150044010906146e-15
1.416880402478522e-15
1.5369819191919191e-15
2.162179946953706e-13
8.041867582758346e-16
9.132631031438138e-18
5.355739403294925e-19
1.2284196439828649e-15
6.404017975382608e-18
7.121356320245956e-16
2.9421759270828365e-16
1.231251912541443e-19
1.6482138756818605e-13
3.8893148198954923e-14
3.8653621338967425e-14
4.410037412904202e-17
5.63899701028613e-17
3.37180559721141e-15
4.6890614818068026e-17
3.675847043668665e-14
9.405067467689186e-16
9.58463367914546e-14
1.2842560369981743e-17
6.065829410932437e-15
7.674072750180822e-18
1.5959573808380551e-18
1.573115307701844e-17
7.351954189806969e-16
1.000549162102503e-14
4.427602677100824e-18
1.5021032776285635e-14
3.926165768252006e-16
1.070596576637111e-14
2.6155381414690415e-18
3.351715343726624e-17
5.617114329015928e-16
3.782873997245624e-18
1.2082826832913775e-16
3.5169492948416075e-18
2.6066846175654594e-17
8.211702840325013e-18
7.372394766001657e-18
4.5924138766170635e-14
1.8291872426425374e-14
5.737908239298491e-15
3.222733581251272e-14
1.5499970853647994e-17
5.995158923507923e-17
1.0511648054854225e-19
6.2861810025871415e-18
3.905575772990621e-15
2.2091741057695916e-17
1.554605534699478e-16
1.4692706407603412e-15
2.439964299234406e-13
2.0134498403013476e-17
6.602661856109852e-15
1.3217882128162904e-14
9.314981259015848e-14
3.9234891927507245e-14
5.699995168702925e-16
3.943728183168981e-18
6.4107499419678515e-16
3.8714881042644405e-17
2.766887337938037e-16
2.2447808376533614e-14
2.279541577270525e-15
2.2852146707908936e-16
2.623061984932343e-16
2.110580894608419e-12
6.342013003791043e-15
4.97063152888948e-14
2.0306747848196587e-13
5.40033531744629e-16
2.055079336026627e-16
7.041730292906963e-17
1.717311690334155e-14
1.5424908104566286e-15
7.9366065209174e-16
8.688387896676225e-20
1.337380895062379e-16
4.62075559096512e-15
9.843196285376252e-15
5.998185719716553e-17
1.3747410236000933e-16
5.4426155391732936e-17
1.1336659781255022e-17
8.373075089049838e-17
8.92716862032053e-18
1.6541330138844505e-15
7.46848998843378e-14
1.5862800433119996e-15
5.0441146251658495e-19
1.6109707156539512e-15
5.174848180884751e-16
1.7548025993165326e-16
8.308025364611782e-15
4.413949876744339e-15
3.4000583920583905e-14
6.1662789703199885e-18
2.343356421149896e-15
1.7443046826328352e-15
2.1941720858847912e-17
3.0264416501538517e-18
1.046392958656425e-14
3.584087357213746e-18
7.875407687001079e-14
4.322833749367e-17
3.4725123358208696e-16
1.1477168470502167e-16
2.1862865123719423e-16
8.164737836704576e-18
2.413486199630958e-15
9.743710297971858e-17
7.640265342409587e-19
2.590661769976146e-15
4.877882543719966e-20
2.922349716303027e-14
2.022478126722587e-15
4.1382731929675683e-16
8.430644562489569e-14
4.096853879441719e-13
2.3297582774414252e-15
7.644572750694288e-19
1.2897160474950433e-15
5.3224201987970054e-18
1.2986523221588069e-18
2.9108962453111564e-17
1.1210731758411895e-14
9.71252729622538e-14
4.008842246738224e-17
4.351579427886364e-15
6.682143335423358e-14
6.228168330658547e-20
1.7164628889550357e-17
1.8748950797650184e-18
8.860094648582396e-15
2.3605504255809637e-17
4.252140309301274e-14
9.767654462219778e-17
1.0178609297297682e-17
8.422410689559958e-15
1.3238257490962513e-12
8.84560684622042e-14
7.18060265427451e-18
5.302436488850008e-14
9.941393443186954e-17
9.182681714103959e-19
1.0036874049787542e-18
1.2961683448324963e-17
5.347632085571335e-16
1.4105016940210415e-14
4.5126605726924487e-14
1.0270931005881183e-17
3.319777524896328e-14
9.55780513274348e-15
3.721992284253939e-16
1.8746582006021608e-17
5.956620974795448e-14
9.011791978358868e-17
1.1243651789547918e-18
7.563258477324976e-18
2.242990775219486e-18
7.622459670736222e-18
1.778709483747108e-15
2.1513505417415235e-16
3.5509462119259714e-19
6.317164859136116e-16
2.9459441031937897e-15
1.5656103850608283e-14
2.18177282366541e-14
9.252166674496686e-16
2.123504678378918e-15
1.114361935239819e-13
5.800719890565451e-16
9.112378186441134e-16
3.921690948041804e-15
8.348636647558076e-15
4.40322418052696e-18
3.208025082438496e-15
1.3425267895098522e-16
5.001962465809547e-15
7.15707171794814e-14
8.305848659137812e-17
2.225083383182723e-15
1.5308679539867765e-15
5.48361710554859e-16
6.395272628671088e-13
5.088176498262342e-15
5.195763049783625e-16
1.0456920303033954e-17
6.557006671632554e-16
6.527204164118716e-16
1.1520777478111917e-13
1.790583544413676e-17
1.857003337247932e-14
9.460576617648814e-18
2.056528569555485e-19
1.5273669830287142e-19
8.32850928135713e-15
5.117081772280997e-16
1.9580142364085362e-18
5.819808011843848e-16
3.008479350104509e-17
3.661064473236949e-14
1.217879525750201e-15
7.754707263598906e-16
2.7371810517950183e-16
2.721344522685533e-18
5.44920442984613e-16
8.331602239488802e-17
6.876641654822062e-17
8.958954035973091e-16
2.536350186508053e-16
3.949188890694621e-16
8.343771401676462e-16
6.118259559070885e-15
6.477258006128205e-19
7.849024669644664e-15
4.225550868855304e-18
2.1616901087140144e-17
1.6899197205255417e-18
7.203619944332854e-19
9.445507131027638e-17
1.2640918573914049e-15
1.9412665871756056e-14
7.206708818386038e-16
6.458460059769361e-17
2.482846993594811e-15
1.6392600121436602e-15
7.80147239018644e-15
2.618346198340568e-15
1.5246429544854852e-14
5.8764243270401286e-15
3.137631870734283e-16
4.776404121505964e-17
1.3484107363529281e-16
1.0355616580928415e-13
3.1781560415206256e-19
3.899049205573706e-14
1.2789901001391881e-14
3.392474814450478e-14
2.2205945608497985e-18
4.9089637476779604e-18
2.5655500629821802e-15
1.0998662445246991e-13
3.4504406894430835e-15
5.255617095834137e-16
1.858052800516985e-15
1.804621290252371e-15
2.515707659607407e-18
3.7309097515697473e-16
2.0667303334599644e-18
1.3936770419001254e-14
1.655951201343983e-14
1.7251870694514715e-17
4.317340805865563e-14
9.152696875846845e-14
5.432792646426838e-18
3.2870071649912456e-14
8.531437486663844e-17
1.72526633795461e-16
2.422190782035227e-14
3.132422119121125e-18
1.6275501308131436e-14
1.563858663623454e-13
1.2746845371882717e-17
2.8326479889898537e-16
4.91617091264141e-18
2.608169994372356e-16
1.3584416217836613e-18
2.297500271367928e-16
5.034018414087528e-14
1.57559304034547e-18
1.5677257578790955e-15
7.92776212462816e-18
1.6883966042836953e-16
1.9192488120154777e-16
3.614075643447206e-15
1.0959946777455894e-15
2.689307656650554e-16
1.671335513142192e-19
3.460296135624384e-14
6.241698718938395e-16
5.034110050616491e-16
6.920613743103851e-16
2.5116564298951034e-14
2.439637951229814e-14
7.765156991054168e-18
5.944451848821181e-17
3.561492758063e-17
1.0805604650692117e-19
1.0968304296408242e-17
1.3975821463938805e-14
1.840785405898461e-15
4.8370190797102764e-17
3.1913981577765305e-15
8.906359570929035e-18
2.2427179837693537e-14
4.935102600623707e-14
3.7958621266409196e-15
6.127063651629901e-19
2.8255333788548903e-16
1.55649678670267e-14
6.226001749044453e-16
2.250463188903114e-15
1.1400140460598847e-12
5.872694696390094e-15
2.806925301657877e-16
1.0852319255229469e-14
2.5519739067431014e-14
4.95311760140065e-16
7.918157483519783e-17
3.947387525348153e-14
2.2291988668410143e-16
4.008040928730787e-15
1.044843870003925e-17
1.6117042655418918e-15
6.839334307906648e-18
3.5131192683989345e-15
9.738536930989457e-17
3.8084953135270994e-16
5.547132663876511e-17
2.8415715109956446e-16
2.4624376175917146e-17
7.893032599512673e-17
2.4568660021481128e-17
1.626174032589383e-14
1.1014882101681768e-14
2.3561783095643494e-17
5.603954708238088e-16
1.2135654306762843e-16
6.619512352758039e-20
3.5175512444174445e-14
7.850913895584173e-15
9.013117727708145e-16
1.029722149516059e-15
1.2181810121823033e-15
4.0344597672298484e-15
2.9409216869547127e-15
9.916456290437783e-18
4.915206759624371e-15
5.724367058192485e-19
1.7499226180427432e-14
2.26171192563633e-15
7.388601623445243e-14
1.92378770408494e-16
9.29588146949882e-17
2.3620572989779165e-18
2.308374699891341e-13
1.6663860104410998e-16
8.600423436948637e-18
1.7758087218459404e-14
1.2518234472866806e-15
2.1365122382831204e-15
7.711312551153223e-17
1.2846973029787155e-15
1.0126564271657251e-15
1.6132805922894978e-16
9.578331320944118e-16
1.8917295818014263e-15
1.4512016794653084e-14
3.5244926125662656e-15
2.1159771924788382e-18
2.0054431035504743e-14
6.256158051149619e-16
3.180302610758671e-16
3.29614478721405e-17
4.066675173223845e-15
5.3165682591033435e-15
3.876449667350187e-16
5.961966147537225e-15
4.5355883086856575e-14
1.2251858687357561e-16
2.2715959717502313e-19
2.1769103095257816e-17
2.006019887543518e-15
2.5703541368445916e-15
6.984772498493508e-19
3.965419521554836e-15
1.6113531823499045e-16
7.093483613726868e-18
2.2730583845490444e-14
8.635192641848439e-16
9.822069868008904e-14
1.583355751986502e-14
5.425410045041769e-17
2.2474602559107117e-16
8.561060044542847e-14
2.501521366743833e-18
2.8083778932327214e-14
5.788623322505016e-13
5.28104667644292e-18
7.645152945650937e-15
4.564054642910069e-18
4.226340610373874e-18
7.706745161999697e-20
4.911891444118378e-16
7.11623365293435e-14
3.3692429613171036e-15
4.191128888244187e-20
9.106428508032788e-18
7.893649458082949e-15
1.5699056794550542e-15
8.166347328262682e-15
1.60353206313809e-14
9.378442297382207e-16
1.5056218264321993e-15
3.02719634072642e-16
1.0214974747983146e-18
2.8430862363464445e-14
3.458503895969506e-19
3.314740552002061e-15
4.1316970374131115e-14
6.02254772970285e-16
5.693526063440395e-16
3.629817250074721e-15
1.410087465111158e-17
1.8209780455530602e-14
8.471372197628466e-17
1.858059048006755e-15
7.206457108800394e-18
3.340124424683748e-15
7.662241404017264e-18
7.776502724273305e-16
8.286145183165186e-16
2.7076456858332273e-15
3.452939373139571e-17
1.4589408044518218e-17
1.9086375982485886e-15
4.763469046875343e-15
2.791745329442863e-14
7.89787577955074e-17
4.893671432969887e-15
1.1258058454943334e-17
1.8718421791124534e-15
1.2597593894793804e-18
4.203105069014273e-18
4.800980694766628e-15
5.498853555291745e-13
1.2087970324493103e-15
1.0240837035254924e-14
1.27731138752002e-16
2.432928607111728e-16
2.7759717461173605e-17
1.1708089056329454e-13
2.0951087153352237e-16
2.1460440518675158e-16
1.2324207906828461e-17
1.1342910124769689e-16
1.8928224262780567e-17
1.0517071294323564e-15
3.6203981208388536e-21
3.744405404870098e-17
4.421063489142163e-15
6.067339759559695e-17
1.4147929773737966e-15
8.893371734797505e-16
8.3328932537529e-15
1.5715013859777288e-18
1.0134950480819589e-13
1.1567043119206193e-17
8.383535435174178e-16
1.7065769738971927e-18
8.107820218029078e-15
8.92813389123626e-18
5.569456560791113e-18
7.403022812293208e-17
7.40419600977737e-15
1.4060380830887267e-15
3.215645697284508e-14
8.152316073749401e-20
1.6958099965902143e-16
1.2449506849831733e-13
3.591157777717247e-15
3.293940262751099e-15
1.6156270910697265e-18
1.335172215426377e-14
8.24427699985428e-16
2.8927876952446733e-15
2.2472503382016834e-15
1.0602766551116597e-14
9.807142453592839e-20
4.063802891329857e-19
3.517002770895743e-14
1.1593876903024874e-17
7.549489085459187e-17
1.2210619260294097e-15
5.1279161040253006e-14
8.87549415118148e-15
3.2762308425536846e-14
1.6942277165986377e-16
1.2311510642239732e-15
2.64076414392865e-16
1.1705533844988486e-14
1.228912641971411e-18
2.626678752636925e-19
1.7246836895619334e-16
4.9189209761040305e-17
3.912474073572736e-20
1.2299384030081537e-17
2.4542463126159295e-12
6.049921955986629e-16
4.4119491985194276e-15
2.8051244704458868e-15
2.5130002341156335e-19
4.685399184954454e-16
7.44547231751356e-15
3.043379112742027e-15
5.173859939501266e-15
3.9547739038346685e-17
6.355672333673843e-17
2.8444992205502267e-15
1.7095015757056778e-14
2.3098906971712652e-14
9.150883548021562e-18
7.815874645234985e-17
3.502250686363822e-16
3.1618441598400653e-20
1.6061850569865802e-16
4.632943844138744e-15
9.647215128864051e-14
9.113038201645603e-16
2.7635502904480687e-15
5.463450888272983e-19
1.4875987354958788e-17
1.9086951249482721e-16
5.11982737717042e-18
3.516105086568083e-17
8.917900339039179e-17
1.2370036918017128e-16
1.4035988757076627e-16
1.6313573315828985e-14
2.7828011204744274e-14
2.28626780590321e-17
7.828012778738612e-17
1.9519226581289863e-18
7.058387770939699e-14
4.9501306203826e-17
2.185041157089446e-14
5.476063574414003e-16
4.545881559957039e-16
5.264583663017985e-15
2.7279791781653293e-18
2.284433964154522e-15
3.7203122869994025e-19
1.6634615953961918e-17
3.460025056812361e-14
2.7948128805632924e-16
2.291691030417819e-16
8.832536912191933e-18
3.4940387644346385e-15
5.171928732091668e-18
2.432457721205596e-16
7.6692859462805275e-16
8.7028002355322e-17
2.399622049166323e-15
1.837140079274897e-16
1.2069930899698145e-16
3.5408441317997433e-17
1.0391873110678003e-13
1.31189248988113e-14
3.551041435206238e-14
8.104540383780455e-15
1.4333172239949581e-18
9.574334616796854e-18
6.755554351951251e-15
1.1479970196661538e-18
9.405004213868976e-19
2.3811235018097526e-14
4.084889460547457e-15
2.157405003119422e-17
7.88282180271672e-16
2.0346422574811692e-17
1.1655337044584881e-14
4.4371529906060765e-14
1.343255715318779e-16
2.5080852698442397e-14
5.792177624504356e-16
1.355233905929508e-13
2.6153843490983884e-17
5.659946990480799e-15
5.188145996986237e-18
3.4010911887684166e-16
9.432153477251275e-17
6.328829676900242e-15
1.3903898831397849e-15
1.0550052586170663e-15
3.6705611136465146e-14
1.058996964511042e-14
9.970037780450886e-16
9.254523490704332e-19
7.837946593357065e-16
1.939355442864564e-16
1.3811612861795617e-17
1.935403985937798e-17
1.1166147652317911e-15
3.403137340420249e-16
1.782879098136925e-15
4.735990278074625e-15
2.6236723408368996e-15
3.0812196406828268e-18
3.82928853798402e-13
8.246045323807334e-18
9.267354340924766e-14
1.9379190958520904e-17
2.789864791878079e-17
7.888317072938785e-16
3.329615732853861e-17
2.278569494923011e-16
1.6848463864299064e-15
4.0722798402024006e-16
4.1115095836910884e-17
1.7857166679404395e-18
1.655015060803773e-14
1.0376471021805933e-16
1.692493118648552e-14
1.6233436979769457e-14
2.6950230184895043e-18
6.243270999939828e-14
2.179131185498124e-17
1.0608147724960541e-14
4.252110934075097e-16
1.7159444748871239e-15
8.446661892903146e-17
2.970236612175721e-15
1.3118232689136607e-18
6.984716073204191e-17
1.0409045068798168e-19
8.05027436824811e-16
3.6844289317985586e-17
1.0737840439684513e-17
8.487082175651599e-16
4.644578370920712e-16
2.8484586870164883e-16
2.198710085937068e-14
1.3997253059091229e-14
3.3151672402541345e-17
3.513002523192283e-15
2.3383134462725095e-17
1.536145812892507e-15
2.0505966574812348e-17
1.8849621221061626e-15
5.085481346150929e-15
5.706455664544451e-19
5.794030446634228e-16
7.641130509670206e-17
1.7581984123745139e-15
3.0985807539720586e-19
2.869682151116066e-17
1.0492959273302169e-15
3.7566492441924926e-14
8.627973095755465e-15
6.715105499181921e-16
4.760174494673023e-16
9.791121827495446e-15
1.4371449606731907e-16
5.883536136463332e-16
1.1740348844080056e-17
1.5718060616004468e-15
1.0430200484449616e-17
3.0313518047004003e-12
7.105624044230445e-13
4.504322849826734e-17
5.503438482528877e-17
4.958844657008148e-15
9.029183752186208e-16
6.0853029716655575e-15
7.180970905583068e-15
1.35916210841584e-16
1.244956294226445e-15
5.1217539742931607e-17
2.16809112480943e-15
2.360236414621388e-16
3.306939065467357e-14
1.2995797591928502e-14
1.7773752543659445e-17
4.1949618105753166e-16
3.0104904084543166e-16
2.3869305569304074e-14
1.190212656847505e-15
7.377034187960806e-17
1.1028779209314358e-17
2.1759120437287622e-16
7.285730368143316e-14
9.062203911795938e-17
6.144821495700278e-13
2.201575154907421e-15
7.915032080300503e-15
4.019275361557316e-19
1.5081893292799395e-14
4.127426885508087e-18
1.144891996133025e-15
1.5232005973874872e-15
2.5755547702554262e-15
9.681973528883149e-17
9.543432797624693e-16
1.7997467151277724e-18
3.607347033059389e-14
1.4802377108268504e-14
6.659407369790919e-20
1.0339605974244242e-14
1.7699261869220492e-15
2.721844428214914e-16
2.1482120436711378e-14
7.028627160816491e-18
1.1738271847155008e-13
5.371497059660654e-13
2.1355421168868492e-13
5.605868730678087e-17
7.154172137297803e-17
2.3084954056744725e-16
5.690072597315684e-17
5.740203469741287e-18
2.8635650195099327e-13
7.224835426631071e-18
8.467212463403676e-18
1.0267589938950982e-14
3.2655522007344574e-14
1.4615770058398366e-15
1.8145376964232266e-17
2.499163112646746e-15
5.471995493706126e-17
2.894784660874509e-16
3.0655826760529936e-17
2.3476494727255023e-19
1.3719047305108554e-16
9.443777593914962e-17
5.502873751470319e-17
5.897649688691476e-20
3.134167240549372e-16
1.230204217363667e-17
1.845089004730065e-15
2.907191651463495e-14
4.4166099596127965e-17
2.70166396398176e-18
1.7145273494807114e-15
9.181226474383163e-17
1.7868059299369518e-15
1.7846395195830296e-13
9.695760089164014e-18
2.5615649820669063e-16
2.2918334487772897e-16
4.973719971017611e-14
3.4267943951589405e-17
7.012451485541451e-15
3.498092690958789e-14
1.1062242484006942e-17
1.5938746085038926e-14
4.787382175496391e-19
9.187638100050728e-13
6.197528213891433e-17
2.2200358020261227e-17
2.4757091580604996e-17
9.407544654899369e-17
5.965595514768765e-20
2.079668626521126e-14
4.929139465090376e-14
2.3169461295312113e-15
2.3952876847190542e-15
6.596709822419106e-18
3.841123466915951e-18
2.4820138903616745e-15
1.2389055216727246e-13
2.518581491438985e-17
1.290184506293493e-16
2.570817616677021e-16
4.925470751770964e-18
4.963079682111007e-16
5.963426941151131e-15
1.2602369694184708e-17
2.713863001058949e-17
4.4604575455911383e-17
1.4479080155089376e-18
8.242515413076382e-13
4.125696967065001e-14
6.171905855733125e-17
1.1846542446197157e-20
2.6175529857219166e-15
6.02325357784243e-15
2.85053844164304e-16
4.852586932418317e-17
3.0266782982109966e-18
8.764765210714e-17
2.524530275095686e-16
1.0264792427685756e-17
1.1068428172999839e-15
9.267907650629456e-17
5.536373535921531e-17
2.972865915282427e-15
8.176925501248709e-16
1.1964435774657084e-16
3.1060729823944258e-18
6.158147485000055e-18
6.888752236464756e-16
6.370106811468569e-15
3.730504700747317e-15
1.5900115185111831e-18
6.018801684936885e-17
2.5900967652740595e-16
1.7717522152361568e-13
8.750940396889494e-16
2.0687560204761376e-16
1.4817563182653167e-17
1.076069928275425e-17
1.699873126080571e-17
6.118830855217799e-15
3.88482735855095e-15
4.90361790713576e-15
9.679249647504818e-14
1.1987895735657961e-13
6.2730608540701695e-18
1.1488928829436072e-14
1.7680706649617587e-17
4.0961347082162e-17
1.1498035338396586e-15
1.105609447873551e-14
2.3230570689044453e-13
4.8303835891683475e-18
9.026186313778095e-14
2.1359985851106916e-15
1.2733796890955511e-15
4.228866523365695e-13
1.2385089288462763e-14
5.394987848453495e-13
6.992558581022314e-15
1.6877886473759238e-14
7.327857880170082e-18
1.7361932814811803e-15
4.9621566568572615e-17
3.1685989681688417e-17
1.281900367353792e-15
1.9489202672711637e-16
8.124842762575292e-15
6.666128677292016e-15
