7.172052156811466e-18
1.185678554377711e-18
3.4426766374715196e-19
4.062867748884476e-18
6.3563321437496026e-18
9.801920548430702e-20
6.477976816402537e-19
2.495730546098933e-21
9.602542561175777e-20
1.382356110159652e-18
8.2488559877522355e-19
3.637308051843903e-19
6.116368154377187e-17
8.315341837453162e-21
3.752305373649712e-18
1.8535876011735325e-17
2.3234500535113033e-19
4.809073896152591e-18
2.291156008014598e-21
6.430814457903551e-19
5.599445313793159e-19
2.0915776408860955e-22
2.7991822766384415e-20
5.2718127068267503e-20
8.536649474407937e-20
1.89820622308889e-18
1.1611628089856034e-17
2.594437868223056e-18
1.6129675072702622e-20
2.8822392972055345e-17
3.1407854523054678e-18
1.8076210193487166e-18
7.458824185208372e-21
1.5907768720734263e-18
1.554159574152079e-19
4.383304191038652e-18
1.4477694547841776e-20
4.337126715112161e-19
5.325677709755619e-23
7.638740474901908e-19
4.689133613287994e-19
1.7257730345484863e-18
2.7231716906296987e-18
8.247850637475768e-21
1.5817842017692643e-18
3.6342757218683786e-19
6.610784181964641e-18
1.5996133290813168e-21
1.6879659068683545e-20
2.6411547756614235e-21
1.9454868822340602e-21
1.5771634981526763e-17
1.8910009800797346e-18
2.2563013816787876e-18
1.161992210777885e-22
1.3232846846790818e-19
5.910900025654327e-17
2.7831023725536414e-19
4.1686505374345986e-17
4.143042003532005e-18
1.0628244884054055e-19
4.470317632346006e-18
6.46803830409911e-23
6.516767417980709e-20
2.062359649039829e-19
1.2793898254176246e-20
1.9014263072642728e-17
3.3162739140360197e-18
1.9906762307977865e-20
2.3125862780302977e-20
2.1229073451567174e-19
2.9482410729795434e-19
5.543914601966847e-21
3.294482641926671e-20
2.44167531753812e-20
3.0451871855435175e-21
4.761619791276877e-19
8.225642655598407e-19
2.9235638284548555e-20
2.1765282167691732e-21
5.453728462099553e-21
3.673113534624851e-18
1.4622080090682619e-22
1.1651754438917271e-18
2.3971454518834313e-19
2.938894617794342e-20
3.5082323725039516e-20
9.450268657072331e-19
1.4191979870437762e-17
9.479951119007905e-22
5.346557384862069e-18
4.789485336990541e-23
6.192751147401959e-18
1.9133668059395356e-18
2.012758977943196e-20
1.1634853552321088e-20
8.717883698202172e-21
9.877507039484727e-20
4.995748361259356e-22
6.017956915509707e-19
1.2024756248801388e-19
4.0871499583846933e-22
3.7728431160137126e-20
2.9226229470674804e-22
2.142591414351616e-19
1.1441427875188292e-19
1.6433047523503788e-21
1.1376416701648828e-21
1.3593832617377045e-22
3.2623475555690087e-18
3.3031450181005104e-17
4.6770762679531105e-20
1.0425148277778601e-17
1.1859639868362143e-18
1.6570445429216721e-22
4.4230228780674885e-23
5.687948004192904e-20
8.057353761457362e-23
1.2686817039722117e-17
5.350676254589832e-23
3.618255899213991e-18
2.65905150594582e-18
4.530576545020052e-20
1.2790029108493437e-19
2.027735069715858e-17
5.261528995516603e-19
4.275627398599026e-24
4.758375217386035e-19
2.56115770418626e-22
2.5266423253885835e-18
1.423508849919351e-17
1.0645266020631538e-20
3.904245121831579e-22
1.2137940153556532e-22
3.1530043046413745e-21
2.732735478599916e-20
2.300455899894783e-20
8.308916494087097e-20
1.094309789993779e-19
4.388700717432424e-19
1.1290887725906994e-17
1.4450849372170178e-21
6.1396028065486526e-21
5.0857790019573586e-18
1.7274122807929547e-19
5.397052925316753e-22
8.324019030063944e-21
6.289321772996876e-19
1.0461741599005011e-20
4.1429253463441194e-18
1.0524829811274672e-18
1.4686656249424038e-20
4.498113556741683e-21
1.621405228517698e-20
1.1468926972795363e-17
1.1019078636457373e-19
3.531381949542716e-21
2.1946408028065973e-19
2.79892706851444e-19
3.356208201574943e-20
1.079738343337211e-19
3.829871414566272e-18
7.911577745117507e-20
8.195872154184151e-20
3.3294107205038524e-21
5.372617792709485e-17
8.499852961439681e-19
5.580391640675277e-22
3.538959533200267e-20
5.682615434312295e-23
2.8090725528737002e-18
2.0876800377222332e-23
2.5237685986311314e-18
1.184929338636144e-17
5.0200770892208284e-20
6.039588098455438e-20
1.2218101824148067e-17
4.292657228842903e-20
5.3095696009820445e-18
1.0044956232532961e-22
9.36443723842033e-23
4.370924108147348e-21
1.009808096661405e-21
1.9459583677647433e-19
3.7265434172401633e-22
7.696421006514647e-23
7.0179630302497035e-19
4.2264897533912944e-20
3.832823986737517e-21
1.9134792842927117e-20
1.509519103561229e-17
3.648783016912645e-20
3.7287958343544835e-18
1.2510024541035796e-19
5.85844683364801e-22
5.263937291323083e-20
2.819695826017194e-21
9.493474624758227e-22
2.7424339731526437e-23
1.0475052991743532e-18
3.7913010474505145e-18
1.3546509905895938e-19
7.018844599730852e-22
2.260756325959864e-19
1.3040937655999258e-17
4.421455888441692e-23
6.5618622058017475e-21
3.232677329719687e-18
3.318919652730573e-21
2.644228058644153e-20
5.4734388126383714e-17
9.47516603259093e-19
1.5064871823248877e-22
3.206179923750173e-19
6.730727228153361e-19
5.757673894673888e-21
2.4143906041623777e-21
4.983350999681767e-23
2.439272035646185e-19
1.4080936128563516e-17
3.526273046760269e-19
2.791495805951744e-22
2.8118244460074626e-19
4.6285229704502975e-20
4.029099685735546e-22
4.6678135715399005e-20
1.0515354785510125e-20
1.0449143554780266e-22
7.409683645733134e-19
2.959046679692325e-22
4.925880136516985e-24
7.308950301710316e-21
3.0769092498205773e-22
1.871620875664744e-23
1.5023953833548926e-17
4.6750838173908875e-19
2.7863187782869365e-20
1.0639797103367765e-19
1.0599015919437782e-19
5.0380691308438644e-21
8.750228620255785e-19
1.963971970773085e-18
2.4277323616682884e-18
4.9275791650039934e-18
3.194635641516398e-21
2.685043881957109e-21
6.279890674826753e-21
2.766592357705902e-18
4.656237128809451e-20
1.3196573268037171e-22
3.59096569216057e-20
5.2679832171122976e-17
5.12658360456802e-18
6.731688115159663e-18
1.046681377356305e-23
1.6155230338458335e-23
1.7483985275955097e-17
1.4847621007613736e-19
5.27264660691822e-19
1.2039930186145843e-21
7.935165937174282e-20
6.65422934914383e-21
3.950517045464293e-20
2.083080387104768e-19
9.625773011786175e-20
7.123996604868754e-18
4.72175273329498e-22
1.294932027713836e-22
6.229251028231058e-18
6.472866465916285e-19
4.2314455104504396e-22
7.389368058304067e-20
5.334684703104246e-22
8.06351091007783e-24
2.6709014637050534e-20
5.432602342349475e-21
1.6849325099759426e-22
2.1195076251767937e-19
1.8193368326311102e-20
4.7490658002190534e-20
4.425919617158138e-23
5.486483727500667e-20
8.953810392375677e-18
1.48720752114798e-19
1.33334343202545e-21
2.310300742160401e-19
8.642561510670928e-22
6.296430610268221e-22
1.8671907055619843e-22
3.0374692009288207e-22
1.6330495835278721e-18
2.755622915692e-23
1.4440372884790435e-24
4.050369801390981e-21
9.97929550307831e-22
1.4647634517822918e-18
5.6510362283972874e-18
8.606993648510342e-19
4.82710336884098e-20
6.092137647335163e-18
3.1089176320357625e-22
3.852881020609591e-18
4.651700720662736e-18
6.325015625008481e-19
4.786031290316293e-24
1.4164858673105754e-19
3.0088879373493837e-18
1.2450523185165794e-21
2.462087935532594e-18
1.0339865871449796e-21
1.3213461837622835e-20
9.232458649454616e-17
1.3791959236610695e-20
4.664652628874766e-19
3.3823339409438003e-19
6.970097558860989e-19
9.084538468066645e-20
7.258573210903843e-23
8.014901721626843e-22
1.0691018793473434e-20
8.854403070233897e-20
1.7474073819142446e-20
5.033110555986613e-18
3.4268835242573103e-22
1.0667978596877629e-20
6.19475798937166e-21
4.627973612775143e-19
1.061548371572912e-18
5.930850353207368e-20
1.3962627013768378e-22
5.513214152079505e-24
5.190923190636225e-22
1.2463215204177686e-18
4.3640536515295563e-23
6.15409735997061e-23
9.911787051513612e-19
4.169119453475646e-19
6.122183789019258e-23
1.1338803358818715e-21
3.847669138689625e-23
2.2764730145992092e-20
1.0131933528785814e-18
1.297619657314165e-18
3.0989337246809508e-21
2.9765473851315167e-19
2.928297848567539e-21
2.182971476724993e-22
2.440873696926314e-18
4.9649716336145813e-20
1.244138267309659e-22
2.7971294471786285e-18
5.197402297868076e-22
1.3343694707744e-24
3.248458032021199e-18
2.8250983738651535e-21
6.582628748215488e-23
1.5120647091940014e-19
9.45251626312359e-17
1.023563548734108e-23
2.470370376545853e-16
8.248360786282313e-22
1.0223775232392008e-18
5.045391727579257e-19
2.7953436262640164e-22
3.094105855401316e-21
5.2498666573221593e-20
9.459481680665416e-21
3.490221121754407e-18
3.4981434741105044e-19
1.3010359861643713e-20
6.845641807656343e-21
8.212325711416666e-23
6.772342136328261e-19
3.6312202752524855e-17
2.6566752271464025e-22
4.491185295544697e-19
1.127918750179192e-18
5.454890952693792e-21
3.070678071420335e-23
6.524267252928387e-24
1.3352065351640825e-19
1.0711064376228908e-20
2.294214710825163e-17
2.780766146787276e-22
1.7850415935403524e-21
2.7430091771990277e-18
1.360662862081521e-22
7.125334001371369e-20
1.0921673243604294e-21
1.5684413318826246e-20
7.609245319493382e-21
5.401106111321176e-21
2.8267190655005863e-18
8.55005395987297e-21
6.223737910277372e-20
2.821875887058278e-19
3.731178141548035e-18
1.2183498603707057e-24
5.33198242793581e-25
2.5361895256401745e-19
8.819942025649324e-19
9.226012610912853e-22
4.6245118175843127e-20
2.0364630116891682e-18
5.75250259186394e-20
3.3313854498573356e-21
1.5228360677115054e-20
5.439189831253443e-20
7.128459239376777e-23
3.957588958864499e-21
1.438052476755583e-23
2.5751022772065747e-22
2.2508884499270564e-20
8.955793771688228e-19
4.222124336786873e-24
6.132180632414396e-20
1.3117209769879868e-21
9.593799712081631e-20
8.140697557591101e-22
4.629985608304252e-22
9.674375494859995e-22
8.573093943569767e-21
8.104513779160661e-21
7.955391945496114e-24
1.3575601908263655e-19
2.1639283269140456e-21
3.116184046622477e-17
1.1978205970670875e-18
6.103359349676854e-23
3.252031115640322e-20
6.10436930814575e-19
3.4971773730415806e-18
1.6101442897840154e-17
3.4084544498886435e-19
5.8256455928852735e-21
3.538902482776691e-20
8.757378095930638e-19
3.9893224759036655e-23
8.007324392463004e-22
8.627017431961982e-20
2.6948754439014646e-18
9.847425481463918e-21
2.682826570817989e-20
3.0433063830251553e-22
1.2697758493498899e-20
3.892977650076637e-24
2.711170347617631e-20
2.586484134111413e-22
6.630164307750746e-25
2.372830915427347e-23
7.658199484295687e-20
4.758146471496848e-19
8.642325052520565e-21
4.586878023479936e-22
1.3165610672849451e-20
7.582498130341422e-20
6.251569290677039e-19
8.985967171513756e-18
2.346841324066904e-22
2.5506381296552595e-21
2.011145929455107e-22
3.9320439449023825e-22
1.1666823030882665e-20
1.1085700120613907e-20
1.4340880246448348e-20
2.5077676730310765e-23
2.0604430824500303e-21
4.270654118734653e-22
2.096132396599676e-23
1.5603936565224108e-23
5.515497862824147e-22
7.721080568466769e-20
2.052801694510347e-20
1.79071686431431e-18
3.8275976753677605e-18
6.260050328460816e-20
6.041186285223651e-19
2.9082397948861963e-20
1.1220595014702519e-20
2.994952988075483e-18
7.0397635884957195e-22
6.774917443303979e-19
1.6619502433648063e-22
3.0626537507942774e-21
4.250183305788536e-22
1.4322686298167962e-20
1.9541087619435874e-20
1.3684353720225412e-19
1.0604258769481358e-18
2.367092155325968e-17
1.8512816959204145e-18
4.3126173199201455e-20
1.2192578548816079e-23
8.898694493430245e-20
7.104629525783895e-19
2.957039937712735e-18
7.582666894672622e-19
5.544294661174716e-23
1.2202074435983175e-18
1.916925469934798e-21
9.801785048846744e-18
1.1067761421948242e-20
1.4733976754264847e-18
5.0800237604936915e-18
1.6621387624528047e-20
6.207766983259251e-23
2.2200078413062203e-20
1.7534076249694312e-20
6.557034598479006e-19
5.215711281343334e-21
8.139665468812705e-21
3.0728052514128815e-18
2.6232597122663902e-21
4.5298990448806334e-21
3.1736386964098354e-18
5.290515948055898e-21
7.410858822736872e-24
1.5543442569651068e-22
4.106365066066659e-18
2.9550441079069876e-18
1.361025306880561e-19
2.50710659153603e-23
5.660763328117059e-19
6.065073096556289e-21
2.846940096794985e-20
2.98666956117594e-20
3.3275383768914315e-21
2.055687618980228e-18
5.553399348688457e-19
2.6930643006310834e-20
2.793976528955634e-18
2.3244559719915243e-20
1.881943666301909e-23
1.9463697008058137e-23
1.939561935464569e-21
1.9282126632236506e-21
1.5999777996495122e-20
2.281433089798366e-19
1.5095750701684543e-21
4.508087991167876e-19
5.454088459636687e-24
1.3954390422006943e-18
2.130432686137805e-18
8.359528869005836e-21
8.367914892108958e-24
1.50443845336816e-21
8.542334453681477e-21
4.599972403401262e-17
3.234598831147809e-21
3.300241930007928e-18
4.9795408527177095e-20
6.961542993287541e-21
1.7575612006779297e-20
3.101692766852981e-21
5.431958645520096e-22
1.279779730507537e-19
6.273183659038433e-18
6.567012434951706e-17
3.280386899391787e-21
4.7918505766362804e-17
2.837067121871292e-20
1.2733203586650377e-19
3.240409143149079e-21
2.3065191643740414e-21
2.1310647435018035e-22
5.0400094272818324e-23
5.9310207878374565e-21
4.107352001209198e-18
8.466176316614976e-21
5.200924508141686e-22
8.052383109574394e-22
1.6749769683806413e-18
1.4112014701590837e-22
4.769151922932629e-19
3.1835856975484736e-17
4.851015025270546e-18
3.5914563639035366e-22
1.143906249381594e-22
8.176585695995813e-21
2.807756575373564e-17
7.186229263552782e-21
6.931745561161558e-20
2.7497579863748395e-19
3.56368633000325e-21
1.75884057107013e-21
1.6495349379521465e-20
3.524486285789696e-23
4.6108599515328e-21
1.1841720833255041e-20
9.703813371183752e-21
4.2423158208027864e-24
1.4131647569336166e-21
1.161139777120635e-22
3.087133594799204e-22
4.1708405780149674e-19
1.3761934522790144e-23
8.315159032257045e-20
8.558087302344676e-20
5.240075045246775e-22
5.570823822676924e-21
1.3139427795267657e-19
7.011104924312011e-19
5.722108156265619e-19
5.284269329282301e-21
7.96786141524777e-22
2.0866068074554446e-22
7.768280111102044e-22
4.913462445190786e-20
4.523195181874734e-21
3.390290034432628e-19
3.906438434736068e-21
4.519977600614277e-22
3.276835370154937e-23
9.95251854866411e-20
9.250896855151459e-20
7.483795617171387e-22
5.33013617245627e-23
5.351734686187085e-21
1.8678156568556975e-19
8.914960078468995e-21
9.191121882263809e-21
1.3810935750110971e-21
1.449440642340182e-21
1.3012804149874976e-21
3.4985942185724395e-20
2.4251759285254733e-24
9.933189143094807e-21
9.78924231579128e-21
4.275860770449285e-22
1.2388997553282279e-21
1.4704470720677368e-19
4.811161709550745e-23
1.562276246483949e-19
8.181363619897625e-21
4.615546605872088e-23
2.7764531464666125e-22
5.366736004659681e-23
1.3773092244103649e-17
4.396249482038084e-20
7.084627802213195e-18
6.08000328533899e-23
4.825252756732953e-19
6.653120826173355e-19
5.881242752774287e-23
4.0502895545458205e-22
2.2527059711309772e-23
2.040266120190041e-20
1.0409801094284402e-23
3.279223473109837e-20
1.469018433695986e-20
4.881237981097846e-22
4.136180840170512e-21
3.540457603694726e-17
1.5831608280391078e-18
5.273242859837738e-22
6.193712228608296e-20
2.56068188670058e-20
6.52547511076098e-20
8.385331699201534e-21
5.708075038538296e-22
4.53296440607203e-24
4.909914985899931e-23
8.964907164513061e-20
4.1086922186524033e-19
3.501073661070694e-22
1.2994035640198557e-20
3.7395571571235996e-24
5.505483642314116e-25
1.3857197460285017e-20
1.4125004613034115e-22
2.651894778522055e-20
1.1618162329426091e-18
4.4911123657419474e-20
1.1930465729888396e-18
1.3225743337205736e-21
1.522072385698176e-18
1.954887821820261e-23
3.6045293950648994e-18
8.324386585122527e-19
9.177650570339948e-19
7.3762723002037e-23
9.574372596131556e-19
1.811484188656476e-21
4.465363904579313e-19
3.979106665607135e-16
5.794053442727874e-23
1.6553856851347065e-21
3.6527954984745203e-22
4.1266864785930645e-22
4.020389933183723e-26
6.229851295353364e-18
4.967946521500276e-21
8.354728340353773e-18
1.5095896675660041e-18
8.872798252305175e-22
8.576417727947665e-17
1.6532344391455903e-22
1.94498175988544e-18
3.058624852564388e-16
7.022936141275906e-23
4.274518223973793e-20
2.1576054539104714e-19
4.2284065653090306e-19
2.079304290915158e-18
6.273217567912366e-19
7.530880296969158e-21
3.2272784433397957e-18
1.9503994670816735e-24
1.5102148525307592e-17
9.487599843594014e-22
9.478214716320322e-21
8.373460323289034e-20
5.037250857559545e-24
5.111873743824613e-23
9.61055206938909e-20
3.1471474916729417e-21
3.2748566338470257e-22
2.746297321863875e-21
1.2465705445655497e-21
1.1738740227169928e-20
5.3357456283863005e-20
1.7965429652379145e-22
9.415322091217997e-24
3.773543550006994e-22
1.0478134909342491e-19
5.122400224287923e-23
2.829071021543654e-18
4.788615639786937e-23
9.159042853995816e-17
3.0517413469572836e-20
8.956570534822066e-23
2.0136381074574756e-18
6.350780293472664e-18
9.587164277513353e-23
1.2640839001107331e-20
2.0962448287629965e-21
9.679737054661375e-21
1.4773425120645416e-21
1.4238328813294904e-23
8.930900326067177e-24
8.848512581877185e-23
1.871781670826588e-18
1.346505792741827e-22
1.4450587553478583e-16
6.297742832096665e-24
2.4550842979393474e-21
1.2267726948230038e-22
1.588588107658774e-19
9.411817643758061e-24
3.0009758849680473e-18
2.3731476288210725e-19
5.166205684077903e-21
3.6772670384043585e-22
9.62121629673156e-20
7.180682601555387e-20
2.0595162017689326e-19
7.88992503549988e-21
7.036306088797566e-18
5.478729753488019e-20
4.3019510949693807e-19
4.0069860904187714e-20
4.293037200950479e-19
6.537116803164346e-20
6.536237460836395e-22
3.333164059414303e-20
4.566745929909602e-23
8.70825039480429e-21
3.8888600912973485e-23
7.730599953695687e-22
4.6912414013643406e-18
3.459138706849144e-20
6.3896034097344555e-24
2.9760198129357626e-21
1.1336718092520245e-21
4.5785880438018184e-24
8.972862891580367e-21
3.9716427542738223e-20
2.8448218197975476e-18
4.3557377203694445e-21
2.4604113007999954e-19
6.1596351834714e-18
8.983614556127e-19
5.59741385275969e-22
8.986161519653159e-21
3.263894423385922e-21
1.7360097871992303e-18
2.0832511402251922e-21
3.415370689365413e-23
1.8627626832190902e-23
1.379384430199995e-18
6.2801671400157025e-24
1.791137533669079e-18
2.3121857864975638e-18
4.7541363319378456e-18
5.980853064661378e-21
3.414461831765593e-20
1.6129265680167379e-18
1.475675828013649e-19
1.4010001980231188e-20
5.41494113355434e-18
1.5830260897474538e-20
4.869828238200458e-20
1.2486422133609674e-19
5.74264717268915e-18
2.9809429916450337e-22
2.5085827581267775e-19
4.634535579470397e-18
3.332838314745227e-18
4.541324959236999e-19
1.1812905795177025e-22
2.9813851517689834e-21
2.5124269391293025e-19
1.2937665347055009e-21
2.200033433103833e-21
7.325817351539262e-21
5.756019831389379e-21
9.743732635299298e-17
2.49543700913032e-24
8.166631389920458e-22
2.0702958944338885e-26
1.8071814321203085e-20
2.1759182232083552e-23
1.769958880800115e-18
1.4972607036430579e-18
4.396217926147462e-21
3.2461105623872915e-24
6.639055778605236e-17
5.180392663600822e-22
2.240839033993491e-18
1.9895380760148007e-20
9.069363580411576e-21
1.8245253113614596e-21
4.069641661527637e-20
1.587193024911915e-18
7.987377418578552e-25
3.687267261118419e-19
1.2836711049948962e-17
1.149180580920277e-19
1.2858962257965127e-20
2.763083732816473e-20
7.449082600644136e-25
7.096266619992196e-22
3.3789656953555347e-21
1.523076604123445e-21
7.814126998645557e-19
2.5656539198402225e-18
4.270784991014041e-22
1.941964117854138e-22
1.045698202218233e-15
8.886656452905117e-25
2.849156247580434e-24
2.303654733519022e-22
2.623744405243852e-21
1.5687103299145011e-21
7.895316614248825e-18
2.8343260834407616e-22
2.6687770580232966e-22
2.5528636509961483e-22
8.0141259812033885e-22
1.4426088950912676e-20
9.360379101531438e-23
5.747740067506077e-18
1.4961315602220956e-21
3.6250427873220664e-17
1.9035290227497177e-25
4.354754078107138e-26
1.8845089164499426e-22
5.345413081755554e-20
1.5121718357334376e-21
6.50052184250136e-19
8.641632278081647e-18
3.1694319022834384e-22
1.597520199507984e-23
6.55758582495393e-25
9.892431273030363e-20
8.272141584847524e-24
2.449203372284213e-18
1.4256825250157443e-19
8.365005947264686e-20
5.878456699449129e-20
4.4389024489188475e-17
1.8657324926128287e-19
1.6186600112732012e-19
7.553765110855791e-25
1.2873599467901684e-18
9.752867715411427e-22
1.9894726296133604e-19
2.267134255694582e-16
1.4991522341844872e-19
7.752389178196045e-18
6.407809037543052e-21
5.4910946834961e-20
6.02947525431014e-22
1.9194861821801903e-26
5.479249588147867e-20
1.8128163593487466e-19
1.4905724484950357e-18
4.281305104322942e-24
2.149725478283091e-22
6.767809435664392e-23
1.402105842146816e-20
2.772648933111775e-20
6.583848175965777e-22
2.710823134298715e-19
1.7636066810871247e-20
1.5659901667582688e-19
1.9941682932811714e-22
1.450486138166365e-20
5.351526135520096e-18
8.997445608646518e-20
2.135100912442693e-22
4.632774371443754e-27
4.845743588434573e-20
9.307041223774243e-21
4.1615621171592765e-19
2.2128879610505966e-21
2.8588907985234446e-20
2.7947597456372966e-21
1.0070128980892632e-27
1.1852427140163569e-18
1.9925464792006968e-22
3.5919780826609184e-19
1.7811066768887964e-25
1.070123836110468e-20
1.7510978214872214e-19
1.6881428996085965e-20
4.252586923496981e-20
6.4206805800371695e-21
3.0751894914896775e-23
1.0284198567389352e-23
1.0335093392854093e-19
5.826632467220469e-20
5.175539700498416e-24
8.522101844828809e-23
8.04087373148103e-23
1.9407816370467053e-18
8.772870756587548e-24
2.6349674919470536e-21
1.836369010219443e-20
2.291080985098948e-20
5.045329347477842e-20
5.7680119585596735e-21
2.636062933738144e-16
2.1682205722312348e-23
1.3229803534585466e-22
1.5591960073044727e-19
3.392334059721675e-21
2.776419456367382e-19
5.925270859566087e-21
1.2418614038887567e-21
4.5910981071910143e-20
7.19290586976699e-22
1.4381367286730094e-23
3.2489769493243037e-22
6.187112530575096e-20
2.4910194979409335e-20
6.067858255064829e-22
1.7225273959330396e-21
6.2211917067359275e-21
1.0631641967263154e-21
1.802120246535295e-17
6.929147504108813e-21
2.0291692892635302e-20
7.470806310354725e-20
5.858465562407877e-20
2.151571376645794e-22
6.442472353022448e-20
6.923388870406411e-23
8.677520103089284e-22
5.4080100483142955e-24
1.2814445193351985e-20
8.96399486964984e-20
4.686692893424221e-25
5.51240957800283e-24
4.631757311191652e-23
1.2019966798386222e-18
8.948534962895948e-21
4.670751681432032e-19
2.6597184438819343e-19
7.028792077050646e-16
7.454372056490815e-21
4.220103844242996e-19
1.6456189015040242e-24
1.6046534787934292e-18
8.639950433375429e-24
3.962812647511781e-21
1.7796768220199056e-21
7.382294153270979e-19
8.168695999659566e-23
1.0404987175660835e-23
1.4071191270058557e-23
8.082547617770308e-23
4.513146519204977e-21
1.0228276697999605e-25
2.5276052460703797e-19
1.685544882559634e-18
2.953553907821598e-21
1.423812379700064e-18
1.1449918859857505e-23
8.86393320667695e-25
2.335549183133501e-19
3.0997411866413254e-19
1.1395474474394023e-18
2.2001871124032253e-22
8.387149679392659e-22
9.091404874218073e-22
3.7422429459741755e-22
4.500250106368246e-21
4.248878845368557e-25
1.1517628247468692e-21
1.2384856112615742e-22
5.711857371359686e-22
3.106988496636226e-17
1.5402496402488281e-21
3.65677723315047e-19
6.204498465826436e-18
4.189574277923305e-21
1.8971039625375957e-19
1.558330164966749e-23
6.800258035709125e-20
3.156673075362767e-16
4.7431474766980115e-22
5.77182924913747e-20
1.1290660328087467e-17
5.347577167712339e-20
4.276058579032536e-17
5.117580710546757e-22
7.069211720148579e-20
3.724094258502701e-22
4.820643036119486e-20
5.331142981803965e-16
3.469807399956614e-22
1.275919111539181e-18
1.523008447013739e-20
4.582154569237715e-22
2.546738097115613e-19
4.546125210925745e-19
2.4379195186210232e-20
3.9997153085040995e-22
3.3628312913204236e-25
2.704428115800953e-20
1.335909639883436e-22
5.314932441631303e-19
2.2424469393951705e-22
1.698399995598748e-25
7.28273953398602e-22
2.111308834630501e-21
2.0411393086884583e-26
1.3026675250718222e-18
5.398571757985389e-20
5.345092161737123e-23
9.259615184294009e-22
2.0148682002216082e-20
1.007073847278044e-18
5.757700699251847e-25
2.74702674483604e-19
2.5932554014735257e-25
1.8963198277937813e-18
2.7204680410237003e-21
8.805775873206476e-23
6.496352825971988e-22
5.971378644454896e-23
2.2139859270064077e-23
5.5009892035596724e-24
4.889376943925849e-21
1.3038201814836495e-23
1.4165104362135165e-21
1.9815508395119776e-21
2.7778792997350294e-17
3.3845122969158523e-21
6.449721245233361e-17
1.6804034792873303e-21
1.2628206757558338e-18
5.418830323855602e-20
6.221680242326182e-19
3.642168807652253e-22
5.9820079845092504e-21
2.495698162360596e-19
5.840442929880475e-19
2.69381420621323e-23
6.616101830150963e-22
1.6762511388067043e-20
5.353281514234417e-20
2.8657846422580133e-20
8.843730262849817e-18
5.077652989714677e-20
2.518800390863275e-22
1.6157200346017306e-19
6.488375541773251e-23
9.728158490150593e-21
1.985370839785236e-20
4.417683759934034e-20
1.3178833225321456e-20
3.2312713356457935e-19
1.938508835795295e-21
3.0560480125643847e-22
6.727532155111885e-17
2.2570254372154736e-21
1.2828956455714045e-22
1.1915507040538043e-21
1.509850970758238e-17
5.719733745433949e-23
6.887364358748807e-20
2.4683491805787863e-21
1.6122906805029738e-21
5.411525297921672e-23
1.5714100715738524e-27
6.75854349605505e-25
1.3060482991639086e-21
1.0447138927429344e-19
1.8006196760584648e-25
6.82329341529698e-21
1.7080827802353652e-24
3.3478834528009805e-22
8.94983042364447e-21
2.0913341272853022e-18
1.6518660083327257e-18
1.484912776140218e-19
1.4383849123363758e-19
1.206157539109836e-21
3.571135416542337e-18
3.3476778135528315e-21
3.865141996546524e-22
1.3610959608349995e-20
6.515006320870821e-24
1.7434663663236615e-24
9.071110635019861e-19
9.12900283886018e-29
1.453877549227357e-22
8.259605135439054e-21
6.538769823362008e-21
5.670996279347083e-19
1.158883361179795e-21
1.4487522009510828e-22
1.828887646137317e-17
8.150026341763434e-19
3.371583391086708e-21
6.19047375222592e-23
1.522876935375733e-20
1.4458594434792634e-19
4.614477714494144e-20
1.3645096452131233e-23
1.9422279271742018e-18
9.327632196861067e-20
5.994145541004851e-19
1.3452682447008727e-16
3.4064461055155413e-22
7.617514903543335e-21
1.4950290690667162e-22
4.526690167127533e-23
2.1683671272454468e-19
5.610211364655415e-20
2.87550000160275e-19
5.405119117258072e-20
1.5761350699416224e-21
6.4585217408043e-20
7.189953736765228e-19
2.356764569502216e-18
1.194995609092439e-21
3.9499973220982624e-22
2.779580221346179e-18
6.028579718230732e-20
4.997291662691305e-19
1.5200332018025606e-19
1.2623776958462673e-21
1.1858617247125875e-25
1.1498997511431068e-22
4.270800000922716e-22
1.0912027752423228e-21
7.576896853694966e-27
5.711297806224011e-19
5.871526969632171e-20
1.321122318796174e-20
1.717481462738479e-19
3.161181779582973e-21
7.058642641592804e-19
3.4381724662891866e-20
9.91859425759384e-22
1.353080124764296e-21
3.972674511477076e-21
4.160486256020782e-21
1.3267665152328068e-25
6.888260061148326e-23
4.160278631373018e-20
4.6637538276150364e-23
2.5450226964566875e-21
4.915887790076666e-23
1.1352229568260618e-21
3.288022633614527e-26
7.192285697757014e-20
1.2536903624681496e-17
7.242164983053158e-25
2.55855395988596e-20
1.6290842432602908e-21
6.578461707295006e-21
2.659972208954446e-22
5.922446067082587e-20
5.137009456245676e-22
1.0372114588598683e-22
3.7432296415190498e-22
4.28617213089565e-19
9.585941768716155e-18
9.384051501351052e-21
1.2933217510930802e-22
6.488143570811426e-21
1.5616340335092457e-21
4.6526596771095234e-18
2.8393475401702667e-24
5.249833125840432e-22
5.514210057188505e-22
2.004316003486695e-20
1.755207922733724e-24
1.4297157395953495e-25
1.3934471360143915e-23
1.6492758653056231e-25
8.30532517718546e-21
8.230666498745422e-23
2.104966240287186e-20
4.7402556210484215e-21
1.2096538418969613e-15
1.9591668386382685e-19
9.028429832949963e-23
5.195771430900347e-20
8.911503682193007e-19
1.591092064863396e-21
4.149881190598215e-23
3.0708317495839896e-29
3.5250268425943735e-23
5.34219478565433e-24
1.402073748944351e-19
1.5815960247456146e-18
1.8051519734803094e-15
1.6143790839446536e-20
1.8238732588668466e-19
2.8406761218197745e-20
2.7418164424484886e-25
1.9686810263855273e-19
5.1331005829148676e-20
4.650316444724711e-22
2.484005278025516e-18
2.0549023076348076e-20
3.609758976600041e-23
7.00594138703685e-18
8.403883128932312e-25
6.521272240683769e-21
1.2524867660703752e-22
1.0159759725715498e-21
5.933574003402538e-22
2.27214192473097e-19
1.452368970134649e-20
7.722319190065578e-24
1.6218624098248655e-17
5.855265416196914e-20
2.6034634415041997e-22
4.585324097507056e-21
1.7452871775384735e-18
5.2401817412556265e-21
3.644637318303768e-20
4.9371687407957855e-22
6.311172569135219e-20
1.3241112481442687e-18
1.2172137051954724e-18
2.3771824892485486e-22
4.961262005782563e-18
2.258598050258407e-23
4.53225193268266e-19
1.334904623766875e-19
8.090983967243298e-26
1.6478274036525462e-20
1.030558940856261e-21
2.347082663853295e-24
2.0047385398188435e-23
2.3640383221693493e-24
4.1785920740534027e-20
1.50947697541559e-22
1.0008079341690806e-21
3.973150928446126e-23
1.6883255757187846e-21
6.55517634386428e-23
8.3635453193559755e-22
4.9795996012255454e-21
3.8225114068575695e-19
3.4426187384694105e-24
5.647752141345628e-21
2.4933513040589616e-18
3.307317298670742e-21
5.872236188651514e-19
3.530301866767172e-19
5.132105566129388e-23
1.3810627288280453e-22
1.6229266714397067e-21
1.439830265277413e-17
2.8461469902426045e-24
2.3603361545624703e-19
5.601505932806742e-22
3.5208395359215606e-23
4.936606012737756e-19
1.2488219746596094e-24
7.555998272290595e-23
9.636642659589857e-18
1.2516743378230803e-21
1.3450602765372472e-17
6.366933635305848e-24
3.412137372648023e-26
1.012517227313963e-17
2.938745307490155e-18
1.384230904874335e-19
2.22843394235487e-27
1.4882724483609071e-21
8.159314690007948e-22
5.148621359553728e-22
5.166730262291992e-21
9.519860158931611e-23
1.96889959301804e-21
2.1269428255245443e-19
7.828698532806714e-25
2.283383998683353e-20
1.434391177220336e-22
1.7533643750132586e-22
4.3069390173830524e-24
8.648614727910318e-21
3.3947712767911205e-21
3.9753579139343735e-24
1.749004372848887e-19
9.041775823471035e-18
1.138935901570018e-20
2.55457205375653e-23
1.0683284157863279e-24
7.988072877531042e-25
3.443032230104566e-21
3.6984339094876257e-19
8.148178150292891e-23
1.3614240577846296e-19
5.926030418443658e-19
1.3009083586707066e-19
1.5814551268929658e-20
8.26305696696794e-20
3.3177214288616236e-24
1.567476610579424e-17
2.0731168576410533e-20
3.880767687269528e-19
1.3640661976201446e-18
3.283143714896105e-24
5.167488534645459e-18
2.600831604811337e-23
1.2536615709235026e-21
3.841616832246782e-24
1.15515232255202e-19
1.434837392095318e-23
1.8680941299714508e-18
9.354671430287704e-20
1.4156711194457466e-24
7.39615259826997e-18
3.339345901433444e-22
6.900647254124346e-21
7.957817343373458e-23
1.2434382504761593e-17
2.5746430137286247e-25
1.5720856400906022e-22
5.316611878506223e-28
3.341868600495499e-21
3.0164684491245315e-21
2.6675139883110414e-24
1.2103999533946035e-22
1.1881008219642268e-19
4.02223414499991e-24
2.532491935604924e-22
1.9002655873116526e-17
4.458767759747042e-22
1.1120352300592704e-18
2.081746470853558e-20
1.3883954170542766e-21
1.3177925325904695e-21
8.278461006397578e-22
9.262176817732865e-23
1.3581779593659834e-23
4.883989449765672e-17
9.20887057936544e-26
6.4336693174200106e-24
1.2735823824776042e-27
2.180425681479875e-19
2.159094506976176e-20
1.9981788126393e-21
3.463918169192873e-22
1.8936084238311402e-20
1.2018750408662599e-24
3.928671462011833e-19
1.0166838130314538e-19
2.1222499388592837e-23
1.113189760502752e-19
4.8109906579239047e-20
9.013705686797776e-24
4.626122066494061e-25
3.216747291871234e-26
5.189628711951554e-19
2.6453057786203162e-20
8.476706814517285e-29
1.2211755602906945e-22
3.6408272477755855e-20
9.157444997660227e-29
1.4101771688223202e-17
4.4196668978283155e-17
2.921118471838557e-21
5.553099327194214e-21
3.573439410207859e-22
2.363642482568329e-26
7.257713883163483e-21
2.9820118500046097e-24
7.325678395828625e-24
8.350912294471286e-19
8.435963511015557e-22
6.864735249901249e-20
3.975310905635986e-24
1.3978203084523942e-18
9.52531706711433e-25
7.693447022635927e-24
4.878334546129623e-23
1.6482816679186576e-21
8.987492223841845e-22
1.9224902743963864e-20
6.323391163122911e-20
1.2123706834391818e-23
4.1102415047392965e-16
2.5023058591808037e-25
8.101469486077807e-20
7.940549912476109e-22
2.2270448875669697e-20
2.63214293341336e-21
1.0281515408067353e-19
6.126462838307807e-22
7.743808369918321e-21
1.6182225536908947e-19
1.6985077484386785e-22
8.056682835204943e-18
1.2855078628842906e-20
5.1374369383568454e-21
2.319751539047384e-19
2.6189530160825996e-20
2.7270194123872044e-25
7.414937692885746e-19
4.15032586733124e-19
3.4753329577971396e-23
5.236707747888989e-19
3.869742756473837e-23
4.265231523474472e-17
1.0269963413801985e-21
1.4356689443130003e-24
1.1806656247296278e-22
2.842643099108063e-21
9.115559769736525e-24
4.427625253811293e-23
7.560254521580378e-29
2.1498459134533084e-20
2.2054656197306662e-20
2.8622976617721948e-21
3.286333501610845e-25
9.766132199373083e-23
1.1974327982703836e-24
2.492212120811434e-22
3.1957170617381594e-19
2.8840315151488704e-23
1.8579914124720922e-23
3.920707512850628e-23
8.649463499244789e-21
3.2176824128624295e-22
8.428891090060261e-23
1.3282064133716007e-21
1.2097586653952566e-26
4.0722197163319357e-22
2.3017974272875333e-19
3.941398891796548e-19
3.2863637335331417e-22
6.489635702170882e-21
3.818659798015285e-22
8.331381663971727e-22
2.9458600536870165e-20
1.0588546857872226e-18
4.488285076834648e-17
4.561371849090812e-21
4.239792868060873e-21
7.382989067956495e-21
1.206383421808223e-26
3.117077779552428e-19
2.0161588792916582e-21
1.367585405972755e-22
4.190792820772568e-24
1.1806428424432846e-23
9.973874974875725e-24
1.2819240975786766e-21
5.620286558930529e-24
5.325023783014687e-20
1.5303219823498363e-18
1.5482142406339851e-21
1.6590050599805176e-18
2.1115841599403435e-20
1.9511202652141681e-19
6.5653714965958325e-21
1.4589641374467092e-21
2.9042968195574127e-19
9.842406242148694e-18
9.625930465457948e-22
2.850304913770742e-22
2.7370190083555777e-22
2.6033569340673974e-20
1.885121272470545e-18
2.325183343584692e-22
2.8168265555180684e-17
2.0094863447068323e-24
1.631982415159325e-19
5.357798016528487e-22
8.1603971729073e-27
3.622900923496115e-21
4.734504842909177e-24
3.012490701062766e-23
3.364977381935328e-21
2.944877770371802e-23
7.566427585856242e-25
1.6420073223198855e-22
8.21641965783705e-28
7.226473341381915e-19
5.335297923987914e-26
4.024860751742605e-20
4.256680590281328e-20
1.451538677413619e-22
1.7556738202076612e-22
1.7971440005141394e-22
3.0273896396501425e-20
2.5422972663933833e-23
1.5889201834337076e-21
5.715273521165173e-20
2.9878052788623345e-22
2.592743483033149e-19
9.340458573026156e-19
1.3700677170591127e-20
6.359629034354092e-26
2.625278836277487e-21
1.1664991046697124e-20
4.950650208247211e-26
5.326356016020541e-26
6.843455716787646e-19
1.1738529778076697e-22
2.779112808788897e-25
6.563854912886109e-20
9.880115763540902e-20
4.908200585297786e-21
2.981672813947294e-22
2.0229597664165607e-16
3.583776089457964e-23
2.2794527004598236e-21
1.494645937866799e-23
1.0771278098956813e-18
6.911530236016479e-24
6.0332362140583724e-21
6.922487187347275e-19
7.748820110726787e-23
1.883554296032976e-21
9.503804877129647e-19
1.305089188308527e-25
9.52674007226815e-24
8.892674219400626e-22
3.6101000555465616e-20
6.268227210773152e-23
4.0238530350829474e-21
8.819189786094391e-25
1.1895519369751464e-20
2.913955381903657e-19
8.226890753450339e-19
1.593992593014656e-26
1.4839331511437484e-22
2.4832001347497116e-23
1.2835536343370944e-24
6.833887317525836e-20
1.6312896576751895e-18
1.1065099342384702e-23
9.063676413964896e-21
1.0058169389692269e-21
4.0287776751580922e-16
8.605502905189658e-18
1.0367908914987045e-23
5.284660095920577e-21
2.909911015728726e-24
1.6132254927785053e-22
1.832096075032145e-21
1.4036315036046984e-18
7.643270812107028e-22
3.093281610572262e-25
1.3072674782852136e-17
1.2160697804825652e-23
7.37055987767779e-22
2.608111608776483e-22
1.473143251953166e-20
1.2859873380841038e-23
1.5150477662259756e-19
5.813923914651702e-20
5.197034825299389e-19
8.367797481758638e-20
6.490092205657419e-23
2.4482934130979925e-27
1.2381621654205116e-25
4.713638430359862e-22
4.8967477020580493e-23
2.1489874838843976e-21
1.8773097089654971e-25
8.513754340486935e-22
2.5191754511709037e-21
2.123212586555673e-19
3.712250146881562e-18
9.367661100085494e-23
2.1666445614285557e-17
1.948527108775724e-21
3.990062047822885e-27
5.46082110392326e-22
2.6398026852817153e-19
3.3525094215309004e-27
5.9373485662191626e-24
7.946712721849551e-21
3.405323244981792e-21
1.0775117239136567e-19
3.3278688867525348e-21
1.6106200435222278e-23
1.0867589542868444e-21
4.220187510677519e-20
1.7275132315790353e-26
2.2629637685462424e-20
1.8834787256507072e-21
6.641270926821229e-22
9.236066258893954e-21
1.0754491811154619e-26
4.945198253412468e-22
4.126438077505971e-17
1.6912132038666405e-22
1.1386842140108775e-23
7.140487005334857e-22
2.1316913959035444e-21
9.647681115452146e-21
1.5789778836629712e-21
3.0587393571368283e-18
9.84674062599042e-26
2.141643481313503e-18
9.57707954425579e-25
5.824812118644274e-25
4.472247903602399e-20
8.696705167240254e-23
2.103217302268321e-26
6.374449659728515e-17
1.0499765477255757e-21
5.112895264717921e-20
4.171887507056936e-27
7.848408138698755e-29
2.8819521137118834e-22
1.5440467194676188e-20
3.2819380154528233e-22
2.4191799313614264e-24
2.6503408735511188e-20
3.27231544526028e-24
4.164474983256943e-18
3.8213556887740136e-20
1.1468447381107907e-20
3.993464333000361e-23
9.741051468147645e-25
6.664952204465188e-19
2.845092507483106e-23
7.387905350618643e-24
2.0011675275044724e-23
3.510259687379982e-21
1.9862272451071854e-19
3.003594311601918e-21
1.0033645151663374e-21
3.881045472125757e-19
1.0230600782536341e-26
8.796227791327137e-22
3.062102643021204e-22
8.630238989642785e-19
6.502358309917218e-19
6.361100396735654e-20
7.427656371806275e-20
2.3400704569044995e-25
6.6554173429273255e-21
3.66371691544028e-20
1.0531589398337484e-25
4.1879817999335325e-29
5.567715556685571e-27
3.626197907493868e-20
1.1750710800214718e-18
6.328823212395031e-23
1.0977102380030116e-26
9.530733035200117e-26
1.670751609715727e-26
8.75402396016264e-23
1.4980426019612418e-27
2.014122680444821e-24
1.916850502193829e-18
5.261048612098902e-19
1.7107498628888126e-20
2.685678693422678e-23
3.653859392062763e-22
3.60610467474686e-18
2.2918409923104653e-29
2.0846798091884634e-20
1.7540062939164632e-21
9.260288582612208e-22
2.2885026652821448e-21
5.988382947593696e-19
4.069413550282547e-20
4.9156690395774414e-20
1.7087830384668535e-18
4.0205720505533584e-17
5.281493827253704e-25
2.0609984273018607e-21
4.962395697592092e-22
1.1623088586151363e-20
3.6556395173932003e-20
1.1685730205405813e-22
2.2527815384684672e-21
6.134307475699074e-23
3.5294191579067592e-25
8.537153297028598e-21
4.51590846654237e-21
2.7326646226367317e-27
4.289578528679131e-25
9.995695615455806e-19
1.0628202055407581e-19
1.0714131496675988e-28
1.7110636319763176e-20
9.26617149115312e-18
9.945598736623687e-23
1.1518703454543862e-18
3.2593745619054504e-22
2.5772879191643866e-19
3.489805110661375e-21
8.008006061428027e-24
7.53551961903057e-21
6.870881580216445e-22
1.0100885089502855e-22
3.197146251899997e-20
1.4289965421399602e-18
3.8586502322338325e-23
1.3139215462909052e-19
6.873083642522231e-18
1.223254194848124e-20
1.6522182978116342e-19
4.393702934451514e-26
2.836553944706508e-24
7.296182094198398e-18
5.14317620559305e-19
2.357894026742872e-28
3.073754912191112e-25
8.217339669273542e-24
1.2659413201455206e-18
5.3536212964008475e-18
5.274362751841309e-21
5.256915020329869e-19
1.0225228873284218e-21
3.9911123264711476e-23
1.9122092095082493e-26
1.2497552881882194e-22
9.709941125770039e-20
1.225320911610183e-17
5.620106776167896e-21
5.2489040400342124e-20
1.012577635685647e-20
1.3835048260012896e-21
7.9585982336367045e-25
4.590036605836285e-22
9.304766826386763e-24
1.0422838920251912e-22
7.110823181418056e-26
1.5142844280199074e-21
9.71870057829799e-20
1.0499093773393303e-20
1.581897119042955e-20
1.7127204591057238e-23
2.5621507194396195e-25
1.3483035253620512e-21
5.48632487755542e-20
2.604333124216607e-18
2.7008955296317473e-26
2.799397493372763e-20
6.488356382879286e-22
4.7598606682595135e-30
4.716600096581058e-21
1.3158690694194228e-19
8.232209132401163e-26
1.7928406550102524e-17
1.2251824596138328e-27
7.897342885069181e-20
4.3982162476483224e-26
3.4913947011478736e-24
1.040667189216753e-20
2.2894617616056523e-21
1.6437120102420496e-23
2.114526005743732e-18
4.464485616263034e-29
2.612969108479616e-26
1.7134057391162237e-20
2.9446452898393e-28
1.3819248553883987e-17
3.682106250348154e-18
9.158767195362207e-21
3.661785292416521e-21
1.4771230760717983e-22
7.32690997998161e-22
4.183911242243703e-21
6.331916730367551e-21
2.3049426867645858e-21
4.822751865820303e-21
4.17576041887696e-23
7.594010138874527e-20
7.1793780669043e-22
1.2059234753197365e-17
7.565609544936436e-20
9.610931750758923e-21
1.4093703559101366e-18
4.047774460685757e-21
2.8905171381171195e-19
8.505357134674902e-22
5.235690011896777e-24
1.0669227404793861e-17
1.5189160721240055e-25
1.3861612935822077e-25
1.1851924978382463e-24
5.138738870565368e-19
4.105882923876332e-22
5.721881382251237e-27
7.866219204115582e-20
3.295720422751452e-23
2.6580105704723062e-21
7.369549139531677e-21
9.11519571365237e-18
1.6592762207604091e-21
5.194181379451396e-23
3.471039286897366e-20
3.3353618100074026e-27
3.881632041252826e-21
7.2370531532267755e-28
9.460568980069708e-21
5.728918687100445e-21
1.0861535855484134e-26
5.70268590818962e-21
1.5376271039941984e-20
3.9441799607423104e-26
2.596991659297994e-21
2.0287221114241658e-17
5.912878196004429e-24
8.974034735090269e-26
8.842087438283655e-20
2.098863999936904e-27
6.569998175413827e-19
1.0135051727711312e-24
3.675067310135843e-22
2.788147324827985e-20
2.3712895653987354e-20
1.7795514781225966e-26
8.468609661591341e-25
8.339859417293381e-18
1.0371009266886854e-20
1.750240934817985e-22
2.08768664474362e-27
1.4052252245732217e-17
7.43647717769126e-24
3.0318068488190676e-18
3.593297912637472e-23
2.025339334078922e-21
2.3643605606616136e-23
4.6768476884821765e-21
1.475551924997534e-23
1.7120937852681515e-19
1.687134515277278e-22
3.000786975308573e-16
3.441813344991244e-27
4.7901039499699806e-23
3.433981059779672e-18
4.799892771591438e-16
2.6470873101096864e-22
7.72923257800214e-18
4.605034911386721e-19
8.553498081310018e-21
5.8526527701541835e-22
6.162336471747517e-19
4.507599488946581e-20
3.310283407469863e-23
2.677001282736951e-18
7.178401110570706e-25
1.7560962064423744e-22
1.1295309122028656e-23
6.281564519015404e-24
1.924256754422725e-19
4.30749351471525e-20
1.0272822431620328e-27
2.864880537550582e-30
6.705189503261921e-20
1.4364891200643419e-22
7.445086113542212e-30
1.0015635015850915e-19
6.333949103768414e-20
2.3453511115105977e-21
9.018392959603602e-19
4.6704870175384355e-19
2.5414541367892024e-21
1.0267867637980202e-20
6.1809769151438e-26
4.70070209885625e-23
1.1722471534054348e-23
3.049315754035314e-20
1.921215412962149e-27
3.7251062393380496e-23
9.805301494737048e-27
6.701124625644564e-20
6.461737912698817e-23
1.5868014596517985e-19
1.4217178339308546e-21
3.706620668595332e-21
1.8589052194892067e-23
2.766462589024714e-27
3.8218281936742694e-23
8.212794408236071e-23
3.566661868143452e-19
1.2175536632378823e-21
3.462903332007627e-18
1.0258802617525685e-21
1.5050465894290194e-19
4.641094358231455e-23
1.0499401353953678e-23
1.6412132883221597e-22
1.337344490093409e-26
1.8399282410320405e-20
2.288812678192791e-25
1.0581822703340488e-23
2.8070204996844616e-22
1.7688311257436016e-20
2.7451071603125395e-23
1.0069580233860252e-22
2.2918550085620152e-26
1.520469463791129e-23
1.7341192119845473e-28
1.2888350539800786e-18
3.0247370359570524e-27
6.748351077509055e-27
1.189444434817296e-20
5.097626030102897e-22
2.746466825356859e-28
9.780006972481841e-18
2.5643525777053513e-26
6.429160537507004e-19
1.5040681670147005e-20
9.27731090306491e-26
1.341368384978395e-21
5.459942076912961e-22
3.803305086994383e-26
3.746271268797698e-20
2.4345390990817376e-20
1.389102782990565e-16
9.48465719013296e-21
3.4131132099067905e-18
2.735524214668992e-16
4.1570972570665347e-23
7.613608672507211e-22
2.6437135973273235e-28
3.9395445939848836e-21
1.5622273458359297e-27
2.0353422200251946e-18
6.566697736519771e-19
1.989400578492578e-21
6.133687397421863e-22
1.2304521892142403e-18
4.1010133398720714e-17
5.261434062015834e-28
4.3053458667625196e-19
3.3755324965758844e-22
3.9629781378600046e-20
1.0757630006709279e-28
9.918741833315552e-20
4.3203054166946504e-21
7.217528986621903e-22
6.44776728518958e-25
1.6541000803191076e-21
1.9208289667947408e-21
6.783298943430772e-28
4.790071615453755e-20
5.968242339592091e-20
2.05317144967764e-22
2.7778454570492296e-19
2.827287858016379e-29
6.145269925350472e-30
9.324814767698049e-23
6.295446331622997e-24
4.902057213119867e-24
7.35271372054262e-18
1.156673320314302e-27
2.6475716155017013e-25
9.578080561325296e-22
9.326692936489447e-28
2.526133484869096e-18
2.977698518744687e-23
2.2047785610783155e-21
2.248185796917437e-20
1.2881036449757587e-21
1.151562327433836e-19
2.1538258140021185e-21
1.809673545575013e-23
2.307870373876063e-21
2.8206493600474584e-18
2.9697753663082296e-23
1.7250705932063238e-24
1.8598245343726773e-28
1.904857080994428e-30
1.878421152298123e-24
3.036982686878578e-23
1.755511032549033e-19
1.3545737416354172e-19
1.517554294621635e-28
2.572614780043757e-26
2.016937759291439e-21
6.538214324883153e-19
4.289652030613394e-25
4.786213352765259e-25
2.440215797571512e-24
2.89338450623901e-23
3.844394349959181e-29
1.275217626392937e-19
3.0303970931250594e-23
3.091812774505585e-30
1.1056705350566337e-28
4.931412141718952e-18
1.1458735363158383e-20
1.5364460252467793e-21
5.721045966706571e-28
2.3857805181503046e-21
9.638676657114514e-21
2.5588978880427e-24
8.783854370577392e-18
3.607494200321817e-17
3.294085702215562e-22
6.53299636648106e-23
1.731045164046909e-25
1.5077258232357865e-17
6.648528928623842e-24
9.906021720678787e-21
1.989540075580687e-20
4.310752084662032e-20
9.350306708743652e-21
5.4346144856338085e-18
2.4728836388256694e-22
1.1396786525843927e-20
5.081704961920543e-22
1.5676837612414103e-22
2.987390883719094e-27
7.0971735643908995e-25
1.1689541825074355e-26
1.0513902299899478e-19
3.565681690071299e-20
7.268313246875559e-27
3.263978432097505e-28
8.398123046046955e-26
1.3073084893935986e-22
5.392447909482317e-23
2.89485635830472e-20
4.1580805978972285e-19
2.773873712915139e-21
1.8691371893132259e-19
4.1619645300851634e-21
7.590398168839528e-22
5.13648508550656e-19
1.6802397679411465e-23
7.0694616406249e-23
9.533276391501578e-24
1.7180270300610056e-22
8.836541060144875e-19
1.226730424778063e-19
1.8225302234402235e-20
4.4051945162001805e-20
3.5097054968285395e-21
2.0633508330529806e-26
1.7800983979691558e-23
3.0460917193309283e-24
2.3455822806846915e-19
1.1920458125557774e-19
5.322951151006139e-21
6.6787511112469175e-28
7.084225192777861e-28
1.820075756046409e-21
1.879097724810742e-27
5.214777006445064e-19
1.2293258099832905e-22
1.0723801734669963e-28
7.397452293526715e-20
1.2075611328788771e-19
1.0993407909852233e-19
3.9648337140247187e-17
4.160305512456312e-21
1.5666079941628668e-18
5.308500278907635e-28
2.4984175794120403e-28
9.568468368906137e-21
4.421053392267427e-22
5.980026325839417e-18
8.270427475568154e-24
1.011411032676444e-27
8.59408157565646e-22
5.505646481290847e-28
2.224496450862534e-26
8.8535508590549e-22
1.630341158725646e-17
9.824512377414037e-23
1.3377756477329308e-21
8.560779179291278e-20
2.3244156074650655e-19
3.3406333648382876e-30
3.6074897997561484e-29
3.8496666725593086e-29
7.259246015772531e-24
2.748191669010959e-20
1.695739457856096e-23
5.610480994076262e-22
1.3455981387660248e-21
7.088548218779067e-18
2.0525267356952861e-22
1.203710131802064e-21
1.952205955746848e-26
1.374256362384626e-22
3.57538651157022e-21
6.977854946721383e-19
3.8034429314639395e-29
1.5478498634202245e-19
3.7470530259807056e-25
8.072196558754493e-22
2.5664027259306795e-22
1.1776123102387796e-25
1.5380540171917462e-16
4.5924901944045444e-29
7.395658807367815e-25
1.4183656705435565e-19
1.50036321321122e-17
3.701740606458761e-28
3.1145674329761062e-22
1.6695427521703442e-24
5.4111689958086304e-20
1.7012568510803864e-28
7.542475800100568e-21
1.5801048816051048e-20
6.0257441462313254e-27
1.1132925519436912e-18
7.416776090465524e-27
7.582737605219144e-21
2.257402281336527e-23
5.2545557989200826e-20
5.292025401740767e-18
2.4427608801326266e-29
2.2764727801725887e-21
6.505190623648483e-26
4.3807468002501344e-27
7.309438949518954e-30
3.233271986705771e-22
6.058077729839663e-20
1.6254237040948464e-20
4.010992993617572e-21
6.1222742840190095e-18
2.9859417090102864e-25
2.544520889754639e-30
2.4318908138790166e-22
9.377102479459786e-21
3.0433770090016673e-25
8.006391264580467e-28
3.376504083747031e-19
7.53975654702257e-25
5.156594604101676e-23
9.145209055269047e-20
5.754596460363812e-24
1.226913640101004e-22
1.7244255784201995e-30
1.3486973989103955e-19
7.809218132120403e-29
2.8798450318375743e-25
4.975655861910503e-20
3.6520368702664287e-22
4.9407194278348184e-20
1.0705594925305e-26
1.8977181573688398e-21
1.364187106987684e-23
3.764893750178803e-27
2.2955895617630723e-21
8.44556974867044e-21
7.78217071198168e-27
1.6605323507562145e-18
1.1455532567495722e-28
3.331682307701484e-20
3.968784772290692e-30
1.2668189106650565e-22
7.919808742912757e-20
9.729380308646142e-21
5.7018105889888585e-24
1.4156725815397255e-20
1.5443609360056083e-18
2.798672975283404e-20
7.641094105679989e-24
1.2305295723048595e-22
5.236340792081264e-25
8.509605036820499e-26
8.145908853377472e-23
1.5589492038731036e-19
1.1537104593561e-26
5.057498014501585e-25
2.7518453825513593e-18
7.655521078734993e-22
3.982880847638803e-19
3.3191934766476186e-30
3.735956637236915e-22
1.235394945076159e-22
1.3101858530160455e-21
3.0735564302775626e-19
1.6538555958480184e-22
1.5069791100958792e-23
1.3707086913576585e-18
2.935381561713175e-23
2.9593089351664125e-21
1.0486395586581049e-19
8.630166881384345e-23
5.326242651850862e-23
5.1612799959398876e-23
2.7343102669558615e-22
1.67681142380783e-23
2.0382252806262197e-29
3.301689195409034e-22
2.4763290355303612e-18
3.550394688526284e-24
5.34301877315806e-28
9.49081778136481e-19
3.50568913587069e-29
2.169280666181539e-21
1.358879663261907e-23
1.9004939402995191e-26
1.499612210439079e-20
9.908617421811669e-20
4.038119882779362e-21
2.9386549608663725e-27
4.311635404423761e-18
7.319894399773719e-25
7.93361633412754e-30
1.4831183638133015e-20
2.1759687350215857e-18
5.63246424268264e-22
9.145819621107317e-28
7.336250958912296e-24
9.815598654482105e-25
1.2476514298291468e-29
1.724138677020507e-19
1.7661912144975265e-19
2.4202904295897033e-20
7.432176262833601e-21
4.851710759610671e-27
2.4783358707129816e-26
1.0503114921207322e-19
4.826963693798505e-22
1.1975634686633266e-30
8.090318454380939e-24
8.24070260022552e-21
6.094651849548875e-20
6.324647800707326e-21
8.205168769360668e-23
6.604269667241616e-27
2.2001330129432445e-30
4.697642457984282e-29
8.38129840892979e-19
3.559631337129318e-26
6.6405725386092265e-21
1.1944935663469183e-26
5.523302193701201e-23
