1.3307834693889331e-14
2.611516502523403e-17
1.9792172530797244e-18
3.9130407100375164e-17
3.3542914115004135e-18
2.2925714161390213e-20
2.5477181171207222e-15
1.0933693743812485e-17
1.328618287672378e-18
6.445705620219945e-16
1.7196231393066985e-20
6.806332898309556e-17
9.760816371590731e-20
1.0051793852411171e-16
9.827585482724362e-18
3.572586363564727e-15
6.5363563033040135e-18
1.0437002635044493e-17
1.1285087276418803e-15
1.391321186616922e-17
8.131946924836241e-17
1.276517051440054e-16
2.2413305318844744e-16
4.733181379308794e-17
9.449054077450968e-20
4.997946871305502e-16
2.3847896127920498e-17
1.291306582882672e-18
2.3635210259060763e-16
6.571931509317437e-17
6.108621332637904e-18
1.8497255500193313e-18
1.6068024831771677e-17
6.180720353197216e-17
6.4622031872162335e-18
5.152424726164515e-16
5.028310754503198e-18
4.4158418743048175e-21
2.5372443353058554e-16
5.771664158633674e-17
2.3058720495665596e-16
2.935415651667571e-14
4.839773797817567e-17
1.833885952809765e-17
2.4109186579549133e-17
1.518577947705508e-17
1.7424123742446947e-15
3.002297092086882e-17
4.260573958649158e-17
1.415535311377823e-16
1.0172611544777795e-15
1.3291670096147994e-16
1.1980809058375583e-16
1.0727960341830924e-15
2.0330770663465245e-19
4.9296526853940456e-17
7.434163575848362e-16
2.1180310938549863e-18
1.7705697199425998e-16
2.551237455240438e-16
4.7270506263784565e-17
1.5287229467616725e-15
1.1883949582814851e-15
1.7229272475488757e-16
2.8970860431793463e-18
4.4144851230604684e-16
2.895836133791229e-20
3.56251069513263e-17
2.398905353802146e-16
2.917058688051528e-17
8.941630138966835e-18
1.0012703482591276e-16
2.6319627569663075e-17
3.027808809012818e-15
1.8449260129599423e-16
1.3864093468543353e-17
2.9334344971447285e-16
2.2265742596013584e-16
4.1918037757434755e-17
1.1233942915375451e-16
5.283258191568428e-19
1.4986867674094773e-16
1.450239553781918e-17
2.036348690905274e-16
1.1050527771585377e-18
7.187200756814225e-16
1.513439174038978e-19
1.0324683553125986e-15
3.1097017660708707e-17
5.182567413237946e-16
2.999964473357063e-17
1.4217086110559884e-17
2.3125647002107375e-19
1.673392336909614e-17
7.610840367700953e-18
5.2549918980148406e-18
8.274517682477041e-17
4.125511219331005e-16
5.116855627621761e-17
4.179379792680975e-18
7.154496970877606e-19
1.7916414125963182e-18
7.643580336938921e-21
1.8653945595221434e-19
5.518705104617785e-16
1.0815230968266969e-15
1.6730340058496487e-16
1.7469050676150837e-16
3.037888449951756e-18
2.1869100762718477e-17
1.3263808917097402e-16
2.786110815026892e-17
7.847312871177555e-18
3.267991052328284e-17
2.7321398427224543e-19
4.445146918471424e-19
4.995257773404022e-18
2.3769968662256584e-18
1.7115704240994982e-18
2.366848953203497e-16
1.317205949094292e-15
2.5660259755560556e-18
1.0758931803222797e-16
1.2289742590922689e-16
2.0124257999539558e-18
6.403047057076291e-19
6.598677008495291e-16
2.95796072857035e-16
1.1838019915253475e-17
7.386696442892093e-16
1.419994439241559e-16
1.4339898081266851e-16
1.1215605604668604e-17
8.432357596486595e-17
3.5781755989236594e-18
6.084913703563108e-16
7.400752137415678e-18
1.632716994550336e-18
1.2813683501882372e-19
3.5240311273587496e-17
2.4368447378579215e-15
1.7648621031079974e-17
2.5252721294248894e-17
5.523786938163057e-17
4.884068793711592e-17
7.404366885633566e-20
9.588457059221813e-19
6.1705871079496325e-18
2.550628822832293e-16
6.902721272339975e-19
2.0074685239314367e-18
1.9858507687473467e-17
2.395773182359058e-16
6.040060480470991e-20
3.0040860417040894e-20
2.5281145796268545e-17
8.805665903700816e-19
5.474802136636356e-18
8.131383964954261e-16
7.295480261073832e-18
3.9814841715662445e-17
1.4794864429763352e-16
7.6734830137843e-17
5.917768175441268e-20
2.424185125144438e-18
1.0029936585620203e-16
1.3819423116941107e-17
1.2719090235000577e-18
9.646040158256737e-18
2.1184900024230367e-17
1.642077194859574e-18
3.016693801769705e-20
6.687545721969554e-17
1.0183450142365373e-17
3.9721590187035286e-19
3.527118164222659e-18
1.1765434989384415e-16
8.5374820651119e-17
6.184051154053642e-17
5.892297775027087e-17
5.693592643403294e-16
3.013251568806819e-19
9.60610072032364e-18
2.291486579431694e-19
4.920752658881221e-15
6.597652269142327e-16
2.4846716288016738e-17
1.0793973214152484e-15
4.690269296506396e-16
7.76084712561418e-19
1.2070048326743841e-14
3.4691484605920067e-17
6.380018697954642e-17
1.3772578318535448e-16
1.5928427715117386e-16
7.918867130861793e-18
5.53492698331597e-16
1.9458208918159943e-17
7.893987533826447e-17
7.333185394781464e-17
3.7154948950193715e-18
6.087271154187289e-19
6.034084549157768e-17
1.7121065773793213e-18
2.3120571195849e-19
9.451004670862706e-17
2.7513678543393606e-17
2.131744025642799e-16
3.103531894763214e-19
8.917534804430723e-19
3.467444781431095e-16
1.3622902818097849e-18
1.0307399232898141e-16
3.4882093623921604e-17
1.4264851198748413e-20
1.8446080932421554e-14
6.42464137707103e-20
6.361223856652279e-17
1.4520366597088126e-17
2.503957932067343e-16
2.9309351834198464e-17
1.1471578672936e-19
3.7415925309834434e-18
2.805310982195743e-17
6.822051119647494e-18
3.4125322875361745e-18
2.5871443960618937e-20
1.2027385176569908e-16
7.211868717797538e-19
1.4912768125588295e-19
1.9371798250150226e-19
1.1918306782093054e-15
2.4029019317589508e-17
4.0235532950081385e-18
2.2885661344286197e-18
1.965374978166056e-17
2.354323669581173e-16
3.335798924336027e-16
1.2957164044474223e-17
4.786399149245498e-18
6.0499048796154405e-18
5.992341091726923e-17
3.7950477326496077e-17
9.69888876644208e-17
9.156726037507567e-19
1.328973148718299e-15
2.1830845317063024e-20
1.9451163679444683e-16
1.0013279398767257e-20
9.400337513071422e-17
2.3162821747681093e-19
6.533775187849344e-19
1.471488713059171e-16
6.010033715064335e-15
7.12945456748419e-20
1.8622414617954227e-19
1.3726892250137053e-16
3.339691809676023e-17
3.1375970051030455e-16
6.3579276786615556e-18
5.66304098773393e-18
8.212862613585527e-19
5.283351340161042e-16
1.379930312108474e-14
3.0153621390224673e-19
3.8152020932210845e-16
3.066336788418277e-17
1.1551435326960009e-16
6.31057349146965e-16
7.085356125781809e-18
1.3944696678095344e-15
6.058189788794472e-16
1.1334282598611525e-16
1.9841042247541747e-16
2.2561485189330347e-21
2.990340427510332e-17
1.0488954427522196e-16
2.652873470776811e-16
1.7430327258493868e-19
1.6864562691158472e-16
2.6570629371390874e-16
3.2124592647781557e-16
1.7570199182199735e-17
1.143625592927951e-16
1.5648247660971509e-18
1.0014845363937625e-16
1.1438238278284234e-16
1.6747200741493957e-15
2.5504805405364195e-14
5.619614096436118e-16
7.725865012571695e-16
1.004540988845846e-16
5.189188322366042e-16
1.3822681603153672e-16
2.0222206321596537e-15
1.8999948904378208e-16
9.379889429081772e-16
5.946807152478976e-18
4.0979598452734246e-16
4.5678478063310597e-17
1.0586368697138175e-16
5.69380781293039e-17
8.510179209331246e-18
3.8640684130770634e-17
1.3949640541436782e-19
1.092391311912547e-18
1.023302761589068e-16
1.570014824695158e-18
1.8913554913351385e-15
6.523168513359175e-17
7.556128344922212e-18
1.9737716503259946e-18
5.417045155337556e-16
3.513829489423735e-16
8.15492152992303e-17
1.9536532186122062e-15
2.199049180410681e-17
2.70331379876472e-16
5.294490741245865e-17
9.973794258040069e-17
1.0910433538325119e-19
2.6329000901136953e-17
1.477513489725106e-16
1.4483556111443082e-18
9.579860223554625e-19
2.0506174148634414e-16
6.746440908089858e-21
2.6362932877071206e-16
4.1733334196621367e-17
1.1723716559175126e-16
2.6132336528322965e-17
8.032432009361357e-17
3.3104442760774995e-19
5.179699253617433e-16
1.3265764672012041e-15
9.608164265943255e-19
8.906198882237545e-18
3.1970021991888504e-16
3.590314488358618e-17
1.2972043770543642e-17
2.8488441500591723e-17
4.756231014887288e-19
1.0167075194532819e-14
4.906335226579485e-16
6.118787387025949e-16
6.280744438807294e-18
6.836547822679034e-16
2.294343980902484e-16
7.86393875844997e-16
2.219551515533708e-19
4.0059690984247076e-17
3.8794701232902113e-17
3.2869544276806247e-19
2.5126625276928994e-15
1.8453589643448628e-16
1.6721673579914114e-17
6.143833136886351e-17
3.956221792459899e-17
7.0197960440591e-18
1.2087292309550764e-16
8.829337882933341e-17
4.456445956100036e-18
1.223612645510682e-16
2.1824639873622874e-17
4.129560194323978e-18
3.037127490326208e-17
2.447448135203627e-19
6.393277329725789e-20
5.240316892226114e-18
1.4857754468629577e-17
4.3970929688904816e-16
1.129133218615279e-16
2.4995513425625906e-19
1.052660649009436e-18
1.4634911923771793e-18
4.644663619945011e-16
7.018591932993927e-19
9.484229670549576e-16
1.2291114125433385e-16
6.492248172357795e-19
1.078104546888851e-16
8.748484856927665e-17
4.829289115749715e-16
7.07289871203913e-18
1.0433642841239799e-16
4.8983410626738426e-17
3.170495254381183e-16
4.200767218240506e-17
1.0004723046341623e-17
1.5837757770622233e-17
7.474239419162293e-17
1.3627509807280402e-17
3.8681142824170084e-18
3.678124077067729e-16
5.956643893204336e-18
1.0844114446352507e-17
3.49483096143294e-18
2.0525791044080126e-16
2.6249432634829445e-16
9.328290829669077e-20
3.1690592840391084e-17
1.7096454111746074e-16
9.71307569476119e-18
6.824009973174522e-17
2.6560302799078535e-17
1.2381394266730928e-16
2.4918438750014613e-17
1.0743719057716598e-18
2.685729970119147e-16
5.5101575235948266e-15
2.5724096352896224e-15
2.9268905355645575e-17
7.82410159305822e-18
5.181579423009523e-16
1.9715446435846614e-19
8.470844737890683e-17
3.335533063234821e-19
1.4256025489125124e-19
9.306548273674496e-19
5.4138825499465e-17
1.627349486287901e-18
4.9601087085313474e-20
1.1844665184922759e-16
9.461193552160931e-17
1.7705809695862947e-17
3.589232618779245e-16
9.997817689243119e-21
2.2157562100318338e-17
1.7303637465902062e-15
6.124764374787005e-16
7.234808012963764e-18
1.8355221856371275e-18
6.608064161153393e-20
3.2563263022889824e-16
5.922808273541558e-17
1.999115033389656e-17
2.7351905791242315e-17
3.508686847016079e-19
5.704081646588145e-17
2.5072574453281318e-18
1.6177461758191567e-15
7.287045138809486e-22
6.664250759613606e-17
1.3185524859456692e-16
6.302972881309172e-16
2.892807001523642e-17
1.0115403551348565e-17
5.6798230440887126e-18
1.0355147365388137e-18
1.6973048436059048e-16
9.375530234718539e-17
3.946443194136576e-18
2.896599827352486e-17
1.0112828606461575e-14
1.3201867741009134e-16
2.487043813820999e-18
5.82459057350025e-17
1.0010543694116565e-19
4.774526896427124e-17
1.0686221791150817e-15
2.147384806300005e-18
1.6223388437076662e-18
5.586794763793886e-16
4.2916468947723515e-17
1.9966894900492182e-19
3.3462962484686543e-16
5.501947175068846e-16
5.090863811696972e-15
5.1179419578085646e-17
1.4947611544608312e-16
1.2133975336114668e-17
8.905568173457163e-17
1.293004526124638e-18
8.136318779809307e-17
2.6478552508974008e-18
1.6965122066558837e-18
7.459241712840077e-18
8.389222463619699e-18
1.7517468075453002e-15
5.251321267661393e-17
5.415977824335607e-19
1.6153557169430224e-17
2.3706837063204865e-18
9.128639091901557e-16
4.36371694907827e-17
2.4291684367145048e-17
5.242980991668996e-18
1.9769524405153573e-14
4.3011058136149597e-16
4.9046844034981023e-17
7.177882702197403e-18
2.3925661510616833e-18
1.4612068806655277e-18
3.490117045336945e-17
1.0139935417462668e-15
2.5692586637819633e-16
9.356672978704786e-17
4.512061233498442e-19
5.2980341576929955e-18
5.320036846808733e-17
6.895506858174895e-17
4.790124977278395e-17
2.563472279066583e-16
9.461604814623293e-20
7.161877315439476e-16
1.892250896285651e-17
4.409262863859411e-19
1.9378930165009516e-16
1.6258825372484418e-16
1.5143497788460056e-17
7.907980651012181e-17
2.9506973793764697e-18
9.307816976863295e-18
6.417621953281795e-19
3.447220530343962e-16
1.916759554601643e-20
1.4373914267088833e-16
1.4383064640406354e-18
2.4374642837611333e-16
2.4395122664728988e-17
5.879854145643358e-17
2.6023530703910537e-17
1.6737391152373912e-17
7.620293599521206e-19
7.036314424646861e-18
1.7252807068386738e-18
8.482316566434207e-19
6.203430897624005e-19
1.6296383181660698e-16
1.3658106258496688e-16
3.440798961261427e-17
1.4532301715096146e-15
1.8230507180289565e-16
8.764432241186268e-16
4.1707583192638154e-16
1.8329936905051252e-17
1.7637324571368208e-17
2.089486896704733e-18
1.7111653294419368e-18
1.2544229908975395e-17
1.4058760648519197e-16
9.951430415672107e-17
2.8790898191977063e-16
1.217297262152818e-15
2.0084937002328687e-15
8.690509890671655e-21
1.6804015440067547e-19
1.552580222934443e-17
4.3427680841804494e-17
2.5876942597405117e-19
2.1182868017639852e-16
3.9327704968747317e-14
4.9488438595186e-18
3.1223663677613974e-17
2.0267118588515698e-15
5.1990877391740286e-18
8.122120362169157e-17
1.852809870803125e-16
6.18769731283787e-20
1.0439258539310201e-16
3.3761054566266834e-18
1.1386682764285223e-16
3.440109348946059e-20
2.790039073841193e-16
2.2767758097328052e-17
4.067698668515347e-18
8.07439002846201e-18
9.736460154014763e-19
1.4991459581212593e-16
6.1597922147164575e-21
9.850804321618992e-20
6.133409737663164e-17
2.6699635227366272e-17
2.4780872398081127e-17
2.9689549581586773e-17
1.6326641042676028e-15
9.890552413559813e-16
4.4471452138131306e-20
2.4263817321301083e-19
1.6571165238970934e-16
1.1454916184195714e-17
3.2707133240998857e-18
9.40221287920389e-19
2.4300506785338684e-16
1.676690770806023e-18
3.027431836705645e-16
3.5069403999539264e-18
2.7520004754939453e-15
2.5206507283559994e-16
1.6979682728346263e-16
3.3609560848491084e-17
7.731000702092608e-17
6.534886800986612e-17
2.665850889819572e-15
7.648463085930056e-18
9.136522752045849e-17
5.041692802084913e-19
1.2142934683560404e-16
1.1630029194288006e-16
7.645381240870757e-18
3.370145441989011e-19
1.29941340945928e-15
1.8927969631310438e-16
3.063860662284772e-15
1.0720120291657217e-16
2.2405313105660818e-15
2.509406999881783e-15
5.821456387794982e-17
6.579635375831498e-19
1.6181019056453001e-15
1.8957369785818123e-16
2.145719256443378e-16
2.5574837013524097e-19
7.339760991479633e-18
1.2314451717633092e-15
3.092072433168381e-19
9.603845959927097e-17
2.8630295397067932e-18
3.6499569380202996e-18
1.3387922875921146e-16
3.3927209882872527e-15
1.3904627293790955e-16
4.6145842666323493e-17
1.34102467162833e-16
2.1588505481302463e-16
9.599219815375884e-17
6.210216423909756e-18
5.963685117284794e-17
5.807895161308702e-19
7.472988717465716e-17
8.687314179717309e-17
3.1900307039576505e-17
6.8982117717529104e-18
1.4314888404510391e-16
3.7992752065075706e-19
1.40050853112992e-15
3.2685215010276933e-16
3.6518950874846065e-18
3.431633743463262e-19
6.919104994655018e-17
6.224361346107321e-17
3.699713262041757e-17
5.3537878581693524e-18
2.274502850509245e-16
3.5393472589915234e-19
3.046840176532398e-20
2.6077326535746867e-16
4.801892394044901e-16
5.43398509568501e-17
1.992887671492981e-15
2.5011833446958693e-19
4.538776558489715e-16
8.26913119227808e-17
1.1545213409349158e-19
3.410183827969448e-17
1.1400812452224727e-16
4.636461998551e-19
1.4605895702488144e-18
2.1140696377712615e-18
5.0754279556980574e-20
1.694940605997733e-17
7.378515587452036e-16
1.036527376802962e-16
1.8308956906720133e-18
3.187244539585725e-19
2.2121660278303703e-16
3.5892645951486548e-19
5.99607393279365e-18
1.2348964407663402e-17
1.011499169557334e-15
7.229486924557223e-20
1.2968838193791276e-18
4.544338873964087e-17
9.296512376281942e-18
3.228816302332521e-16
1.6527869289403191e-15
7.190732224322586e-17
9.281438804049405e-16
5.039460838640422e-19
5.155157518572769e-17
1.7894808180902335e-16
8.269661697984912e-18
1.9647407966961833e-14
1.1173554212986072e-20
2.185760079188602e-20
2.1581846625406974e-16
4.699355531444276e-19
2.2052286592182605e-20
2.6720071601248048e-18
3.683766967714248e-17
4.346758050400683e-19
1.241773810116956e-16
4.759166956461e-18
2.792512812829319e-20
9.279085351167819e-17
2.38452720394569e-16
1.6292322239567006e-20
2.5853678428858153e-20
7.440224322752087e-20
5.243202453543606e-19
1.5555507801539377e-16
2.236837156129938e-16
9.260829608369656e-16
1.171967498897979e-17
6.220553385694405e-20
3.1902115775550664e-17
1.8880084215796323e-16
1.4584963363975245e-15
7.685785318840415e-17
6.52117227164977e-17
6.732736907057089e-20
2.3305687076294944e-16
4.637500482025019e-17
5.357441195585215e-16
7.624425664563562e-19
9.287871643256505e-20
9.313003308959813e-20
4.856623375359194e-16
6.754127204401242e-17
2.015751251306878e-16
9.271546095994791e-19
6.714786732676322e-17
8.550254261431656e-21
2.7512520133702606e-15
1.698351482103983e-17
1.4158220917413727e-18
4.926253316999786e-16
3.2642744427393645e-19
5.077663331760459e-17
7.506682034595734e-17
4.6861714331130044e-17
6.434872399024145e-17
4.690740251560286e-19
2.1081238038421988e-18
1.2585039620692428e-17
1.9883557925648226e-17
4.710652314767007e-16
1.0167575123289738e-19
9.144169178160495e-18
1.8853714773495347e-18
3.02507434372286e-17
2.800181474007366e-16
2.755998604611554e-20
2.177227606092624e-19
1.8085591079716165e-17
1.7123366441905904e-19
1.6949933799962683e-18
1.0495982715609759e-18
1.1783197369685042e-16
1.0700721404392568e-17
1.922904262299267e-15
1.1000153275579866e-18
7.949324507847451e-19
2.126259085631059e-17
5.883815809955321e-18
1.554983935694804e-16
1.5140667711918074e-18
4.26546520882937e-19
1.3753431842923545e-16
2.75540545928383e-16
2.961417379585184e-19
8.082471062508988e-20
1.31237342337857e-19
1.0745084441299748e-19
5.109061057669431e-16
8.166861484356275e-19
1.242494007474281e-16
6.496988478663648e-21
1.8823412945785966e-19
3.0169328579791573e-19
1.1348930677026777e-16
9.094549000947676e-20
4.2192924547419117e-16
6.570278660936009e-19
6.578251072683495e-17
5.35739617765986e-16
3.2551367253873836e-16
8.84058608462184e-18
8.989661654289895e-16
6.202821186456919e-18
1.996815471542279e-20
1.2891366283985036e-17
3.195204388040184e-17
1.164622387438566e-15
8.033923455469653e-18
4.2616121503451196e-18
7.816915272654264e-16
6.519158851378981e-19
1.298594490462199e-19
6.723100714901066e-16
4.1105732451267926e-16
8.341930940835062e-16
1.016376829317316e-17
5.891176542061142e-15
1.5535445942888887e-18
8.955365341504903e-16
1.1084198231244679e-19
4.1170818825410544e-16
3.88672443159241e-18
2.2344015712023813e-16
1.045742484980402e-16
4.1916829620347517e-19
4.585497055198897e-16
1.6693723925342428e-15
6.747441546759249e-19
4.389133579496409e-16
2.434832359032709e-16
1.1258970211853127e-17
2.6939773490806236e-20
3.728546292676998e-17
2.756522203043247e-16
2.9065879840819455e-16
1.3517098269460838e-17
1.7345317877324108e-17
2.4608576611473645e-18
5.303268932423342e-16
7.402800360096925e-16
1.2793742787858395e-17
1.394220113749994e-19
1.5999317249462375e-17
6.453658601331601e-16
9.828221310351766e-19
3.628257061786766e-16
4.9006009210578636e-18
2.2737177804579294e-19
3.1028783044607564e-18
4.460417953993546e-18
6.523733204060682e-17
1.8913958455894485e-19
1.9602184291393838e-16
2.5596505969577306e-17
3.6071718652519665e-19
1.492922689911043e-17
1.4542907725459354e-17
2.3682996131479012e-15
8.369662184237412e-18
4.205005797800142e-16
7.575536869857116e-20
5.798311588365175e-16
2.886927607890857e-19
4.993494004524559e-16
1.4377884583386976e-16
8.643164486066236e-18
3.4635425441566545e-16
6.009113769617038e-17
3.2270779981853467e-18
3.4791395784435126e-17
2.8597738732970834e-16
2.4217630081277665e-20
2.8912303440747886e-15
6.961036006657143e-16
4.831119590842542e-15
7.938707886745123e-18
1.923391302272513e-16
4.217501661347409e-16
2.2316558931862625e-15
4.670631507234738e-16
2.477041310139713e-19
1.1898323750523822e-17
1.1682870105503438e-19
1.0246777043757552e-16
1.1140425377024611e-15
4.83572784860815e-19
1.560747413352972e-17
1.6997462008809747e-18
4.2600766316705864e-20
2.8051320568912153e-16
5.3890204460897684e-18
9.66730316479294e-20
9.148347897324397e-18
9.841192252708015e-17
1.5476278298680384e-16
2.2825495343182923e-16
2.012988413367976e-18
1.0015738683512055e-16
4.4020809853949543e-16
1.964880804222852e-17
4.489948667185691e-17
1.1043745755885136e-17
1.393189831534094e-15
1.0980609248524122e-15
6.464033442692537e-16
3.885941531446348e-17
2.03404125225697e-16
1.6813615382751335e-20
4.5982745840621805e-16
7.635177914093354e-21
3.119644106186504e-19
5.0875395322267587e-17
1.0629664677580515e-16
1.9584020936642655e-19
1.370623154480983e-18
7.316869735760183e-18
1.128634249841648e-18
1.7180533214883067e-18
2.539821300470953e-16
1.0211158644806726e-15
9.207497478148751e-20
4.092778655345917e-18
3.3530806885465505e-17
3.4957219515787486e-16
5.0531813408764594e-17
1.8420270303484382e-16
3.2256134749008995e-16
4.6910814633425584e-17
7.046152573061383e-17
5.027490966690295e-18
3.6558321847134675e-17
6.133144176730899e-16
4.56586942896289e-19
2.1778054293923207e-16
5.47874812207731e-19
1.6935439900067232e-17
2.519412215693279e-16
8.447041515055869e-16
1.49915238302821e-17
3.659643845206059e-20
9.098339952072056e-19
2.0694623429744747e-20
1.5111981779770606e-16
4.386558714496129e-17
2.849963083750157e-18
2.2635908254282996e-17
2.2869881061444553e-19
7.677112875105408e-19
2.626479707153178e-16
2.913965334043362e-18
7.985701833274854e-17
1.849092849397524e-17
3.4603744728718156e-16
6.593235420728457e-20
2.5835596173181356e-20
1.0739033683121465e-17
2.3791546954447454e-16
6.571387942645723e-18
3.664099962794984e-19
4.882028769680508e-16
1.3584141786006845e-17
3.731809717159604e-16
5.286189140507581e-16
3.669813306973497e-17
8.098296725770997e-16
1.0588413760463812e-17
1.5221935018078828e-17
3.3171560440867243e-16
1.5678532715809275e-16
1.1278973402753796e-18
5.442703694409034e-16
4.2967446712617576e-17
1.5904024780063483e-19
1.8750349352850164e-16
2.9619340891829188e-19
8.457188857904396e-18
2.2872827100187967e-19
6.761974458406753e-17
7.633215224396909e-18
6.8883959834878754e-18
1.3895250491692074e-19
4.169296676175849e-19
2.7998883703457536e-17
7.036716713577454e-17
5.999817023728949e-19
4.0343059429142504e-17
4.5365131477249404e-17
1.1954827622358001e-17
1.9731433869864312e-19
2.7592745696068963e-18
1.0994411942780977e-18
1.0372972679642892e-19
4.5361426426408386e-17
3.6990387405032126e-17
1.1580974440617716e-16
2.8092499127672715e-17
1.0398600936635293e-18
2.516706044896107e-18
2.4211077835943483e-18
2.4786486448355935e-16
3.400328133061108e-17
1.9695028804080013e-20
6.371510656207661e-17
1.1759186263039017e-15
2.975317629897135e-16
1.3582552263526614e-17
1.0823238436194218e-19
1.376689355960692e-18
2.0918543683171243e-16
1.487264475241568e-17
4.349351750942688e-17
1.8958887887216536e-15
3.91000496559263e-17
2.0665527045070115e-19
5.550054257717299e-20
1.8108133625905633e-16
1.0175599991323162e-17
4.764044123691683e-20
1.4895007651904674e-15
1.5097274861963892e-16
2.915455251527464e-20
4.339160610622883e-15
2.1848757807189385e-16
3.0615672118299303e-18
3.1571269321304747e-18
2.6081015997997423e-19
6.33220193090735e-19
1.241792366456466e-16
3.1800450375969617e-20
3.061748863487235e-17
1.7016105302140202e-16
3.706555764636561e-15
4.986684983328044e-16
1.1359238262468894e-16
3.302856755531156e-16
2.568897071818569e-17
4.138932703383241e-15
1.1813844805833567e-16
6.992458495568974e-17
2.8411015217724068e-18
4.2847433275925444e-17
7.031996924818232e-18
9.846767231704399e-19
7.405712272983118e-18
2.339479887462672e-16
5.267500768837404e-18
7.88467594596572e-17
2.536950133850168e-18
1.3732887313456069e-17
1.9993253338121173e-16
1.5670398424460192e-20
1.573130104087074e-16
2.0829811261428904e-17
5.518608234598694e-16
4.8093636846611145e-18
4.719183747527741e-18
1.3439865932547784e-17
9.327531420970656e-17
4.884859498421247e-20
3.128948025657285e-18
8.980039619442292e-20
3.82536292773721e-21
1.293215142979254e-16
2.2540731448856654e-19
4.707455306667412e-17
2.821034013018095e-18
1.980799902607976e-16
4.3338738448623403e-16
1.4001347729977307e-17
2.1977333610247553e-16
7.408548800824485e-16
4.467069419444897e-16
1.7215888598470047e-17
7.513531008480366e-20
5.616528923741421e-18
1.1688258049851154e-16
1.688035835311252e-20
2.86352594404515e-19
1.0634260058379368e-16
6.0642512329987514e-18
2.74935181818379e-16
6.985592122695744e-18
1.685200955998741e-18
3.85108890317794e-19
8.148599615618509e-17
1.340133694338521e-16
1.260240714031525e-18
2.6363780147922497e-17
1.0305627415517755e-17
2.9384462122898894e-15
4.954843328596993e-16
1.2926461896018261e-18
4.246763875826535e-18
3.2518715203771576e-14
1.2398384066137302e-19
3.4412781755316013e-16
4.631682221635403e-19
4.793576871609434e-17
2.1020230422628522e-19
4.57071483282173e-15
6.646986761994019e-21
3.7977931866734725e-16
9.951210942826645e-19
1.44137213896611e-17
1.202290935401418e-16
1.6809866349687648e-15
2.539684416527902e-16
9.723587032339083e-18
1.1473361985708589e-20
4.125590186617152e-16
9.743890659250603e-16
9.006268000240875e-18
2.018312196011083e-18
3.8745788846001973e-16
1.9706585676183768e-16
2.115275792957906e-17
6.438173884647891e-18
1.4852044932689308e-17
4.063583024375624e-16
9.360191808695412e-18
5.189590211110573e-19
7.546797788587584e-17
5.543218137139606e-15
6.031485348986655e-19
8.303981485765393e-20
2.816651970437162e-17
1.6530167092779296e-16
3.040578553948206e-14
3.1352988800320535e-19
2.999261109637318e-17
9.068726937689805e-19
4.1412630529433376e-17
5.879186619857755e-16
2.3159355153361508e-20
3.980145458890899e-16
2.6649884881473056e-15
5.403862009955315e-16
3.436999062450817e-17
2.448240125519097e-16
1.4288394122164193e-16
8.276447439526629e-20
2.999802926190066e-19
1.0780737653983738e-16
2.748640015738182e-17
1.0954372914212333e-15
1.9779581619117355e-18
1.139796701380757e-16
3.838078119968342e-15
1.0915460841852704e-15
7.248933347839526e-18
1.356949893169138e-15
1.08118442904812e-17
3.437631174673433e-20
3.51594623678836e-18
1.903936659639746e-17
4.2718042122721065e-19
6.770877669725224e-18
6.987350777416228e-18
1.2442915495951459e-16
3.306519160899173e-17
1.549855386693624e-19
5.71537186491141e-16
8.109288007613152e-18
7.476573778689869e-18
3.998373611941823e-18
1.2464158126879816e-19
2.688448936956288e-19
2.7474949668518845e-18
1.7179754383837869e-18
1.2786969436133328e-17
9.453547703269503e-20
5.903654701686561e-20
5.870601405119327e-17
1.694741269442177e-17
4.532074740847709e-19
5.321617481666346e-21
4.426928313121074e-17
2.860452088149595e-17
8.637007686031149e-19
2.4692726505866946e-16
6.791386941250829e-16
7.592539963671869e-16
2.653787169579902e-19
2.575419794165558e-20
1.0029797157011508e-17
3.226810185934888e-18
1.9843364411805254e-18
5.988090937091851e-19
1.511356043193273e-18
6.496914218989977e-19
3.966436929394757e-17
8.666650758556184e-20
1.0993691154405922e-18
3.248295194702853e-16
9.026310649125286e-17
3.2285112513432904e-17
2.7675800300418797e-17
2.2249079299554843e-15
3.437132054492592e-19
8.299211455391021e-17
1.4384261570177397e-16
2.0037334622536442e-16
1.3602705254412907e-18
3.2825661887264263e-16
3.4142322357560257e-16
1.3411462568739227e-21
2.9932901114646107e-16
2.091211992100161e-17
1.2218888692029883e-18
4.91154038374485e-16
4.6987415235692395e-18
2.574657712030345e-19
5.473137218898715e-21
1.4683344809886371e-16
1.6012113276201802e-16
3.4529500429934466e-16
9.671817347662901e-17
1.8554336526418192e-17
1.3313821612894601e-18
9.886801881884215e-19
3.236406199224648e-18
3.808342562284174e-15
5.7868479487528665e-18
1.0423962423358819e-15
7.486663325699796e-20
1.84780190253349e-18
9.99719416754347e-18
6.50935539740872e-19
1.281601878820561e-16
9.36601126901328e-19
3.001085294549473e-17
3.390540274866366e-18
1.149834103273181e-17
3.1589728292216484e-17
1.4696694572934382e-17
5.938281897088194e-19
4.43649640864057e-19
1.7868580857885376e-17
1.3851889909560918e-18
3.422027475947715e-18
1.0063397061176297e-20
1.338000559064325e-16
2.0509118199568967e-17
7.00095548797945e-17
4.2383150894870243e-16
1.3597656945220642e-18
5.478535936412584e-20
2.6299184007772654e-16
1.195899726949649e-15
1.3647548746258107e-16
1.0469293728712318e-16
1.2085608551634958e-18
1.6041289752187595e-16
3.962671720463845e-16
8.364143125257351e-22
8.701726381982517e-17
1.729409025965325e-19
1.865846561932093e-19
3.8399482358562527e-16
5.345205633880438e-18
9.99475206119883e-16
3.876679537495848e-17
5.322081629661818e-19
6.631093935883273e-17
9.701721408710196e-18
4.093709802755266e-18
2.2453843693746265e-18
1.167115526350494e-17
4.1991295187636466e-19
2.4004432440261147e-18
1.4818118540397294e-16
3.343901328153429e-19
7.527761668507295e-17
4.650205587561132e-16
4.936289388171763e-16
2.8946864393344903e-18
1.249249295063812e-19
1.3731472981854483e-16
2.685651065341915e-18
1.5434919047533453e-16
4.89244941226249e-16
3.0680958836367975e-16
1.7177167373321712e-18
4.579300952843927e-16
2.4224623507641887e-20
7.257676628461821e-21
3.710476366246269e-16
1.6322234140288662e-15
3.1747499432474703e-19
1.3227845551951373e-15
1.923773753563553e-18
4.608809899449418e-18
2.0906082612016292e-17
1.116278698736893e-17
4.305516431805871e-18
2.2573880438853287e-16
4.728430596675032e-18
1.594043053170992e-19
8.441857560646389e-17
1.6511289907805827e-17
1.7656383935624626e-16
7.821188192656331e-17
1.8841611003355205e-19
1.1325249156415603e-17
1.774947024957342e-19
6.330648392395344e-19
2.14072369737271e-20
5.790506897219071e-17
1.8613743274794404e-18
3.2863327178513886e-17
6.2421696039073356e-18
7.059748171896177e-17
5.180794485807356e-17
5.785723019780383e-20
1.2038187534446198e-20
2.476974242208182e-18
7.390144262572939e-15
3.854204086395098e-16
1.2392043987017673e-17
1.1426665179120671e-15
1.3059882867700686e-19
1.8466404582169373e-16
5.956204695222565e-18
3.086105151740878e-16
5.959925786759175e-20
2.6526707108892737e-18
2.280273668247912e-15
7.356603581016048e-18
1.039659613211913e-16
1.289521690675246e-18
4.2123004920720877e-20
7.169804364336661e-20
1.3943344032921956e-16
3.0803210995288743e-18
8.331398919567465e-17
1.2079882426537709e-17
1.1566103997312097e-16
2.7409396783630043e-15
1.1522628194431046e-17
4.3121189147100155e-17
5.090064355527441e-18
1.2903260879322491e-18
3.4814258638742223e-14
2.337898772775845e-17
6.408482331202346e-19
1.394785878385335e-16
5.286439192480817e-20
3.6760587200353835e-20
1.3846818229938911e-16
3.664146463885135e-16
6.179362921208716e-19
7.481133860180205e-19
1.919586575383308e-15
1.6866927959139448e-15
1.5287541291620592e-16
3.1555772427729377e-16
7.452860698520037e-17
1.5126215072284255e-17
5.1715337468323066e-18
6.492071217298724e-17
8.538285399021526e-18
5.868882236781142e-17
1.0092592376853092e-15
2.4546844714263306e-18
1.6305470807880504e-18
3.7993261914830663e-16
1.571371450814979e-17
3.3752908473025552e-18
1.3216108074103673e-17
2.3594681779998635e-19
1.41685469918389e-18
5.676717103880183e-16
1.5025515244511777e-16
1.5166776640971898e-16
4.476988863686959e-18
4.175074809316147e-17
1.869086589363481e-19
1.4203597567237095e-16
3.682909224471511e-18
3.2514923130479424e-16
2.4053899707073606e-17
9.852815474594488e-18
1.1767439414352735e-17
2.359899153814108e-17
2.0096134029234536e-16
1.7243414168763494e-19
5.4287592207776516e-17
7.654625702622694e-18
4.544600328999198e-19
1.605908394443782e-16
2.7872640676672884e-16
3.408501584238311e-17
1.5350878842455988e-14
6.17099532117949e-16
3.691286018440064e-17
3.2026248158133657e-16
4.812360919283951e-16
1.899530164187868e-16
1.2499819582447e-15
4.768857144642788e-16
1.1521336215282674e-17
3.6042700826086914e-18
5.321979096101471e-20
5.737459218954273e-16
7.767215788121521e-15
6.679434003405654e-18
6.755135154858281e-15
1.9396417771378981e-19
3.957899280808199e-18
1.9270051040416177e-18
1.2713707592719886e-18
3.2099072249104523e-16
2.03616865203168e-18
1.2075611870620954e-16
4.814015253402477e-20
2.480963017490222e-16
4.913698002460574e-19
2.872703233883496e-17
7.075745785682523e-18
6.42810750562934e-22
5.931292476082212e-16
1.0847395482274415e-17
4.493095652893193e-16
8.260644567913878e-17
1.6263148805816727e-17
7.220245840751765e-19
6.63775353444878e-16
1.2306113780308816e-17
4.968660475466625e-19
1.5016868156485074e-17
8.329649754779523e-18
2.0609942532882624e-19
5.2243550929312206e-18
4.716652094564298e-18
1.4858994601062682e-17
5.234302013218736e-22
4.880261356725738e-18
3.420104956100926e-15
5.4959106066261e-17
4.0970552370164385e-15
1.1291375955724473e-16
2.491784128675502e-15
3.3334038382804093e-18
4.290743807860045e-16
8.782581451378134e-17
1.3259545662613851e-17
3.1275282010852484e-18
3.2386096637526524e-20
6.4055709277451185e-18
1.3142040986322463e-18
3.4510310996821155e-17
1.3367034264354532e-19
7.849528744286984e-16
1.136361491018948e-17
9.4216545373337e-20
1.2921977723237097e-15
1.6409237978934604e-17
2.0558323463565953e-17
1.6656830793505088e-15
2.0213497187451566e-18
9.168563154971039e-17
1.6009940448145503e-17
6.957032175434376e-15
1.171533577853629e-18
3.4826510067645516e-17
3.1385280918384806e-17
3.336123667260494e-18
3.862370521126204e-18
5.220838400126874e-14
4.836492909613525e-16
1.787825167890924e-17
8.105707361557248e-16
2.4055984159496858e-15
1.4210629386730552e-16
2.1743352304644326e-15
5.2547112444729995e-19
2.562888633622304e-16
1.2271720026469156e-18
3.1675212210369683e-18
1.3700068730885203e-16
9.825204081256684e-16
8.63951779184325e-16
7.117850453936674e-18
4.2155888413324607e-20
1.7952114506396154e-18
1.6716918394886698e-19
1.417113398614234e-17
4.645325391589434e-18
7.680934200720566e-20
2.4862551864340554e-16
1.1400771405263355e-17
6.023999074369157e-18
4.096347463773382e-18
7.317109379416818e-18
5.591641722948197e-18
5.261489169057866e-19
4.464384049144543e-19
2.3594349256826854e-18
9.654918802340868e-17
1.1422469074044489e-18
1.164365786663334e-16
2.9398266641450453e-15
4.3610696414252994e-15
1.2705514710086483e-16
8.042788531928814e-17
7.759517999598883e-17
1.0354855139810221e-17
1.677124101017973e-16
1.9066745454658786e-16
2.4819566509294086e-18
7.549003089492292e-17
1.761164649262246e-18
1.1627408219531067e-15
2.6240613303541647e-19
5.340002529226889e-17
2.6452345372247272e-16
5.905500470753464e-17
2.3927870984990827e-16
9.081534641627641e-16
1.5404625044459482e-19
1.6698028087725307e-16
1.374992430556571e-18
5.973237861385406e-16
1.3219501345949625e-16
2.4135293975937187e-16
2.0741718521354884e-19
6.552102890390292e-19
1.872974490826904e-15
2.4149319511695304e-16
7.862128194607972e-17
2.040510106064508e-19
7.572776989995849e-19
3.138725907667752e-19
1.2378473114431852e-16
1.4075793205689657e-19
4.676207176651961e-18
2.33022899795528e-15
2.2962785050028482e-17
9.751931875457409e-17
3.2554484829793515e-16
3.1915644753814117e-16
1.0091879846800406e-17
7.523105565524912e-19
3.431915032836476e-17
7.9505305026296e-16
1.171451027735826e-18
2.7525508926117673e-19
1.8662429725423555e-19
2.939034364697142e-20
6.004280778453097e-16
5.814252800379306e-17
1.4585768132449207e-15
3.717137937140825e-20
4.887834371787667e-20
3.1367972484913892e-21
6.094228553784511e-19
6.698628751180412e-16
1.7522838685646913e-20
5.892972314534686e-19
1.187195398084331e-15
1.5736316140253167e-19
7.152084692708926e-17
2.8503339924869723e-15
6.258277330484704e-19
2.28907779793776e-16
2.7863288809674244e-16
3.852551190726784e-18
6.201553062885435e-17
1.6356911823287144e-20
2.9813003134027323e-18
4.209778059639057e-16
1.798036937450648e-16
8.937941309355701e-17
6.724143699238752e-16
6.276782341116224e-16
1.5537423538949946e-18
2.78659769991999e-19
4.99031942468483e-17
9.816399144354982e-18
7.474241890019766e-19
1.139991681137975e-15
5.251490589823971e-16
1.5825933967560603e-15
3.737789764976275e-17
1.8188037652509815e-16
6.461673105211947e-16
8.741666392875198e-19
1.0427995835898667e-15
6.378364439891599e-16
7.199467911733893e-17
2.3514446457237137e-16
2.2920434200722127e-19
1.261565795560426e-16
1.419008329759122e-16
6.10748001409349e-21
1.3285060338102047e-17
1.0197946969350592e-16
8.713755936396883e-16
9.483693721562863e-21
2.237767427956366e-21
2.417277189303239e-18
1.1154496986183786e-19
6.281698341495327e-19
3.4439028792372348e-18
1.8146997950377927e-17
1.0905818655843465e-18
1.5984432466016017e-19
2.455260082227007e-18
2.555349592490266e-16
1.5972215961185035e-16
1.0781356024957772e-15
1.2539387082903527e-16
2.969021564701745e-17
1.1847438468590944e-15
1.0850068758491214e-17
3.1901536933589043e-17
8.453746637093718e-20
2.926552035399745e-17
3.317758775381575e-19
4.444138341977104e-21
1.424335194754984e-17
1.0807265201839585e-19
1.14154481368655e-16
5.387180427566871e-19
1.349107442449894e-16
4.706116665009612e-17
2.7743220468281e-19
2.151430425987924e-16
3.968692848114324e-15
1.0602838626810769e-20
1.611151616982895e-18
1.937035466738083e-16
9.295117974542557e-17
4.165884349449196e-17
4.6412477207655165e-17
8.821632229704917e-19
3.891425744146812e-20
8.99384994272792e-18
1.5423362934429372e-17
5.5346197816878335e-17
1.699823000342387e-18
2.575550790620867e-17
7.7685082858693125e-16
2.773664393235885e-19
8.473386936846575e-17
1.26647413089751e-17
3.163937406199536e-17
1.0325665696999094e-20
3.8435199232501826e-19
5.216312986599336e-16
1.0916558578713259e-19
9.518808916722571e-18
3.795343704648345e-19
2.5254525815953774e-20
6.597238832444294e-18
1.6019135876580772e-17
7.861501317814996e-20
1.1726465215335891e-18
1.906214772809004e-18
7.614934075716875e-16
6.48307097557812e-16
5.357316124831051e-17
4.25430589259863e-16
5.463152256464646e-20
5.331655040822676e-19
4.119226406109806e-17
9.249912602957951e-18
1.0257400808316357e-15
7.34480070222996e-17
3.9424618178359934e-17
4.2084302694949766e-16
3.5318291660971516e-18
5.766864184409839e-16
2.861999702112923e-16
8.530519258153008e-19
3.665342374387075e-17
2.2625884191069745e-16
1.74271963064768e-18
2.9409874087020567e-18
8.1202790407577165e-19
5.88744176730204e-16
1.7466626779366058e-21
1.8047602294521165e-17
5.004255219520467e-18
7.532526763392609e-19
2.6517228898384885e-15
4.040113038543587e-17
5.372594283176665e-17
7.098731484446429e-17
5.171051035380112e-17
1.3589175276423072e-16
5.998519189345636e-16
8.758947359904033e-17
1.3893240839084787e-17
7.980601344995863e-17
1.6833243347530724e-19
1.7761076449811813e-21
9.501081315650381e-20
7.05270711124469e-17
5.775333971412056e-16
4.995565494619442e-16
5.2809673255159626e-17
2.717234995447125e-16
4.548936576362333e-16
2.396744399696205e-21
1.0706637528931762e-16
1.5809361515371335e-17
2.468657326973688e-16
5.053244364053681e-17
4.687370383999499e-15
1.622153329823475e-15
1.587539781596538e-20
1.7567380828426682e-18
2.0394056971209633e-18
1.5065708140457763e-15
1.7433439305266573e-16
2.942379336611493e-17
1.3274050193449248e-16
2.8098760638579085e-19
5.776226014732448e-17
2.964038598197256e-18
1.1325477977639259e-16
3.475828102202107e-17
1.835352436732997e-16
1.818903313432477e-21
4.575819353951278e-18
5.477437419044661e-17
1.9203805226628e-16
3.0581376107922975e-16
3.7731043639270327e-17
3.3913295777630796e-17
1.615835881149325e-17
6.889711805890323e-17
2.044562287765647e-19
9.293452137880306e-19
2.3296352136464e-16
5.581172698721624e-16
1.0065005608270323e-15
2.4673782834484354e-15
1.165579641114238e-16
3.1699545794198623e-18
4.668663207813895e-16
8.93260398540056e-16
2.874800726196073e-17
1.4067311212525893e-16
3.882966960804763e-16
1.4478871186763285e-19
5.984145857259923e-20
2.07434752949933e-15
6.008631522583755e-19
6.263159232583671e-19
1.1319269083295245e-15
3.1738990978892766e-17
2.956914211265602e-18
2.2701548510739635e-18
5.14338145924153e-20
2.208752215961348e-17
1.386101566441888e-16
5.384359128561094e-18
2.7078405119558143e-18
1.2749793275552852e-16
5.968851630473987e-20
2.6252531663810687e-18
1.7930506142805675e-16
5.738658856099833e-18
7.742099474369835e-19
6.051061579994471e-16
3.1083388245658983e-16
5.697076932753234e-17
8.398002896997134e-17
7.142813832553144e-19
2.70926080908227e-17
4.35147681931416e-15
1.748512514548599e-16
1.7418047666257247e-19
4.679592378745771e-19
1.2189493230073872e-17
3.898647166308278e-18
2.063050725573033e-20
2.755785903462191e-15
1.7165335700975413e-16
1.1044168568547312e-18
1.4743679973096712e-17
1.370118064781771e-15
1.5180261844337898e-17
8.457655983470548e-18
6.909104365268868e-18
5.62756032079189e-16
9.17156463549534e-17
2.255676402170125e-18
1.7513421942235744e-16
3.553411297428097e-17
4.868449874691005e-17
8.200402072115129e-21
3.002860309447429e-16
3.961132039223693e-21
4.107398984073567e-16
2.1532126781444048e-16
3.948388220477414e-18
9.90622629622384e-17
4.899847311406923e-19
4.846107982422023e-16
1.9768583869552218e-16
3.0051815322849377e-17
1.682184933515127e-17
6.052142489645508e-17
8.936131879836288e-18
1.3481300405621791e-19
1.8083720620106955e-15
5.032744063290293e-18
3.983720121520478e-17
7.319020778208309e-17
2.5152539147833023e-19
7.790226282002652e-19
1.1245915775793416e-16
6.106309005445369e-16
1.387739453754404e-15
1.0499540824362332e-18
1.439744728342478e-20
3.459411544178651e-17
3.491362713018594e-16
1.1058798482543344e-19
2.898407919361991e-17
5.453332239581386e-20
7.800812461741049e-16
5.84068175474767e-16
9.462733071632e-17
2.875223686862502e-17
1.6377367850543387e-16
4.950583108488813e-19
5.002659558738677e-19
1.1234177654800625e-15
6.340287679984337e-19
3.2054692282816097e-16
3.368118745495685e-18
2.2960983761709047e-17
4.539905363864576e-18
1.1870613606604924e-17
1.4741762401309008e-17
4.14724891477744e-18
4.7398467586512695e-20
7.551420873483832e-16
5.945076567912881e-21
2.8554198687371746e-17
2.9179493377307097e-19
1.0814720273478342e-16
1.1197586167531687e-17
4.690779491600062e-16
1.9551308640268133e-18
9.379427643187656e-19
3.9030238995252546e-18
4.4103810329991964e-17
1.2860602712365355e-16
3.458483519576909e-18
1.7749303647064865e-18
4.2957260603889183e-20
1.4604931901468226e-15
1.591637129558938e-19
9.060038342117513e-15
3.33613569868581e-16
2.4758589739664942e-17
1.059563988538988e-15
2.7216181263662104e-18
3.926536979342868e-15
4.419311853750907e-19
4.467140930628332e-18
7.494134377260141e-18
9.432566739914359e-17
1.519222262984844e-18
4.17282793562602e-16
1.3538643760421758e-17
1.238652470180101e-16
6.834556847367245e-21
1.1172887648960773e-19
2.5132306679815573e-15
9.881472999437789e-18
9.855708646827507e-16
1.680709297369861e-18
1.5237663288327522e-17
3.4698381257904173e-15
6.23773234826024e-19
2.6778241438411526e-17
9.781826023497005e-16
1.3086078556187622e-16
2.8036821225306174e-19
1.622316976790048e-17
2.1121474633593934e-16
1.1839957295787778e-17
3.429217387341907e-18
1.7274273945082716e-18
1.8194814238215951e-19
1.0685782543163372e-19
3.700724878335167e-16
1.2855119709399708e-16
5.652672533169436e-17
1.7291460471078833e-19
1.3077389295632177e-17
1.0977767464428858e-16
7.416754422956778e-16
6.08522356953908e-18
7.022129949990762e-18
1.1355626236993125e-18
7.038190170048523e-18
2.05704235330343e-16
5.642368267290248e-16
1.3110573430937868e-20
8.168839736199051e-16
9.629011002681432e-16
1.2961635612781487e-18
2.729420228752398e-15
1.488740653333931e-16
5.85516255959524e-18
3.6405643138121477e-19
1.0006035436687969e-16
1.4739595767569994e-20
8.497937907257193e-19
5.4463480090712456e-17
5.28701800087149e-16
3.911063683677809e-18
2.0863073728800552e-18
3.586346886811633e-19
7.099176448711926e-18
7.964528659508006e-21
9.330132961272189e-17
6.834907645450105e-22
2.681414275570622e-19
2.6537803313244824e-17
6.909590738352495e-19
1.4742117746318706e-16
5.485376936074851e-18
4.399207308670487e-19
6.583617419862599e-17
8.348044335689522e-20
2.89654608787622e-16
2.4178708276506348e-15
1.025604364401892e-20
1.4884282790687124e-16
1.292135085266294e-19
2.3422454657247705e-18
1.9998696382649836e-16
2.5140907376496405e-18
1.231076265871314e-19
4.5317803275350836e-20
4.333873151018673e-18
1.7082701179513777e-16
2.50351605965351e-18
1.537321401719298e-15
4.129401938845726e-18
8.962913994794326e-16
9.933412523862801e-17
4.438422372139191e-20
3.8865351174167103e-19
3.5216508253014174e-19
2.2777645782173103e-16
5.968962094190725e-16
3.084219818863721e-18
1.833708148790989e-19
1.8756350362993337e-20
2.755934847083305e-16
5.686544686961019e-18
2.110857376936767e-18
4.649571859880443e-20
1.254696085035133e-16
5.592566303040945e-20
1.9163659134315372e-16
1.4840585405263708e-20
1.809354961718985e-19
2.018392729674841e-15
5.272320897174067e-16
1.6926694717987864e-17
1.095007015450205e-18
9.14843883089486e-16
8.498898801996096e-17
3.427201972840395e-17
2.2151280887369018e-17
4.120228856554371e-16
6.992479338610915e-19
8.999044995997908e-16
2.345019598378753e-16
7.025524155736765e-17
2.7044672300218805e-16
5.720444312154197e-18
2.4336106288325104e-18
1.7931716470059286e-16
1.1797435931816194e-17
7.284857520544689e-18
3.8387903913467324e-16
1.315592475108474e-19
6.1980081141242e-16
7.779130966437806e-16
3.581559734896114e-18
2.1290852471684985e-17
1.3763034655717565e-16
1.1808353432299278e-16
2.223058599619597e-17
7.102044818459673e-16
2.671298427550291e-20
1.955866079892849e-16
1.5595963606374893e-18
1.602051258957871e-16
1.3746497236960277e-15
4.311854508323198e-18
4.584426187693355e-19
1.1475015316476393e-17
2.5180433808196147e-18
1.824338607559894e-18
4.326965647282595e-18
4.47231136859121e-16
1.1407115957022926e-15
1.091032473141452e-20
2.1122649042140262e-16
4.730812430140359e-16
1.2542420674739976e-16
2.1696947661164136e-17
3.37942531066021e-15
1.4386824580372448e-19
5.767262961859336e-17
5.689971701082991e-19
1.618404600936722e-16
1.7088758862381327e-17
4.032451142206318e-18
5.069526088127325e-16
1.5750340009433837e-15
1.8860788331617865e-19
6.491504248697596e-17
3.958463125985633e-18
1.0836264867677763e-19
3.570006540524975e-20
3.4354159971300226e-17
2.0449528664177338e-17
2.9833290546766044e-16
1.1039847667055624e-15
3.376004793929721e-20
7.454688406529726e-20
5.075514274075387e-18
5.6882219578664225e-18
5.182642105232348e-16
4.057590033196105e-18
5.725913443551584e-16
5.769530695099075e-17
2.431685119108156e-16
2.26369955604081e-18
1.0235894269174512e-21
1.690188552116523e-17
3.7367847386320195e-16
1.418686895995131e-16
9.134343405494467e-18
3.7645140995938474e-21
2.65742358539941e-19
3.793773744934392e-20
6.960771686559429e-17
2.7629989994346366e-16
5.885041416903945e-18
1.3710714004602684e-18
1.331256405060734e-16
2.861125346645746e-19
1.829462494199473e-19
6.810323875801842e-20
4.131802070781047e-16
1.2859435672342084e-18
1.1427856200985202e-19
1.033373513160566e-18
1.868434442250444e-17
2.7360832165544293e-21
9.971900240163885e-21
2.4079341996081015e-17
3.3875312495024914e-21
1.2731365794309402e-18
4.3658709009686925e-16
3.1158931514881353e-17
1.0532799382265528e-17
1.652504030974628e-17
3.63012954153751e-20
4.045270705928121e-16
1.0889900355136873e-15
3.390081386311803e-16
1.1216277448101957e-19
2.0692213193577634e-16
2.85878258378463e-17
1.1637429511284733e-15
7.086966620078333e-20
4.678525651233907e-15
3.6015172717410014e-17
1.3829312874078717e-20
1.2205699704973918e-16
8.793027710669224e-16
5.027569993131676e-18
6.883586716404575e-16
2.871595148680048e-17
7.723729988577269e-21
4.456379454144191e-18
1.623429702084089e-17
1.3577336851810087e-16
1.938287899121459e-20
4.3215150594668664e-16
8.041741835436829e-20
2.5691737193231133e-19
4.676020496890187e-19
5.985903834314602e-17
2.9285559274370875e-15
2.1381250014706763e-18
5.393265010779572e-19
5.647762116932847e-20
1.4042998305905106e-18
3.7911755842832784e-20
1.9787707246858037e-15
2.5743126561464817e-16
3.0047855858314236e-15
1.7437827357639393e-17
2.812887085453103e-17
2.1073835164953525e-20
3.2941536141586574e-17
2.1489307395827815e-20
1.7100515215792486e-15
5.368975856243462e-21
2.146058508609449e-19
2.1798109978639409e-16
1.1404867186866776e-18
2.3839517166545458e-20
1.5546061648200427e-16
5.900473021765677e-17
2.8957232775336277e-18
1.0358093283564134e-18
2.2532833387124984e-21
9.241843525887606e-16
2.1647763299998793e-17
1.3915118513962458e-15
4.7937137194064424e-20
2.0201395171115236e-16
9.809838928951916e-19
2.6412346012625752e-19
5.527797431659552e-16
3.989481810666337e-15
6.871652148253452e-17
3.5026382403083724e-20
2.175006120539984e-17
1.2320762576223132e-17
2.1487395294619492e-16
4.913736853487669e-16
1.497503025474142e-20
1.930567534275722e-16
2.9752697772967975e-20
2.807475636506232e-17
3.4602319605197697e-18
2.7369756511091025e-19
1.036156803107601e-15
6.7090818760951466e-21
5.659575384413455e-19
8.147558130713756e-18
1.4818494983895068e-19
3.6960392957981066e-17
1.6501210811646649e-15
4.968692234545364e-18
3.0570348415982674e-17
2.4653082080403977e-19
5.771422377737968e-17
8.277416868965655e-19
2.9371249150486847e-18
7.318231328241457e-15
5.603148059725115e-16
3.690372680930309e-18
5.470658453647289e-19
7.929508791478467e-18
5.2845788722587196e-18
2.4494492189925824e-17
3.911178617098371e-17
1.2958321244673426e-15
3.842786453808697e-17
2.5013256358311856e-15
1.083507441491052e-20
7.833285870915944e-16
4.0355772221413205e-16
6.617703501532497e-18
7.078582502168781e-17
8.786165908319018e-20
4.4513255847592895e-21
5.800122071356784e-14
7.632571017930537e-17
8.838519670517677e-20
8.903948803416038e-20
9.676637085011182e-17
2.6094278850714892e-15
2.935541145091328e-18
8.001683040560777e-16
4.457977954179862e-18
1.417647936092927e-16
3.966519259251705e-15
9.61508069848714e-20
6.811550817835096e-19
7.055668754600285e-17
1.866689165145369e-18
5.935542083248435e-16
1.4003083334288535e-18
1.1288605153797287e-20
1.6221655891805982e-18
3.540124781160375e-19
1.9365921176992036e-18
2.4714815165930055e-18
5.122930309739776e-17
7.946185184317967e-19
1.0996569818222647e-17
7.864131138336628e-19
6.2905718830577145e-21
1.4416860140888132e-18
1.7381821515065082e-15
1.4189102639340605e-20
1.864032143249063e-19
7.32367441567787e-18
1.3614295164261028e-17
4.47695198113818e-17
2.5090498182081243e-18
6.65402147652431e-18
2.989072164457996e-16
1.1564757382043834e-16
1.0784485767719627e-17
8.092697052599517e-20
7.126504999420847e-21
8.618078425460172e-19
1.1386680315784065e-17
1.4254309750693424e-15
1.0962890705610107e-16
7.082725451383338e-17
1.0630359330956138e-16
6.173229499102409e-16
1.161713308454985e-19
9.504534094783157e-20
3.1881862469514754e-16
3.5204068310861673e-15
1.8105660070118353e-17
4.95636982062753e-17
1.9908849082408874e-16
7.495485908648094e-17
8.530228728692929e-18
8.243876537136217e-17
5.411655609859912e-20
6.630733368985123e-19
5.120911663865296e-19
3.4144472432311356e-18
1.9340486357461075e-17
7.150063564416491e-18
8.67421868688124e-16
6.021029884605416e-16
8.354386856054712e-20
1.1730718606474666e-18
4.5697732983380795e-18
2.190331747166314e-17
2.548080050854915e-16
1.1434843710759053e-18
1.2691590812856055e-14
2.153961370681378e-18
2.1478114150141143e-19
9.526848291867996e-16
2.503293879571027e-17
1.4915960486218498e-16
7.677593195943069e-16
1.5802868811803527e-15
4.646676796969341e-17
7.109052917065436e-16
2.5733507547590452e-18
3.89641845432151e-17
1.0408457388323247e-15
3.789773494204602e-15
1.1646739659441733e-16
2.8330528189053917e-20
7.246640130191471e-19
6.565147156649881e-18
3.1345686242611273e-18
1.0949563263825135e-17
2.1350771272219713e-16
1.0188206887417747e-15
8.392745266495288e-17
1.347549629435754e-16
3.3599591289608563e-19
5.245665187523796e-16
3.7119475093319223e-16
1.6954414405496153e-16
1.1931999332914032e-15
2.9888659592147063e-16
2.4375760438794387e-19
1.3039066401003117e-16
4.682181571127912e-14
7.248701840665419e-19
2.816484905010316e-15
3.512564379667152e-21
1.1627195737972877e-16
3.551906971752598e-18
1.2527007198985385e-17
5.296691068677034e-22
5.775265321103702e-16
1.2678979011299104e-16
3.464247186735385e-18
8.584338040092458e-20
6.50687021140112e-17
2.7425723313835954e-17
3.176444537790183e-15
8.006980002235264e-19
4.466299960316605e-21
3.4350975402979735e-20
1.1325261973051805e-17
1.2299764636387174e-19
9.943535951853078e-17
1.333887845765958e-16
5.564152189214869e-17
1.8710071800242388e-17
9.430469295044399e-18
1.2378557244098201e-20
1.9617568548694493e-16
1.3581133307695258e-17
1.694490689895992e-16
1.9485309305939287e-18
1.3792490373045894e-16
6.015489472107791e-16
1.213224946416842e-16
6.861942920327525e-18
9.028502579307548e-19
1.3295266886860294e-15
9.374511158227641e-19
9.657468430514766e-16
5.948232219057291e-15
5.934051648070623e-21
2.3663156810454575e-16
7.332405266200015e-17
2.4974524764193136e-19
3.6073018764379836e-16
1.5552180856739372e-19
1.5652761019283516e-16
1.3150252275280402e-19
3.864093669911728e-18
5.451819989624382e-17
3.04887248934658e-19
2.8477891066363437e-17
6.135824459503339e-17
4.2336308758376966e-16
6.93686335949196e-16
1.3180001537324711e-17
2.1248882831747362e-18
3.252271312705544e-18
1.55101089236522e-16
1.110464481996293e-16
2.720678130678869e-18
5.064674350659451e-16
2.972454333520755e-19
1.0442935942166516e-20
5.2000248534120003e-17
7.88788681446844e-21
8.195799588288521e-19
8.622431138072107e-18
6.120323911721149e-16
1.5938466046415724e-15
1.26713957512651e-17
6.558886940951857e-17
6.796674834374629e-22
2.1122027268952443e-17
4.3224370594519923e-19
2.757301589264382e-18
8.48762392691755e-17
1.3309669177421762e-18
1.6882253475626652e-15
1.502414172187058e-16
2.1577409694880463e-15
1.6413853939198135e-20
1.1092298261116912e-16
6.31182474030477e-17
1.9935162729433326e-18
9.672204061946455e-19
2.2007191038189806e-16
4.1868244538376426e-17
4.7804205318462196e-18
5.239582781207144e-17
4.1305710326620564e-16
2.1856444076229624e-18
6.198156121027955e-19
1.9435068745112048e-19
3.6696975410444896e-19
4.006496612084475e-18
9.068687552660678e-17
6.085647172244348e-15
