4.337282901984042e-15
6.1703227137066e-15
4.889308915716812e-14
2.5627390525059962e-19
1.1625845932237322e-15
2.144209301362232e-20
2.5788302171305245e-15
2.4562254889581777e-17
3.404856779597357e-16
5.235782296778571e-16
3.4766901815382895e-15
7.685916006510267e-15
1.2743213252018738e-15
5.888410647223372e-17
7.002580626855128e-16
1.0457640880004357e-13
7.116637398156826e-16
6.651582173689453e-16
5.667398255169644e-18
1.2691086996635561e-17
4.813848564472868e-15
1.0680237136199528e-14
7.775033967838392e-15
2.8796914716374037e-14
2.7929152947912266e-18
3.587197835092407e-17
3.264958427685133e-15
2.115706465598386e-16
3.9489685733064034e-15
1.6633785310276208e-15
2.871654315182132e-20
4.9706352769886034e-14
5.471916928275833e-14
1.5873141864287275e-15
6.677392170656867e-14
1.241660138963474e-13
2.9596817245523125e-16
8.811376477860847e-19
1.2020036686598826e-15
5.611015193402382e-16
8.99362688533083e-16
2.518223618116832e-18
3.0812882061340927e-16
5.3678491920575405e-18
3.315160877834624e-18
3.565402967831971e-17
9.738991851534845e-17
1.0412341652994193e-15
2.3743125893210427e-16
9.054380411400372e-19
9.00714496195169e-16
7.151549609795826e-19
1.5485852136272182e-16
2.0343266885610336e-12
9.944261615784967e-17
1.6494083825979428e-13
9.098467203822087e-20
1.9334324624508807e-15
2.3143653833184754e-15
6.489048107902968e-15
5.1519404982199224e-17
7.451066505936908e-19
2.632332942260596e-17
3.314946148642003e-17
1.9798347010002638e-13
1.1590132319445572e-18
6.127742034813392e-16
3.80698864244914e-16
2.6416393128709645e-16
5.634581511168997e-17
5.086311109353747e-14
1.8146296691097009e-16
9.06918295535237e-15
1.0063915628849125e-14
4.940534530463761e-18
8.519546555988747e-16
3.4454791763314037e-16
4.937882178263646e-16
5.75988306448439e-18
2.695741463631492e-16
1.870075297968251e-14
1.8533057233597018e-18
3.334902563612067e-15
7.530801064120937e-15
8.14749384380421e-16
3.493036363745548e-20
1.833758777789809e-14
2.0199835779162534e-15
4.945258747386515e-18
6.294420898599221e-16
1.2155897232057754e-16
2.1102966571329004e-16
3.4915365777998093e-16
4.120274049870093e-17
1.4448763224151876e-15
5.206364071449347e-17
9.922947275369151e-15
1.672157734004577e-16
1.2556182230431859e-14
7.040162583385437e-18
9.810688371756287e-15
2.0998181960218914e-15
2.9555375134233623e-19
2.335777477623461e-15
4.6556735216702175e-18
5.826311491981468e-14
1.0064476970787312e-16
7.724895132173024e-18
2.5747599693621204e-15
1.3890316211470256e-19
6.091276380564859e-17
1.112573161058397e-15
9.355784205651973e-18
1.507268196925315e-15
3.342771272866339e-17
6.409314995699177e-15
3.626372648470264e-17
1.1892829521288194e-15
1.054690660697426e-17
3.8409193134498516e-16
5.65956874643278e-17
1.175956589403607e-19
4.237625417771468e-14
6.034295226035998e-16
8.65681813867516e-15
2.5745864155712046e-14
4.570280469677617e-19
2.16736294911802e-14
2.5641134949772596e-19
8.470773609783507e-19
1.2545802355958686e-19
1.2516124320860228e-14
1.1947960678337653e-16
1.2579576312402133e-15
2.852515943017948e-14
9.69654783742953e-17
1.2693180591056454e-16
7.2917030933247085e-16
2.1891468967295482e-15
1.983981507257534e-15
6.410971575836341e-15
3.297887517575012e-18
5.629197313704951e-16
4.6128667519856227e-14
1.447940301833205e-20
8.36267670039935e-18
8.554558638125147e-18
2.7340784332430397e-16
8.682776879248562e-15
5.6066284144228375e-15
6.096667231210078e-19
8.727908897166636e-20
1.4048619211353032e-16
4.8524246970551384e-14
8.276978089184834e-18
4.179223728328682e-15
1.2853654678375781e-14
2.1253264833256642e-19
2.9061526586788267e-16
3.721136426349259e-15
3.0436024998380735e-19
3.070486638126171e-14
7.302407102142538e-15
2.370016386743883e-17
3.098166012305475e-13
9.65262518987597e-16
1.4956360788882472e-14
8.993252990770682e-15
5.818080388652542e-15
2.606291499537136e-16
2.0238186109814062e-17
3.365805366177758e-16
7.32176519301081e-16
5.764100075435608e-15
5.313626075246228e-19
1.160958994910065e-14
1.4922402523403908e-16
9.332732654194581e-18
3.263331083641029e-18
1.6186863838701042e-15
3.720397768491712e-15
4.714943253707367e-14
1.418950482185162e-14
4.871063571510809e-16
9.70187287994234e-17
2.413033522129056e-14
2.069436844586182e-19
2.742774203994002e-20
8.689227476153905e-19
4.365275474203006e-15
1.3269297435205366e-15
1.4654565074932014e-15
3.09000064387968e-15
6.597427085728205e-17
1.0204935344308444e-15
1.0662794561888794e-14
5.827353885356331e-19
2.676303327768063e-20
1.7776333090121525e-16
4.1037541403354116e-19
1.9109454871280524e-16
8.010042402807052e-18
4.359741745830582e-19
8.904057410606596e-16
2.372150094145519e-16
8.68137033781094e-18
4.300898979601465e-18
3.6900444841856906e-17
5.530723965913116e-16
2.3135431862816333e-14
9.202571515045974e-17
4.98898035104997e-17
1.901543092860461e-15
6.814590531063965e-17
2.0119467291889626e-18
1.3580408548026035e-15
2.0996555685339784e-15
2.827095122355453e-17
1.2913304633014484e-18
5.253868193838796e-16
3.1436970601844085e-16
3.0548312349418046e-19
4.825839607483448e-16
7.509567009619733e-15
4.110421322073006e-15
3.719099733201658e-16
5.278207458940786e-19
1.0352006324095176e-14
9.839746662509583e-15
8.091873237134375e-19
9.153709979151439e-14
6.95277098392647e-14
6.314544366433483e-14
1.8261455578099255e-17
1.2688048720350363e-14
1.4425853271952345e-15
1.0409115887761787e-17
5.799012580689972e-19
1.0310461257173107e-16
5.250278383426552e-15
1.1692657005040166e-18
4.498560033082059e-15
1.4188149301745614e-14
6.918337170329229e-16
5.885242794006265e-15
3.9132203377233256e-17
9.358789140998331e-15
1.5142709221495958e-14
1.7134304569582541e-15
8.9598596462484e-15
1.4417631685899367e-16
8.308469146034395e-15
4.3153660913575945e-18
6.295903668997086e-20
1.104726902922971e-19
5.748828123843092e-15
1.702982935331913e-14
1.6236701964606625e-15
3.651919215388287e-17
3.993890283467402e-17
4.336868005459139e-16
7.156891855205458e-17
1.2863867775945724e-17
1.4042019897553857e-15
7.559296492250906e-15
2.272303949485391e-14
1.2775883967019805e-16
5.557490485573699e-17
4.891504179852854e-16
1.6438040303453554e-19
1.2329617271684414e-14
4.576888660372194e-13
1.8905919296173314e-17
9.646724709146586e-17
2.7040454006989578e-16
2.8031895941306035e-16
8.420072309367198e-16
1.172069506575416e-16
2.261794234631302e-18
2.7016891795670768e-15
2.315478250094632e-14
2.0141512660467298e-14
2.5524114802895536e-17
2.480236359045769e-15
7.539323096978808e-16
1.2116530266252039e-15
6.576290544434828e-17
5.384452655326144e-15
2.4691388917870197e-16
8.302438517511147e-18
2.6820836139666164e-16
4.3398013430735644e-16
4.557283635794472e-16
1.5696077704366914e-15
8.037568344170606e-15
8.911248397654034e-15
2.0917736828846423e-14
1.676417020199872e-14
2.0647453226078556e-17
9.345955191809207e-17
1.1413889494336144e-15
5.990199662714308e-19
4.3569267986626315e-19
3.4620342933208705e-18
8.12840735640869e-18
5.920141456049506e-19
2.6973850414623576e-15
5.655656711277564e-19
1.1692837620628695e-16
2.1839518069240496e-14
5.847244161088761e-17
4.894681514964023e-16
1.3178832200512997e-15
2.300215078872402e-16
3.6551377871977295e-15
1.2957725171627269e-13
1.4555320392011352e-15
1.287148080229147e-18
1.1107212531543365e-15
2.3201324299775896e-17
1.4368864949314228e-14
1.7242024914521143e-17
6.815477020005452e-17
1.415570900345167e-19
4.253021580696809e-14
4.285592991290529e-18
5.0488015928409125e-18
1.3440934404545303e-15
3.1978506280327515e-20
4.914046247267358e-18
2.567174729073889e-18
7.59361661575875e-15
8.687014132736257e-17
5.666383471174875e-14
3.520899768029088e-17
1.854765037550633e-19
2.6192959890444927e-17
4.54429292764075e-22
2.9655250859781445e-15
5.934477220493981e-16
1.923006099466675e-21
1.7977671963579698e-17
2.6184385790473284e-15
6.333378251733218e-17
6.517792471636801e-16
2.261988839265078e-14
1.8067595621672514e-14
8.554370540159924e-16
1.1228419677717389e-18
2.9815078038493515e-15
1.2358029024856971e-14
5.777532481926084e-17
6.73267692842648e-17
6.055885829779513e-15
1.9500029641248846e-15
1.7897022460439706e-14
1.2331827852513648e-15
4.328566860771782e-21
2.0927041700058986e-15
3.39110608171944e-18
1.137306818338543e-15
1.4437779714009976e-15
1.37027870231377e-15
1.7050586483584263e-17
6.2526550419760925e-18
2.386437391880138e-16
1.0290966599463372e-17
2.063596478943715e-15
1.888713397587244e-15
1.4803426837304888e-18
2.173698248191842e-21
1.5979682289326512e-18
4.665690681892125e-15
1.8108901525286174e-19
1.6377114373020817e-19
1.915604362220669e-14
1.0852400963599097e-15
6.422608345848894e-19
1.4748437687839767e-20
4.9391743691213734e-17
1.4787702105881275e-13
1.1589206125101595e-16
2.54490000476054e-19
3.0956948292285105e-19
1.4456373309566465e-16
2.94556424486976e-20
6.973776309667626e-18
2.09414163871521e-15
8.17693329860412e-18
4.100840447658411e-16
3.563059860020446e-18
6.560964843486198e-17
1.6131417176937997e-17
9.072343963021909e-18
2.4694571403523765e-17
1.0869260936373872e-19
9.389124939607391e-16
1.6250602356642958e-16
1.8815019079333778e-14
1.0558063913606359e-20
3.04119279682329e-19
3.064965151089291e-19
1.8093517465153726e-14
3.6387502351512645e-18
1.2408852370085468e-15
2.4469842850679635e-18
2.113092425636651e-15
2.0232195314850144e-14
1.1907454670099728e-18
4.6104578875439904e-17
5.521323991092872e-16
4.4706865207962974e-15
2.2015527199464924e-19
2.986518177225906e-15
2.59607315493694e-19
3.415795911335129e-18
2.980272392963648e-17
2.083206089149466e-15
6.423970055561189e-19
2.929779940915656e-18
1.5616279825709754e-19
7.222529357172924e-20
5.039594062905286e-15
3.5040351245800306e-14
1.485634874654494e-19
3.2847571148210013e-20
2.2951577695844817e-18
1.3650162678450415e-16
3.0683250111446866e-16
9.33200332553167e-13
4.341068875397522e-16
3.968639657238424e-20
7.93204836088894e-14
1.286191412306245e-16
3.073420924311674e-18
9.314470227349331e-18
7.825763997641409e-17
1.4331071760366165e-13
8.380026139641212e-20
5.69512326146733e-21
1.8614366546674142e-16
7.758810892145863e-20
1.0651220653212824e-16
4.10850807029029e-18
1.7238920877295864e-18
5.0309843971834356e-15
1.7574954505933036e-15
8.848141549063548e-17
1.9062452805870184e-16
4.8339838281366144e-20
6.538899968845324e-15
2.9166080599181638e-18
6.994060978932862e-17
2.038449952173894e-19
1.871336381136548e-18
1.3134183052869563e-14
3.507624470475262e-22
1.85343766086971e-18
1.6264935748361625e-14
1.070773358614873e-14
1.481852901907729e-16
1.5351381114678016e-15
1.387239643655e-17
9.177959543101344e-17
6.1312824869676065e-16
5.002997016421988e-18
1.2834360200376387e-14
1.1677463502915262e-14
6.264807280266912e-15
2.5399419373504507e-13
1.8143758930002614e-18
4.067060442520993e-15
1.1081774088626271e-16
1.386798819400238e-17
9.504655275372946e-16
1.3042798224251294e-14
1.4681476620023775e-17
1.2022288032125834e-16
3.0676390852512416e-15
2.0115898964093648e-13
2.2696763123336037e-20
1.0079587437080801e-18
1.361857022321689e-16
2.713770113423848e-15
1.5114300117815573e-20
3.0660621096762972e-15
3.128696934890934e-15
5.861371270062187e-13
5.2906274555301646e-14
1.2539215112645732e-18
5.204305553431063e-16
1.238774672489021e-13
6.494822605584085e-15
5.989121531624352e-22
7.498250889539489e-15
2.4302344259006153e-15
2.5601319030618e-14
6.887172590716134e-19
5.88916016376626e-16
2.1321447508965222e-16
3.484544859554636e-16
2.7540427162255876e-16
2.9083477465886058e-15
2.2343380959471457e-14
1.9441225613755737e-14
1.3954784067266047e-17
2.0246538774841166e-15
7.378063450794754e-15
4.122775442557725e-14
5.772497512548595e-15
5.4435834365662945e-17
1.1896062185040073e-18
7.29261997336939e-16
8.502305585610133e-16
9.996859369290124e-18
5.016984435875288e-18
8.441811590093454e-17
8.772325339191122e-17
1.0395525843039502e-18
6.144508099766392e-18
8.957753852794782e-16
3.6739109867005554e-14
3.1475172678613397e-15
4.721590514739105e-14
3.1769986419699387e-15
7.594363905242296e-21
1.8595680979159114e-14
1.0968848741890331e-16
4.904069320294343e-17
8.139838206911921e-16
1.5739644493585146e-18
2.185362055861457e-15
9.984299614007697e-15
1.573596063811589e-17
1.5241321157308762e-19
6.755017337328088e-19
7.150834968746322e-17
1.0925749149819472e-16
1.3894379801262865e-15
2.409332704710788e-19
5.17150042633497e-17
3.2707675186307295e-19
4.688760834479369e-17
1.2090542133586513e-16
1.2067474422838866e-15
3.644212922601981e-14
3.786086186283029e-14
1.430664448416541e-16
5.500164473404388e-19
6.536109441882083e-15
7.870037787985443e-19
5.228418994168177e-17
2.3818956565070437e-18
7.658798194129202e-19
3.674349196244043e-14
6.551878870487987e-18
1.91624825493298e-16
5.69122748751196e-17
1.0999601462317242e-14
2.254309245126599e-18
7.16439251254718e-15
9.597204956571678e-15
3.4878892980755027e-16
2.194412376019569e-18
1.6175433133610712e-19
1.5753542832987114e-14
1.6777328653180408e-14
1.1865665194672777e-14
4.796839372421917e-16
2.6749539573026257e-15
5.397749306839636e-15
7.938759764809194e-16
6.220046068989886e-17
5.7223060462130334e-15
4.245331817095754e-16
1.249285340331189e-18
5.454106222761309e-15
3.1664826828224014e-16
7.935750551381028e-16
2.6600268288209802e-14
6.749360405348807e-17
3.86298097386206e-15
9.9233842808093e-15
5.608575611890539e-18
1.0371015675121146e-14
4.309688775876149e-16
7.498118101712079e-16
7.213291514074543e-15
1.0711091413440312e-19
2.0986494643574378e-16
6.766168720960427e-14
4.584423856911418e-19
7.185805322845649e-18
3.1155100278844764e-18
2.8118186508231505e-17
4.0674600618047406e-17
5.1755526550496514e-17
8.562638774836676e-17
1.1798622024512754e-16
5.656240640263349e-19
1.7350015091055641e-16
5.856926172570541e-20
2.77467611440795e-16
3.992741277082499e-17
1.4416797158842807e-14
9.579133265709096e-17
2.101706043637554e-16
4.667499728846352e-19
3.607343250386262e-20
8.158071030828911e-20
1.1229877371928691e-17
9.607997573993654e-15
2.020514674852792e-18
5.910566532145593e-15
6.341811227389393e-19
1.2950789009343413e-17
2.0843905023601772e-14
1.3286021980244015e-14
1.2548110545508678e-18
3.05723926356838e-16
1.3998089597366387e-14
1.120351723651206e-15
1.5299644080714186e-15
2.2237585719754792e-15
6.684869977362633e-21
2.15426910619072e-18
3.4434360838663655e-16
5.640719996947213e-18
1.551311329684839e-16
3.2032678953864394e-18
7.841988823658662e-15
1.6220834950102852e-17
1.7975438218999184e-15
9.586804354218528e-20
3.825142300382307e-17
1.7286163516187412e-18
2.3817310473727058e-17
1.0849975489508029e-17
6.25368361657558e-16
3.556373996177361e-16
3.6428622137861254e-14
2.9012492933274287e-21
2.148584210530742e-17
4.427898676083219e-19
7.938676833205225e-19
2.3396997187842408e-14
4.6632600530169964e-17
2.4443051239306237e-18
1.1795450778375305e-16
1.6841719449451353e-17
3.55492932306145e-19
1.897257802965633e-19
4.245177385169735e-17
2.985000128793763e-15
4.3530572786131304e-14
1.6200001309249858e-18
3.280565440500573e-14
1.3444529599096033e-17
6.773593150433187e-17
1.1283100188502522e-14
9.01219309500749e-18
5.3597052973859925e-17
3.2953093375815387e-15
1.260354594849379e-15
4.758728299380736e-16
8.936475175335368e-14
2.9450257084757216e-15
1.2330426196299962e-19
9.777698448543894e-14
1.9243567228122776e-16
9.135411785815862e-15
1.1442244848845322e-17
3.881016512627669e-14
7.477983839915071e-14
1.5375232687558975e-15
2.4968688598388985e-15
1.2659990340300417e-14
3.8636163568274346e-14
1.5894015440049341e-18
1.0389442154495098e-20
5.116939306701392e-19
1.91496296149666e-17
1.3556369462865151e-17
2.7151097471119376e-22
6.637679908505332e-16
3.75897746767522e-15
3.9618824479686396e-14
1.1577523197993826e-14
2.736605776781088e-15
1.4555176058271253e-19
9.998612645331298e-15
9.645305135546913e-17
1.3923539227230628e-18
3.5714600222378424e-14
3.724184085250503e-18
2.2112978739521793e-14
3.3144857969525404e-18
1.8117479993131636e-16
1.1612754971300622e-14
8.311771253920286e-18
4.074766371674757e-20
6.728687100852779e-17
1.0420653394684924e-17
1.797443128769963e-16
3.029743606037893e-14
2.6181587199955186e-15
9.348111379520651e-19
5.155248671659222e-19
9.147848276017575e-16
1.3323163187492065e-17
5.021018466504292e-19
6.866716078323015e-15
1.1187500379360798e-16
5.688699039797555e-21
4.562057001868197e-13
2.3497538162210684e-15
3.1942035020831722e-19
3.1173931297435856e-17
3.4631399401262737e-18
1.6394306667315194e-19
5.7637496506361365e-15
1.152210394043474e-15
5.405732380545268e-14
2.982696001098608e-18
2.2456056481925633e-17
5.951888791178773e-15
1.7080700543785116e-16
2.9505008967169e-17
5.973493973718937e-18
1.093487581393666e-14
8.448244196304958e-19
6.600411609835151e-19
1.4875656418721766e-14
1.634857309204585e-15
1.0572794550994838e-17
1.6984776068397975e-16
1.57929420886921e-14
1.2031303219978893e-18
3.71172644770141e-18
9.71227604300784e-18
1.0961949788520582e-14
1.5397312628904968e-21
1.2885381021770386e-19
1.6492639644013797e-16
6.4757378555621614e-18
3.811211545537591e-15
4.7833340740211755e-15
1.6664728561789183e-13
2.1550842508678326e-17
1.0925774140399856e-15
2.6031600573575115e-15
6.299933574059518e-21
2.752525668902028e-14
1.9151802173741086e-14
4.0689336702407437e-16
6.495295686678272e-14
3.0100034331034237e-16
1.0890255300169226e-17
1.7558556164614898e-20
1.1782187550372754e-14
1.683117321751941e-14
3.459638496414114e-14
3.8085216860879153e-19
1.6261007055440337e-14
1.2854395724774634e-13
3.5513810942163976e-16
1.2647257530801861e-20
3.4035646588234535e-18
2.9093003639313645e-12
2.604027964389323e-16
1.8631915207053806e-14
5.171105707157197e-16
6.961942643698076e-15
1.211348170056139e-19
1.4023196772978515e-16
4.249121334236855e-15
1.3711796563594744e-16
8.413693965796894e-15
8.755161970645109e-16
4.701018352442492e-14
6.103490858645028e-18
2.9619410219887594e-18
1.4609892491970816e-17
2.946812459176405e-20
5.691856466269057e-16
5.8636033462111474e-18
9.923778023983601e-13
1.174710279572424e-14
1.7628592736426145e-14
1.3856572454024392e-15
7.835074558166988e-15
5.181405257080188e-16
2.5215367701727185e-14
1.1800602497533705e-16
4.832225629443494e-14
4.791622124222565e-17
2.783954267144851e-17
2.1210995988145444e-18
1.0423054586765988e-13
6.208765855240429e-22
1.0664054502082277e-17
1.3785671422820982e-20
1.162456142947785e-15
7.72852520902679e-18
4.946404772381186e-19
2.2735035081610447e-15
5.322358352733085e-14
3.173222402513714e-17
2.1163054226915102e-16
1.1762028282728608e-15
1.0097928347225774e-15
1.07606457828184e-18
9.562910302901912e-14
1.5379292145773633e-15
5.636271154038826e-18
9.519752474597048e-15
3.8265349227634493e-17
3.3930626777454626e-15
9.515770828193833e-17
7.336606353054742e-21
3.323876333028662e-16
6.3664214561072875e-18
8.341209890659433e-17
1.3666288863608115e-16
1.2140881474523359e-20
2.010859627931468e-15
9.120527792458576e-21
1.1603218448487574e-15
1.0808482823288471e-14
5.346010191779392e-15
7.396878454844935e-20
1.4601402240213447e-19
1.5807332198868598e-15
1.757812444523766e-21
2.4937827396011103e-22
1.7428134558038668e-16
3.368342257332426e-19
1.8621359796682e-15
6.007442843898816e-17
4.604213963088866e-14
4.407684838168149e-19
7.628799938962346e-18
6.048993294626743e-19
1.319629072762545e-19
6.011961722455597e-19
1.4014055597106865e-20
7.894420970875236e-15
6.660931154838243e-16
1.66494760399099e-15
3.135258152409457e-15
1.949204803241603e-15
1.9066413603671094e-19
9.491485028640783e-15
7.65771192353409e-17
3.0614688824957594e-17
4.2678535142828185e-19
9.591373528359607e-15
1.0032095540602099e-18
2.992301219751044e-17
7.233904795750858e-17
2.3672786026638577e-19
3.089779538820862e-17
1.2374954601150615e-21
7.411607748912382e-18
3.789033956194905e-15
8.385660513048761e-15
7.532883892882688e-14
7.3364185522715e-17
7.729840621821801e-19
7.742934813780628e-17
1.649828582217978e-14
7.028126565499624e-15
4.65291470593507e-15
1.901778045144126e-16
3.7777157779843095e-21
1.7496750645231633e-17
1.7048494189950849e-16
1.7739766910971238e-18
2.010033268962547e-16
1.0607331736708315e-18
8.93237357090094e-18
2.312979856250263e-16
1.8898404154662448e-14
1.8442444280277962e-13
1.3608934181828681e-14
6.360771755395851e-20
4.0263493263271576e-19
8.723731282765433e-22
4.705422628052453e-14
1.1927297645365507e-14
1.8610836384116684e-16
3.4358007270044043e-16
4.2608628823031843e-14
7.31097939564489e-19
4.6484647737392e-15
6.772921051602216e-14
9.04849198462619e-16
2.2322596420522416e-17
1.172801109723413e-15
6.101267569610961e-14
5.433589379397211e-16
5.639391822562973e-15
5.497594181753954e-17
2.765346296945171e-17
5.586462949376856e-19
3.419674766130311e-17
2.3238182141117336e-16
4.6468001316049946e-17
1.3205794166155619e-15
1.5183963646514829e-15
4.6099785022520567e-14
1.2685866197138783e-16
1.1446242425907966e-15
1.646686757258131e-14
1.0817249507959098e-15
1.3566421549308937e-14
1.1645703077138233e-17
1.719436271488597e-18
2.682564720009843e-18
1.3319531783782262e-14
1.9207663791214402e-16
2.168555056891547e-19
5.43214350555919e-16
9.070823029077064e-17
6.73492671322599e-18
3.3965458023128736e-14
1.6889554889430324e-15
3.611821291186634e-15
2.348746794727697e-15
3.0520228183554192e-18
1.5064046152250356e-18
1.7943355027368505e-17
2.844400702973771e-16
1.0767985604006112e-17
1.9526582227734266e-16
2.8237457695235137e-14
2.0608346231845764e-20
4.127722893881944e-19
1.25146180685363e-19
4.249446073549799e-15
9.463539092133812e-15
3.378478073500206e-16
4.455583478193064e-16
7.290946782759153e-17
1.1306688886834061e-17
7.35418791054805e-16
4.362831563542617e-19
1.486785453672414e-15
3.076936926060671e-18
1.6723896364165904e-14
2.5276035189061534e-21
1.1315833354331435e-15
4.6885717131941775e-15
2.158827712879429e-16
2.6223647507218976e-21
1.1509133985991395e-16
8.544051893653307e-16
1.8030735717420624e-16
1.6108666143586958e-17
3.223072476999993e-15
6.139563639625167e-15
9.949934725436708e-17
2.988031480103653e-16
1.004394271624128e-15
6.712369856639133e-15
2.4295167808415933e-18
1.4514349561456997e-14
5.338074063036254e-17
7.406482114452204e-18
8.250762253579504e-17
2.6078059192614902e-14
2.6146992468307332e-18
2.992684227121359e-17
4.272798230200906e-14
1.2162975911308937e-17
8.44092175756394e-15
2.258307227610917e-15
5.273051367317561e-15
1.25827663524267e-16
2.5568433674992446e-20
3.708581665416631e-15
2.9373585551833046e-19
7.588898184328233e-14
4.986904728324651e-14
1.1140124923922702e-16
2.9020506952205603e-19
9.038181671484457e-15
1.0166785411882629e-17
2.5930186867742452e-17
2.048366390500204e-19
5.2081393189891145e-17
4.0385945926297506e-16
2.0786231059756762e-17
1.741841673980996e-15
8.480752110752507e-16
2.58754443540282e-15
1.5242987415436515e-15
4.743558537569722e-16
1.4870476203249372e-17
4.072602316406404e-21
7.235770192167552e-15
7.466096377391553e-18
4.1751342573960486e-20
1.6762106574021709e-16
5.3578867830288455e-18
6.129965790800978e-16
1.1766837814434239e-14
1.6141070371463996e-14
2.5791616721849514e-16
1.3309070692108402e-14
4.51693646840851e-15
2.6429526177440785e-14
7.646649641862082e-18
4.0921059032516927e-17
5.288112871342481e-19
7.03505477525899e-17
2.3093049191781972e-15
1.382247231719466e-17
8.000872618385585e-15
1.950466474279365e-14
1.0375156324634174e-18
6.423120013154197e-18
2.6258039962781443e-16
3.8415026738750506e-20
4.874882261047007e-18
2.5522872158659776e-17
1.55294845859786e-14
8.95946851118294e-15
3.8842661389741775e-14
4.110236482606728e-15
2.544465841091897e-16
5.310575639158931e-16
7.300076487013923e-21
5.010591919977453e-18
3.6264915878264115e-14
5.3171315153005875e-18
3.2224853982390476e-17
6.347425367325978e-16
4.421649479903633e-18
1.3199702066890985e-15
2.2431293474842517e-18
3.747278439882755e-16
4.9910244736514796e-14
3.9174575954582234e-17
1.5479929277189326e-17
7.170236371310768e-15
7.207373140314139e-16
1.2258005488560187e-17
2.864579332042842e-18
4.1577498326796775e-21
1.0826007823433681e-13
2.172476612399975e-15
3.4351721337717836e-15
1.7838993311626088e-17
1.9520212505586294e-15
1.6506009371348044e-14
8.72516745383952e-19
1.1478748220935889e-17
1.3092304097754646e-16
1.25031077117812e-13
5.250049704207014e-16
3.346908266076015e-13
3.3753963675355794e-14
1.1114087733907398e-21
2.2779064520449146e-19
8.780235363134182e-15
4.44638033071919e-16
5.549426326966426e-19
2.4556134621000825e-15
7.289355611829885e-19
3.137639857077799e-18
6.743899301256667e-14
6.105719499738973e-15
1.163029179877586e-19
1.1139578789195141e-18
4.179606318189689e-14
7.352608078297005e-16
1.9140926628850742e-13
1.2122094829148885e-21
7.992231815766156e-15
9.594114225334498e-17
3.932237483641751e-14
2.9169613231537276e-18
2.3692584438677216e-13
1.0091317153838989e-14
1.0128479757252994e-20
1.6486768990754422e-16
1.79349572831508e-16
5.216951030908632e-17
8.250966950722663e-17
2.1591398111138924e-15
2.845633308713263e-15
5.2512337743924685e-21
6.698002355773012e-16
2.705902226249012e-17
3.404785982626462e-16
4.818542589363593e-19
5.726682888679578e-22
8.657881907099429e-14
9.506794966232548e-19
5.445400014568994e-20
1.4037112405907005e-16
1.362450262345765e-16
5.310879019144614e-17
3.041496227900453e-15
5.120711935802267e-16
2.5004427258345038e-14
3.153463230190597e-19
5.46492635729504e-19
2.46116234374325e-14
3.440141983473217e-15
2.111650381567836e-17
2.13339541623244e-18
1.4216643721057864e-15
2.830039200190396e-15
6.691883606258203e-17
7.654348495025425e-16
6.412657310630162e-18
1.7402702848360997e-15
4.726122779715121e-16
1.5665267372795016e-16
7.691690582139591e-22
1.215441461378426e-14
2.2068762046955905e-17
2.908764782907592e-14
1.1998975488046483e-14
7.27424155691251e-18
8.381324614378601e-22
6.6581281484149366e-15
2.6084254792501156e-14
2.6504372169390047e-17
2.719983538959295e-14
6.229504648359565e-13
9.918973364956697e-14
1.4113236847070387e-15
2.6157046595904492e-20
7.26635289562463e-21
2.9034880002948814e-17
2.1249904727927772e-15
1.35091857923939e-14
1.7851728282264846e-21
1.4992405262062427e-18
5.4854199540405366e-14
1.3196240089356055e-17
5.896298225080116e-20
1.421067754528955e-17
2.270684245534675e-15
3.591802892041821e-15
5.398552031030927e-16
7.5279833737361e-20
4.1823831954958585e-17
2.6553556719255566e-14
1.2769156122836798e-16
3.035969603620788e-16
4.527679989454242e-18
2.731846311706324e-14
5.242758234132054e-14
7.220511091953552e-18
4.302141431418605e-15
3.024593826440273e-22
5.118279703870191e-22
2.912311792184252e-18
7.354540272246564e-19
5.714389428540927e-18
4.246104790722013e-15
3.520341490928211e-20
2.26132897893338e-15
1.2569429364131499e-14
8.021910049429973e-16
1.1148742571212735e-12
3.821671211505546e-15
6.967566005217578e-17
1.0463747447428e-19
2.2882880905159903e-15
1.7237871675815994e-18
3.351684810179903e-15
6.251114797115417e-15
5.174548338118021e-15
5.419654131901329e-16
1.781352177801215e-20
1.3755334426155421e-17
2.5921769759488806e-16
3.1240191202538254e-16
6.544997071438569e-18
4.152166933940384e-17
1.5434493849719826e-14
5.1674090218065554e-17
1.0354546374010037e-14
1.228492948035181e-16
4.39522715576425e-16
2.7177070693327803e-21
3.962594836018067e-19
6.59325751015706e-18
1.959206798885821e-15
2.764959824253698e-19
3.6575584413367094e-16
7.418223596421564e-16
7.206517518172179e-14
1.6521004057402998e-14
1.2011888776809198e-18
7.262154496183151e-16
2.5095854288754526e-15
6.1808063906868934e-21
1.939481209881234e-18
5.6296359506871275e-15
5.228950741363105e-18
2.200876157434814e-14
2.839255730448505e-13
1.8606754881615113e-14
5.3260577528646747e-17
1.9130868231054895e-16
5.421235226008343e-15
1.8442083461608127e-17
7.099666366600977e-17
5.43227307242523e-15
2.726414644005778e-14
1.2819252653760484e-19
7.638682121553702e-18
5.53325077241662e-21
6.3891486368158706e-15
5.484884925720348e-15
2.4072203922651924e-18
9.790249461780098e-17
5.769042562133169e-15
1.3563605535365852e-15
1.806145670211458e-15
9.101988233225006e-15
4.6575052181375936e-15
4.047156657814291e-15
1.217128201385532e-14
5.098059975700516e-16
1.4693920560359775e-15
1.1539529359071365e-18
3.2623340500766248e-15
3.256202954254064e-17
7.838479994004948e-15
8.197787783463582e-15
5.089590252327104e-20
1.412915263595842e-17
1.399160442908157e-14
1.021016388629866e-14
2.279037227177291e-17
6.461763582024461e-15
1.8555091618207458e-17
1.6597518424777135e-14
2.2093054919275055e-14
1.3934970064076186e-13
3.666128624584503e-15
3.6526818253163656e-20
7.430567737772655e-19
5.96967812807148e-15
9.647155342751519e-19
7.500799032006035e-15
6.6183265049025344e-21
2.8756653697286335e-15
6.28281308695793e-17
3.984902991512941e-14
6.8093968846590925e-18
1.2773128257006404e-14
2.4060402913939957e-19
1.9402637083389425e-18
9.356601681170064e-17
1.4908967599824767e-16
3.152232590554456e-14
3.4286582561745242e-19
2.858496158018741e-13
2.222053971806478e-19
7.664121081782163e-18
2.337330727119519e-15
8.1669510043552e-19
3.658231452446721e-15
2.5221500273813903e-19
1.1343065311940941e-19
2.2484300185983925e-14
9.270572406965119e-15
1.2418961184025972e-14
1.7103354536062894e-16
8.593378687240676e-16
3.28776492351876e-22
7.713457678139006e-17
1.3398301126842315e-15
1.8017847924742297e-15
6.220682329178376e-15
3.907602796303694e-14
2.5265513383703285e-17
2.6933583598462643e-22
1.4850382501216517e-14
4.2309292262038874e-14
1.134722961100367e-16
1.466867861732404e-15
8.607864994768939e-15
8.644750082718454e-16
5.073650872108329e-18
1.291547073380972e-14
3.621019393185358e-16
4.2985337478040726e-16
1.8317965261955947e-14
1.780174934470143e-14
1.9382622410642807e-15
2.851535215819856e-15
3.564240932575263e-18
1.839658328039293e-18
4.829576280813476e-16
8.125414824873597e-18
2.4297630165094343e-18
2.0084519246620287e-18
5.253307897306626e-17
1.137752238340097e-14
2.8713817063707056e-16
1.3037157665814823e-19
2.8027447859634054e-16
2.1029918618308148e-15
3.207018240913967e-15
4.3256602231368675e-20
5.148606526766468e-21
3.085491075291036e-14
1.0214208736060143e-16
7.88408693837255e-16
3.5046500196794276e-17
3.666781174183905e-15
1.608177942784298e-14
5.369161177672175e-15
1.350961890778214e-18
2.458688072751711e-15
2.938248610100637e-14
6.496650354290208e-16
1.0163019715873155e-16
6.524815436935111e-15
1.1463178425172353e-21
6.140686593302777e-17
2.8913643655577925e-16
1.4620656780445945e-17
3.1467446691476355e-17
3.5334494115617996e-14
7.994425942365933e-17
2.2317639504689108e-18
4.657144750668812e-18
1.2629802325548814e-14
9.132407430979101e-14
1.4609386534403244e-14
1.3060999047278532e-18
4.888876071370067e-15
2.924650772039323e-20
4.1482065455524805e-16
2.0554722807259016e-13
2.029573277604259e-15
8.089901641570231e-15
4.95052425033082e-14
4.5279427465971307e-20
7.96259342733217e-21
1.9453437143427876e-15
3.335867698106617e-14
7.927221966851483e-19
1.487269983539646e-14
2.5763249291724458e-17
2.765054332045394e-20
1.7043196053994426e-16
5.147235336615493e-17
1.8670679930307952e-17
4.621285104540653e-18
3.177004757001575e-15
3.3738054803142165e-14
3.514900886133963e-15
7.006372511344578e-16
5.237901941854075e-16
1.2606071820007856e-15
1.6694709339389872e-17
6.933886226361153e-16
3.447612434676058e-16
1.2894557207486175e-17
6.6920406019403615e-18
2.710172367778702e-19
2.760191240256306e-14
1.9363781692129703e-17
1.3649524281463208e-17
7.562286408398199e-15
1.8958626605116795e-14
3.164169100112432e-16
1.4306035478809962e-17
3.783828258647077e-17
3.8007011152276257e-16
1.5260448656006218e-17
1.8608868919907007e-15
1.1309277116426749e-14
3.13105065750823e-17
7.950041346652155e-17
2.929834164029246e-18
3.3659083088258234e-19
1.011270744953554e-15
2.75574254481351e-14
2.3131363291261447e-15
2.5863693851638616e-18
5.719161997180098e-19
3.5747240370392186e-14
5.865954518631494e-15
3.0733745271097044e-15
7.121482922963842e-16
3.218443694033459e-14
1.3147848041442604e-18
2.291098188369881e-15
1.1485239481905954e-16
3.034015104964615e-17
1.9601983241820657e-16
3.81557445896836e-19
6.924983925175833e-17
1.6758399652903055e-17
3.1007331767247055e-16
4.346161186764944e-14
7.007039716796569e-18
9.595392830794254e-20
2.5325369470015253e-14
8.471520489652589e-17
1.4434215534800467e-17
7.860153616779521e-15
7.936473059773562e-20
6.225452689125844e-16
4.2513159004216964e-15
1.9925232097642658e-19
1.4178815172290618e-14
7.362516696604108e-21
2.961256965220027e-20
8.465518009740464e-20
1.2815571306543556e-20
3.6687305645690215e-15
1.1705694646157464e-19
9.211852505139186e-19
9.208534102839833e-22
2.698807091811196e-17
1.8540557189422424e-16
5.545034663293134e-15
2.454704223835229e-18
1.2122421350518284e-13
6.183429719146929e-16
1.8494144147215738e-17
3.837990254446802e-18
9.092596181732866e-19
2.89302020540798e-19
2.4817223403046696e-16
6.256514180243455e-15
1.4628762091678534e-16
1.8128832100432107e-16
8.0982353790563105e-19
1.4914985721193733e-13
3.6675207230028764e-19
6.7310622726380745e-15
2.1990614712127695e-15
5.0373286315838935e-15
1.2848535098593237e-14
2.5122486033704583e-16
8.370430078413963e-17
3.994204906617388e-15
2.1579704885625524e-15
2.720501121354469e-15
5.638269041734018e-17
7.735209228362159e-15
1.6320682983067485e-18
9.626581658242215e-16
1.3772619455789497e-21
2.5551458734585297e-18
2.1566685109975662e-19
2.0111657037368487e-17
2.2280074015186525e-15
8.595935225464177e-15
3.868058755093835e-17
2.356523198335477e-16
2.990703462272494e-16
3.334482283059745e-13
1.8218076132767081e-19
5.342944272047542e-16
7.467139736614361e-19
1.1897727607267391e-16
5.1286298227110585e-15
1.1098304480470968e-16
4.406260886297173e-17
1.8349435286588173e-15
2.091798578950509e-21
1.1363292568339584e-19
1.2012492924786642e-14
2.8847404122554262e-15
1.8688628171059796e-16
2.4719286665931024e-15
8.271824601708144e-18
4.808540603893903e-14
5.753972404583371e-18
5.71096474534044e-16
8.566122809741252e-16
1.1566601315904952e-17
4.013998506618686e-15
9.103115169095849e-20
2.0049806919782228e-14
3.847806686032624e-18
6.311934734225542e-18
6.633893599225886e-22
1.8603759732363957e-18
6.603044741739482e-16
9.866550419597366e-15
4.1675064724968965e-17
1.5218584189795593e-18
3.690768189350868e-17
2.6860365440123527e-18
5.121490169310817e-19
1.977515505961864e-19
2.5311992430016327e-14
1.1413756239914975e-18
1.5634458717601725e-14
1.819468292488987e-21
5.545162547741862e-16
6.887717375487662e-16
8.601961709575837e-15
1.4262047549624081e-15
7.0454182375135376e-15
2.0349384334334376e-15
1.6783070288074236e-14
1.283488174599239e-15
6.316790489935962e-16
1.543479969737173e-14
5.732021751528948e-16
1.3545301793315986e-16
1.8567049582612744e-22
6.843941209392732e-14
7.095674334299888e-18
8.770858453400184e-16
3.060030418242602e-16
1.0919399739603527e-20
1.5319044426478506e-15
6.584873397387422e-14
4.3186765581890625e-15
3.008058294259892e-17
3.635042385244724e-20
4.958278607393111e-16
6.107563703335529e-18
1.387534144573278e-15
3.208601739975304e-15
5.524953169478777e-16
7.338868017933321e-21
3.848019597180852e-18
2.1525183703792087e-18
5.516980068831902e-18
2.5194745756065487e-16
9.104255916935418e-14
2.0952824499700453e-15
1.3515881814339305e-15
5.0559301580719585e-17
3.591476217804591e-21
7.29338169480067e-20
8.312496113962332e-21
6.382524665879358e-19
9.148919918129956e-21
1.6219098954934536e-17
5.246158149699221e-13
6.325616150931813e-14
6.062268225974806e-17
8.897028948545852e-18
1.5304487115950459e-18
1.7376852660753633e-17
3.8772217909492655e-15
6.931958541265454e-17
7.0212757200168575e-15
1.0843764518546757e-14
4.972301670421017e-17
1.2490438962291574e-18
1.1034656799038879e-15
2.3352857232581105e-17
5.034439577053294e-21
2.0370694167603727e-16
2.1652436050547964e-15
7.928291125788975e-19
4.356429053505194e-15
1.1508668253456372e-14
1.394860421453576e-19
5.745957500329741e-15
4.424794217471625e-15
2.2570069867420393e-15
3.8274107984843066e-15
1.4762113854470196e-17
6.259062671290552e-19
1.5294900291307714e-14
3.071755048061794e-17
5.26565122294282e-19
1.874100437362237e-16
1.4723630647663254e-19
1.5786295169067133e-13
1.4231199744008826e-15
1.0905665810761715e-17
1.2549502633041957e-18
1.836115631853461e-16
1.1363050923171675e-13
7.331948637602414e-19
1.694097919073478e-21
3.3875854855467175e-16
6.248512312634452e-15
1.1118433508959187e-14
2.1282413922313484e-13
5.354971819320584e-15
1.2499008848762755e-15
1.591172176766969e-17
2.289289994756798e-18
1.3012471839628486e-15
2.7847219620339257e-18
1.145475575122754e-15
6.649384394767844e-16
1.3236274178729551e-14
2.4268825892562304e-16
5.470658851350208e-21
1.5072506846975612e-14
1.6202880409480752e-18
6.624859931849723e-15
9.192755602542839e-15
3.277353566612637e-15
6.945457987038281e-17
4.318631561519267e-19
8.480953415018853e-14
2.0746501387249642e-16
2.6939193865698513e-17
1.0751547527871935e-16
6.286938261597059e-17
1.732580120279008e-14
4.0026472702672696e-17
2.0372654267252156e-15
4.132922212606344e-16
2.838495578433692e-20
3.983637357774033e-14
1.5709842901054716e-14
4.486120912401927e-19
1.9122353348114568e-13
1.9233717773942888e-17
1.215915934177847e-15
2.361563249869668e-16
3.3440940497108154e-14
1.1408111846251885e-14
3.862447257981098e-15
1.1279511564217418e-14
1.6923853305671578e-14
1.1692466329372388e-17
8.640577511767756e-16
5.3603998751561614e-15
6.726707350462212e-17
3.198793546838087e-15
5.199735923863606e-16
5.196641863421828e-20
4.6025185530416326e-17
4.5601093224521125e-19
9.75114122209163e-17
1.4913332638273073e-19
2.4862217244958174e-13
3.0949881176033755e-14
2.9500710993271886e-14
4.297868698768529e-20
4.963788988659247e-15
1.3860961246544742e-20
1.3075859493222103e-16
1.9566049998387575e-14
1.3083983644265308e-14
1.0751618654356838e-18
8.963556091937089e-16
1.015236538351788e-15
1.6946508640338243e-16
7.624833230275488e-14
9.491042976958406e-16
5.26099351826272e-15
1.2937545582955802e-16
6.3803407927423224e-15
2.5392500729642757e-16
4.796375231605491e-20
1.5147416716505981e-18
6.252004969866488e-14
5.903091992250473e-17
1.722159190762025e-14
1.626849785105833e-17
7.310467189582055e-17
9.636455859583135e-14
1.2088587655959416e-14
1.5680273682492955e-14
3.0927764870322824e-18
1.628904491564806e-15
3.3143692208237043e-18
3.356673657937281e-14
1.8229251352366377e-14
1.0762285830846141e-16
8.064536117789392e-15
2.57096155283864e-21
4.435437571415603e-16
3.5659833494511053e-14
4.6276329735246655e-18
5.580685974065794e-16
1.0904945691411012e-16
5.221521879350286e-14
9.425178551373103e-16
3.404021683391607e-16
9.27399290736202e-19
2.7599616105006826e-15
4.8166561638165464e-18
7.329484284214659e-20
8.930001679758712e-15
9.642342142412232e-14
2.2562543986747515e-15
2.409597206042625e-14
4.658714456886457e-17
2.7304365905834876e-18
5.652617636561062e-19
2.7231810407703614e-19
1.0640948046680238e-17
8.367429675762186e-19
4.8646468959464096e-14
6.587093409913891e-17
3.240581967799776e-15
6.79059817883772e-16
1.3383403524906484e-19
9.049782708259288e-16
2.0121848911579425e-17
1.0228425390719263e-16
1.303264711549419e-19
3.1421249666289734e-17
2.3221551090516447e-21
1.782247264678178e-15
1.4239411590470288e-15
6.055077096749896e-13
1.2065344217944394e-13
6.274663111352594e-21
4.999723398790523e-16
1.091649659826681e-14
2.961705624597633e-22
8.741576336214059e-15
1.8586128765065663e-19
5.700324922348345e-17
4.0275815621505174e-19
3.143535954006489e-14
1.2759145109755759e-14
6.757329500688292e-14
5.1425155276910486e-17
2.5455593078191265e-16
3.026515304031455e-17
1.0752370123856644e-18
7.628811951971259e-20
1.743570308586769e-17
6.988747803130241e-19
1.0369097775257901e-18
1.3659529174580766e-19
6.052706371847534e-15
9.214416964127585e-17
7.42940982697958e-15
6.884361311133498e-17
4.905040131161358e-17
6.453658291223093e-19
4.448713453292525e-17
2.8457710919421085e-14
8.497297718983803e-19
1.8520729714446836e-18
7.252265691435964e-17
2.1567561747262822e-14
2.8393246427231073e-15
7.485145440157248e-18
3.7041666085870434e-14
5.674502293122309e-21
7.250059666687491e-14
2.7785936779377906e-16
1.4089929389291356e-18
4.217442401268419e-18
7.835638902952823e-20
3.567731993404902e-14
8.689107408446929e-15
3.4270881981865924e-15
1.0980882878777919e-13
1.5613708215715202e-15
1.632910552905034e-16
2.1425413489413318e-15
7.057407434062282e-16
3.0100451925491154e-15
4.8873863951349807e-17
5.98633227417992e-18
3.0958516088522416e-18
2.666552602058745e-14
2.1535032007263072e-19
2.5331184099329658e-18
2.7479068666087325e-17
8.437050042643352e-19
1.3811456005581088e-14
1.6213408892655246e-15
1.1560183461369023e-18
3.8180762819210807e-16
6.818659305382558e-15
1.4275299674344287e-17
1.7237335759862555e-18
4.145039167384118e-15
2.0326953171582995e-19
6.886232851835449e-14
4.733269231444378e-14
2.724248835217889e-17
2.9475863165927694e-14
7.749389145946487e-15
8.732267237717074e-19
1.1479384066256606e-18
3.5615604356366115e-14
2.9384841777886176e-19
3.502032669913267e-21
2.4838426083342847e-16
9.589295377096276e-17
1.1045999482690084e-17
4.745256945541159e-15
3.338353921829283e-17
1.124768199769078e-16
1.1838029302500826e-14
4.3047612432270464e-18
7.851388110377355e-17
1.2198326936572883e-19
5.723716203363475e-15
3.7882583980464286e-17
7.886927275226985e-17
9.52322819302892e-18
2.5837207004654113e-16
3.160561770226544e-14
1.1424559612888455e-14
1.2669416561299954e-13
9.849931682052926e-16
1.5937661671007906e-17
2.882345263447469e-14
4.036146157173434e-14
1.712975159520474e-14
9.57439439570379e-15
3.6705792680879096e-14
1.5044163636535367e-15
6.691568344300211e-16
1.2733722987988648e-15
3.168842165161574e-17
4.202598074018959e-15
1.1617666836152045e-20
3.404442216298014e-17
4.017693309714311e-16
1.9565301009811188e-18
5.407693177873961e-16
8.290581669672455e-16
6.470031422857207e-18
1.322436410436533e-17
4.2222915780176987e-17
1.2485512621232954e-17
3.314415478786034e-15
1.3409217421664846e-18
2.1850385731523456e-14
3.169886669724478e-15
5.002512003394904e-16
2.069615314875033e-13
6.568864488741851e-18
8.76441352605457e-17
2.245718202730651e-14
5.128767294806068e-16
9.348852190589655e-22
7.297302853446076e-15
6.375793480250783e-16
5.349915629494466e-14
9.140441819138987e-15
5.927051341265028e-15
2.2192661916988204e-21
1.8641852587645685e-19
5.075616172787692e-16
1.4743235296022128e-14
5.9192342766671555e-18
2.1413650380996011e-16
3.979866853681148e-18
4.8210493069052755e-19
5.614285940983901e-14
9.987178254364474e-19
4.209244902912831e-16
8.388865992790277e-17
1.2134499012963556e-18
2.6434745355441335e-14
5.739119788119937e-17
7.016215057735604e-17
1.1957668642585153e-16
3.922662791416356e-15
3.00088568067359e-14
9.99025630726593e-16
1.5219681794367594e-14
2.857487634839234e-16
8.216919282840353e-15
1.5072505181693294e-13
1.2957942869740036e-16
3.501490861792095e-18
3.132602457167908e-20
4.506663283709236e-19
9.644517809638812e-18
3.8932519698518586e-15
1.0793822539266091e-13
1.052241474022916e-15
1.4637767024985662e-18
3.158931377820585e-14
1.0899767690568496e-16
1.9097959587279507e-15
5.789991378651372e-19
1.3119212491891218e-18
8.861547216303709e-17
5.99085274113012e-19
5.220737721562348e-14
4.001053905185778e-14
1.4013138882177541e-14
2.3035416711376302e-14
8.325720728416857e-15
2.499123407151943e-13
1.3211544012038246e-16
1.0251767341074308e-14
2.882045248716832e-13
4.828423558036499e-16
1.1387444634556643e-17
5.306164603102901e-17
2.811976976949716e-16
9.37879367979032e-17
1.3885034716166955e-18
3.056630923886107e-14
1.6377696602877695e-14
4.468018571053369e-18
4.120319657778938e-14
1.4098627419098372e-18
7.197839964638594e-17
6.727745007033784e-14
3.42613441110024e-17
5.063927125555891e-18
4.0190527894758383e-20
8.177667451825164e-15
1.9397691040584767e-14
7.672472028661187e-15
1.1055698096803385e-15
5.536406540946513e-19
5.5453371513750157e-14
1.0645113801847021e-13
7.508319648159408e-15
3.995852011657669e-15
1.8282471577277936e-20
9.611223358695166e-18
4.4652452803271194e-18
2.959165466223616e-20
8.341438232629599e-19
1.8103786005283347e-13
6.9661840820336944e-15
4.1613335743821435e-16
3.077169058926771e-19
6.32357401030377e-15
1.7469452355043053e-16
1.5755721015601183e-14
1.403925406752231e-15
9.55571019252668e-15
4.371260707550084e-14
4.3130703499341406e-14
1.045936321785975e-14
3.572047322686481e-18
1.2395196804917352e-13
1.3945075577002346e-18
1.853226853598283e-19
6.6048201549760595e-15
1.8986804057510495e-14
1.504480510419662e-16
6.952089234425556e-19
4.290879898873502e-16
4.8009185928099645e-15
1.970942737204465e-19
8.760149899857326e-11
1.0539516514906003e-13
4.8380012581232056e-18
9.053924475982221e-16
1.186260741777315e-19
2.2248721871645616e-15
5.405382536131047e-15
1.0731233349650065e-15
2.6647829585948565e-16
3.446099738718787e-16
6.938167572343885e-18
1.8285987339841038e-13
1.104554926984561e-16
6.435132210524807e-16
9.561268815916448e-18
1.2182193980800623e-18
1.880452209581915e-18
7.624502953111257e-14
2.9659416740652986e-17
2.0903697800255024e-15
1.1767946376980042e-18
1.3110219712001213e-15
1.012856993380233e-18
6.041337675692038e-15
1.000069914266115e-15
3.161563483554782e-15
8.735269843708425e-15
2.7481311895879233e-20
8.714420254031299e-17
3.4823446488687354e-14
7.574607163830892e-15
2.3564817817696004e-21
5.784751446466956e-16
1.2863413362117867e-19
6.800561732051966e-18
4.4140675509792383e-17
4.4962060466770796e-20
4.143164598125548e-16
1.4132471245863362e-14
2.441929015060295e-14
4.060975502304937e-15
2.154317727870944e-15
5.1229317530743384e-17
4.537958176223158e-20
2.2118624728803767e-16
1.1232669863563333e-15
6.172232020361786e-16
2.2733321593759406e-14
1.0656416821424446e-19
1.3338701259177905e-13
4.7904544243849274e-14
1.248350546296171e-14
8.566625094994559e-17
2.0184255631040944e-19
2.4470388230507637e-16
9.307478548392127e-19
3.067256111554518e-14
5.697286001887697e-21
1.075476356695016e-14
4.39073446556393e-15
3.714945867692379e-14
8.55739328997553e-16
3.813585368138861e-15
1.494648027374007e-16
3.272776848146824e-16
4.692169022425686e-21
2.045904244619082e-15
1.2134635273035487e-14
5.660121131744911e-15
9.137205677247302e-18
4.845967236449255e-15
5.713929097406006e-15
1.2859713511473845e-16
9.781911602306067e-20
3.078675962057699e-18
5.730782005151857e-17
1.5028150821966862e-19
6.063461717534482e-14
5.6136386810318446e-18
3.0157338324819445e-15
2.710238971994969e-19
7.460418540460629e-19
9.893625194311226e-21
3.1750054722685596e-16
1.1868347231222182e-13
1.0875612147787687e-17
2.431819835212448e-20
1.216588623205113e-16
4.930622753437555e-19
4.5688822358061797e-14
1.885983945249796e-14
8.438498739570765e-20
2.9454552922724054e-14
5.907652312697317e-16
2.4120523931411733e-15
9.462204991963693e-18
2.0806189838862595e-16
6.157418233965844e-15
1.1829903212282946e-14
4.974596087991786e-19
1.5354429610324794e-17
2.8610056514332173e-14
3.149425683567964e-15
9.024799462368007e-15
3.2927413702758326e-21
1.5251498356031005e-15
8.448958001218331e-17
5.571058060244195e-17
9.272004045774037e-15
1.1369727467753367e-15
9.68805680406649e-19
2.4300621554832132e-19
4.1171537059626106e-14
2.7312641892884932e-14
6.886461036562807e-14
6.414396724865599e-14
1.7450130476534754e-18
6.069753071052564e-18
5.61029140810823e-17
5.1882952275979195e-18
4.0757504909841064e-17
1.122316720313958e-19
1.5797034300073762e-14
1.9740356040532707e-16
1.628674203331456e-18
7.131969472782824e-20
6.296751373448101e-15
4.3767082017170985e-16
1.0628633661563212e-18
2.2552909335834305e-15
6.852004452720618e-14
1.6104266159297495e-15
5.239601201422984e-18
8.630384123787848e-19
1.0760167490316325e-14
2.6799842879685193e-15
4.241431440056105e-16
2.148143831960329e-15
9.87588065049808e-22
9.467916988691919e-17
6.868318148985594e-21
1.6662640106891178e-17
9.30442278743734e-17
3.6181901155490204e-14
2.1429282327610027e-14
4.4853872947433927e-20
4.581299466634676e-15
1.1878033784748153e-14
1.3875973870467958e-16
3.241863280043019e-15
1.8871938331926062e-17
3.918184309716186e-16
5.210523147371202e-17
1.0466944237887792e-16
1.3893041176089995e-17
1.405148146113827e-13
6.21531712041445e-16
2.4641749529277295e-14
5.429736183479538e-18
3.1327454360393893e-17
8.875734973450225e-16
7.206931510683562e-15
8.915834447045635e-16
5.079448411571026e-16
8.619497000962338e-21
3.971697033049905e-16
2.874928700946829e-16
7.14464762206918e-17
7.139872545657558e-19
2.832215881399623e-14
1.070860555888307e-15
1.6970287661567615e-17
9.73331990242689e-15
2.7131950194783e-15
9.45893236023345e-17
1.6921508967968384e-14
2.8264296057719113e-14
2.0078606505229387e-13
3.6022472589139307e-17
4.821820944695972e-15
9.312260082246223e-15
1.011284026846464e-19
6.319989646894343e-17
8.180955895037949e-15
1.8611376690499383e-15
1.0651397378621799e-15
3.6346847083975995e-18
3.794910336121591e-15
3.170013233461599e-13
2.7452125541807837e-14
1.4031730801714326e-14
1.9157167930635028e-14
1.2316465158727234e-17
3.066202536585321e-18
5.063523112945962e-17
3.355949859036521e-15
5.532918341229581e-16
6.001833432515455e-16
2.3494541169192207e-14
1.019966307579658e-15
3.909817754798247e-16
1.6711821174867257e-16
5.66941378611495e-16
5.910076619171144e-17
9.097767672191344e-23
3.725597260938827e-17
5.451569506564305e-18
4.392635221979564e-17
8.648516552514676e-19
3.235040964465909e-15
1.3496830497433048e-15
1.539774265507845e-14
7.409322146068975e-18
6.882584739678569e-16
3.0743877462659333e-16
2.8170945932686964e-14
8.380353905940649e-18
4.625537679144915e-14
1.0216399334450513e-17
4.6835442997642796e-17
1.5748869057968944e-13
6.177590442354344e-15
2.0728892026889152e-14
3.9525163963134007e-16
6.27224889360974e-16
9.8991601877952e-18
6.8690005514847176e-15
3.326504626015271e-17
3.912184684489528e-15
1.1083148747974924e-13
7.30834794054206e-18
1.3641003493689492e-17
2.8233135768923607e-14
2.1390111496968615e-15
2.6252080860211823e-15
3.263747949922974e-14
1.7101530039456498e-15
1.2810413114638503e-17
3.1766264327118556e-18
1.373813504561185e-15
2.572516331257352e-19
4.5092439897585334e-14
1.978606567728188e-17
4.944849121694406e-14
1.81315374913164e-18
1.790542388075805e-14
1.2399687681902625e-19
3.502076260896847e-14
3.711270237635012e-17
6.049022282382542e-15
4.5696600436698436e-18
1.107717932472988e-19
5.969561370569695e-17
3.2398581562190764e-14
4.830869718935283e-17
1.2210919984977515e-17
4.839272808334547e-16
1.6069306010457495e-15
5.240478006458353e-19
3.2189610420668384e-15
1.8161707748641961e-13
2.8859400199915025e-15
2.8173675317462437e-19
1.7499891443458846e-15
1.7573758754551132e-14
4.851788194930429e-14
2.7439058178546208e-14
1.3803814953936902e-14
1.209920847611238e-18
4.2810988031503566e-15
1.4788395653947778e-15
7.152130800910887e-14
2.2303499058812798e-17
7.823471079127913e-14
1.5069031743032528e-20
5.739529782962933e-18
6.970169723022444e-15
4.3036787483584246e-20
7.798123386320022e-17
5.5859571842614095e-15
7.021317189686849e-19
2.5080588868282913e-14
1.1150963335919407e-15
3.046629705816958e-13
1.3109917985880057e-15
3.370006670282716e-19
5.336602958889967e-15
2.5072651735409054e-19
2.6101522071967004e-18
2.5940230091123778e-15
1.5077728072174553e-14
1.925378193787029e-20
3.285642969045047e-17
1.2345866095744457e-18
7.775744073249599e-21
4.93923668466264e-19
2.8658164011193526e-15
3.378947083593844e-20
1.3444794494920236e-17
1.8068453102797276e-20
4.96136611027988e-19
2.626708260330946e-14
1.832902044276346e-17
1.0999872502033704e-14
2.9912181201333828e-18
2.9261003489242216e-15
1.4977320823285258e-16
1.3920068847879022e-20
4.7809992786640137e-17
4.676286465694888e-15
1.0310183444568743e-18
3.485513499808781e-15
1.9502347351655438e-20
1.2332694373153894e-18
2.417059287416754e-14
3.046395855183983e-17
7.699228567321082e-17
3.4973655357287757e-16
1.00427669094714e-14
1.2612216642257873e-16
2.0029304614007137e-14
5.542397504564407e-16
9.631564620349838e-16
8.756283884036092e-15
3.3130757798554848e-15
3.923560710444692e-18
1.9710540369707969e-16
4.232467210002378e-17
5.436109534858888e-17
6.999224496186791e-15
4.3059230184976505e-20
1.1005161734082197e-17
2.4828675262771008e-14
2.0543233380717076e-14
9.75936945945556e-15
1.7479552237578015e-17
1.5935654826622878e-14
2.2923706698801516e-15
4.476973904519659e-15
1.929718909870392e-18
1.8732470250030667e-15
1.0379454728653319e-13
1.6193187475278468e-14
1.4974429097611117e-20
3.797905123944113e-16
9.796643064413693e-15
7.432324109150218e-22
1.3897336478522322e-13
3.18983369987494e-14
1.5802043587760423e-14
9.945165132985597e-21
2.6019299101544074e-15
3.376053386549377e-18
7.986676452195722e-14
7.422676740208918e-14
2.829577354339854e-14
1.5044584928636712e-20
8.391804004742646e-16
4.65891833333504e-15
5.850660722148767e-16
1.423597927570136e-14
2.6093530901433658e-14
3.377277916853937e-20
2.253108546574334e-14
2.6664259539933313e-16
7.224144373296828e-15
7.171189346785081e-15
3.351892413637246e-13
6.608349861806889e-16
1.8029349149339972e-17
3.803074240855709e-17
7.363682494742652e-18
4.5628622684705584e-17
1.3498197150539501e-14
1.8486536701241691e-16
2.840814166284995e-16
1.5632422786395895e-16
4.0678029896078126e-14
1.3911398732590048e-14
1.4802944294380192e-16
2.1451723719754707e-16
1.1042003412681649e-14
5.95671849064072e-18
1.0330476381087355e-15
2.117586469645037e-16
6.104831655619232e-15
1.480494690678718e-15
3.070712520612323e-14
2.1554014181784688e-14
3.0292933733667595e-15
2.986691611244858e-15
1.0478922235279506e-13
4.843279751160718e-14
9.566392329219454e-16
8.158514070890234e-19
1.676822928448954e-14
3.777101153667918e-19
3.3665570396963593e-20
1.0611465641243415e-16
7.36361763689192e-18
4.8746725583402835e-15
1.8595113501776315e-23
4.766037816003904e-16
2.7229279366353006e-15
7.150957721105543e-19
2.5967679804482737e-14
2.829530832745406e-18
1.164801798250725e-15
1.0281932558930068e-20
3.175232765654428e-18
1.278816772683931e-19
2.7110359266419393e-17
5.431909900029198e-19
1.787589737358238e-18
3.621417703159741e-17
5.934944739338185e-14
1.6180088858675372e-18
2.2880177103338884e-14
4.477485199575721e-16
1.375161693447917e-14
3.523299358725765e-18
5.376737335785713e-14
6.925467226354935e-17
4.2774402717419574e-15
4.5720135783726266e-17
1.8325882728946647e-14
5.339171291940481e-16
2.712721951489247e-15
5.951950138764637e-17
3.765024007022638e-15
3.3352695991041487e-13
2.6995803178670563e-17
4.6658732223579333e-17
3.276383089357935e-13
2.7707774073766917e-15
1.6960872624432965e-14
7.46859790563155e-19
1.1418582047323052e-13
5.480867291125322e-18
1.4323430536231687e-14
4.796633567023552e-15
7.669995545418246e-18
9.799700208962543e-16
3.3643535435935538e-15
8.456454498814205e-15
2.3991946357450758e-15
4.2116347025165666e-18
1.1620498683258668e-15
5.48986334723645e-17
3.3793006606298084e-14
4.266534256366818e-15
1.4095381676959828e-16
8.51983138381727e-20
1.6301344381129579e-15
6.36778493352772e-17
1.6082322510859646e-17
4.862165296560782e-16
2.3203149752315586e-15
2.626076812616081e-22
3.06604538063943e-14
1.7972390963639333e-16
2.0150291847946264e-14
2.8195962665576852e-14
2.725234702053048e-15
1.2475427228166034e-19
1.948021047472121e-14
1.0677290785645946e-19
3.410147200484819e-14
2.636188419121131e-18
1.802108653117554e-16
3.925518026962697e-17
5.533489359086156e-16
6.310278865138368e-15
2.030720478728975e-16
1.0019786420006658e-17
1.1071694354239502e-17
2.529489293556954e-16
2.6691279583243156e-14
5.032534287474414e-20
6.793971597655906e-17
7.57626415353127e-18
2.7333731282359527e-15
1.8621307972676983e-17
5.404194715426157e-20
7.1640063037176e-16
1.6552897896967123e-18
1.0789738311580865e-14
5.444787702905367e-16
5.615122211000426e-15
2.3272145320314244e-14
3.144680400743292e-19
3.2782956639381403e-20
9.680432050087312e-16
1.2172502965782705e-19
3.9427142396627484e-18
4.611220538758418e-13
4.4395160275763455e-18
8.975197267103262e-15
1.5425165284682094e-16
9.862130326748313e-16
3.0440569247401427e-16
1.4451556165326106e-15
2.6293352335351647e-14
1.4237213584315666e-15
1.359646924120058e-17
4.699743574354017e-16
3.153055442069532e-14
3.4967312718700035e-16
9.092856611065905e-15
4.882571721211505e-19
1.3238032530365412e-17
1.10723764101016e-14
1.125629201129669e-13
4.352875015782421e-20
6.97418089103951e-17
2.8455762604853797e-14
7.43183284262119e-15
5.821643515717843e-17
3.4929301454625584e-16
1.3651238976735953e-16
5.2400525452614996e-18
1.14937634319889e-16
2.49009193149999e-16
5.723747841824148e-15
3.7531907123695576e-14
4.609284538115709e-16
2.7428327664620818e-17
9.077426694829826e-15
8.365795374570143e-20
7.218993099518146e-16
6.643699556248415e-16
2.4395468175062534e-18
1.8143193885139594e-17
1.275575005789991e-16
1.1193831157219553e-16
2.933016039857284e-18
4.426175560188944e-18
4.309647616893923e-13
2.310801057705944e-15
2.1498056129201715e-15
1.070739686036063e-14
2.855082587375358e-14
6.922521029157662e-19
2.5179044884110926e-14
5.554229066697552e-16
2.8985600554911664e-20
6.831584096934342e-14
5.19694129904421e-13
1.2137411669943084e-13
3.9511041424001594e-14
7.712547450534616e-13
1.4298466917736273e-18
9.225509505282432e-17
4.0480032280331103e-19
1.2921451755615363e-13
9.72831579953752e-18
1.3417273766743406e-13
1.0056520519008934e-16
1.1054809915114597e-13
9.804182462619515e-19
3.3528078815312726e-14
1.2591945689863659e-19
2.8613522170829217e-17
4.774654404242358e-17
8.684566743160873e-15
7.484811166781829e-17
5.262642473047535e-16
1.9649201324385438e-15
2.3732217218117868e-19
3.497685178726146e-21
2.139995567324579e-14
2.2121465103137743e-17
8.124908531935144e-13
1.5289873365255609e-15
6.788183805923914e-14
1.573926208922997e-15
1.96205788883699e-15
4.018994792495692e-17
5.918130614673897e-18
2.600796898170113e-19
1.1123752149208718e-13
1.210270123143593e-16
5.307265083011957e-14
2.6033671877009142e-18
1.6804458669322137e-14
2.8267554390257655e-16
3.859786191096926e-17
3.280750853404848e-19
1.977418511892749e-17
2.8320376091725756e-17
8.885690297750202e-16
2.1046160759125505e-15
5.097425425382368e-19
2.2067776157736226e-19
5.647566113241161e-15
9.098317917426358e-17
5.203233188779025e-21
1.2395269900385662e-14
2.747972201288985e-17
2.57058638835085e-17
4.596313372410682e-19
6.891193385255996e-17
8.009492933504895e-16
5.471398385419778e-15
1.5018150532674083e-14
1.426497961631773e-16
2.4962029679171395e-17
2.394070398288722e-16
9.95057631780644e-20
6.262343310029936e-20
1.1331087864953192e-15
3.2338825716763114e-16
6.780985391048399e-15
7.94608932096539e-18
2.6923462463045554e-15
2.1877760439436046e-17
9.512749630612001e-14
4.3848576801819665e-21
6.289985329411788e-16
5.691025486010644e-16
5.166110240241608e-13
7.758594611478707e-17
1.3916310557283658e-13
5.836281755537588e-18
4.5576911049920015e-14
1.3679044809409937e-15
6.419832991404659e-19
2.988006834600082e-18
3.722873638669926e-15
1.3539470527646999e-15
1.43838161339753e-14
3.3687947010912286e-18
4.3176739635111085e-15
7.481341595729481e-20
9.284352833139601e-15
2.5088143879455828e-15
1.3005783457683154e-15
8.684312894225759e-20
1.1600786656237192e-18
1.5397535821215787e-13
3.8565765005749984e-16
1.4880343232917446e-15
1.6796258435836959e-18
1.6758752524770891e-18
1.1445865916581224e-14
3.145625566715776e-17
2.36597035094864e-17
1.6897381886355746e-17
6.150228503792654e-14
4.337959429733857e-16
5.793893295315875e-20
1.5393818036263606e-14
1.9372998543255832e-16
2.9150362828537395e-14
2.0623492002212874e-17
2.82209735212815e-14
3.267680122408084e-18
2.664256165639649e-16
7.009017319346981e-18
3.260881827508724e-14
6.477902237472693e-17
1.5756509737490467e-13
2.5238002288620023e-15
8.167409024754832e-14
1.654990822531521e-15
1.64178923632924e-16
1.971434881425592e-15
5.0878335884165704e-17
3.089377452811839e-17
2.6017212258456034e-17
9.747726397527397e-14
6.902208032825864e-14
5.735991899682202e-19
4.0353978729894466e-17
1.676591207736015e-17
2.5748874528772725e-14
1.7887416904559097e-14
5.470069196740879e-16
3.496007190602183e-16
2.5009513521892675e-16
1.4330088095694352e-15
3.62266983041274e-16
3.231629047055347e-15
5.752717123096189e-16
2.2577770264774285e-13
4.0875518499718115e-19
2.8087895265429058e-14
7.601782331441008e-21
1.88034919516806e-14
8.053127199089158e-17
7.790847842409613e-14
2.509893826526828e-16
1.248627867850139e-16
5.227947312938185e-16
8.167120907594885e-14
3.9466037559193027e-20
4.6630735169178024e-18
2.341108161742504e-18
4.3434849308469337e-16
1.2883331591485402e-15
2.4351384483857513e-14
1.2883043864885029e-15
4.5523827531560475e-17
7.697672839552307e-18
8.292556681464935e-16
5.917132959662773e-17
6.188423924066043e-16
2.7873410676958446e-16
9.134280990142988e-15
1.973881920433518e-17
5.134931816386491e-15
9.351926126820084e-19
3.6005431625198346e-16
1.9207291312101914e-16
5.687867469315337e-16
4.5615272238538144e-14
6.47042406851261e-16
2.9521224013715897e-14
3.94474604741506e-17
3.204105541918703e-16
1.0205834863120282e-17
3.3820253510963008e-18
8.243090533622537e-20
1.084349540155685e-17
2.2918824705523973e-16
8.831959515408709e-16
5.258877082721361e-15
3.70528655560515e-21
1.1856903318139096e-15
2.0106626163852065e-17
9.402972950063634e-16
2.303299147432927e-14
1.728520262351829e-15
4.925922794546046e-15
8.08722580158035e-15
2.943818484217483e-14
8.526984403112883e-16
5.199125873058993e-18
2.1692404916641522e-15
9.893693244280596e-14
1.0629266705238791e-16
1.5905479403497026e-18
2.8991291586411864e-14
2.022943659149479e-18
4.0407850050905726e-19
9.275622532066333e-15
1.0484312488154318e-12
4.4641753363004304e-17
7.00762948726174e-20
1.5215712688424013e-18
9.915984271426402e-16
9.730474432888783e-20
2.7340038270571273e-16
1.926916393587507e-15
2.2592713640415346e-17
8.358288656460111e-18
6.056876418985643e-16
1.6905000722972402e-15
3.0704071682936038e-15
4.526219832992916e-18
4.6895204890342843e-14
1.5715789180447567e-17
5.954432633171896e-16
2.214644384535399e-16
3.074193135170604e-17
4.90755432481047e-20
7.104967001901468e-19
1.526357138164283e-19
2.3874673428139897e-15
8.35378872150667e-15
3.3197888637428637e-14
4.549826085317666e-18
1.7804810409595744e-13
1.7497158385157654e-20
9.986466507239763e-14
2.4568013019162794e-15
1.3195027258615248e-15
1.2678986236354663e-17
3.3784773110330914e-18
4.283330437912166e-16
4.529029705470474e-19
2.58786706741063e-18
3.4641786705918634e-18
3.199314342528924e-17
1.8508045893932342e-16
1.4748513582667138e-14
6.489224286418896e-18
1.330853648338293e-17
5.903211806297904e-20
1.3726459669109059e-16
5.300126794408803e-16
3.3768426859409787e-20
3.588967681806734e-19
2.5171072395796442e-14
2.247870082442831e-19
3.3072548671437005e-15
9.696477379500732e-15
9.794906418517192e-16
4.0613396404190895e-17
5.551932587403087e-16
7.979291711503801e-16
1.624619209067153e-16
1.355813021563575e-18
1.0134498469719041e-15
7.32268278698105e-18
7.66345977898349e-18
5.744429343426626e-16
7.267626114088011e-15
2.1883575114583685e-14
3.2254293209081385e-18
1.8854514398933423e-14
4.629064318996536e-18
9.084621387655474e-16
1.029010311945455e-16
1.3454771772747043e-17
1.9437104350848255e-14
3.391756789184064e-16
2.789293453798058e-20
2.9476479974611374e-17
2.925254124886914e-13
8.392009335900701e-14
5.083333743405355e-19
1.804732392361472e-20
1.3595844383562403e-14
5.003460271132185e-20
9.843282713868213e-20
2.277618702506202e-16
3.7953094839174526e-14
2.9161448472678044e-16
2.7152231601860483e-15
1.8205559817694787e-14
9.213969570091052e-18
3.0703551616698343e-17
9.318898175503312e-16
4.383679906439408e-14
1.3817760381420903e-14
1.1193732345073445e-14
3.97759966490342e-16
6.991274146129458e-14
1.0703351793922027e-19
1.4324925542299647e-15
2.9260868261623455e-14
6.478900024673424e-16
