14.062625579182694
13.312227654924126
12.859726428853875
12.628983103146624
12.33452132350687
12.124261030537326
11.97599841168822
11.261416384301086
10.300076241581364
8.988909701804095
7.832845317922157
7.151944844435054
6.61845420015095
6.198728096681927
5.911875769456305
5.65429099831411
4.815390096935124
4.309878035822177
3.938960866884007
3.67404210464682
3.4591360822999606
3.29435553623666
3.1658017535287275
3.062308767013585
2.976837866974482
2.9053412971192545
2.842606465740256
2.791619516522462
2.7465004297554065
2.7037288189736053
2.6630186201764854
2.627026919576383
2.5872598326263043
2.547315634498938
2.507687611323723
2.4666415912845814
2.425764684730961
2.3714326069470584
2.3246363913596886
2.28608470426723
2.255744749108107
2.230759972369462
2.2106057262061327
2.19376890896043
2.1775233376282497
2.163605230639641
2.151673232326301
2.1411450553476747
2.1317580177958817
2.1231698811354
2.115780820921259
2.1089975403450643
2.102744278906446
2.096877892412124
2.091286304688923
2.085799767968794
2.080256151816605
2.0754937380225504
2.0704734002700924
2.065743496991967
2.0616813407999155
2.058106575146911
2.054864762390838
2.0520584862444693
2.0493319974487214
2.0468339133712288
2.044100801164416
2.0418329887551305
2.0397948786094986
2.0378302614223625
2.0359923449828354
2.0342568583293286
2.0323739778430525
2.0309472367418593
2.02968278343306
2.0284478520596334
2.0272881194942025
2.026244568831734
2.0248694435743904
2.023593207919154
2.022529603761135
2.0212560713735535
2.0201422925282664
2.018941105879728
2.0179273404643485
2.0169134290464825
2.0158456155748885
2.0147569298570556
2.013909979912464
2.013020479264484
2.012222555951311
2.01143334973664
2.0107236854639474
2.0100529253745787
2.0093585014986948
2.008644932802789
2.0079931816099412
2.0073431751401465
2.0067330055917374
2.006143601190999
2.005617255814915
2.0051172898159635
2.004628147546267
2.0040772118573837
2.0034524920442216
2.0027913773963064
2.002197693961179
2.001545792749063
2.0008071784373813
2.0000662839985486
1.9992521183699274
1.9985587450725006
1.9978257505459123
1.997157117886104
1.9964785163622913
1.995796806418884
1.9951700455477326
1.994485699968731
1.9938282791456423
1.9929227615926326
1.9920263405179268
1.9911233699673163
1.9902347298349596
1.9894011854382097
1.9885881212114072
1.9877001496942235
1.9868877048521325
1.9861108211548357
1.9853730734124024
1.9846802796258487
1.984019686219952
1.983387883347942
1.982824573090694
1.982126891128762
1.9815397089491231
1.9808858252809713
1.9802535061383884
1.979655422124953
1.9790749572041832
1.978474542101491
1.9778273731227145
1.977180493261189
1.976595000312722
1.9760668302464843
1.975627111130816
1.9752429840402304
1.9747545740587071
1.974280173814
1.9738544515243586
1.9734903564358293
1.9731493411736372
1.9727987022259024
1.972459674014429
1.9721531663573657
1.9718704808785432
1.9716265998200626
1.971394603068795
1.9711951863135582
1.9710287943500182
1.9708717115925953
