14.019590616397096
13.261976045540742
12.834142176302898
12.626852617756988
12.337169065433493
12.139656889518967
12.033036538438136
11.57866770569335
10.764210246846874
9.77828600169819
8.422473183035187
7.559257924662386
6.953508708521891
6.249449542600603
5.704503219579294
4.811961883830239
4.2397599443761145
3.8609294981954054
3.6156705813136174
3.412640883716045
3.2652510115700784
3.1316916805155
3.0336557706215164
2.951655094262291
2.8890565010441067
2.8349974648138474
2.7876983684831025
2.745126514549165
2.70756856880028
2.6742573729679986
2.6424479165217445
2.61143835888375
2.582685890097821
2.5558591899209144
2.525059278241354
2.487899470147555
2.4514650328257153
2.4025238992731204
2.350979929606341
2.3089663527462196
2.2758592039557586
2.2462851407474815
2.2224638518409936
2.2033239721205398
2.1857094742708876
2.170389084233607
2.1572102194022396
2.1458272225246002
2.1359834117026173
2.1267290140578137
2.1186126400788314
2.110811829582409
2.103387682664616
2.0970729071756304
2.0911268143104955
2.085862970744513
2.081210739841369
2.077138707987392
2.072724738066544
2.068837619564129
2.065604327614312
2.062549961363568
2.0598802020029314
2.0572501173831537
2.054414159762806
2.051755964420055
2.0492085564609006
2.0468032553950746
2.0442820703917945
2.0419931070934894
2.039981297863222
2.037833530655292
2.035641984145376
2.0339803852412697
2.0324699294989976
2.030994555478367
2.0296315565690506
2.0282997869460484
2.0272130588837047
2.0259481393243632
2.0246102358297033
2.0234591903261494
2.0223374603545228
2.0211314774766995
2.020002169416575
2.018859527377474
2.0178713634952503
2.0170297317984485
2.016096065648542
2.015238083028218
2.014390162549698
2.0136611075591766
2.012902962406784
2.012179335282479
2.011496782692568
2.0108878744487786
2.0102857918484087
2.0096725343440696
2.0090601786844466
2.008358008648659
2.0077308068507858
2.0069996201343203
2.006355246857435
2.005728082895332
2.0051627852707012
2.0045965066583014
2.0040553199608215
2.00351566822574
2.0029905472552585
2.002479908713708
2.0019214066586706
2.001355102415067
2.0007914206001827
2.000253084252761
1.9996694932565813
1.9991326516609007
1.9986356246299462
1.998205192958352
1.9977500848360723
1.997272880386138
1.9968292946705333
1.996357479393045
1.995862786564297
1.9953837085715547
1.9949399059066844
1.9942950293441637
1.9935993219033357
1.9928619290811334
1.992128092136408
1.991342898654552
1.990559231950476
1.9896689538560146
1.988796565407517
1.9879754115713766
1.9872636178846461
1.9866317803712956
1.9859481593949182
1.9853539874346726
1.9847605467015947
1.9842792958044555
1.9837866961448158
1.9833132820502248
1.9829235383345338
1.9825686637289932
1.9822465204420157
1.9817981351128902
1.9813633574552876
1.9809155039307669
1.9804993054500413
1.9800307071930634
1.9795768142134689
1.9791460605512263
1.978702251057456
1.9782460973282259
1.977812678849057
1.9773522462058288
1.9769433722426664
1.9765183854581592
1.9760605911378963
1.9756223776957693
1.9752146276714884
1.9748068244152854
1.9744189244248167
1.9740599090369022
1.973710123995958
1.97336042742839
1.973043670398246
1.9727242272080279
1.9724423076276203
1.9721706549309026
1.9719166737099805
1.9716516252682643
1.9713785536201982
1.9711126391199434
1.9708481612559723
1.9706024107973326
1.9703752870667168
1.9701673191762055
1.9699787197535539
1.9697821784369847
1.9695980446854158
1.96940667235193
