14.040351854595004
13.27909348813721
12.851616769082376
12.633598372697506
12.340821988087733
12.132500578442187
12.00044782248385
11.44812286274561
10.523540906183541
9.1390611836209
7.8726751850041445
7.1547710042106765
6.537932508534027
6.070369836996978
5.73936262224875
4.795894756200969
4.209305928285165
3.8421923987024336
3.603181720078374
3.417172321670945
3.2576537217221766
3.1372657776772552
3.0357600286469086
2.9511024633359924
2.879907500320014
2.8232572011102803
2.775235645589545
2.7325070202729718
2.6982115989905733
2.6645661381054024
2.631607527283946
2.6008673375521525
2.5700904404330753
2.5404582712881236
2.5093599833793467
2.4801037954265857
2.4496271734191684
2.4072118870348937
2.3623200831905695
2.3202396058556634
2.2829985170956117
2.255311041236281
2.2323751358263992
2.213701028585347
2.1975456298995937
2.1828103463303794
2.170997969922361
2.1608196138650726
2.150728451853519
2.142277954272833
2.134678372436711
2.1273552458883698
2.1205932364297784
2.114552622515774
2.1086439448126857
2.1037482401998933
2.099038024005111
2.0948991281956175
2.0911434680879957
2.0872704166997575
2.083130684089716
2.079043581422593
2.0750761392472103
2.0713487606638985
2.067705301332433
2.064195443594258
2.0607995622644726
2.057325912370737
2.054105551411638
2.0514002374085925
2.048697097685535
2.046105999163313
2.0438056002549754
2.0417160039277693
2.039596140695009
2.037593321519765
2.035409770274554
2.033663184611517
2.031965667480808
2.030281529345741
2.0285295801482013
2.0270758712805286
2.0257836026662766
2.0245030434304283
2.023340932108354
2.022294415923157
2.0213301653415296
2.020376173481842
2.019482921109512
2.018608392244592
2.0177775524718324
2.016980669911666
2.0162574013358814
2.0156065845448214
2.014871619119937
2.014123088676559
2.0132954370728235
2.0125670474703554
2.0118208646276727
2.01103985037936
2.0103243383504115
2.0096273597238454
2.0088700622541538
2.0082166967614477
2.00755791109685
2.006928852065549
2.0063191201869897
2.0055639518779653
2.004820564778189
2.0040950242752054
2.003393337105611
2.002587879117244
2.001826459448422
2.000971814839666
2.000107728141714
1.9992830724451967
1.9984526330408547
1.9975587605359122
1.9967505569621746
1.9958925335351196
1.9949371975484151
1.9939279021572531
1.9928144272166861
1.9917935357855496
1.9908150951847965
1.9898105030012987
1.9887712871809118
1.9878093353916642
1.9867779334634719
1.9858895989153833
1.9850874250177855
1.9843023937010216
1.983431435959222
1.982636140857621
1.981902950615149
1.9812008366435698
1.9805912472173919
1.98000391592113
1.9791771353511471
1.978469242069833
1.977772380506961
1.9771195507230885
1.976536783519851
1.9760685358801702
1.9756373082016632
1.975193136902507
1.974766494399491
1.9743546918070791
1.974029679795203
1.9736697725060308
1.9733649092388088
1.973055341166674
1.9727639940393829
1.9724898106846913
1.9722278081776672
1.9719734937108404
1.9717309630751503
1.9715151255077874
1.971330978693267
1.9711452516859547
1.9709763131907412
