14.048446252759916
13.267567787333665
12.849538731058807
12.626225431370706
12.351769997687192
12.155343784182993
12.037330224394474
11.554729754796877
10.660972400432055
9.33266525035757
8.171766977995656
7.129977916888869
6.44593121742262
5.881663288622249
4.95584076176014
4.330659209370026
3.9276698579311837
3.6375263744048087
3.4313631691718687
3.2786516851454124
3.1484567028567385
3.0496484973332407
2.9651238386944296
2.8962468718849923
2.8365847367928225
2.786211634385647
2.7416321192099664
2.7011036716032555
2.663560156608275
2.629713340159988
2.6030049007883456
2.577535803013454
2.5475418117360054
2.516048170213393
2.482409377290793
2.4520940011057197
2.4236560266170377
2.395380362930304
2.354108084294186
2.3146922800542757
2.2798214924005347
2.250270762392997
2.2252511677816145
2.203964474602932
2.186839264738156
2.1724253897328385
2.1610454838364213
2.1515562914385216
2.143806222911917
2.1357759418392295
2.1285507350967823
2.1218277605162097
2.116032242105814
2.1087955761059103
2.1019239389150153
2.0951471676274007
2.0898299816608965
2.08473323589698
2.080134714717774
2.0765157997103376
2.0726316618484724
2.06905945977692
2.0655790073290827
2.062108408437707
2.058470179771083
2.0548907378006014
2.0515682353476263
2.0481307887780194
2.0446983289503047
2.0422321784918616
2.039987302285007
2.0379167123726454
2.0360154183412957
2.0340468195225263
2.0322872537339833
2.0305264449176637
2.0288652138850516
2.0273330424541625
2.0256872705237052
2.0240410211770357
2.0224451315804206
2.02101428516647
2.0197218645878534
2.0184778987520975
2.017342060526655
2.016201047890112
2.01477018835822
2.013234986068831
2.01094726514264
2.008545752311351
2.0063522944423244
2.004061241911458
2.0019102992070916
1.998997735680053
1.997909405547584
1.9966749706988365
1.9954924536907273
1.9941568231788231
1.992615480661085
1.9909447941295095
1.9890234346695852
1.9871620162225119
1.9853148042797342
1.9836916217659297
1.9824437645984094
1.9813723764224083
1.980229558341259
1.979346291249672
1.9785308061234987
1.9777407362680641
1.97708389674054
1.976562635506161
1.9760304479876023
1.9755040907435566
1.9750462843080303
1.9745761147696665
1.9741444379837745
1.9737067179110817
1.9732827813846425
1.9728905179597094
1.9725281971922843
1.972133751868295
1.9717284443054002
1.9713459170916927
1.9709928574960074
1.9706989773619048
1.970440335998088
1.9701912874110779
1.969940636649655
1.9697206137732577
1.9694749034534498
1.969266399006564
1.9690687175410222
1.9688923219861572
1.9686877967541658
1.9685093047936526
