1.4410666863519172e-8
2.2423488194626627e-11
4.491485301989451e-12
2.9862457777058266e-11
5.363279708139679e-15
5.01380239511984e-14
2.344074987246729e-12
6.466753832915806e-10
1.1852850999846684e-14
6.9677039413775135e-12
3.4570731431651664e-17
5.5753249745730964e-11
3.177737530775582e-14
3.788272813682102e-11
2.2832449924423e-9
1.7680655932906202e-11
8.554165526328128e-9
8.950991096787793e-19
5.0127399125366685e-15
1.1436311229081732e-10
2.0910071688724996e-12
1.6517776335469182e-17
9.838621171316783e-16
7.824451685987726e-17
5.138956909347264e-16
5.924416524751922e-10
1.8176582203930633e-13
1.0142650188913913e-13
5.687682568514627e-17
3.774190146640485e-13
6.476417502061977e-15
2.5939740630558282e-12
6.626225882146842e-10
4.1379443258346257e-16
4.468546446817288e-12
9.433730412387973e-12
3.688069695000142e-17
3.6603584746884993e-14
1.0656136375764946e-17
1.6362904851784068e-17
3.149866930906464e-13
3.692328247052301e-13
7.672392074022932e-11
8.313676439313513e-14
3.4989914661134973e-13
3.722718386950044e-12
2.3181088689564647e-13
1.061941692405744e-15
4.2284159811463313e-16
7.546531369095506e-14
8.243004197471996e-17
4.7549519584349884e-15
2.292313351734255e-14
7.346241210774062e-14
1.2375931951636142e-10
8.412735603332055e-9
3.869057826013886e-14
2.5031829628221636e-13
4.856376557694001e-13
6.449748069568549e-18
3.852369117198436e-11
1.2077112146993695e-15
4.3986022353805405e-10
4.004580410266622e-14
3.2906838224249027e-13
1.1681905513864741e-14
6.64849954280585e-14
5.102584015143376e-15
1.5931413321280926e-16
4.00437661117249e-10
2.764563509640046e-14
1.7569001946208439e-13
5.099577338906518e-13
2.796738546885198e-11
3.5266800792426215e-14
1.0146903961056072e-17
1.3323281148017728e-11
1.3757127732631294e-15
9.239564850706443e-13
3.1541474515929853e-14
5.428590791985554e-14
3.209810121639013e-15
4.3290177205683593e-10
9.237953343750509e-18
1.435273635773215e-17
4.473786382796345e-19
6.312308883808624e-11
4.4527078664925555e-12
2.4815111139154485e-14
4.226724024996548e-9
9.952260632848138e-13
2.708551881683771e-13
5.422741206642247e-12
1.1960329972299522e-16
9.977428759782533e-13
5.348984572927671e-13
1.1669249752323843e-12
2.2403979916366646e-16
1.4433766624022142e-16
3.110018472530174e-13
2.0188329012182217e-8
4.217249102874843e-10
2.5399364139121147e-11
1.2771567641559452e-12
1.9355281307879932e-16
1.020544392257307e-15
2.697605012124441e-13
5.171413649676526e-16
3.6278900746137486e-14
7.558518066518764e-18
3.38875724111513e-13
1.7418677158468973e-15
2.3511762128852037e-13
2.365923324541149e-11
1.0029788273984048e-16
2.4990260729041937e-17
4.880752026798121e-17
2.6944941924707965e-15
1.794941358630591e-13
2.2134587242511964e-15
8.100739118458442e-16
1.5968151538828618e-15
6.360198867484919e-17
2.2612721872507248e-11
5.111871037638317e-17
1.2034369535261779e-14
3.2130677867904713e-14
8.232276934403143e-19
5.581590065415158e-17
1.171379857076e-18
9.584786221337173e-18
2.7640793245762182e-18
1.579112155488207e-14
1.3358115819293468e-12
2.5917896805234363e-10
2.789250023166084e-14
8.690472890131108e-17
2.426142325423906e-10
5.808141691994294e-9
1.9122705827151804e-17
2.3887899791029747e-18
9.32943453383287e-14
4.141501312464384e-14
2.255873289129917e-16
7.944975943207425e-16
2.070948720811266e-14
4.536434616244199e-12
3.767850749406117e-14
1.2856175294784569e-15
3.038689145344635e-13
6.36779969304309e-18
1.1025169812122008e-17
1.4149812341103947e-10
1.7411270542700625e-9
8.308249962269737e-15
9.793708606094452e-14
1.0719821869886094e-13
2.7465733277821555e-11
7.633950020747354e-16
5.212712808038956e-8
1.7795358747405536e-15
4.238470791557766e-21
3.7901833854554936e-15
8.14877055201808e-19
5.704566210709399e-18
9.455652025878128e-15
1.2930977184634088e-14
3.1913687326531367e-16
1.2423568208211708e-13
6.83978498182144e-15
8.182321104533423e-12
4.678969592506726e-19
2.3333893054124796e-13
6.360222691242359e-12
2.269695289425995e-9
2.1411280972379724e-14
4.9540347585208144e-17
1.1427659966585952e-8
8.52774063237735e-20
2.704452495808965e-17
3.5009481588424918e-12
2.497214413163745e-13
4.885718087050967e-12
8.932210367049975e-14
4.4177569934620454e-14
2.2122822189638708e-13
2.5145428899715462e-11
2.130729990544824e-12
1.2053623714424972e-10
4.150827376304804e-11
2.2338990481982716e-12
1.5844637359462916e-17
6.604952671470153e-12
2.2429477226684795e-18
2.9162447205919764e-14
1.4427286207962293e-13
5.648188043039984e-15
1.373383514615023e-16
4.3076730196300584e-15
4.083803213400098e-15
6.039056023077617e-13
5.963756457447105e-16
2.506295011878363e-9
3.6084720854042953e-16
9.072103488390829e-14
7.0522494277850484e-15
2.0974543650900163e-15
1.5897096418310633e-15
4.130106872886964e-17
3.0112847749169367e-15
9.090532173206747e-12
1.2618088961821833e-14
1.1846980475353465e-15
5.3262466782184286e-15
1.4469545804137976e-14
1.1515535677672354e-9
4.1435710441824493e-16
3.741606497583125e-16
1.2261033116761565e-14
1.5863850276705046e-15
2.6137307597474995e-18
1.0301457645799893e-17
9.836716811718092e-18
9.924527374008454e-19
4.414397909938778e-14
3.3195627746018227e-19
4.022740765339586e-12
4.4361971331449986e-14
5.019682393515346e-16
7.261197151299216e-14
1.3905885085426381e-11
1.4418751188909418e-17
4.645812933151867e-19
1.5746909634616027e-17
4.01681083144438e-11
1.3609152745128525e-15
4.697657578461177e-12
9.984374898581135e-13
6.381214826513065e-20
2.3496387062394417e-19
2.1477590632974956e-11
2.9501996401676537e-13
1.8556705074589737e-15
1.384896153924942e-12
3.6209402212365575e-12
1.944286804870859e-19
2.3460046457022608e-14
3.0066273002603694e-16
1.2296609775709913e-14
2.347555756415936e-14
1.0257694678713307e-13
3.049752022622947e-16
2.5253628117884604e-12
4.894324732190796e-19
1.813769707737632e-18
1.1685192515738959e-11
5.2424181904091874e-11
4.336440624591867e-18
1.045065729907937e-13
2.9478278511690064e-20
6.835109938281667e-10
8.342106572971531e-10
1.0894538224282132e-16
5.045052388469478e-15
1.076214108940014e-18
4.5212729445390764e-11
1.2616303850859913e-13
1.1694952535977497e-11
2.9660045162065362e-9
1.528470995412428e-20
1.8728717090661903e-14
1.5241188535420916e-13
6.961654947385015e-10
1.607503814917079e-11
1.7895060898512446e-15
1.6874129786558038e-12
4.967402468174903e-14
2.3470593054353e-11
1.0635462830580226e-15
3.7666993948178594e-12
7.027549390607391e-17
2.4291917974407348e-11
6.133456517067748e-16
2.1920081234421439e-16
5.05893090477215e-10
4.0313528039951384e-14
1.4624015734889014e-15
3.6689069944525165e-19
3.7613912600781174e-13
2.2010299775841196e-15
4.1653132554769275e-17
1.640367882088064e-11
9.134653334186428e-15
5.977571171228083e-13
3.763154485959922e-16
1.4327694238284471e-12
3.0935508294827044e-14
2.1786929668576662e-16
2.537993276365522e-14
3.0031615041665325e-17
3.091125244367142e-11
5.400310760765441e-15
1.6853196637528377e-15
7.674887919958942e-19
7.277248830762591e-12
3.201249309198364e-14
9.16960900513158e-12
1.9298221558040912e-16
6.55504598576358e-11
1.5932750757721582e-11
1.0323417313027036e-15
1.285610381159528e-12
2.3226323375435247e-11
4.7637975185425125e-19
6.003488094968375e-15
8.978916344176559e-11
1.9320620033670715e-14
4.3286904538826965e-10
1.3779409505542666e-14
2.364538754052449e-16
4.967769049573794e-13
7.527297013187773e-18
1.34823383728659e-15
1.290291355307902e-15
1.540060899088407e-15
3.8915675350169325e-14
1.2267905639750641e-16
4.163494772886624e-16
2.3256475936499686e-15
1.3402240289611957e-14
3.0087210926546332e-15
2.2585796221998057e-17
2.169678128020281e-13
3.670818988989516e-15
1.6138973602638697e-16
3.655741783325276e-17
5.6116598819195446e-14
3.3441717256719262e-15
8.853851237090372e-15
2.4818940852331824e-14
1.4165864405232503e-12
8.99223092982687e-16
5.245087418331251e-16
5.100078258149796e-15
1.4589733335141087e-16
7.252491065597733e-10
1.775845808129973e-14
4.5481543234557427e-14
4.1258167193573547e-16
4.643465728302883e-12
1.9002995577333254e-14
8.434870207444337e-15
9.731908677017983e-16
7.424873390795568e-13
2.775497030926586e-14
3.297900936262336e-14
1.023817288991234e-12
2.354641092400058e-15
2.892664660011966e-15
7.354369158907954e-18
7.769799893787154e-16
3.7010890747027575e-18
5.993791539769701e-22
7.37437859889153e-15
1.7750476348076628e-19
2.6439572367498582e-19
3.900219948727096e-15
2.35498110721532e-12
2.4617511813939886e-12
2.0925041969488648e-17
7.568398732069733e-12
1.1428262126537804e-19
1.6754777342634043e-17
5.176404970725745e-17
1.5065736184704676e-13
2.558089578595608e-15
3.997550125593649e-18
3.004833090796847e-15
3.693603822267243e-16
9.277818888791994e-15
6.687986695047655e-15
5.054139495302337e-15
1.2430082610560216e-14
1.3128178386282012e-14
2.3595029534658545e-18
8.936255756425264e-19
3.987973831696086e-15
9.971857009192388e-10
1.99517382270252e-18
4.265146774104557e-14
5.267635528813597e-13
2.513982831748631e-15
1.2115111747118635e-19
4.0785770604507975e-12
6.295768432241202e-10
6.308433710960824e-18
1.8190620532038046e-11
2.027498097270355e-17
4.538492079775842e-15
8.54846863956854e-12
1.087074376316926e-13
1.0866181276838772e-9
3.051838518485979e-19
1.014008194835156e-15
5.340760666837428e-15
1.4062858933654288e-9
1.0584726057898203e-14
6.490458830009522e-14
6.572860719639603e-15
3.6970847890748663e-13
2.8157596070782445e-15
6.737244179906027e-17
1.4879276520028208e-17
1.846923009504984e-20
4.4231586299999924e-14
7.945872416954698e-14
3.020001028335314e-16
1.6121465312316834e-15
2.3531013233268076e-10
2.4224691021485694e-14
9.024795671082893e-13
1.1077880687769246e-9
2.1903353113173371e-16
6.139979409081e-11
4.6064313522186076e-8
4.4567980083043795e-15
2.5443698154841336e-16
1.444725612891967e-10
3.766043116857773e-14
8.728252366951978e-20
1.063717337976695e-17
2.895931392201525e-19
1.5888580413597008e-19
7.862452964377263e-12
8.06552219645049e-17
8.070357984667363e-13
2.980250647477824e-18
1.4929481046771176e-16
8.691125886547712e-12
8.350031697976944e-13
4.530220250463409e-16
1.5394167143223513e-18
8.420460161556452e-13
4.355632260414271e-11
1.9314130564467587e-13
3.6771862766088562e-9
1.305743305887303e-14
1.7438558341030177e-16
1.54111728520382e-13
7.1043503619616326e-12
1.1484644111170226e-16
1.0863416891624654e-9
1.2199520821811354e-17
5.854681198575831e-16
1.2772548389174145e-15
1.2799818028685035e-16
1.8950318481298274e-16
3.3424099597328795e-18
1.7167867169745093e-16
1.706594322738364e-14
5.8389432075059865e-18
2.1726264845292614e-19
3.5140637897355824e-16
3.934011809064598e-15
1.319995879229021e-17
8.187168611858445e-10
3.747200648100698e-14
2.3060348190174878e-14
3.4361667978741896e-19
8.129497862936593e-14
1.0857682061384233e-13
4.9129399471497983e-17
1.49792098474451e-8
2.5909958418329995e-20
3.538545730498547e-9
3.4136404681630655e-14
6.451419174719844e-12
3.051587870387552e-12
4.291514498353072e-15
9.567885830469994e-13
1.5768712612148041e-16
3.235643023460325e-14
6.413997133226544e-15
5.630462982733024e-14
6.173539267617743e-18
1.3651877099649454e-14
2.228565850004419e-14
5.3463514653376576e-17
2.4493849131217148e-17
5.088352148865268e-13
5.953806044687933e-14
1.2374079185332926e-17
6.237287035924751e-16
2.2650587843670364e-13
3.2787131493296817e-12
1.0348730874311886e-16
1.1595564027578647e-15
1.9415162312377652e-10
5.998198961256554e-19
2.92818663753348e-16
4.836581271385977e-17
2.0538725111138094e-13
1.2906778184639598e-12
8.543282992245186e-14
1.6261558020816582e-18
2.3770859713468115e-16
8.436480415030917e-14
1.3216808230284692e-18
2.7209190898747687e-18
2.2450224940998362e-14
5.740229217612058e-14
6.239571328405898e-16
6.044307889858935e-20
1.4189997813684936e-16
1.788945903581587e-15
4.196831681236903e-12
1.2669271471802373e-14
1.3823227648716578e-14
4.075515980970432e-13
6.394349984033722e-14
3.738575020627756e-16
7.480202520120798e-18
5.060580726875552e-12
2.851430168035219e-13
3.2070199038802356e-14
2.4333852768571235e-18
1.2971876712216442e-13
2.8274065080265183e-18
7.833747451390395e-16
3.868222236078286e-18
1.1295745639487311e-15
1.2602028378434575e-14
2.8719340358087583e-16
7.771053318654908e-14
2.0453260342176294e-13
1.5740866895866307e-17
5.498172982591873e-20
8.186953459350554e-18
6.153006758473804e-16
2.1111501441151312e-9
8.7360274555326e-17
1.7209474843694693e-14
1.4966234736155338e-10
1.672779897573104e-14
1.423073543048882e-15
1.0076035493808963e-18
7.437179166007562e-20
1.7769721101613984e-15
1.0058776737971284e-14
3.909301603319709e-18
1.5066369118614618e-14
4.564867321466569e-15
5.584914551990151e-17
1.022773106928344e-18
2.9290157014403916e-12
4.691406586069651e-17
4.8665465115940934e-17
1.9701080187595574e-11
6.303650530682769e-13
6.3130911096696714e-18
3.361371037748599e-19
3.911291574098813e-16
7.828426263536077e-18
2.80392483502741e-17
2.8935498404870084e-14
1.0029307929197586e-17
3.1487686316590543e-14
3.3232966966356405e-17
5.111432632746891e-18
1.5458248368489918e-10
5.23243302533719e-18
3.078605455329864e-16
5.593797579736142e-16
1.2740031553986804e-18
3.844387235641629e-10
8.992864901454924e-13
1.0663383924959723e-17
4.957402495666621e-18
1.3171832989198688e-10
1.0994244890827796e-10
8.957272425089808e-16
2.0913844974054388e-14
3.9239776805861864e-12
2.1964713104958635e-15
3.684161302727756e-16
5.777592540965634e-16
4.303648045400098e-18
7.806369221097024e-18
1.204982058040547e-17
1.2297756662709074e-18
7.80702439683715e-15
7.094818326508691e-12
3.4728051653466104e-10
7.39943305462659e-13
5.316998900710691e-12
5.350234802930126e-12
5.037077624477923e-14
2.6643238288026483e-11
5.6758451957402e-18
3.129373435565806e-16
2.4037407698002385e-15
1.0863383394400893e-17
2.258978228650481e-12
1.4164656315478862e-13
4.9631116380094616e-14
1.0182647823932722e-11
5.987984122134997e-19
6.675805525761132e-13
4.467868767171736e-14
1.1614156125581248e-14
8.435666352667905e-9
3.4919053268831345e-17
8.544125275368222e-19
8.886119522788833e-12
4.1773123816923913e-14
5.126974390717352e-18
3.116590249790776e-18
1.4869914552500475e-15
3.820907179920991e-15
2.5027071684055093e-17
5.191749465577491e-13
2.1061716454560293e-16
7.238549929351161e-13
1.570587976168204e-17
9.018482144817899e-14
3.4327175828632392e-15
3.9587774412296654e-19
5.896991642532381e-15
3.786625602061813e-14
5.539886910604415e-10
6.361476642928245e-14
8.296667781181425e-21
3.412402922356765e-8
3.1913471070435354e-20
5.1195315445434443e-17
1.462980968199458e-18
6.153662239509677e-15
3.3114776893806217e-9
1.6824398874805553e-19
2.2464032389899723e-15
7.242766337081935e-16
5.954435581633759e-19
8.143714954120944e-15
5.9794422840691185e-15
9.115600587981255e-18
5.099132415235906e-13
2.4632885219342445e-16
9.364967143716045e-18
9.074594562982816e-14
1.7488927179071438e-16
7.475750164054461e-15
3.9817512067688385e-13
5.4786737658968335e-15
1.9709257128870726e-9
3.5796173817353194e-18
5.310167485135114e-14
2.1010503414280597e-16
1.4301616500338432e-15
1.7326177003686713e-10
2.7788567912930295e-15
5.135440627162644e-15
2.506748425655493e-16
2.800027514928604e-17
2.333761835339107e-16
2.854678030595792e-13
1.1762257236293188e-17
1.8023879612097879e-13
3.552550803617251e-18
4.420240053454751e-15
3.965408789934345e-12
1.6051766059323124e-19
1.087855191669759e-11
1.1361192629049385e-11
5.778255847738003e-20
6.414974418250646e-15
6.401341567007717e-14
1.9085208169510553e-16
7.957875343343049e-14
1.2566459296733752e-10
7.320905128632074e-17
7.42978650735383e-17
3.842675056947227e-17
2.8062823827992175e-19
7.97327587578334e-15
3.203102677238883e-14
6.609948316896992e-12
2.7594016524551492e-15
1.5790755129995812e-10
6.059504139942973e-14
2.4060890868180618e-14
5.7863362026074585e-21
1.0666661845889072e-16
4.673009822246748e-18
3.547558133964097e-17
1.1684689387706114e-14
3.688055188023291e-21
1.875319413144172e-18
1.1368489030531835e-17
6.81969000026741e-10
9.922499756698195e-16
6.179066522728631e-17
1.4123142535690494e-18
2.8200705164465634e-18
2.281526828463817e-19
1.6187358917174302e-10
2.0674631829206744e-15
1.6048196592360344e-16
1.6197118008778217e-13
9.804790323499572e-18
1.3103634486465722e-19
2.1763496125814797e-14
1.601475551575207e-8
4.988297588858186e-10
4.0066214971692426e-16
9.353024898268208e-16
1.1353732586775023e-15
1.8072896087353633e-10
8.89277834202505e-18
1.8727999612014372e-17
2.298824448548411e-19
3.088089497351659e-18
5.679660427549151e-19
2.3809298249147436e-9
2.599635562277445e-13
7.692083170980717e-10
2.1044982452561999e-19
6.198892065656361e-19
9.273143392949242e-15
3.2772989049042364e-17
2.4639826498969243e-19
6.018577515406777e-16
3.46367320009939e-11
4.2651039173271947e-19
4.0150760750042035e-17
1.371071951803224e-11
3.54199156284578e-15
2.6205673142004843e-20
3.2302410043085294e-18
8.516678599105288e-10
1.0998703587746824e-11
1.8380765166103872e-14
3.843071217986188e-15
3.7139352253975154e-14
2.594990716275683e-11
1.0969634344177004e-10
4.21543364991382e-19
1.5762246140231294e-14
8.066890291498764e-15
2.257332467032877e-16
7.236574812989668e-20
1.600603241285606e-14
6.3212356634029796e-18
2.1425147704740063e-10
1.6085785898130775e-16
1.130495996728814e-15
7.929120489730444e-16
2.8861805402627806e-17
1.221764294829315e-17
1.4400684079581745e-17
1.6358922087452916e-14
1.0463563705554298e-14
4.310979313520199e-14
2.263989993168747e-14
1.512196397240409e-11
9.427588886760372e-16
9.563148836944854e-17
5.720414323029767e-12
1.2876622302912628e-13
3.9725386398463376e-13
2.7582337033267586e-12
7.989304369426204e-17
1.3084295412625545e-16
6.770084343974896e-13
5.1741915563743066e-12
2.796474889998178e-13
1.3085242923676188e-17
3.9407093204297765e-20
3.8531033593664025e-13
1.0840271416696436e-17
4.0945431965185915e-16
2.9403940022235676e-10
1.5246068464315908e-15
1.9294059198545196e-17
1.3578401764487797e-13
5.774585980461658e-15
7.946681186777524e-18
1.676361551693195e-15
6.475054125103777e-16
6.2064662873976845e-18
6.8781511559922704e-12
1.1128217235258923e-17
5.4238482956276605e-9
7.516786887000096e-15
4.777584950533953e-15
1.279362571532532e-20
1.1331321912379862e-15
1.0045235475494438e-17
4.7835069571374977e-17
8.089847434353721e-20
3.278582881582828e-14
8.643178467568462e-13
3.222523190665048e-17
3.3553634125991054e-17
2.640553939529923e-11
1.257750561612845e-21
1.96961024654543e-17
9.012954646786989e-13
4.2507547679375444e-10
1.670051030093675e-12
1.1370825581604618e-16
2.025227775154512e-17
1.2279639463959004e-10
3.0195233638357196e-18
5.4473158490162596e-12
1.0540488337829821e-15
9.169453446533777e-19
1.3335188024327103e-17
1.3607626960543545e-11
8.140415218803157e-12
1.9972617634104243e-18
2.510614890351308e-12
8.968851991998628e-15
3.5164915310198337e-15
2.6155451921223972e-17
3.055772482691634e-16
1.1427930503694922e-16
1.9482341819360395e-14
4.4575409974798515e-19
1.0831263582089451e-15
1.0861074177444624e-15
1.1880359956684887e-21
7.628566531212359e-16
2.7147171751125616e-19
4.872846106684488e-10
2.168975376949488e-13
2.369052223302309e-15
6.248522185357702e-9
5.842063973508618e-13
6.816898312641399e-19
2.94430634215454e-15
9.438020102426231e-14
3.61190380843955e-19
4.340202526069358e-12
6.05823859994704e-16
5.5910399528905404e-15
1.8748447272307472e-10
1.5958946796445889e-16
1.2714295626574946e-14
5.95721516476126e-14
5.3686361994626975e-14
4.57568544582166e-11
2.848361593826527e-13
3.2301448791178555e-12
1.146278141728744e-15
1.855258832079948e-13
4.513295843384233e-17
5.840632509540737e-16
4.7904029448191746e-20
1.269908122918258e-15
3.499723617055061e-18
4.054057026645251e-17
2.0663121529523688e-16
5.321120642371706e-14
4.0028130423742577e-14
1.7080249216759038e-9
9.270416446997965e-19
2.8171821863321583e-11
7.164611875589871e-19
4.059527103544461e-18
2.3318374876175387e-16
1.9245354926073765e-15
9.122310939761554e-19
2.86983703817985e-17
2.0012138064006903e-13
5.692299929456477e-19
9.554335429124453e-18
4.3004685368222335e-10
5.135727524263827e-9
6.626273490046207e-20
7.615617947762359e-12
1.7338585287639277e-17
4.367407323758679e-16
7.012029134654435e-14
7.260690034618192e-14
1.6086533061082867e-19
1.0679237056495465e-16
4.969810765181522e-17
1.5185525737682084e-12
1.0944973152580895e-15
6.040246695419786e-17
4.9311098464720513e-14
2.0119120879891156e-11
5.014855001279895e-19
2.2353797828730276e-17
6.247165846087551e-19
3.1317150575446765e-13
7.713067270839927e-17
4.782998324960093e-13
1.3566495210806778e-13
1.9128684840636558e-18
1.8848028946377708e-14
2.0442465227722063e-18
2.6458760961172955e-14
1.1329762442776768e-15
6.8641558957633e-20
1.2436313006510522e-10
2.6567685905950847e-18
8.907654277876254e-14
2.1642203720897976e-18
1.2509867453213285e-14
4.0908289227597194e-16
4.3454488275288723e-13
4.962131910621426e-13
7.056362261660461e-17
3.892552035945517e-11
1.0190891539364867e-8
9.265077748884906e-19
1.6107040765694768e-13
4.503907312595896e-11
1.5630168829824942e-16
2.5371294872086332e-20
1.306656139350244e-16
8.224277562980636e-13
3.924860487287521e-19
2.4260998481263107e-15
2.671003909061653e-19
6.533839897063271e-17
9.84341164224729e-13
2.9511429721444176e-18
3.9404442322424974e-17
5.393639738585386e-9
1.7610947542034542e-14
1.752824823269317e-14
1.2175106984039498e-14
1.735050287012209e-13
6.522206053230299e-17
9.727572372303652e-13
1.3247146792702932e-18
1.4073939162291086e-17
1.0096483868917826e-17
1.2346939343131604e-14
1.084264929903534e-17
2.382416422918545e-19
3.877459897201829e-14
1.4756117401315363e-11
6.156521347697404e-16
1.0620030483722064e-19
1.7807613150274124e-14
1.4876543216622763e-15
2.2255398882709923e-14
9.889513288353074e-13
6.354433759964816e-19
1.5307099265451808e-18
7.212012569487864e-18
1.6016884501697733e-16
1.0036195776486066e-17
5.102122589747969e-20
5.462457862552477e-15
3.514515993760721e-19
4.3030459658879666e-15
1.611107249523578e-18
3.958323712931546e-12
3.5434222919890876e-14
7.702442426853268e-12
1.221610074222869e-15
4.024466367608074e-19
6.627132574119466e-16
8.697279887325966e-15
6.085271310578283e-11
1.1542837109790932e-14
4.482307649173143e-19
4.9869472470521495e-12
1.3299259998452877e-18
2.440770568717805e-17
3.876234733419023e-17
1.0429362206761601e-15
5.193581116787344e-18
1.3133077077421367e-18
1.2291992436029503e-18
5.61286040122732e-10
4.213757378626725e-17
4.383368891896938e-15
1.521965753436072e-10
4.976587088896204e-20
3.3933001612902657e-13
6.568176844828886e-19
1.2616271556548714e-16
2.120903174757819e-18
7.323540302939904e-18
4.7759756372200994e-17
2.35333625251698e-16
3.661180603159941e-15
4.221476982545584e-12
4.025247071397338e-16
1.153638750765909e-14
6.302720981955497e-17
1.7276794889020878e-13
4.617029318542713e-18
1.0389013530115267e-16
1.4551345915637517e-13
1.4580418143964977e-17
3.701349076833981e-14
3.6586454047051707e-13
4.0883057949866315e-15
6.023127623180313e-18
6.742399801881497e-18
7.392375845163098e-16
4.45873340675667e-14
2.0313814699178854e-13
4.160958466131879e-18
8.011674210774379e-14
7.026471110908679e-15
1.4969063070300073e-18
1.158006796464117e-18
5.937752656236055e-12
2.3982780357549416e-12
3.6353550549560727e-20
2.5157066646979757e-20
1.5808673590097707e-10
2.3265447166388857e-16
1.160740764807217e-17
8.307424968818768e-19
1.0141409646413978e-16
2.467205105783569e-12
2.7711965264469226e-17
2.1802359106067224e-17
1.1761506240970242e-13
1.4053248720416387e-12
6.083052546078044e-9
9.011642340980266e-14
1.7412830553392822e-16
4.3740969708768205e-14
2.988494652478235e-18
1.648829256646278e-10
7.816929638270049e-21
1.6295557628336844e-13
3.1958312823644325e-16
1.4857559861901214e-18
6.173043860299676e-14
1.8055737401886868e-17
9.107260917829507e-19
9.273254487325863e-17
2.6328167470092972e-15
2.9410353950141727e-19
2.479960601565145e-16
9.853390259930062e-12
6.090166160630178e-20
1.4138761461502825e-12
1.3999036019068253e-19
2.577092053155499e-14
1.0386072881852385e-10
8.599876414667673e-19
6.244358918889101e-11
1.0890134225143274e-18
7.423370430496701e-20
2.8495165764026255e-16
3.1142259253433863e-14
8.407132693047186e-15
2.3007275634341305e-11
3.627787051346454e-17
6.213599862261218e-17
5.126823681050477e-12
1.985408349500272e-16
3.0810327662646377e-18
3.554698951541417e-15
1.6317898937912336e-18
2.2244305557160346e-13
4.157575925601385e-13
9.406473019049258e-14
6.969873219010318e-13
3.475754487875662e-17
7.0319618801640196e-15
1.469838388758935e-19
4.377663838085355e-15
4.893743339944198e-17
1.2140363265020442e-20
4.337043010144212e-16
1.3364702139366228e-13
3.1437450300603185e-17
6.673369434277427e-15
9.018505027872941e-14
1.503893818540151e-14
7.665871125546157e-13
2.7380885624263636e-18
2.958659550040079e-16
7.585964530239667e-11
2.6874667669572293e-17
1.1267901162469882e-18
1.1185720158091251e-7
1.080731128762659e-21
4.679535929010097e-14
6.634486554576303e-15
3.581598197067882e-13
1.748942945809352e-13
1.4081842615926848e-8
8.940520733075386e-19
8.431120031084519e-16
1.4714032646277933e-18
4.704662060341866e-8
9.034205511065508e-14
2.1317670092786233e-13
2.7190597775430946e-10
8.720503382151253e-18
1.5901933430083242e-16
1.2501453792489934e-18
1.6878766541434503e-19
8.50456087533394e-16
2.8411821444958722e-18
3.1369791999705356e-17
5.348866098728912e-16
1.645967582336815e-17
9.810485408259637e-19
2.579609768095427e-13
4.73451723237768e-17
2.1632564278231924e-14
1.2088399075004687e-17
2.601894927986388e-16
1.0782813329160125e-17
2.0766893426047584e-16
5.3293835135533556e-17
5.850656036100454e-10
2.13229796248043e-14
8.031524123620401e-15
2.2221661645638007e-14
5.483534558216485e-12
6.687555720370636e-17
9.114972199474387e-17
1.3104311846434e-9
9.323046007020375e-19
4.636638117124792e-14
2.3803289276192977e-17
6.213059226199699e-14
1.0325130993542834e-15
2.213281893053688e-19
6.472002836928788e-17
7.43629980487826e-21
3.491468071673745e-18
6.166327525727224e-16
6.7714859681474535e-16
3.520290788694124e-13
2.8107195268963088e-14
1.06039613368747e-15
3.797556394281641e-17
5.626316215097127e-21
3.490141739384506e-18
3.8021070847613916e-14
3.8489329801338025e-19
6.501881982644912e-16
4.42809547082888e-14
3.500204644189555e-13
4.332870663254397e-14
2.2015912660090704e-15
1.7494388640091893e-17
1.4766425381366026e-17
3.3883213413102944e-15
1.0448124416806387e-12
2.1222828659989898e-20
1.1013136779009401e-13
5.444546397331036e-18
1.2729220539222694e-20
2.248095191745126e-13
3.797985956680818e-19
1.1679139410146521e-10
2.5645202645072683e-16
5.3894897193311e-17
4.2695351746961415e-15
1.0096820656522302e-16
1.9820531903886686e-14
6.610198627330197e-18
4.75278838935834e-11
2.060412658950626e-16
2.8105043499151786e-18
8.655094566496905e-17
4.601217946322266e-13
1.0776828384128475e-16
3.23458353707837e-17
3.4544983958555176e-16
4.373399561573511e-15
5.01448169723618e-10
3.9048405947519204e-16
1.3745905643388008e-17
1.3808536872539921e-11
3.0363959439511503e-19
1.098399523074447e-15
3.8750252341232855e-17
2.594374982333279e-19
7.154418481831975e-16
3.980743797701263e-18
1.8103813368436112e-9
2.70535311588406e-19
2.6942507795203925e-15
1.196906919807173e-18
1.8664798401966896e-9
1.7087675040494347e-17
3.400678585809886e-20
9.739666163261243e-14
2.9333835575417436e-18
5.4350301087279455e-15
6.231138764308249e-18
2.673415071597753e-16
1.1672127629006422e-10
1.7916997851683188e-15
2.7272558268501822e-11
6.5524391240993644e-15
5.875883321012554e-14
1.6792415859506468e-18
8.276942214124409e-17
9.175119174818036e-17
2.0766527024449217e-13
7.067850194509131e-11
1.4709774133820741e-19
6.152297323612911e-12
4.685675725447688e-18
2.960846862103085e-17
1.5159084848741207e-9
3.7260231119740206e-14
3.28797172125802e-17
5.515214551470105e-19
1.0950385347085804e-15
8.239006097118056e-14
9.348163788363643e-11
1.5385507868366206e-19
8.107509782338825e-17
2.1187763963816928e-10
7.27282915881897e-18
3.49943006815982e-17
8.910827394166767e-20
3.8823526324421335e-18
6.480544730786801e-12
1.6857499788851748e-16
3.533769843745409e-16
4.406652410409517e-20
4.599478929979545e-15
8.549737435040117e-18
3.517657317964092e-17
5.633818853432477e-19
1.3951872035525797e-15
7.993031102045457e-17
1.0099422927434979e-15
7.172116590136506e-14
2.3126545970576407e-21
2.7667504620341706e-11
4.610352083504859e-13
3.437505087922499e-20
9.92368272320608e-17
1.4943195469625704e-15
1.7570385725213422e-11
6.489461089552846e-14
8.285782466652267e-10
2.5505156474674865e-18
6.011141981645167e-14
4.204205292968967e-17
1.9601663382323983e-18
2.305989783274331e-18
9.191879921459389e-17
1.5056933032709219e-12
7.8862042786835e-16
6.584081475839573e-17
2.907179766791957e-18
4.373530570012308e-17
1.0206509538380258e-17
3.0319922168071673e-15
1.3705029984528218e-7
1.791597900576324e-18
1.992677321458291e-11
5.3051169868748814e-20
1.3988991091974221e-19
1.4610255334811955e-18
3.3040364335154856e-16
1.0071921323397491e-15
3.3192233666923656e-18
5.3226984511510225e-20
1.7836555129869744e-15
1.6425869208912723e-17
7.318677442810389e-20
4.862397779018581e-16
9.376334105700539e-20
1.0717321923014296e-12
3.2338693829837007e-15
1.2590476767582216e-18
7.038588888464539e-13
2.6496636374778417e-17
5.307688748009821e-18
5.7851757769683955e-15
1.0314150647410082e-12
2.634514925883587e-18
1.5060557597428397e-20
1.3640761743587537e-20
6.211796044338846e-13
3.1408102300415174e-14
3.325982759446003e-14
1.1231153039671622e-15
2.857998162026497e-20
1.2721990644879784e-12
6.755777245301383e-15
1.204322677413524e-18
2.91830825714911e-19
9.797568938330991e-14
5.488799635127068e-14
1.1378986258008098e-14
9.555489853074165e-10
2.293314963169892e-18
3.5153845335810805e-12
2.0907576283100318e-14
3.853581966515205e-15
3.8337834146689955e-15
2.3013446773780812e-14
1.2128380093905627e-13
6.635717345491629e-21
8.494304969788905e-18
5.297815123291733e-17
2.679816004647239e-17
1.9259662337763173e-15
3.072918509140791e-20
2.506152610281828e-15
8.173397543390128e-14
2.436294990940762e-15
1.3228906447932387e-17
7.405681022970666e-14
1.2094066525250173e-16
2.0567952030231125e-19
7.532135519716405e-12
5.105339706504157e-18
1.536970930196249e-14
6.652574561559786e-18
3.7867542975267824e-8
5.70615998844159e-12
2.6387069580943514e-10
4.252605823873815e-16
1.6180234297973536e-11
4.942357844771661e-16
2.7516687255746607e-16
3.4462873101449205e-11
1.7204074664984793e-16
8.532627833878164e-16
3.701778810460773e-17
6.48082653703661e-12
7.178294410379705e-21
2.4550630900640185e-13
2.2043172307629193e-16
3.7114472532042078e-9
5.586562200954903e-18
4.168803607823005e-15
2.706214245140216e-17
9.385752845390204e-20
1.179453123547486e-16
7.384988824520325e-19
6.91320251010395e-20
2.6152330057120977e-18
5.689511830010018e-19
1.689780795790116e-12
9.438465143365741e-17
2.075882364631518e-17
2.34130886690178e-17
1.0835715359513113e-15
2.868004441802358e-15
8.470316716423958e-15
1.8500686820907655e-17
2.300994927386596e-14
2.760593252101132e-16
2.629441532232632e-17
6.494579019948593e-19
8.157135037970294e-19
9.878364555036292e-18
2.0095892452423647e-16
6.191424356076387e-10
4.136053573345827e-18
2.5704437862640812e-14
8.133222290604279e-11
1.8994306948536242e-17
1.2262438755715079e-16
7.031412896045398e-17
2.4145611382497146e-16
7.859058639483172e-20
1.4708436169939946e-14
6.097284556411847e-13
3.137029308904129e-19
3.9487814848041933e-19
7.18701661179496e-12
1.2490613532227186e-16
8.532569014275586e-21
8.979203460593661e-18
8.554020303229909e-19
8.318042406848854e-17
3.990958949394242e-18
2.7301244687337235e-15
8.983256637321596e-12
7.608551842974927e-21
6.621999806389138e-21
4.054499249985416e-18
2.537997442232227e-13
9.288982372092154e-17
1.3435687730536304e-10
1.1375895647069112e-18
4.8931237618970806e-17
1.5099232780934677e-18
1.3415399756276765e-14
4.005598181426268e-18
1.7890488995012616e-15
7.692985159630158e-20
1.548593446300036e-17
1.1306726088541118e-19
2.290020739700035e-14
4.779605346788003e-13
5.482010722874779e-15
9.71909539419611e-17
1.1860185923551394e-16
1.6838018695585526e-17
9.718710192455384e-10
2.2822008223445046e-16
4.526500117198e-13
2.0786742439899675e-12
9.759575713261553e-16
6.554609122653842e-17
4.408405817089035e-20
2.114512064358305e-16
7.816373598143234e-21
5.508238167741995e-15
1.0284896802175697e-14
8.575752046535218e-14
3.8403754001451613e-19
3.131637612680453e-12
4.351188749529205e-19
9.31823749585824e-19
4.288329258222044e-21
6.5298387274512504e-18
3.697739363477407e-14
1.8323749365603287e-12
4.400421306320452e-19
3.5291971812317446e-18
1.0899351989891658e-18
2.179513337782122e-19
5.173057503955606e-17
1.5207501056371776e-15
2.8277727878330436e-16
4.74998800797285e-20
5.0273698217703915e-18
2.5207472352201916e-20
4.080369678137456e-12
4.638014697729365e-19
1.089222035580787e-12
9.864568399615427e-17
4.1092786230464285e-12
7.367585416830205e-18
2.68211937149051e-12
1.578687164398684e-16
3.002896650825129e-19
2.0434719254678932e-10
2.8545789766245616e-10
7.122745757665199e-20
2.685782603078078e-12
4.780722183546909e-9
4.750467738298098e-16
1.2704130083464469e-20
9.86453628244192e-20
5.966199234148648e-17
2.4764423690368145e-13
1.1462294923086795e-15
1.3424604513156392e-12
4.651563845135631e-19
2.858107611163934e-12
1.0642594859961981e-14
4.9478803733678583e-17
4.7008416695726745e-18
9.040796295965314e-15
7.589647078918846e-12
6.55591931125742e-16
3.8301879597027153e-10
3.727224140038165e-12
6.452938980911263e-19
3.0130898221972755e-18
7.664139940802677e-15
1.3321548671348779e-18
1.0681413115584489e-20
1.4719694970172252e-17
3.182199893477838e-11
3.9163873674551066e-17
1.1721195284415908e-13
4.785048290036592e-20
2.272328203223464e-21
1.090403627140291e-20
2.3309318898074322e-21
4.764344253818066e-12
2.1063358880040145e-14
3.9496717200604145e-10
3.1045550459284026e-21
1.847836427445116e-21
1.924227360918499e-15
1.7099756393092217e-21
8.182009181768393e-15
4.008164969439238e-14
8.64440103469705e-20
2.43632756250148e-12
2.119103594845566e-17
3.503176595752277e-14
1.504048557890751e-17
8.691774271086411e-17
9.880899896897411e-19
1.6365162278312253e-13
1.2532891386590641e-19
4.125010317037902e-9
3.9979920661902525e-21
9.040813909841193e-13
3.1826647574300133e-15
2.1870851750670143e-10
1.2492437777891e-13
1.1605162499574947e-19
2.2633142747481852e-17
1.5311535758697122e-15
2.2569879829510078e-20
1.8739869342623425e-17
7.576804181759862e-16
2.262545237925739e-11
1.0887232708544e-19
1.1281486756147995e-18
1.4339441501510889e-18
5.238134459761857e-20
4.695100407673578e-13
9.900334502779127e-14
2.1347530832485505e-18
1.0634058967382803e-13
3.526821579210706e-13
2.4609867049984084e-19
6.56693562840803e-14
2.8372477278064986e-10
4.19165783437376e-18
9.700072630194798e-14
2.5902360568407408e-11
2.849828225019812e-14
9.47688116053547e-18
1.0779855020831949e-17
1.5330841630627836e-21
1.2662115484305097e-17
3.7655231157672953e-13
1.85239149169961e-18
6.105031025447948e-15
1.4498508538745344e-19
1.230235183362808e-16
1.924327139395603e-20
1.0661273996657053e-13
6.109081506241096e-9
5.72991530646803e-17
3.2528133133301865e-15
2.769977596661834e-15
4.588236462190693e-18
4.807791412196201e-17
6.618432203353508e-14
3.1636388515593384e-14
5.507004881826908e-20
1.4427111733237431e-9
2.444880784409728e-16
1.4719561845071283e-14
7.609549840637446e-21
2.1204289730962935e-17
1.2046231161067855e-9
4.0138942037912143e-16
2.8018871112255003e-12
7.056479722026019e-10
1.302280153871687e-21
3.079657057233434e-18
5.6176329871187455e-11
1.0795572927882435e-14
1.0107910562246046e-16
3.0985692019244917e-18
5.730622025263754e-19
2.2282265701736415e-16
3.605344981186217e-15
8.477324972898397e-19
6.7872354820240635e-16
1.3709857295346392e-18
6.795776360950454e-19
7.274263452849168e-19
1.1848148160510572e-16
5.443867606330066e-16
2.564542421185884e-20
1.3392754553937285e-15
4.287327515776705e-13
2.3537099273031468e-17
4.5722327214673713e-17
4.483072764118803e-19
2.0148513708830245e-11
3.8340698353826716e-11
3.1817127065099273e-12
2.0307604941269664e-13
5.15061794246066e-17
4.2390299510221936e-19
2.9285077910708535e-18
2.4026903763447532e-19
5.2064411256832296e-11
2.338282950729927e-13
4.306164296254229e-13
5.504695348407751e-19
2.940410797365451e-15
1.7579002280232136e-20
6.339656032888798e-21
8.789483375910999e-16
6.924951677495766e-20
3.3422269034530785e-15
1.7069154673246263e-15
4.37917608872517e-18
2.0287551730744118e-15
5.28919496291633e-17
1.6762369851926727e-19
2.955278709974629e-14
1.1886564467929378e-14
5.787869586025179e-10
2.4563878268151093e-18
4.0924698251841014e-14
4.591762530951285e-12
1.437790950283135e-14
1.1362851648905852e-17
6.705324568499731e-14
3.122402295042145e-17
1.977519113626751e-10
1.0837177175778611e-20
8.910703327143426e-18
5.6786933117377915e-14
8.0433753313793e-15
1.6693000857258577e-17
9.982260905339807e-17
3.287152292036536e-16
2.10969090955204e-20
2.845636013908482e-20
6.95884300635026e-19
8.401263227655756e-21
3.941042170409528e-21
2.320776217569536e-11
4.40203419119912e-15
2.0767069963300864e-10
1.6332091538522336e-11
2.2905013221137782e-18
4.829039746877167e-19
2.6498462027213968e-17
4.4324782075145e-11
9.410051566902422e-14
1.2450088865415474e-12
1.1582555454082254e-10
1.258282025265204e-14
1.0300059182903727e-17
1.9922707256721173e-16
4.7067442796468835e-17
5.250383872638489e-19
4.111847797559674e-16
2.1999328477037248e-16
2.624204304782312e-15
1.6407397380072955e-15
1.9782338463738627e-8
2.8693949647027236e-11
4.315830558501208e-16
4.792232178846288e-15
2.0171981497896507e-19
5.422779360987843e-18
9.506968670931254e-17
2.8370336683718566e-14
1.0395859364156215e-13
7.910158007060669e-11
1.7437069558326495e-17
4.609246040293163e-20
4.561794822589758e-19
1.8324892921456796e-18
1.0590666843856086e-19
5.649123641995793e-12
4.453101092964146e-11
2.412425888540465e-12
6.642826237607087e-19
4.8542635548280934e-14
8.649877981928077e-15
1.4719584275687063e-16
2.533342043502225e-19
6.3897261806328935e-12
1.0289189622898495e-12
7.163012786056971e-13
2.1947104353092526e-10
3.154478859133843e-10
8.354369570212719e-17
8.46157977503832e-11
9.383735991892266e-11
8.858860637796883e-10
8.286060787334649e-10
1.3130874178317356e-21
1.016988600237989e-16
3.970725572900064e-21
1.753589699490818e-19
3.5816488628370485e-17
2.3574028861863548e-15
3.704128824994846e-21
1.5697447838469472e-20
2.8468031653834296e-14
1.0919737846419953e-9
4.039812240391897e-18
2.642132940291953e-21
1.2506699570104324e-8
5.533127038190873e-16
2.0002613409626604e-9
4.440230967363535e-15
2.5840721346149927e-10
1.0674890319628909e-17
6.52804514008709e-20
1.6097033557459397e-17
2.7885621117660126e-14
3.8600317401041935e-18
9.328856351001333e-16
1.0538334539312972e-19
5.727672983453311e-15
2.1059305704980048e-10
7.675633207138132e-14
8.060581500611449e-22
4.757121190581177e-12
6.276566918345017e-17
1.771004008338188e-13
3.727073791915811e-17
8.058882821452148e-13
6.583073456386654e-11
1.037511262942029e-16
5.560123428779607e-18
4.759517298555251e-9
1.2037495529315792e-18
7.164455982175581e-16
1.45064766558964e-13
1.1065225584993381e-16
7.821756293744994e-14
9.522723434608755e-17
1.3065599873187273e-13
3.972417487601012e-17
2.369678404454867e-19
1.1587466885193625e-15
2.5623325569902305e-20
1.290029112169906e-17
8.002743051546139e-16
3.7113205065022866e-18
5.860691683399429e-16
5.657588815567026e-15
2.2192198448676843e-13
5.257725189834058e-15
1.4947005293229314e-15
1.0458113484548625e-16
6.913394831796473e-17
1.0882486273038324e-19
1.724514472098903e-17
1.089587898532907e-18
6.4207256780759615e-18
2.0038090964722197e-19
6.829666106280066e-20
6.3931191478056726e-18
7.855904051820146e-19
1.863550982552225e-14
6.555936848409477e-17
2.0811576669852526e-11
6.130620280774892e-19
8.161372211164201e-16
3.1590185131444096e-19
5.258004682278306e-18
7.897595310989839e-20
3.0964896016620984e-16
9.756759357826008e-22
7.727406396948694e-16
3.0712969043819933e-17
1.0852307547254076e-16
2.2992687952543836e-13
8.548510929025295e-16
1.7941313632084433e-21
1.255574427183785e-13
5.951672198868875e-17
5.495679533218227e-19
4.0716144115530304e-12
1.2252397057405156e-11
2.6859182664105857e-16
3.0648183194882692e-18
2.757231907659291e-14
7.178682566794465e-19
2.1317185000147214e-14
3.631881730392249e-16
1.9107503060163041e-13
1.8085726457544643e-13
8.293554128543024e-17
9.113902340005764e-18
2.0807028597491058e-9
4.261489309349422e-18
8.962614642027478e-14
3.772950264004396e-9
6.240933654198403e-13
1.9165547333532619e-16
8.068246949294788e-17
1.931160371676119e-18
7.958496238608813e-17
7.152646743988887e-10
1.7771378940839198e-15
1.4648426818514624e-17
1.9847727245917032e-14
4.156364940206575e-12
7.330948672101337e-17
1.546249194353433e-14
6.7869702708440644e-18
2.451764809666543e-18
2.5380890762688473e-20
4.33802861823592e-18
1.4909544980620367e-18
4.632752644020148e-16
1.1667154181225643e-15
2.3261420397638628e-10
1.6032934840338522e-11
3.551100893100254e-20
1.8404457139922646e-17
1.650380582712517e-9
2.2167055378483638e-13
6.098697543013351e-20
5.103919465997874e-19
3.575313586290969e-12
5.126247013664441e-17
4.892127573257854e-15
5.992560932968003e-15
1.7853506266471217e-10
2.5946131066294864e-18
6.421250135694991e-22
2.2028619069835613e-15
1.681435805432356e-18
3.297330914488203e-19
6.788884320829224e-17
7.49440539900259e-17
1.414329390368806e-21
2.6518106527140735e-11
4.497582482934771e-18
1.3435977240172938e-14
2.474118991429018e-20
4.624872659041327e-16
3.0783456003573564e-17
3.157335086425181e-20
7.449650240058706e-15
5.168255685626811e-19
1.9800357662888847e-12
8.53243390666984e-14
1.5789973670779126e-17
1.4190236268228698e-13
1.1083849618404457e-18
5.1336713174529086e-14
1.342438696623747e-17
9.208658449906135e-19
1.3979741690147218e-19
1.2079883090710228e-10
5.525228101824804e-19
7.408019756387362e-18
8.848986628477953e-19
9.387815143621734e-16
1.3990513228661315e-15
3.9014524101106895e-10
4.718340482053476e-16
9.16970621242555e-15
2.860004350369698e-15
1.346536097103643e-17
4.5337012900695454e-18
6.382375540535477e-16
4.972505410815163e-10
3.3283658210478234e-17
1.821131485894286e-10
2.3720500884191294e-17
1.329907395948657e-14
6.295917249107846e-16
3.2379679074722793e-19
1.4221871776204052e-12
2.0205072044467969e-19
9.393690445201672e-19
3.481532144969381e-15
1.0727662100758955e-16
1.4824976946291117e-17
7.201758966526148e-12
2.33755866560934e-19
3.775497646054069e-13
1.6127426253411528e-17
1.716977362365678e-17
1.6519307884605396e-11
1.0629676583873301e-13
4.4113184214242605e-10
6.412644360084129e-17
2.456400398829646e-10
4.658292847728268e-14
3.896959756578652e-12
2.379578954220304e-13
1.1279392064953742e-11
3.4318450418520555e-8
2.0925846947469315e-19
2.6526776893764187e-12
2.9137259098316343e-8
1.7853244766285163e-22
1.2529935361516103e-12
1.7225190201016113e-16
1.0744353786035997e-17
8.64403012588284e-19
4.864845494912441e-14
2.4618457910207275e-12
6.2918499836914596e-18
3.8432058436720204e-12
3.4675062584093975e-12
5.245699051727448e-14
3.068052924129716e-14
6.046431259719339e-18
5.173412337969425e-13
1.741603465736282e-14
3.8027221088935845e-20
7.704518588012123e-11
8.461785752841063e-15
1.283987902592498e-11
6.285500463924107e-15
1.924522028781009e-9
5.385970063999116e-16
1.2081640730706546e-17
3.0952561577307336e-16
2.7774888676081152e-21
2.4937866588196667e-17
1.5031428767024755e-17
9.056103556280459e-17
5.962146288561422e-17
3.830928010120555e-19
5.44909147669342e-15
3.3845748690515686e-16
1.2382532612928605e-9
1.0584379712195792e-15
5.95865577515938e-13
1.5213625130869438e-17
3.4151115038037615e-16
5.56702852506742e-20
5.8380642234016375e-21
1.1279362615151452e-17
8.069574910663643e-13
5.755736093839602e-12
5.149223967610869e-16
2.222426357411206e-17
6.787493515321883e-15
1.0034597288705378e-19
4.890797552716942e-14
4.9689368220159785e-12
4.636685759959797e-16
4.039781043406798e-19
6.263719882353776e-19
1.8170389694947637e-18
1.1357849754751682e-20
1.1633783027258587e-17
1.4748510465537728e-12
2.1640843340278313e-14
5.09874539308651e-18
1.6394166726628774e-17
2.2236154412660428e-11
7.15334427311533e-13
5.2204422815937574e-17
3.3157319800065008e-18
9.976140168681998e-17
1.768322442891698e-11
3.393269217556423e-19
2.0346571998346816e-10
2.0137794018907157e-15
1.3873407381087533e-18
2.1007210750145913e-15
1.354084568851868e-15
7.91368562649303e-19
4.617967709628951e-19
1.4598540744897606e-12
4.073886385285814e-11
9.758674758918757e-17
7.819154903959254e-18
6.037442373381993e-16
1.3536570769662744e-19
4.731403363560585e-17
8.61015165552927e-11
9.049710763756866e-12
3.1255648789207166e-15
2.469975549109877e-19
1.0071743153366042e-20
2.309790256935109e-13
8.720382457638258e-18
6.037798793552671e-19
2.2300230194025527e-17
1.4246933982751762e-12
8.697861900798676e-15
3.199958415438276e-13
7.257536939301897e-19
2.0809827923424422e-19
6.872471664051006e-13
1.8617767727005557e-16
6.13341450943379e-15
7.003336169495308e-16
9.116017557005436e-17
9.852145231380124e-15
1.9183508924057157e-15
3.05059420852755e-16
1.0450506150276689e-20
1.4261247787137582e-14
5.893511657272605e-20
1.0598876089664336e-17
5.845165886018607e-20
1.080576073340727e-15
1.0311793404268825e-19
2.2716256418841266e-16
3.1339004672990585e-18
3.178158970078124e-19
2.031891934161841e-12
1.25749489178814e-18
1.4510944460614666e-19
1.8224491314875802e-20
1.41248239776206e-9
2.187717580557831e-12
4.188595978448868e-13
4.6666012890265206e-18
1.1672328300483945e-16
6.606191084045748e-11
5.271615111427988e-11
1.5721113521936996e-22
3.4642520566122895e-16
5.761708991178894e-17
7.223321666462329e-17
4.1199067090403994e-10
2.6645380356729835e-13
1.2681796039929095e-11
1.689849649438219e-17
2.790273476487218e-15
2.1911212823138608e-17
9.164518097976632e-13
2.9646503205994426e-17
1.414215993836056e-18
1.4308272742885934e-14
1.6287383953947528e-16
6.392101645587595e-14
8.292412434124433e-19
1.0650522522790038e-17
2.760875658010088e-19
7.755293595083718e-17
5.770757173291014e-20
2.385607106389874e-10
8.927719944175268e-10
7.620272349405724e-17
1.2412619497739287e-17
2.3114962554675922e-15
2.068080787377711e-17
6.719527939851789e-20
6.763321844864065e-12
1.252025318672026e-18
6.7192665377572976e-18
3.5270830092172997e-15
2.309519410314037e-17
2.522750074991471e-15
5.572231988428454e-17
5.3733850391406e-18
2.9630573983336405e-14
3.3723210350501095e-13
3.995659769902509e-21
6.23736901159739e-21
2.5832287078478082e-9
2.139958404010646e-14
2.8116339594406727e-11
1.7185776570073708e-16
3.4216052353551197e-19
2.584186033258855e-16
2.4235898960412234e-17
1.1963991862524481e-17
1.0805361281283059e-19
1.487519578450739e-11
3.127193373581397e-11
1.3115832119067737e-17
3.81043276198528e-16
5.053104537439989e-22
6.7206812725349256e-15
8.232805628495181e-18
6.536889475889764e-17
5.863926356974027e-18
3.686760286934918e-17
1.1440818623659664e-10
2.5251659637581992e-8
1.50685125992792e-14
1.4154427126178836e-12
2.467822007817682e-17
1.2359157522845408e-16
1.14453385372817e-19
1.2867166184901085e-15
2.9172253099643546e-21
2.949938429589999e-20
1.6718194101085725e-14
3.610646992379504e-18
5.191070418063406e-10
8.757725734682731e-12
1.3011957054489405e-16
7.424667365552952e-21
6.211434302917546e-11
8.179909196570268e-15
7.81246805344554e-20
3.1892915276107756e-20
5.351992549361519e-18
1.844382141541849e-13
5.00140649780952e-17
4.542228144336245e-16
1.2748444553532549e-15
3.866281106649811e-11
2.6341030857242117e-19
2.4203938433822233e-14
1.1075301148612063e-13
1.1778350701533576e-18
4.213235724481677e-12
2.712338477115546e-20
1.8587278336333133e-20
5.625256641057074e-18
5.880224995339004e-18
8.556505924420829e-16
2.2492777896689933e-13
1.7191948953549627e-16
2.5012142436702288e-14
1.4136205529063908e-11
2.0714043009312512e-16
1.594081006730656e-20
2.111341984325787e-18
1.7223898349372635e-19
3.70446014225487e-18
1.33104693689417e-17
2.878097738044897e-17
4.5995615194545816e-14
1.661816106728098e-20
8.417829947698792e-15
1.8713902941065124e-13
8.736222933155094e-22
5.813197421324425e-14
5.821471476767822e-16
9.867181468054544e-14
4.1745135275916426e-15
1.5069334297170502e-15
9.514675837905716e-16
3.328632052874631e-17
4.0846964855348166e-16
1.518242305892786e-20
1.0003210921187104e-14
1.3458078300207754e-17
1.4109344483828487e-17
6.5554715507335836e-15
1.17630129333174e-11
5.916606727796385e-13
3.47182639144464e-18
6.902057724054363e-15
1.9159313707186294e-13
8.537895503583746e-19
1.4793096412056013e-17
1.6899420999677777e-17
4.144773743562904e-18
1.4818028407378552e-15
1.5931511715683016e-16
1.3805560912190845e-17
9.178826530342655e-19
2.3568473731001222e-9
2.7314095342519323e-15
7.54691010452463e-14
2.1602297304579874e-15
2.257143010967227e-18
7.343393926116649e-23
3.3342342433860244e-17
1.511465624212637e-19
7.711472520327461e-16
2.9712550524168714e-16
3.744015181115617e-14
7.925200178426234e-17
1.002797447305919e-17
7.11560743362489e-15
3.9099224797042237e-17
3.0376240841638177e-10
8.16401225690098e-21
9.303357247937687e-11
2.0134780306870962e-17
4.844903322085734e-15
7.503605368306016e-12
8.99183672288232e-18
2.37520587184166e-13
1.521806643573267e-9
3.721498047300309e-15
2.2296179017426154e-18
2.7509229253165813e-17
3.584420432462309e-21
1.4457937837089103e-17
5.022805332661492e-14
2.2782133516405615e-14
6.190241813003912e-17
2.588925597484961e-19
9.148350293923926e-9
8.932189665525019e-16
5.926807048886762e-20
3.013885133188733e-18
1.1436095734974497e-15
1.4565120980457636e-15
2.8330710386579515e-11
2.168960401909166e-20
2.889455411000059e-16
2.43537329987153e-14
2.668432527100366e-12
1.674478554740683e-15
5.710325313241722e-13
4.926532405062453e-15
5.985816037034261e-16
1.6111461675237464e-21
7.693706904159653e-19
2.947537757467705e-9
8.704687320336375e-17
8.463646270775283e-12
2.5613167160961906e-15
4.1086988731222383e-14
1.006608211740755e-14
1.5294738916219707e-15
3.021812672805643e-21
6.660500215359777e-16
2.890488511887789e-16
5.36198462516565e-11
1.768542888153191e-16
4.044448816907459e-14
4.1461746566136174e-11
1.3461365400380998e-10
2.6595840105686943e-15
2.6609766721925463e-18
1.2488830523583663e-16
5.675960258374172e-19
6.8212891799544045e-19
3.4102121707445415e-14
8.213044779068398e-15
1.2707506586413274e-20
6.813602189277572e-18
2.595902748207736e-18
2.4305523088456918e-17
1.624550829865077e-15
4.139066594990579e-16
2.8904651304006915e-17
1.2751126681108878e-12
6.689817315495311e-13
8.958382279086144e-17
2.6082044341070572e-22
6.552842857905431e-20
1.3789526406105104e-13
6.3845496030238214e-15
1.6232364189643536e-19
9.44183729953448e-19
2.454727164248933e-14
4.657544322837614e-22
2.2705427220648163e-12
1.058605685237896e-13
1.1539303524294638e-17
1.431618867649003e-15
8.679763679923369e-21
2.7160773167679925e-15
8.84217640405894e-19
5.123159485418772e-19
7.859452596474591e-17
4.6252462894752795e-17
1.2628620103360328e-13
6.048573452620024e-16
1.4894496321416139e-19
3.2274961558185816e-13
1.4674281127452972e-17
3.1700242765182253e-12
1.2693977481128696e-19
2.0568197943349747e-15
1.4303798140669076e-19
3.2229839662370555e-13
5.186181370265554e-19
2.358093570951731e-12
2.7786876955343263e-18
2.655779048092016e-11
4.062384836821612e-15
1.4036843912840408e-18
2.806222230074463e-10
2.1399063681254167e-13
1.021641218722752e-19
8.794844153352438e-19
1.1433003112833537e-18
4.9775618190604716e-17
4.1091373208653953e-19
1.0309114808805416e-10
5.988890824393469e-15
1.3625508393950627e-14
2.1272751936408702e-14
1.4045931677480777e-12
7.736744797980391e-18
2.0155280366378144e-19
1.695130409206705e-14
2.871832402730276e-12
7.839299910436725e-12
6.440305397749425e-14
1.3881103933161282e-19
2.4170191224404773e-17
2.9487152272852834e-17
2.0599554788318488e-11
2.7025616604537973e-15
1.7308527399224346e-17
6.208215904086174e-20
4.294317939194653e-19
3.5804570995314847e-16
1.905931243094555e-18
8.17323561945808e-14
9.43572114939602e-16
4.6638951779913044e-17
7.748244390346156e-12
5.676051144350127e-17
2.1444312198263317e-20
1.498889929393123e-8
2.280162946709051e-15
1.311611710031907e-9
6.69638856823236e-16
1.2711484657662728e-9
1.7764899265576697e-16
3.129321015994074e-13
3.907002216886332e-13
8.093453473790436e-14
2.614333148370481e-11
3.118720027073508e-11
7.591525865091213e-15
6.723217048115954e-16
1.1217117925975552e-15
2.761837249440566e-17
3.6888208942588506e-13
3.2578521671337332e-12
8.660949939585675e-18
3.786422983662674e-15
3.854075334937031e-14
4.032745884431314e-18
3.8218906620680807e-16
3.398938089599858e-13
4.629594756971442e-16
2.4558718152775188e-14
3.999407585370031e-20
9.143105395133802e-14
1.4694924275324652e-18
1.6977386768782679e-19
2.020833056132811e-20
2.680160340161071e-14
1.0146629799225274e-15
2.6910878286729006e-15
2.4056181117390086e-13
1.2538293677662716e-16
5.6600678117100405e-16
4.31093847092834e-12
1.1749141245076133e-10
9.31702763271516e-11
5.923035725146426e-13
5.832117847104495e-18
4.3385587600903496e-14
2.165356508212413e-15
5.94421161778206e-18
3.609937395724405e-20
7.999436991555707e-13
1.580818738540633e-19
2.162026516326375e-18
1.1434545904692354e-18
1.8854892332837984e-17
6.938312065401421e-19
1.3521566533540164e-14
2.6065941408598137e-16
4.03401249486284e-20
2.251891164802034e-7
1.1287287299522016e-18
4.844969253877725e-16
8.212156683422194e-15
8.66829689463792e-18
9.484779721740762e-22
7.69853640746875e-18
4.490099342001357e-11
6.075500841013657e-17
4.481939276957585e-21
3.070991626376698e-15
6.098261715543818e-15
1.947510804284399e-12
5.066454930582848e-14
7.883797194764089e-21
5.347925773942672e-15
1.3558925431801109e-22
3.858320223403809e-18
3.612293865002222e-18
3.3856370788440304e-17
7.854160864988258e-22
2.1946576850006112e-16
3.916918171438371e-12
1.5310884812775677e-16
2.334404220689777e-16
1.9915464242131065e-16
6.053364244711117e-17
3.3423657082551715e-14
1.2845332275504937e-17
1.023396506542523e-18
6.750550880271435e-9
1.2307303318078776e-15
2.4671141711521766e-17
1.435001548574095e-19
3.9465474001356776e-16
7.434629638796983e-13
8.707618457211267e-13
3.315699883520345e-12
9.485217436066859e-14
7.189249162519076e-9
4.376142105684718e-19
3.0072144186924928e-18
1.173332495043277e-20
6.69817586592073e-15
2.687283540505136e-18
4.797406063407857e-14
2.7737010945056783e-15
2.624285821290537e-14
6.411906971942518e-20
4.614575572908326e-13
3.990960996521659e-11
4.3384965654724754e-14
1.7509129065415124e-12
8.718861347470875e-18
1.4829744204898115e-19
5.082322944326907e-10
7.584777657490894e-13
5.740651242714424e-16
4.3197594195495155e-19
5.657226494483758e-17
8.124355284038697e-11
2.9618411120567793e-20
6.768366601362528e-17
8.311434953516578e-16
1.0681243672379821e-20
9.251588260346929e-10
1.2073561731215046e-12
6.734291074864847e-13
2.275792851681125e-16
1.3220958495020172e-14
3.1207699937812814e-17
2.7173129286617486e-15
5.763666175264824e-14
4.2719249919189705e-17
1.610588810339832e-13
1.059861272841375e-16
3.7505587760633255e-15
7.601471979286296e-19
1.966112184315366e-20
2.976140502245929e-11
2.3457013713272674e-8
6.49082593451198e-17
1.1497901423116872e-17
1.1238166761765524e-16
5.708577153967387e-16
5.230712940702303e-19
7.252589346360607e-12
1.391043105330203e-20
3.652439941955141e-19
2.4091145928945604e-13
1.1218118618472065e-21
2.7346865057355382e-12
6.056862698713595e-15
4.455098681815357e-11
4.438167553928643e-12
7.283617629352468e-13
4.646426342594067e-12
1.8056772380885406e-20
2.463631008475757e-16
1.4118332816335191e-18
1.2571544721846409e-11
3.732697617946717e-14
1.0291740532265562e-17
5.770389121207597e-10
8.923252701805262e-20
3.759196818607922e-18
3.7764744229633035e-14
5.378229294308239e-12
1.8053808204834774e-16
4.220881265552662e-9
3.450201403237082e-15
1.1157459421530845e-20
1.7211964440221017e-16
1.5784051219642863e-20
2.2155934937860435e-21
4.006287904999418e-14
2.115265538895769e-20
1.2106000739732043e-17
1.472900844986268e-21
8.629182498663224e-15
8.390669194937938e-18
7.693927663611951e-20
2.0051252052449502e-16
3.53585615570101e-12
3.185747469103807e-19
7.181742735991922e-18
2.4133089889959717e-16
4.350763337932149e-19
5.296177026776888e-16
4.5877257271972776e-21
7.689982557430113e-16
9.929363257420808e-12
7.216429525517781e-18
9.887266273737376e-15
1.739839566385975e-11
8.057026041023161e-14
4.606153093690843e-12
1.157447698958349e-18
2.1329209614572874e-8
5.536290928952162e-18
2.8759081625105787e-16
6.36183751168173e-17
6.769764403246509e-21
3.2173245537785968e-18
2.8823127510925656e-15
9.136012539099666e-15
1.4752603626148185e-11
4.570894410123197e-20
7.40506311726065e-19
4.413006104758185e-18
6.948674432666519e-17
5.329402662438654e-12
4.574026258934285e-20
6.2296672402554276e-21
1.4338749573830552e-19
1.2449998892866395e-17
8.454659544980415e-15
3.5471636780535066e-17
8.000731474977798e-14
1.0368733684242668e-14
1.4755079340419389e-18
4.416150173989696e-15
1.547565468254792e-11
1.6357658835363216e-16
7.870853793356292e-21
8.714288280877583e-14
1.5774905357431882e-15
5.21307573718412e-18
4.006067778731063e-14
7.737869986190078e-18
1.970015198057937e-22
2.1139892204265218e-17
1.0524200635235336e-13
2.1123152493166412e-13
2.2164899452675426e-11
1.3086829680648941e-17
8.543846327138931e-16
1.4869850996420165e-15
6.945161100164596e-15
2.0047318170924965e-18
2.752259220326387e-8
6.982578654717042e-12
1.3878403746000055e-15
5.909775161868076e-19
4.6438586726403654e-18
1.4686025462218782e-8
3.3920136601630337e-19
3.0708515711381597e-20
7.170050809881509e-20
8.442493066719583e-13
2.2441271078617505e-22
1.3222786288866693e-16
3.268974628120125e-19
2.3497861047615546e-11
6.458548575009257e-18
5.8047310771498e-20
9.814633810771072e-10
6.554145074893996e-18
5.451529813762231e-15
6.076979447293875e-19
1.74710728097476e-18
3.061338299752152e-17
5.802793869611421e-16
1.2843954315065879e-17
1.0134752171794822e-21
8.782738008446544e-14
3.566472500175407e-15
1.6803746226004527e-18
2.6823429200766575e-17
2.6036717236291126e-14
2.5612335034632288e-14
9.056413971938346e-15
1.204933611068464e-17
2.190577715496515e-12
1.5027616855989267e-11
4.189521970832996e-17
1.3556390189887114e-12
7.948165067871862e-19
2.263967969347325e-16
2.829906712626303e-15
2.5603348657286263e-16
7.053371029497314e-13
1.581789919440298e-14
7.216113698306912e-12
7.962526154471383e-11
2.0813676663601686e-17
2.5564980586152746e-15
3.927311584938121e-15
1.1604063787234473e-16
5.28257341011387e-18
3.3332722138767295e-13
2.3608855776250405e-10
4.208558597762872e-17
5.8031078224758906e-15
1.4462763253759435e-13
2.537669227830091e-16
2.4281302416775738e-9
8.880978485702594e-16
1.9709475033793088e-15
1.3375792912147272e-12
9.25390636464046e-16
2.3004818294765406e-15
1.6782454715114133e-16
9.575872342507326e-18
1.4048739610097184e-16
1.0121805919757504e-15
4.939580005053156e-13
4.4922615734284626e-14
5.230620084334921e-20
5.521989794210372e-16
1.5354414860824551e-18
2.9797133068805307e-15
1.564293901917131e-16
3.002656522631521e-16
2.4192535039122513e-16
9.059191092398403e-18
2.0811336815591603e-16
2.5950114491946106e-15
7.54457574403559e-19
6.0951006408176295e-21
2.6788079870170446e-14
9.300191236968324e-16
6.42567311071815e-14
3.837612757007804e-11
8.935128495323624e-18
1.468346106926652e-16
3.88388063144727e-16
2.3309708013856748e-16
2.9849034652504245e-15
7.46930794938658e-13
1.0454493883681561e-16
9.27895315218033e-17
4.0681107911821563e-17
1.973858418097024e-18
1.8160611602741077e-19
7.369442949946486e-19
1.1468349669727828e-18
2.6302878968390316e-15
1.2020858395089772e-15
6.367833678438103e-13
1.1114073738218606e-8
2.4477879896183928e-18
2.1521350978287767e-13
1.2099939911807936e-20
9.725819855073095e-15
4.2263166649480856e-20
3.477660749848913e-18
7.712306873129808e-18
3.962950999258192e-11
8.932621787008749e-11
1.8310915003578513e-13
2.277867564265198e-16
6.289852974138629e-20
2.955833318855057e-19
8.028999648929494e-18
3.280709985350273e-12
6.232553269376749e-13
7.515679922828187e-17
1.3212885690688588e-18
2.6096437826145564e-17
9.062318579899402e-16
4.187562509505207e-18
3.883212033063279e-19
5.7264148570663375e-18
9.31889172794693e-18
2.0313961371585814e-18
2.5886481586515077e-15
3.167316086381223e-12
6.053793529149727e-15
1.1214448655939483e-17
6.057835259403551e-10
1.011260823112075e-11
4.123236625027549e-10
9.595124999674701e-15
5.0387357515562786e-14
1.5944544101712754e-18
7.806618634654093e-20
2.0737222833668445e-13
3.022916197030733e-16
3.7431662480806176e-18
1.1695880180547962e-17
1.0313748462948512e-15
2.907330663161457e-15
8.850634785301186e-16
1.027012909117101e-9
9.387847702988687e-15
6.798548457764923e-21
7.486219101000292e-15
9.198419264469016e-18
1.1368770092934376e-18
1.881508522602326e-15
6.963995863370506e-16
2.6801897423214296e-16
3.4170369132202707e-12
4.446313217425787e-15
3.1280300417095926e-15
1.2362649277501032e-19
5.257128482865175e-17
2.120183533192076e-15
3.228205501651437e-20
3.950763708742918e-15
1.5486425665046416e-13
7.223756486856632e-20
1.3170282763762805e-18
1.4726078932388294e-12
1.0490821316238284e-11
1.3883082538502965e-14
2.547444668776928e-18
1.1494139428178927e-14
2.4109529071741367e-15
2.1963322342587372e-13
2.215218070564304e-16
6.097513579618304e-18
2.2253095878237914e-15
1.4878698506026345e-14
2.028703672971337e-14
1.2864525073406402e-14
1.6539801779157714e-19
6.553136528456225e-17
1.295719967546605e-18
6.921768843818441e-15
2.3744640388309992e-14
1.0560780523643739e-17
3.809495125589091e-20
1.4275028192469938e-17
6.027339502724976e-20
2.7658849531831857e-15
2.925424310955132e-18
9.248669650863217e-21
7.46136732608219e-23
2.697165083565033e-17
9.385422149233526e-11
7.791942523366775e-12
5.016085091283833e-15
1.108693625469981e-14
1.6579752624623258e-16
2.0812830988556254e-16
2.675133430128613e-18
1.7630805070671018e-19
4.764427579592814e-16
4.941106069685717e-19
1.2235804341945494e-16
3.475842057176026e-14
1.0942867618721135e-19
4.1906112239533985e-13
2.2381705223815645e-16
2.0043951832082327e-15
6.515156549881748e-18
8.44933776039995e-21
4.3044015483668003e-19
7.246151873557816e-12
1.0182727166476547e-13
2.6491344094491097e-15
2.6403751051885025e-14
1.768824446382931e-16
3.164318666214673e-11
1.4976017137651648e-13
1.0529625362957907e-20
1.0985424192547164e-20
6.507620637177352e-15
4.2897761732423514e-11
5.141744419183148e-20
7.818496934417559e-12
1.2913509704967082e-15
9.258875989054642e-16
4.562582698202826e-16
1.2806073074097204e-15
3.5997032539276565e-19
9.684373792131495e-14
1.8777908075595337e-18
2.2032858911451854e-17
4.056885018466399e-13
8.575026343656642e-17
1.0494665887428177e-13
5.615936667528982e-17
4.608620129427177e-19
1.0592544086884485e-12
2.407121430524211e-20
8.008374590155027e-19
3.0523118028662635e-18
3.925250616094617e-21
1.4514975219393473e-19
1.143830160153723e-15
3.3537677527443144e-17
3.481679607161531e-20
8.178793174005794e-16
8.732470213982544e-20
1.741206507235684e-19
1.1704602930195147e-19
1.7079661475192172e-15
2.7927374797624005e-17
1.2492368153192117e-15
2.4540377999933036e-18
3.1738557654567e-20
1.4651023447706949e-12
3.283088284520851e-18
9.835328804974237e-14
1.1398750250531702e-15
5.532916640136896e-16
4.0201778838467056e-20
5.283980070095375e-18
6.620675057167292e-21
4.299507668806782e-20
3.302953701365367e-17
6.973088190375392e-14
2.997589511242853e-8
4.158267343264833e-18
7.281890375626165e-17
3.0978287552469038e-6
9.859021090864148e-15
5.591723532642167e-20
2.680363903188507e-17
3.3718900616515135e-16
5.797987501538246e-20
8.632696092451645e-17
2.395089775093854e-20
2.73747506632601e-15
1.0993231329625708e-18
1.743068511253797e-12
2.05897910159212e-13
1.3596506299333876e-18
7.206545062650399e-19
6.831833583750987e-16
1.0727634989840824e-17
1.9129531318869317e-17
1.673296484018028e-12
7.87256454524876e-16
2.6934450563452e-13
2.9474947027131824e-17
2.384437529863136e-12
2.280495201750906e-13
1.0995914607039016e-16
8.226380823966035e-11
5.77055458747266e-16
4.313891430132855e-21
7.359140189203184e-16
9.39157252061966e-17
2.2695538585284241e-13
3.403974473922405e-12
1.2676470288659907e-19
4.488747595286948e-12
1.7464347587329472e-19
6.574930411785929e-16
2.105038998908599e-15
7.97070381059982e-11
6.400586600078523e-14
1.8313712881845763e-19
6.162248474514855e-18
2.5098984338824736e-16
6.221330905016067e-21
1.4450544916461017e-16
1.7492055360797776e-17
3.070081694680353e-21
4.51096405331887e-19
1.2500648880624877e-18
2.1505954926801986e-17
1.6997117960962e-17
1.0640818320575546e-22
8.017795235684186e-20
4.780745092269736e-14
1.0528941036984561e-19
5.148525597409193e-18
2.13203349225912e-16
3.600831374201331e-16
1.7326618437631294e-14
1.146871699989804e-17
3.4618429305344936e-9
3.6386456954068e-15
2.9530134628670565e-11
4.136797217306481e-21
6.575496992747941e-16
1.4155925004967488e-14
1.5891775095832813e-11
6.893373799559299e-17
5.961131830273656e-20
3.460604799500072e-14
1.3581750395980845e-14
2.5121106441572637e-17
3.5579343997738e-19
2.389581304007918e-15
1.4755816756521165e-14
1.5445866213460776e-16
6.037216325896924e-21
1.5158448027811317e-14
2.30753906611832e-18
5.2115849861090814e-14
1.7029548257209837e-13
7.209758226966043e-19
5.2256745041455796e-18
1.52265565385187e-20
1.8295473220302353e-15
1.776227610015296e-18
3.2496195045312445e-15
2.7784287302375658e-15
2.355760441930605e-10
7.135972482478473e-13
3.9376954784654967e-16
2.093787563766361e-16
2.800673576999971e-19
8.557740390041272e-13
1.0349977464456376e-18
4.747674686522333e-17
1.379355518678361e-16
1.449550485763684e-14
3.677721269898019e-14
2.298190817228533e-17
2.0501501182830496e-12
1.8203113915701579e-19
1.4138457474232895e-9
3.665475252374618e-18
4.857707909133019e-16
8.049812423349601e-15
5.410574046725319e-18
1.4630843477545172e-16
1.7398658844770736e-16
7.484218736620091e-17
4.496911238530617e-17
1.2600279528466951e-19
4.2854048159302224e-17
2.896555931767761e-12
2.883869909992955e-10
2.7760577586920895e-13
1.1649890437765499e-12
1.1406666696716633e-9
1.496633216718594e-18
2.1794927173982488e-18
1.434581807804788e-17
1.9910743142504534e-20
1.1672023185087188e-21
6.298635302290393e-19
5.1723363868596113e-17
1.1741010801575487e-11
2.756675284544513e-16
1.4774652089460835e-13
3.8416936102709056e-20
2.5991944728162125e-16
1.1326461551517328e-11
1.7121832105355434e-16
1.8558109132301768e-16
1.2984350834830469e-15
2.8047468169254685e-14
5.415059056151366e-13
2.560648449678885e-11
2.0047903837257702e-13
2.340346910811159e-18
1.616882698078106e-13
3.5123200619214237e-12
2.6407995206456477e-12
8.144888905679102e-22
7.155576938211854e-17
1.0932919943096985e-17
4.163818090752063e-11
6.90543937240908e-17
1.284192540555746e-12
7.451205750579497e-16
2.1445543214166156e-15
1.958743829985133e-20
1.9960438603052142e-12
1.6413504338749904e-19
8.079918891653253e-21
6.796533987527817e-12
5.97963157483682e-14
2.939802575567304e-17
8.47685487989603e-13
1.1945741135126157e-19
8.062656857492238e-16
2.7492643446315184e-15
8.811367917131317e-17
1.5223839354060664e-17
1.5720444117020998e-19
5.51531457482361e-16
1.4568258664268833e-20
9.1126306771561e-15
1.056044291598768e-21
4.2578463715927406e-11
1.7161619348590643e-17
7.280893122684945e-11
2.9225819054597307e-15
1.3571223897719052e-15
1.8872370495123256e-16
5.119256669432208e-16
2.2639351604424773e-13
2.6623362354283095e-16
1.4513943666941564e-20
7.541506776072857e-11
5.0332583708943806e-14
8.816824616854575e-22
6.603270460260407e-19
3.776903497587482e-14
4.171053383292661e-20
2.8294421208207375e-12
1.1960810144077494e-18
3.643052809140757e-20
8.032150182540442e-17
1.3066580726300577e-18
4.710840105968387e-10
5.8132219319037025e-18
5.8122456737917386e-11
4.466896898041126e-18
6.800213477477991e-14
1.1104356216116846e-12
1.95569379906326e-17
3.4366630157117853e-18
3.7458064207804475e-9
7.125759209450184e-12
6.058592037113793e-16
1.3170487083339188e-14
1.4076360779008807e-18
1.3261428732235398e-17
1.017333519347454e-11
4.8074419120822327e-17
2.6445946924576113e-12
1.801589531339225e-15
1.0442145191085602e-14
4.4839247973107175e-18
8.446586928531848e-16
4.145244761470905e-16
2.654727276239118e-13
5.190002009833655e-15
1.5630003438862458e-15
6.693547632859387e-15
3.4563817870542476e-9
2.986191503672809e-17
1.581489951128894e-19
4.184178170915792e-17
4.855283974710126e-16
3.0563899348763866e-14
2.6155865143616457e-8
1.2168371033483464e-20
3.7380998108997484e-22
4.3177235393589135e-18
1.593006118710751e-14
3.5831098645067314e-8
2.0395012402689406e-13
3.262802957956298e-17
5.562784175430638e-13
6.932081461519031e-19
1.0844270407699736e-13
4.1013866747004946e-20
3.075759629526524e-18
7.443958787458672e-19
1.9909466320549275e-12
1.4043869767461965e-9
3.0973906169467017e-13
1.2191560896073543e-15
8.628446287918773e-16
1.4760748041079582e-19
6.7616166585069e-10
1.0294317587647485e-19
3.1380627644716584e-17
4.044152893474153e-17
3.059166149106014e-14
3.1574237729519156e-17
4.343445907123e-17
5.564477817925676e-15
1.8821171298626505e-19
5.2435294183716814e-11
1.0166306862165456e-18
6.234803272606721e-10
7.052586345282271e-16
6.106820101803349e-18
1.0588997226581328e-17
1.7387251856096853e-16
1.2764758654965028e-7
1.1802349137531442e-17
2.0802157306240417e-13
2.705658866429267e-20
2.0885679574976195e-15
2.7848959824694067e-14
3.911562435934349e-19
9.688811689536664e-15
3.60951403492699e-14
5.175549360634355e-19
8.282382432066618e-13
2.646591433754502e-13
2.39442297808788e-14
2.0386004529356297e-20
5.026757201741748e-10
1.6809533592902112e-18
2.7174155855546725e-19
3.878872036551055e-21
7.4737757188097985e-19
2.19481013110653e-14
1.8101271627556128e-11
1.7604508531881307e-18
1.3973506743156407e-17
2.1081157530438876e-17
4.897338451356109e-14
3.916967033480708e-13
2.5876802501014604e-19
3.2962549649013764e-15
3.3467732691183923e-13
1.1391808063786586e-15
3.27428075507881e-14
2.267648971086628e-21
1.448299621811825e-11
2.354264860924579e-14
4.777861361165498e-15
5.728437987383648e-14
1.291658411652357e-18
3.438523729957246e-14
7.071133873658263e-13
2.0208348198402205e-13
2.439119418218579e-15
1.0561382966656521e-15
2.18539417116275e-14
3.419791226282715e-19
3.056870927727583e-16
1.1359952024855567e-19
6.19486846871045e-12
3.668608549053717e-19
6.204657000068082e-20
1.8712627972686886e-13
5.0091838509186e-19
1.5385187110928386e-16
5.717104262878199e-10
4.360186998582322e-13
7.578450650226587e-17
1.543010490368555e-14
1.0136093383841284e-12
2.0291906788827103e-15
6.19426117103417e-13
3.521753651596447e-17
5.987601642986404e-19
4.4226056666808786e-16
6.879351675124623e-16
3.4175170537166503e-17
1.9666854164007754e-11
7.778631403776555e-13
2.942584028401009e-15
1.1228121377682706e-12
2.131659273925881e-12
2.8697302904036315e-17
5.480401385156445e-12
8.017302473241339e-17
1.0465255252090752e-13
9.85891024879102e-17
1.160326833314445e-15
4.409529094475414e-18
1.81621911395279e-16
3.5708522244795153e-13
1.196289750800276e-19
1.0234635085849657e-20
1.4143832216036397e-13
1.9197073680005774e-11
3.1688392994539474e-19
6.385130690596737e-16
1.0741734090390572e-16
2.6488299370920006e-19
2.4482751962320123e-15
5.400750043315177e-16
1.8851376387781651e-16
7.174685024066733e-15
8.378207066661849e-16
1.5642072163432086e-16
3.239865184904854e-19
1.3923546673735245e-18
7.958685715093463e-10
2.5496292575305582e-15
4.007832508499324e-19
1.3544724869536642e-15
4.616283922970293e-21
4.916607799716036e-9
7.48828308433309e-14
1.8227276316324111e-9
5.297734760385334e-16
9.48268363654755e-17
5.825211430041393e-17
6.229077743325813e-19
9.019189287564753e-9
1.8155798794006753e-10
3.5011354931517324e-9
4.952798661707804e-18
1.196632085638441e-12
1.934146629586939e-15
8.823871756949935e-17
3.6379588689193257e-16
4.03357965652576e-16
1.1927289250486455e-16
1.3299884038157676e-13
6.328337592722595e-20
6.175985336581389e-17
2.261813871382959e-16
4.1790942572458095e-21
5.7607510533307593e-11
2.0833534238950576e-16
1.8258370033963593e-16
1.6515673509055464e-18
1.7492311668945823e-17
5.778829627607036e-20
2.2524161427791367e-19
2.2720323991776034e-19
2.9327279369682e-13
2.6813284640281905e-18
1.8751722452286315e-11
1.7748028584366718e-12
2.3979432443073727e-17
2.129151424250586e-16
3.628940255310571e-9
2.969913847274957e-16
2.57871671154869e-19
1.5019768413100812e-15
3.370724417100272e-20
4.247144134961105e-21
3.219866140602344e-14
7.129215025177411e-20
2.3856924940710454e-21
1.8378028063299456e-15
3.5054827469955857e-22
2.1001578562243742e-13
2.2633725048620185e-11
5.851227641064254e-22
4.628204125188903e-15
1.3144092374694315e-14
3.386537158917756e-11
3.026351645386449e-17
3.6788160038840923e-17
1.986413856460274e-13
4.761386882872303e-19
4.920286239929175e-18
3.108211221377537e-14
3.446136751970396e-19
2.5519480322309804e-13
4.78565651906934e-17
5.457014089672722e-19
2.067605147257234e-14
4.384509674593381e-14
4.976039222772967e-19
3.238913095580891e-13
8.651365792585888e-16
1.9766871930546868e-17
3.6452661788308774e-13
2.876467150706882e-19
2.4069841576294656e-17
5.46040676433115e-18
6.735431871466201e-16
4.2685566840343e-10
4.97886557969516e-13
2.109097140286686e-10
3.210090301808734e-17
1.484982942817276e-15
1.195723151621603e-19
1.8138316996458263e-16
7.268207027026037e-17
1.469376973728606e-17
4.855491012053417e-18
9.821603638038951e-14
1.9900956247785553e-14
4.777348297094164e-19
5.419668396638632e-6
4.405354098798334e-19
1.0614613530796878e-10
2.557889111024053e-16
1.593959143068517e-18
6.691097905101604e-8
1.999991259176048e-19
7.266358461297706e-17
1.7865241863749833e-14
5.979954957345518e-14
4.06110456079027e-13
5.718544839201325e-10
7.520991013213849e-11
2.2911457970991206e-19
3.8334666303473116e-10
4.1584315756425864e-19
1.625106892731205e-19
6.954882936706649e-14
1.0530096970068615e-16
5.848593347307996e-17
1.9604862157777216e-17
2.0027516795477126e-14
4.0950080339645335e-11
3.7277658970388674e-20
1.5911133035548805e-15
2.7187338959886447e-14
7.579744742039651e-10
9.87348987949548e-18
3.3224352336332692e-19
1.3706448426198088e-19
1.612146749772592e-8
1.5307631386804795e-12
1.1300533045898374e-10
1.1463035974427903e-15
1.347680218900416e-13
3.812877630892581e-16
4.859967318634796e-20
7.665225467780866e-16
8.229565004925269e-16
1.1978724465259976e-17
2.4023862023847892e-12
8.254161180947338e-17
2.3796483201619435e-20
2.541372384697592e-21
8.352951974138123e-13
1.3622657544139755e-14
1.2647172086085926e-10
4.980107121961386e-19
1.1431628027152639e-15
1.1174927335918716e-16
3.524798165283785e-10
1.1201600529946078e-18
2.698938013229666e-21
9.96975457159687e-20
2.230867291147621e-16
2.8364081788006355e-21
1.438463078502461e-13
3.1860107161644826e-17
4.8212131136555305e-14
6.829461307984326e-11
6.816079400056243e-21
2.0541297129227966e-18
3.0223731551333817e-16
7.448704182046704e-18
4.045348697882793e-17
2.0742308010259934e-17
1.1376995067809306e-17
3.593437661563273e-14
6.926720615912368e-16
4.0970945944603556e-20
1.1756635684256233e-18
9.061422297154282e-13
5.699079603795691e-17
9.908952083751143e-14
2.6525826073392317e-16
3.950124999535018e-12
3.1269045053912873e-19
1.9263212001465217e-12
1.9319772387596014e-20
8.774090821234398e-14
2.815544531867783e-20
2.7224013335933676e-18
1.2468527487087134e-11
2.8170443166282482e-14
8.794195496695703e-17
1.1839211894576087e-13
1.6249001546711976e-14
1.946559944896969e-18
4.3991921028727106e-12
1.5302481542111992e-15
1.280032030918614e-9
4.0244362402198357e-20
2.2269088059570613e-17
1.9465972574419724e-15
2.721590542003194e-20
1.5091525639771456e-12
1.3423271550315936e-12
2.09530606568277e-16
8.764595755308996e-10
5.517577145379337e-15
4.816990152718325e-16
2.2775831668611377e-11
1.692453846809481e-21
3.2249212026928226e-16
4.207634284092271e-16
4.768868462649979e-17
5.513485106282789e-19
6.84609964317625e-8
1.2838659804606877e-14
7.451534553924498e-12
1.3671623578473485e-13
1.6070441149463104e-18
3.631390177637777e-14
8.076871055636512e-17
3.451219926703925e-19
2.1921043617720114e-14
8.497823137178624e-14
5.3029652236984256e-15
1.0462053922692171e-16
2.0885345240080032e-10
2.7190165278693688e-18
7.534354605818423e-13
3.724900222799643e-20
5.012779986363844e-16
1.8319025040211553e-22
2.899665581885773e-12
3.159479664019806e-19
8.952903626687975e-17
3.1180027305622355e-18
1.3079666403764371e-13
7.166282488833565e-18
2.1477174658748145e-19
7.489320884124837e-19
4.459436589198091e-16
2.378391687553049e-18
6.457648929086885e-14
9.462360696591622e-14
5.260599635587769e-15
1.8903389836515922e-14
4.530771944822859e-9
1.8782088761671985e-9
4.718999601661369e-20
1.9036105076673065e-19
2.778545117204535e-21
2.213113803257628e-15
1.1400044923169498e-17
6.005013981812881e-22
1.3910929339612121e-18
3.283133131649158e-20
5.936178298724387e-15
8.967330416209004e-19
2.694724465454712e-16
9.847740586577328e-19
3.747641291080092e-15
8.642770256860264e-20
2.9498564359543243e-14
2.8703286016624625e-17
2.6791036689447633e-21
4.805320591468167e-16
1.6498991137233373e-16
4.4898145717951615e-14
9.774023633239561e-12
3.694947142008926e-15
4.012075877682549e-18
4.03660171186681e-15
8.731102213546211e-17
8.915658823038879e-19
1.3063869964755868e-14
4.704740818273578e-17
1.1442285534621438e-16
1.8698517800151587e-16
7.699390197065131e-17
9.504245649298167e-12
3.094039384930811e-14
1.4465846481610192e-15
1.607119661802493e-20
4.555310941981982e-19
1.867640243418964e-9
4.363852683699849e-19
1.4316533387441064e-18
3.113396700763857e-21
8.468364043977422e-19
5.37268447229388e-19
9.77427985399996e-11
2.181425870552169e-20
4.8047913383760154e-14
1.0764654324516744e-9
1.1173739957573215e-18
1.672274212793092e-20
1.0241199485083371e-19
9.871074771474446e-10
1.4441238246596434e-15
2.6632482260740966e-20
1.0161676787283132e-17
2.5422309405414074e-18
3.0253389133672677e-16
3.298773808301813e-12
1.6864428740159192e-15
1.099626923237124e-16
1.441539560925405e-19
4.08370957421061e-18
1.3091155244454141e-18
1.0539746386094964e-10
3.902900666919351e-13
5.45042075997736e-12
5.848976056000387e-19
1.0536196877517383e-17
9.818902907710328e-19
1.5526658599514024e-13
4.0083777645591485e-17
3.2684485149560134e-12
7.276566074686671e-17
3.5348153557339753e-10
2.0698091780859747e-15
1.188682364210222e-18
2.577781462002501e-19
7.435111282567484e-14
1.212864067098054e-8
1.948341407885666e-14
1.885127101791343e-14
8.450710337244601e-16
4.764773422142515e-20
8.373290104859782e-12
5.1721421028275083e-17
5.186458914423103e-16
1.1920138859914787e-17
2.2932665441883374e-17
2.413796466988783e-16
1.2641713190040416e-14
1.0697340431592383e-10
2.92127167435183e-19
2.5318047222339647e-11
1.0066932613701743e-18
1.9210185798400798e-14
1.841152088773024e-20
1.5256737224303469e-15
2.8500485675900356e-15
8.315282162380323e-16
1.5311492526139947e-15
9.581935144140537e-17
6.184095049103723e-17
5.078698273472108e-13
2.2125253842082698e-17
5.070419791207462e-12
2.04388210444185e-12
1.9957019392306436e-20
1.3648730792494086e-15
1.829722631766871e-15
8.651638868402301e-16
2.237826478557006e-19
2.7873588268503096e-13
2.0238413398867806e-13
1.802389080497262e-21
1.6727118532734352e-16
3.2823756464193123e-16
7.305396170271384e-11
1.6679634504466513e-20
4.716612451117661e-14
4.8916002279643533e-17
3.317150054037502e-11
4.97667688515478e-19
5.465046339453626e-19
4.1437366367626545e-20
1.0456158409156283e-19
2.3272606655306065e-14
4.879530870703331e-19
4.1940292414126734e-17
1.3344093377098782e-9
2.56133791382448e-13
1.1166038872766599e-13
2.2006276875032296e-20
3.6037760160178206e-16
4.3343230974156745e-11
3.1816430806812678e-15
1.384612490926475e-13
6.233537848649672e-9
1.8141235441376573e-16
4.000548196532717e-17
9.65345494100486e-19
9.360197169327524e-11
4.049272019754786e-14
5.8383589042062164e-18
1.5304689779156468e-13
1.3162937864850769e-12
5.168453509285885e-12
2.3732534710635685e-20
1.0813790075120797e-18
6.651497054371313e-16
1.4168614084191525e-21
1.256078539737107e-12
1.7807880205031072e-16
1.4971562831995606e-10
2.1789566128368385e-12
2.409339756748208e-14
3.483596168348582e-18
1.086277627629461e-17
1.6694558737893507e-14
1.2132448648226104e-12
9.058622917891133e-11
4.440925615869347e-19
1.8729279203722727e-21
5.048019048281372e-18
5.114535762315239e-12
3.7634221415916e-16
2.0526091498112497e-17
6.609306052840285e-15
1.4143931682237183e-14
1.101047188185687e-17
4.764256759984581e-15
1.0961068918812258e-19
7.09714402464748e-13
9.373528106328278e-16
1.1824857020071862e-11
1.6235956076328652e-14
6.909588720482512e-16
1.0690779384294955e-15
8.561551994936338e-17
8.650427726927678e-18
2.365218106640688e-14
1.355150196735061e-18
1.9950696947760235e-20
1.3403867379753087e-20
2.0386516009439086e-15
6.789185294331107e-22
1.053581901250602e-14
8.565927901976787e-15
3.7478545287024515e-14
1.5606341835968436e-19
5.110005882458442e-22
1.9999566522221804e-16
1.0835105336478012e-18
1.0865866615090196e-19
4.342346536735705e-19
5.158904213800409e-17
2.0774741708365432e-14
3.587411616146823e-10
8.204661409916944e-18
1.0572697053640252e-15
1.6537467343896728e-17
1.2718700262062278e-15
1.0030829653499416e-15
9.347064373999984e-18
3.041642991001579e-14
5.851279159860215e-14
1.6020768081439466e-19
4.0879717781211814e-20
2.0519780073711187e-19
1.518289657938512e-19
3.569633506093993e-19
1.2883250794479675e-19
9.165875334721145e-16
5.203929190147256e-18
2.6593772707741423e-14
1.1757192321966487e-15
4.68410544506286e-14
2.3390002211847384e-10
5.423862584234161e-15
5.650656945747466e-12
1.97301487764646e-18
1.4134397976933838e-17
1.3174839994406084e-15
1.09451828662513e-16
5.148713767178106e-20
6.996840173667696e-19
3.7477087522882815e-14
1.543501975831406e-17
1.0109907252367498e-13
5.760971483535262e-12
4.7173922939246746e-18
2.169141169056224e-17
2.5368034481465042e-20
5.944609049558172e-18
2.934200199251867e-15
7.832490897155487e-21
8.19765421119891e-17
6.861939383542117e-20
8.355389561836675e-15
2.8486858734307467e-15
3.4137998875908626e-11
3.5828771107074105e-12
9.181046246162973e-16
2.71605613366913e-15
2.0882738221805588e-19
1.0888195777440042e-13
3.1729184405799556e-14
8.877162253423606e-16
5.664934543826079e-11
1.7184708176664577e-16
1.6069857981034525e-18
5.62972721821014e-20
2.2886997338796295e-17
1.6558679846907744e-14
5.185373656809257e-17
6.600351871429192e-16
1.3791830325397277e-22
3.739374451233916e-16
4.074510961570481e-14
5.236795034577693e-15
2.1655717662767425e-14
1.7013449935740835e-16
1.5812555991575435e-13
6.703428968379487e-18
2.0403926599456902e-20
6.2387819933041555e-21
4.4193096229029675e-18
2.403723427794679e-16
2.1071668420442572e-18
1.939172484307162e-19
2.428286873572477e-18
2.3730643713321334e-13
4.677784135797758e-20
2.7418445395311734e-14
2.4147208327635606e-15
1.6501863785517436e-18
5.532347579177304e-16
1.0161451199754681e-9
3.162020618851311e-14
2.4728483734699594e-14
2.915797622686577e-14
2.8729336014120523e-16
1.497420623735349e-18
1.5509400284666485e-20
1.105920104213979e-15
6.5000462157299884e-9
1.3548896754446705e-10
1.016723938057188e-18
1.2746068774542495e-20
5.422550933849864e-14
2.948914778891514e-12
1.8922779168855138e-14
3.659802617025759e-15
7.382103269654226e-15
1.300177049228513e-12
3.3581857455095804e-9
3.93520441072193e-16
6.073622857381066e-19
1.2390888361651066e-16
1.0879004427461678e-16
1.832352287542342e-12
3.693158102245017e-14
6.499177050301933e-16
3.850453646914618e-19
2.8718026384967997e-15
9.231145281517112e-12
4.2269375985105077e-22
6.894756612617775e-14
9.477619835268897e-16
3.022763896918538e-8
4.015214305312279e-16
3.3129941997848373e-12
4.1908143364563766e-20
6.586971027401341e-17
3.4192003874672484e-20
2.9632883704923214e-20
1.1542750663210381e-15
5.399400652052519e-11
4.246734769059973e-17
1.4605234159981784e-20
3.7765106422985994e-17
1.3351042435385332e-17
4.39637194120623e-14
1.5713939391342232e-20
1.2023216138227654e-18
1.958957202993756e-13
7.1894733733757e-10
1.0073836929723708e-15
4.587971353605211e-14
3.4462398699746813e-16
5.324329717477844e-17
1.402573165262722e-16
4.8365761444336286e-11
8.17019790939081e-12
1.7557312633395198e-9
1.4274854921821445e-13
1.147127663414173e-19
2.820235481447253e-10
7.454513638747536e-17
2.819787547884933e-16
9.431261669089414e-12
2.3951961167909775e-16
5.523571863285442e-20
9.377811715560873e-16
2.813184415476302e-17
3.7983419751114855e-13
3.3642708430666853e-13
1.8225588107147216e-5
2.037809919224118e-17
1.73108550070332e-14
5.748271363167949e-19
1.4128176908876399e-15
3.5761048248396327e-16
4.119840513734273e-17
4.757382110029087e-20
4.585463142145528e-18
8.342411440906551e-20
6.00970488309483e-17
1.6685880450346724e-14
1.4471096803342061e-13
3.237760392359462e-16
1.358112841463473e-20
3.563608412042714e-16
3.0899928292264095e-17
1.3725468256314448e-10
4.042951487293208e-14
1.35859954969099e-13
3.3068682438243103e-13
1.75311584520327e-18
6.019008321998893e-15
1.1248416942693123e-17
3.8468990480628817e-16
3.915395755246522e-12
1.5895694977827895e-15
5.055932004989091e-13
1.5777819743802327e-17
1.7517465731100288e-13
1.0380500327407321e-16
2.3737664265760896e-17
5.21628787997346e-19
2.1383137510494055e-10
4.265107642024758e-14
6.362672056439107e-9
4.016794832652267e-19
3.2642286060903925e-10
7.744942099526383e-11
3.6724409082350884e-12
1.6756082215524295e-18
1.1598742074680911e-14
4.348655518123997e-16
2.5270635308419903e-11
2.7724857391913003e-16
1.7447232721578143e-16
5.384356793411347e-15
2.2695445153535347e-18
3.019496618637174e-9
7.000345051900285e-19
1.0029406320720677e-14
2.391479362166422e-20
7.845119799693575e-19
7.858685314918067e-16
7.2638410614891704e-12
2.0486446893036846e-16
3.55602956737109e-16
1.7834032535619713e-17
8.55585464721503e-18
8.672891873223018e-14
5.0520616177412733e-14
2.1750810251324804e-12
1.7988923060149413e-16
4.369202317553532e-14
1.495118869102377e-17
8.424078930697161e-13
1.8206599687222368e-14
6.0461954785656895e-15
1.0195037993126602e-15
2.011844863841195e-9
2.6281571865762697e-18
3.6975953921161855e-18
4.161091173170863e-20
1.1120027138506064e-15
7.832390607867149e-12
2.711823466280693e-12
1.1104456824166195e-15
2.3145843980788327e-18
6.888904017975077e-12
1.2052922350402797e-16
5.347989315971996e-16
1.0180127261833411e-15
9.33800243317144e-18
1.3751282028796852e-19
1.5457075074149548e-16
1.397095266765428e-19
1.4551149460228509e-19
9.557394720320006e-12
2.3140885169277296e-20
1.2871701831126124e-13
3.7593633120603175e-10
1.133571653603341e-17
3.590860899614606e-18
1.3083185435482691e-15
1.168124140332695e-11
3.737154092124609e-15
7.181985800987414e-15
1.2827220026942355e-12
1.1208033578708328e-14
2.3050473899357453e-18
7.247879144735631e-22
6.011664792003343e-17
6.42429483298431e-14
9.859785091274882e-17
7.40282083078686e-18
4.863803695220776e-21
6.656428264907155e-20
1.951069499436124e-16
1.5481468801485533e-19
5.257874968189462e-16
2.55312143106324e-14
2.5296080050219407e-13
2.52399558057911e-17
3.862826153011181e-19
5.780237221658325e-18
3.8525709564927766e-18
1.7552085579760241e-19
1.1659615491509638e-11
6.250369708727739e-18
3.7293316878099703e-22
6.70058838822768e-11
1.762883741471116e-12
4.937235712239776e-21
1.3605566334072576e-20
9.33897930786821e-17
9.581303918483054e-12
2.6819685762653238e-15
5.33072918002835e-13
6.10962857073561e-17
6.8752074050959336e-18
2.1094296739840105e-13
2.0129409080812045e-14
3.7406798760802875e-19
1.5773028063740094e-10
4.3919997180881754e-17
4.647921534759474e-19
2.1869777897970438e-20
3.035276366759022e-20
6.550370126229555e-11
2.0653212578782036e-15
1.148392988905529e-9
2.4195018613944427e-20
3.134811884830163e-17
8.72138935834943e-19
1.3618714361169621e-16
4.1418863547298017e-13
7.157289790132922e-15
8.214246668068574e-19
8.010842249273101e-13
1.9605721725591076e-15
9.313821228097146e-7
3.066660903631218e-17
2.0404879447132685e-11
1.6479738948542372e-12
8.88033390398433e-12
3.696248003449495e-11
2.9054479313387206e-19
3.950948481477244e-18
1.4227607215716564e-15
1.3362267673451382e-18
8.600187588835892e-18
8.930921435972085e-17
3.9056902255365534e-17
3.4143492887973125e-11
8.857285971633322e-18
1.4064237477362031e-14
2.894446622601848e-19
4.659045749061422e-16
5.66132875579816e-11
5.289441579506536e-18
1.6031885421054102e-15
2.783075403105348e-19
1.3907635006925144e-14
3.771454856095856e-21
1.1226501978182048e-16
2.5825771622803772e-20
1.4398517300393983e-12
9.194216878267311e-9
3.034471036874799e-19
2.82243789153496e-16
3.780610380787013e-17
1.3892192366869616e-11
2.2339824219208132e-17
1.0906446457973875e-16
7.482966389422772e-19
6.80527425938242e-14
2.5961505696820682e-18
3.0730526671076925e-10
9.526624698051355e-16
2.0878658126693224e-21
8.986955580198871e-16
1.7491888078515998e-16
3.899608043758121e-12
1.3062533473330746e-20
1.3999865240751006e-14
7.661599269700403e-15
3.90697366811101e-18
2.1966570292408095e-18
4.213535584014035e-11
1.8427771738894458e-16
4.62814561905214e-16
3.956174416081414e-16
4.36362579889665e-20
3.216233286420168e-10
1.9760294743186988e-17
2.5265575688359907e-13
1.0217186263324509e-12
2.5436772681316615e-17
5.034638889221614e-14
3.0947298467765436e-20
1.0282374345902703e-16
2.8440256605741322e-11
2.124633319123981e-17
2.0259747525869965e-10
3.3500369908176394e-13
3.732235015445506e-12
8.638312217352924e-11
5.340312730092403e-17
3.310733291344481e-16
2.5761132809172928e-14
2.972091928681256e-9
7.87096171638224e-14
6.739559768407046e-14
5.854111669523427e-20
3.417863026944707e-20
5.484129552775463e-18
3.50314326459884e-13
3.9248566159574966e-11
8.734087337526115e-17
1.88842128459661e-16
8.97987215289667e-12
9.143311565643086e-20
3.474336385251631e-16
1.5695591174690682e-17
9.733212534144777e-21
9.511627114436889e-20
2.376869814805071e-17
1.4878674279754446e-8
3.513830712920948e-13
3.505715327587624e-17
6.802835581772635e-15
2.587784107751722e-8
4.030565264715286e-18
2.707195025081554e-12
4.64961410986286e-17
5.1038570912514524e-17
1.3149009065272358e-13
3.838819668879024e-14
3.7613945774496316e-19
1.753358279291559e-10
4.336673820334483e-20
2.7021105670381363e-11
5.269239261553425e-19
1.2240096938651053e-13
6.591453657472084e-10
3.801382411986919e-15
5.084302609011364e-11
2.328998836146892e-16
1.1582693071580173e-15
5.521929395504192e-16
2.024544084426546e-13
9.026215270159735e-16
8.195449145234271e-17
3.466627536236315e-21
6.915540151798132e-18
6.658155798502548e-16
1.2791623642191744e-14
1.2793863391049818e-14
1.5576573925589826e-9
4.2401515783860415e-17
4.80389452301757e-10
1.756934435043247e-19
1.850527594566018e-13
5.819563434838022e-21
3.586013657546829e-18
4.5829869545643633e-20
2.2853711394082777e-17
4.656304275952087e-12
7.438942091648182e-11
2.271609131495333e-18
7.437870888505875e-15
2.5436811859183127e-15
2.176028113181669e-11
1.3002999426937666e-15
6.713772420449987e-15
1.0230814270244849e-15
4.0937569531744665e-17
3.923367458475267e-11
8.552749239915499e-20
1.5371164068888232e-15
4.8687446971618734e-18
3.8317514001631466e-16
2.2581359254809454e-16
2.253473336268426e-19
1.660938954509654e-18
7.182348836798549e-15
2.095895217039672e-12
1.3856096954739256e-8
8.331268683513717e-16
4.021637404669581e-19
1.8393645855715947e-17
9.012377044124412e-19
1.6875948321927617e-19
7.618463750587113e-16
3.9383294546391647e-20
4.587181059285583e-15
1.617958561306384e-10
1.0798035744087709e-18
8.914975219845407e-15
3.9035969772132656e-18
8.375585520981803e-12
2.710233261926739e-14
8.882804009840467e-20
1.0466897186545264e-11
1.884337297867348e-15
2.779673712135279e-13
1.0880907427734461e-16
3.69351807508426e-17
1.6316864234365065e-16
1.6445481439164023e-14
8.550114815147461e-21
1.7403314484436501e-13
7.05028832514591e-19
5.183459459072348e-19
5.618063203608584e-13
3.79412271413201e-17
2.475503128693638e-22
1.850649214091424e-18
3.1186246552720047e-17
2.3127242033078993e-13
5.562126331697824e-19
3.668236546876547e-18
2.3006222741472997e-17
4.4784675666281674e-13
2.0633755688512382e-20
3.2177200452001596e-21
2.5697067452552286e-18
1.994681647099212e-18
6.214085090079834e-18
9.698442437984223e-17
1.6987892221009918e-17
7.330493534119516e-19
7.152126221235302e-20
4.943264104534393e-10
5.2683275240149815e-15
1.413849578786783e-16
1.0114014010959636e-17
4.603089048126091e-18
1.167611407484455e-11
2.0779970487316585e-11
3.459154513960924e-13
3.089376291553321e-17
1.1157481632560715e-15
5.059381918270268e-12
1.9793606403117094e-12
2.054805586994842e-17
1.0837262785098803e-7
1.7182667862702726e-16
3.312975840370375e-17
9.211679777282167e-15
7.779880382998974e-17
6.038905230789037e-11
3.870744790337376e-13
1.912779295905535e-16
1.2025300132793978e-18
4.551343989946544e-18
1.5053465760901337e-17
6.049549784090971e-12
4.641873249811529e-11
2.0687722104947203e-19
1.3181285168949629e-15
3.338204063757276e-13
3.53226188062092e-22
6.507939325697055e-15
2.8311037305808934e-15
1.9285716323028015e-17
1.6933677028128454e-15
1.6168641344714358e-11
1.402072331739986e-16
1.3638809547863057e-19
1.0692952149452891e-18
2.382317495406299e-15
1.0269787187759303e-19
1.658953991208402e-18
1.6594644523558076e-9
1.5840172439220377e-14
7.65022694279987e-17
1.4434905150455523e-17
3.4558540401107855e-14
4.6400442923611415e-11
2.4389954210778486e-19
3.0852634007839925e-11
7.540352138825763e-19
1.527954599569086e-11
1.8272278134993755e-15
3.21475352193327e-11
7.129739873991929e-12
2.586459659309795e-16
2.0879596448470277e-19
3.7775819824663294e-13
1.7569029300389548e-13
5.480667221661763e-13
4.80529844098901e-16
1.1209349012541236e-14
1.0429225563563664e-15
6.333554045562285e-20
4.230406718598711e-15
7.97094868409358e-18
4.905303548125075e-19
3.31460179591594e-13
6.0935752202418e-14
3.5825032711026574e-18
4.297384472665731e-12
3.08835499246138e-14
2.532252474681457e-12
9.650888634710796e-21
2.1270083065212548e-16
6.5179974485154876e-18
5.1536254561786704e-20
1.504642293819252e-16
8.809046896205625e-19
1.6516966290966772e-17
1.3176186309916115e-15
1.74493171333431e-16
4.305536720971448e-14
1.8260531157821016e-18
3.478882965554126e-10
3.21304472909953e-19
1.5980810398156153e-15
1.5057687560904139e-15
1.371882160516863e-10
3.6416385605347154e-13
5.348526511259877e-12
4.0579305704178064e-10
1.2888489751294694e-17
2.7378355904986464e-15
2.2200524176355644e-13
4.037248388072174e-10
1.3442538054281956e-14
3.2090237412338926e-18
1.2364294974660307e-16
1.86506834390499e-13
4.81522178690278e-13
1.4137383544354526e-12
1.583822452717879e-13
2.2454742267953502e-18
3.9098432972405305e-13
8.998036404001729e-15
3.1364535231496447e-16
3.5669549232926757e-12
1.5475893159277916e-19
3.651668865545326e-17
9.319373495218925e-19
5.9661896221236904e-18
3.552475896082308e-21
2.502806066137066e-13
9.216612240152765e-21
2.1048105936215574e-9
3.2262842781560466e-19
2.973723542835497e-18
4.322539410893289e-14
5.856090688651822e-14
2.677857479225079e-19
1.9478575603989452e-15
1.0691627479001394e-17
3.703669281842767e-13
3.223433165208852e-12
8.876064722242592e-19
3.8022448784248475e-15
9.97845392466723e-18
9.048112649742067e-19
1.5915873982290995e-14
1.6468706872280126e-16
1.000998728454903e-18
1.2424629453284815e-13
2.1321450747416303e-19
4.994527086825485e-15
4.261368611024256e-11
1.5285618405122164e-20
3.982557213886781e-17
4.905537033447993e-15
9.465590339548303e-11
1.5893640918668944e-18
7.692469277124614e-14
1.5105334452054074e-18
6.454567100084982e-16
8.719148611752901e-15
1.1633337241028683e-17
4.5420336338210386e-12
5.643104528005545e-16
1.9492592650653843e-18
1.3237996392081555e-11
3.3206036726761593e-10
4.633341997525642e-17
2.00521700774666e-19
1.8437308146916614e-18
1.043595950441755e-14
3.164310612343038e-10
1.5573686677903467e-16
2.58319722261508e-11
5.683055108503777e-19
1.3172834651219433e-17
1.0664534307927108e-14
3.474797031469668e-18
2.2418117097729005e-21
1.73149052719221e-17
2.1746064774778485e-17
1.1306443402005451e-20
6.617165744775958e-16
2.8460393704848976e-18
9.899431734290909e-17
4.52846469113004e-17
1.522261217449989e-18
5.5049437514441706e-21
1.399200524312983e-19
1.799377504670951e-12
2.438087705220631e-15
2.356857628417195e-19
9.78691691272023e-18
2.9429773311694626e-9
1.3145836732219416e-14
4.105823729765756e-11
4.064914086675647e-20
1.7807829330025634e-10
1.5012070555087886e-15
2.0173095843320542e-15
2.9783110953846447e-18
1.3971039993051212e-19
1.463170059095421e-19
4.6671133184685926e-17
2.3316437283931044e-15
1.0327807910214614e-10
1.2631968855477753e-8
4.080292829697264e-17
1.080132431829575e-17
2.8296242492703902e-14
2.67762631553934e-13
1.3439816403379108e-7
3.6430782970730655e-19
1.8400696168788214e-18
5.266926675997483e-14
1.3896906482212048e-18
2.4667305402693117e-19
3.507261474067556e-11
5.348109300375586e-9
4.106689772926106e-15
8.796314419342835e-17
2.5394790174525575e-16
2.920593710319853e-16
1.0865256063932081e-13
9.43161370056156e-16
7.452834064834407e-20
8.910618441389011e-20
2.113272186926465e-8
4.271838761313416e-15
2.209762405149111e-19
2.6405773004773675e-9
2.3754695938769098e-17
6.1436944909248806e-12
2.9274098499840765e-11
5.1802012614182633e-20
3.2272211958173697e-15
7.440418439359037e-12
2.8706757463711082e-11
1.7100467961032806e-22
4.018877269279585e-17
1.0617039368798004e-17
1.3262327440895629e-19
2.449968143642233e-17
2.346504762547806e-14
4.2796538331282095e-11
6.794328642421882e-17
1.0137387603463183e-16
8.286557215674705e-18
2.977769096561118e-17
6.710749658909747e-17
1.370009597155309e-16
4.991551630329254e-16
6.621528501046641e-15
