13.20315866638128
12.923513885007068
12.69910311696686
12.305934994327146
11.775380349979326
10.861884886551127
9.73137073773627
8.581155958358554
7.546427172952466
6.721015962203566
6.047783653529386
5.476626340115978
5.021156415539268
4.675138525000623
4.356571363782855
4.060087886920659
3.8023078777867108
3.5733686236969042
3.355480925065665
3.1712106061991827
2.961642320997239
2.74373748219797
2.518058343913065
2.2967265624773603
2.1052864717403494
1.9369936380837336
1.7777309143951001
1.6364823917039182
1.5110669987235106
1.409446889236099
1.3055435196976966
1.2159885472659093
1.1476535283929907
1.0847637041105997
1.0269944749439945
0.9801467869932425
0.9322170237261123
0.8949554393306798
0.8537652934100608
0.8220589051901026
0.7882797857139856
0.7560386259388441
0.7303037013333142
0.7043670454447462
0.6816966407073277
0.6615628873421784
0.6421328700569031
0.6214000215749609
0.604111249616083
0.5862489484489704
0.5673979688811963
0.5509738411355443
0.53607517669729
0.5209764664484995
0.5047974035180127
0.49072191961322087
0.47671862380076746
0.4636041873633294
0.4515908780143256
0.44036209421093986
0.43041200375176203
0.4200620147665788
0.4111504707775362
0.40483073749692977
0.3992528615199511
0.39386883831104313
0.38928837530871796
0.38534497134690415
0.38167705357802717
0.37762923721330566
0.37375507978911315
0.3699223980875743
0.3666284481054696
0.3633009683672901
0.36047069705113177
0.35775354146447214
0.3551935304963294
0.3526596306418437
0.35042425279082146
0.3483201852333977
0.34585113190947414
0.34380255268667703
0.341572781441859
0.338716323068077
0.33601279777075455
0.3325179794683679
0.32936976165073784
0.3266002878888168
0.32385502312474923
0.3213504387654442
0.3189825461889857
0.3169099172446064
0.3149726560769306
0.3132614165056875
0.31184157473833185
0.3102514278088586
0.30901253435227005
0.30778127575790126
0.3068793373878371
0.30599429282818846
0.30514134851789443
0.3043868180325777
0.30384438525105306
0.30321467147799375
0.30263240826231197
0.3021254627750647
0.3016655965761954
0.3012354186636559
0.3008173815400923
0.30041337906571464
0.3000265891949665
0.29962577464268847
0.2990863502868848
0.29865774575525084
0.29819611797672696
0.2978138230959848
0.29742356523085434
0.29703337390484386
0.29663518963765156
0.296252655896299
0.2958878627398249
0.29557878023114714
0.2952678281683303
0.2949243124345742
0.294583341536125
0.29397299326206383
0.2934413843429189
0.29288621839966655
0.2923592502743819
0.29184161862013
0.291358745809541
0.2909315434731017
0.2905298596066883
0.2900867510201621
0.2899026941345415
0.2897039022702028
0.28952056054654474
0.28934051692435947
0.28917636832508276
