13.204458491735164
12.930366295375759
12.697385823706114
12.289217937107637
11.762545704991116
10.765568814235142
9.534936863619189
8.427765205818059
7.450652220406672
6.729559853474168
6.0878790742464695
5.539859096739889
5.075400345704805
4.679996819057987
4.341617618788421
4.005681536414144
3.7204735792710775
3.473353432718098
3.2575391199049193
3.032867067019904
2.807546079226112
2.5439267195772466
2.337241527742238
2.1509643183039717
1.97664509512059
1.815856867761477
1.682292574531023
1.5612911961658744
1.4468000220833703
1.3469353272307485
1.257202011277787
1.1669550606002286
1.092212506947285
1.0184840094926404
0.9554521712083641
0.904052006200617
0.8591693194325645
0.8164357942955753
0.7798619284874562
0.7457713071682477
0.7049906878871326
0.6730825162822045
0.6441891698716686
0.6174630050011034
0.5904570043637856
0.5655680997249366
0.54115708870766
0.5193670482156616
0.49676533256500033
0.4763607833431234
0.4588245913688862
0.442053065783508
0.4266973463015802
0.4095283599814543
0.3908994489789501
0.384845507224548
0.3786768772615865
0.3733540180922734
0.36873985294528566
0.3640073846561478
0.3592881136361932
0.35508697238215436
0.35151588356377594
0.34828573479851865
0.3452626143677522
0.3425808702198072
0.3400095553988738
0.3374632653909799
0.33530131919341777
0.3331512130219698
0.3312371503121696
0.3291765441495036
0.3271880128575493
0.32532106349878287
0.3236544367867191
0.3219404331694298
0.3197722438861872
0.31774685215022824
0.3161254623344849
0.31442781542029863
0.3129897485153226
0.3115373907705292
0.3099073553172653
0.3081135360754965
0.3066714249909772
0.3051538533170248
0.3039283961542143
0.30277025469018337
0.3019086220344134
0.30101373968998146
0.30037880557338603
0.29982690015191515
0.2993417590487777
0.2988808677555408
0.2983986352576853
0.2979523200785801
0.29732894229376594
0.2967273890310764
0.29619343088314665
0.29572598772663916
0.2953245368719166
0.29462500405859515
0.2939912733760295
0.29344938392896047
0.29283879803539037
0.2922713613786012
0.29171419375205154
0.2912884177261921
0.29087479628052293
0.29050204025219095
0.2901392129975964
0.28983285845584206
0.2895098476558422
0.2892415074804582
0.28899695349291044
0.28876149855683586
0.2885568731557173
0.28834721250097406
0.28817030558250956
0.2879919573435714
0.287824518523375
