13.203083197626857
12.929550094069008
12.708211404735941
12.320899029845961
11.80873375357583
10.915990723378833
9.792938271731181
8.641748505953736
7.5945492827067
6.728823689604095
5.950942585394696
5.367291663024659
4.8985207441266425
4.532230805437742
4.187924110548719
3.8850202040617727
3.6110704323218776
3.360613457278977
3.135724636009563
2.8946991997142746
2.6448181693289
2.4019850053527225
2.1828693527016796
1.9919280883788222
1.8299558977153865
1.688246928106114
1.5577615020568008
1.4620782393440859
1.3744855203548907
1.2957407574725135
1.2286220436033428
1.1637344747217098
1.1027329166215392
1.0487219873482285
1.0046505389532037
0.9622076512084066
0.9253624564854128
0.8942400622858981
0.8623886104748184
0.8339745874443434
0.8049768887375128
0.7804563294510789
0.7566697332946708
0.7329584029494036
0.7139603092242366
0.6940290850246029
0.6762688283568199
0.6607527896392709
0.6455125698029205
0.6253355328563792
0.6058470874995461
0.5879574686620659
0.5698693287345691
0.5549894999232494
0.5409506733424791
0.5300216015644681
0.5188210532197743
0.5090899866646428
0.49918399759532495
0.49201543955892557
0.4844235429796484
0.47776289666192984
0.47268769820633594
0.46660914989592683
0.46074360028375594
0.4557391307326668
0.45150383136697503
0.4471826793642757
0.4425113627490127
0.43526124276963696
0.4271109585482442
0.41948625918581683
0.41253195535207965
0.4078729633547553
0.4034744373323651
0.39873338886541987
0.39476984975898066
0.390973365492278
0.3873879363528445
0.3832001345054623
0.37886576377583037
0.37484547375976707
0.37127917954077994
0.3678655248172671
0.36462540674158905
0.3618338341299818
0.35918309699526585
0.3569055007711812
0.3547632677395418
0.3529482752411255
0.34939157355200745
0.3460204880087563
0.34263749954328926
0.33811760753929576
0.33376615712403535
0.32743737421548236
0.3172912569019539
0.3081575682329225
0.3031413350586405
0.30114316231736726
0.30044762587535967
0.30013120534519544
0.29990110894237
0.29983274334782806
0.29976948308383555
0.29969801018647146
