13.205635603427131
12.94049711721702
12.702755763665326
12.305577727624971
11.766919207423356
10.867858477517691
9.766897558049935
8.639544670938836
7.637377010565999
6.782231286970029
6.09170507675916
5.5281052220816225
5.078806803740624
4.707061621268149
4.370777665880654
4.086544971975428
3.82083368811879
3.58717662425752
3.344325939188015
3.164657398504101
2.971342159860294
2.7570158004086283
2.5304643606594803
2.3245060436837797
2.1444387496615036
1.959694581121223
1.8131937385409422
1.6774320129616669
1.5730955335447545
1.4623918757255314
1.3471408112604104
1.258569112335671
1.1731597154668325
1.0952181525414497
1.0402576265931422
0.9879727741420989
0.9355808339421863
0.8930195332164113
0.8544994696303068
0.8177013040993124
0.7818141779275196
0.7504352335922091
0.7220466292470809
0.6923589452123293
0.6655594772286264
0.6408424334900547
0.6052101032946053
0.5753174881436802
0.5440248814209792
0.518990800189334
0.4930064814110038
0.4716047206073828
0.4509253672203606
0.4334174409555427
0.41813255651722514
0.4043529390235223
0.3955976532020298
0.3865159607589712
0.3805394629223411
0.37555990301632214
0.3709641420359713
0.3643541486244253
0.35890067537591275
0.3541898385700364
0.3507163158608728
0.3475401913166669
0.34455839182614945
0.3416588503523661
0.3388159261716108
0.33626407198807406
0.33355220190260404
0.33093413102368086
0.3282949464584659
0.3257024060867817
0.32335478680198193
0.3211785371955713
0.31922916457360895
0.31718724646183016
0.3152658268103954
0.31339848454179275
0.3115271591003559
0.30984365663972646
0.30824461018858873
0.3070755633581115
0.30601040779875444
0.3051156610536605
0.3041093909510284
0.3032628295165427
0.3026473341242575
0.30078654273566485
0.2989891263468243
0.29802236411583394
0.2970449172321761
0.29617442172302777
0.2953767200171731
0.2947066125616864
0.2940474942829727
0.29349274243346013
0.2929153847554291
0.2924662161815563
0.29199499638795956
0.29153429332695513
0.29083516467395487
0.29022947439633295
0.28973450141554924
0.2893262714097036
0.2889498613512407
0.28858490799564773
0.2882234588637589
0.2878537928748548
0.28754121845661373
0.2872540954465057
0.28693756693458994
0.2864576358479738
0.2860120932114869
0.2855667137021962
0.28507984425679744
0.2845363734885398
0.28402344188237016
0.2835321801292441
0.2830757054862083
0.2826677823573638
0.28228071678157907
0.28196201693801015
0.28158172953670757
0.2813206233547003
0.28104033665496875
0.28084508317712853
0.2806593294471904
0.2805538965021057
0.2804643627769252
