13.204893926266946
12.936328960654748
12.702802091323846
12.291569899074926
11.767403441059884
10.831090427168274
9.601142235776845
8.367521325879391
7.320841092559455
6.50540323667866
5.819655409483845
5.306937671240117
4.863615092720556
4.5319930399437744
4.198800971335087
3.908657694524625
3.664318275818345
3.4504321448885324
3.257455073993171
3.069152498612727
2.8571266663528236
2.6145833040360227
2.4027949396734396
2.194550894597219
2.0133499677920064
1.858247701762913
1.7074123514513584
1.5837410795055789
1.4648477083327762
1.3682632773148402
1.2776386285204087
1.202498170784951
1.1387405117321698
1.0829805758021118
1.0308334309766343
0.9885544562050459
0.9427932837291948
0.9045387376167229
0.8697634200593845
0.83579302421838
0.8087751324759243
0.7824557529040099
0.7596731557149266
0.7350762976340004
0.7124311800008938
0.6922346516644646
0.6753764312284058
0.6575076514659894
0.641801226201351
0.6261378719600978
0.6110722238113535
0.5969165731925878
0.5847622937875991
0.5725157975001673
0.5601033614354316
0.5486594947291614
0.5395351441966323
0.5301183348283729
0.5213539192377734
0.5136762457705668
0.5055342065586856
0.4980536964777915
0.49066431172035063
0.48354314663600917
0.4776292852081525
0.4715936042886728
0.46646827670271307
0.4611984598965506
0.45638265904116526
0.45186020463477217
0.44744329602987865
0.4430390110753608
0.43883980576471515
0.4335825972473737
0.42933686107245705
0.4239973036548257
0.41955228424439905
0.41538609228776124
0.4113869232452627
0.40721391387575423
0.40302263358379786
0.3992751082520032
0.39532561686574574
0.391928459755861
0.3886749348048344
0.38525203739865876
0.38189931312823955
0.37895602742833123
0.3760704285137093
0.3733803798302828
0.3706992990862741
0.3684879963019103
0.3663343321106751
0.36427050387820525
0.36228437574236594
0.36059051533175435
0.35891429803706654
0.35735453490781666
0.3556722468275746
0.3543119107619539
0.3529551027058213
0.35185617070575326
0.3506808698859514
0.3494602445399888
0.3483771287340076
0.3474636889103495
0.34661875824314947
0.34578947197788246
0.34447796595353797
0.3433204955020175
0.3422589350161953
0.341091777079475
0.3399663336300236
0.3388099086374572
0.3373598651467349
0.3358544012528153
0.33450488031906556
0.3328655032527914
0.3314282765004366
0.33003637362473626
0.3285631767417021
0.32711246528324445
0.3256442848443335
0.32425123314244964
0.3230377495824932
0.3221805771103856
0.3213223237503602
0.3204690106210748
0.3195747082753604
0.31869604321926737
0.31788852997207506
0.31676012494064487
0.31499814493604905
0.31334381605393435
0.3118058569324571
0.31023884551615577
0.3088796987402489
0.30724930251091553
0.30551224381910913
0.303786820001279
0.30261052520047116
0.30166761938862763
0.30081475901434107
0.2999193278115575
0.2990639555264787
0.2980977038466124
0.2967305222007708
0.29543535217859596
0.29432050055211256
0.29308087071074773
0.2917125996001335
0.2903291557154706
0.28914892486177557
0.28803929589612665
0.28704033969511045
0.28612092810225054
0.28523596388573846
0.28457390363908797
0.28411129352903597
0.283728298563263
0.2833408979990679
0.2829949401727214
0.2827070191846861
0.2825137216643929
0.28245311083173696
0.2823881554923764
