1.621408615314717e-10
1.7698904878514978e-13
1.679299722354375e-12
7.46352219337607e-14
2.454692582488309e-15
1.889279203382662e-15
4.146754394199578e-17
1.8792858210649053e-18
1.8287521641891906e-15
6.713088286990044e-17
2.848575874368345e-16
7.15657611563985e-17
2.7576324764027754e-16
2.4585806263254653e-17
1.6856358507811657e-14
1.643896987910186e-17
5.3542090886699935e-14
2.3069107898176854e-14
7.389572121045886e-16
7.745843071484509e-15
1.255097750433017e-15
2.262203800456445e-15
2.323311779798605e-16
1.3591477267725754e-16
5.745685779184714e-16
1.4519471878448656e-17
2.0479625370162125e-14
3.7795408083824596e-13
1.8017393766771413e-13
6.053561087315183e-19
1.6435889187291406e-12
2.437541665976601e-7
1.686626397893283e-14
5.2780494535984985e-17
2.6406544407953552e-15
1.2116651235026192e-16
7.262147098860397e-17
1.0097780990619523e-13
5.648129351820361e-17
5.308584226806929e-15
4.652905539045322e-12
2.618075537441536e-13
1.4532917571421945e-19
2.3613969232523747e-15
1.4624369430179816e-15
3.5439602525081786e-14
1.2473986245105678e-15
2.8491392655545857e-14
7.655953660332952e-15
3.4660890644730374e-10
6.741790561511618e-18
9.103327413594128e-19
1.2797287841724509e-14
1.7186368708697948e-17
7.864672785060963e-16
2.0064485059613862e-18
6.020633373909809e-19
2.251701682065777e-19
4.551036409235582e-18
3.8138981311019957e-17
1.1165841574681562e-17
7.159563316114426e-17
8.952943342594706e-19
7.083004235732987e-17
1.640850093851089e-18
5.21011520218477e-19
3.0520919191463753e-16
1.559386147096111e-16
2.3657399607592475e-17
7.50974351323323e-19
3.929404139158462e-18
4.821666054355785e-14
5.276373760508502e-15
5.452192590495095e-18
1.1773344609236675e-15
4.167382338917714e-18
2.465550241596785e-10
5.086933046481844e-18
2.1510071751613498e-13
1.1466731701940551e-16
3.692659014435578e-18
1.796100205852896e-14
9.533199857692351e-16
6.624643491836751e-17
2.84588316334744e-10
2.163570075063952e-9
8.615775269355687e-19
1.4643793021579137e-17
5.845068989325828e-18
8.364996161113648e-19
2.888118442078268e-18
7.8568974467517385e-19
4.411470573804747e-18
1.1114337067080594e-20
5.536508252208199e-18
1.0468287223880148e-20
2.2363727389391044e-18
1.050277101880939e-18
1.0478586366863702e-7
3.777118366322209e-14
1.7607522649176492e-19
6.001046877946661e-17
1.9538130893427538e-15
1.2680346559719781e-20
3.6927501176192694e-19
2.217789617865023e-17
4.25733446417972e-18
5.0785678412128095e-18
2.154680485398928e-18
3.649735651485262e-19
1.847140374177195e-15
9.706697566321105e-19
8.856908076790895e-18
1.3707405246598995e-16
1.1336969357264016e-17
3.1703916048857846e-20
2.6743411630383992e-17
1.7717894295347214e-20
4.146119656415327e-20
6.754102402629674e-15
7.058501656759037e-18
7.786065218456448e-20
1.155931241742554e-16
3.157936009045203e-18
5.860364077160841e-21
6.715606332655015e-14
7.755647125609225e-19
2.691086071770214e-16
1.4294004876094364e-19
6.331076080112483e-8
1.1841481477183954e-15
5.521070072893258e-19
3.4437344749075897e-16
3.0681020715892415e-15
1.5333010627167193e-14
1.6319491536088616e-16
3.398547257765504e-18
1.1470426424416238e-18
1.2852583032328005e-14
8.431236729872469e-18
3.328728174736147e-14
3.798695656115884e-9
3.592316093335924e-17
1.5457483882033512e-8
4.2131122018227677e-19
2.391844811027585e-16
2.286821034952981e-13
8.273179989509053e-18
2.234625502613818e-18
7.197411265243444e-19
1.398679358818981e-18
2.5753987317639005e-19
1.541876541238593e-19
7.762641416286189e-16
3.8521882183583426e-20
4.671160155913654e-16
2.050452897239677e-13
3.044614877565455e-7
1.6481894789855805e-12
1.803836374091176e-17
3.195233334608603e-20
6.890442254820653e-20
5.178253176809888e-17
1.5041889863707225e-12
1.1663727386010202e-15
4.430826229116333e-18
5.273065558502393e-17
2.139961610592996e-19
6.33223330290026e-17
4.500512769346445e-19
4.6517831617836634e-8
9.590205802553197e-19
3.38853517856554e-14
2.148857377214351e-19
4.6399798379742013e-17
6.550585568535258e-16
9.640911779080016e-20
9.193039398740237e-20
6.216183683331083e-15
9.486741171678965e-19
4.409691751858511e-19
1.1554466332356813e-13
6.005158871769901e-15
1.4252506952826162e-17
1.1928284343604728e-17
2.9690449648371944e-18
1.9844355786301066e-20
2.0143750350548308e-19
3.652627563021769e-17
1.5409071026473254e-15
2.3029961275539817e-11
3.92493141917903e-16
2.0618788858165692e-16
5.288973196975035e-19
3.186917767432493e-15
3.952655601183411e-20
8.250463427340609e-17
1.018267043316208e-18
6.047976357578413e-16
1.222847869991622e-15
5.681911943816587e-13
6.540620116667517e-9
4.0446821459189046e-17
3.55341035951253e-20
3.6451809962445765e-18
1.2805063072043122e-17
2.203717284959717e-19
1.8402940371080303e-19
7.941356161202419e-20
2.178829722013771e-18
9.330848538939684e-19
1.4151233258584091e-19
8.556230632810844e-12
3.3941906558934863e-19
2.630431022905552e-10
4.213821202033761e-15
3.0337793317913085e-8
1.0418564466893759e-19
8.383431019193981e-21
1.418964495632594e-17
4.989963228889713e-16
1.893821943771526e-20
3.473939681767739e-17
1.7377691431493183e-14
1.3183767103951697e-18
5.150814080476202e-17
6.611336566610855e-18
5.199290869645021e-15
1.6112867518082371e-18
2.702395795931874e-5
2.2473127758082883e-15
1.7978032390566985e-17
1.7154414375137073e-9
4.437239716407247e-12
1.1020589326718144e-13
2.5687761135415344e-17
3.2720936433223154e-17
1.0655075461359872e-19
3.032125686847888e-14
2.8904937764688285e-21
3.63418742154825e-17
1.4887595929882194e-18
9.554212608860518e-19
1.943363290719e-20
5.043619938518233e-10
7.694875163034263e-17
2.323814437606745e-13
7.243875779552102e-18
6.04731319974355e-14
9.048607398290534e-20
6.941830445699665e-18
1.6615325883622584e-13
1.358427913962893e-13
1.6915986838769795e-17
4.680896563901882e-18
2.965508440074033e-19
2.761207518579988e-12
2.355280313132636e-19
4.764396469136555e-15
4.0965569224067446e-17
9.72531127815428e-17
1.5042937078923764e-11
3.454221134960548e-10
2.2751860787254458e-19
1.873799374358507e-13
8.304694154728314e-20
7.664781282913154e-10
8.769444407642404e-8
5.473495205404647e-14
2.0238582860939227e-19
6.107126681461174e-11
1.0962593660271212e-18
1.038028156866113e-12
2.7318007412919575e-10
1.1825962164596418e-17
2.1585523562620438e-17
1.1776599802923664e-19
7.759197163263899e-14
1.2466594880333371e-18
2.3594583833291577e-15
1.9414547959799597e-9
5.4623226214482233e-17
3.094639807292208e-17
5.5431032930596287e-17
2.8558718178750005e-20
2.0259570771611188e-17
4.830201412616973e-17
7.071233533829585e-13
1.3829318603573406e-15
3.084448059469073e-15
9.571361908706018e-20
2.9467672859584643e-17
6.345231199155222e-18
3.910764652255409e-16
2.9931779518574734e-20
1.3406718559905468e-18
1.1832143897697551e-15
2.748252163184417e-14
2.092335327240585e-16
6.259973649724746e-18
2.116057157143407e-15
1.5003864304195546e-15
2.870958858907311e-20
4.413593123831455e-16
1.1385161354602447e-18
2.4443065402146384e-16
1.7129678858424627e-20
1.995989869379781e-8
2.601861043108132e-14
9.637155791741207e-11
1.3061211708710368e-18
2.4756499355936114e-15
8.295128943168647e-19
2.8213103999798444e-18
3.2186817285089557e-7
3.133441131641701e-13
7.694064987014132e-18
7.284845079154374e-8
6.2883224778422915e-9
2.6858392896481482e-17
1.339931097145744e-18
6.3016813967245e-16
8.230851402680241e-16
1.4208129169206803e-20
1.5880939560094037e-13
1.0423729691292069e-15
1.5706005201747967e-10
1.4633465391701063e-16
8.7562535321978e-19
9.729240581857187e-8
6.048919659449158e-17
1.5455428122070959e-18
1.992033237141126e-20
7.821701138148884e-10
2.156747379339491e-15
8.314361052989703e-17
3.997863894506844e-17
1.1148393945345012e-18
2.8403036141299586e-16
2.3754553068356056e-18
2.437544585725398e-19
7.31154951339408e-12
5.871186583724363e-18
2.9388262540614536e-16
3.531878067946292e-19
1.3595505721973089e-17
1.1127021229814932e-16
4.714018607567672e-7
3.696202711806517e-19
2.546777355538015e-15
3.5654614616562754e-17
3.769478003589364e-20
8.566089746240955e-19
1.8213462673012567e-13
3.368081502991222e-17
5.962602486364403e-15
1.1781472595135222e-15
2.826279243717422e-14
6.752686277907697e-20
4.3666510320809424e-14
1.9337744057754774e-9
3.033158771519459e-17
1.9794920052098182e-17
1.209253915428561e-15
8.671044259236696e-17
4.507632683863599e-18
1.0056103716478486e-7
4.7963461075929e-19
1.6232688775390347e-16
5.829286051065684e-19
2.7423452525071247e-14
5.194058508555118e-19
4.205659652230742e-15
2.4438326499654177e-17
1.165448180255202e-13
2.740885770321284e-14
8.579386970679708e-12
5.114044421864092e-14
1.1183645093764548e-15
9.61296142707096e-15
1.0385089118662787e-16
2.5760607285638087e-15
7.134415447710596e-18
1.4991244735487859e-12
6.568705016766298e-20
1.115354616397394e-10
3.506051658024304e-16
5.158137349227851e-13
6.674033201411301e-17
4.885667434749495e-19
1.3195398684021082e-19
2.488697995823568e-10
3.9741778590105685e-10
8.951274422840765e-17
4.4315325372389305e-17
6.088782083178327e-17
1.1363072859717795e-8
5.670644328584994e-15
5.169250092510456e-19
5.83817055851251e-13
1.61030782526736e-19
3.9454328285494355e-9
5.966243766095456e-18
4.724543157617716e-14
8.928554062547457e-17
7.813685655614005e-21
8.73894548307034e-7
3.917807292070288e-14
4.403823191171458e-11
4.8602858352613014e-15
1.3522920936354313e-15
1.7894235388254528e-11
1.800509574879088e-15
3.650588442088623e-16
3.696951799516252e-19
1.081564384801687e-16
2.1544620437900248e-18
1.418050132514988e-15
1.7099359046133836e-11
1.67994264617259e-15
5.796294347955961e-13
7.85289045459088e-16
2.250663250469778e-16
5.899877353141127e-10
5.923868895232867e-20
1.754378710452466e-11
1.1052690859997975e-13
5.016530089105598e-18
2.697656038606444e-11
1.6486154519720804e-17
7.542868761023158e-19
6.829729630504812e-13
1.1337438673714885e-8
2.119675791863807e-19
6.179262706503592e-15
3.611953015625946e-15
4.42119052799098e-17
2.389434533480349e-13
4.801542385706897e-15
4.79250896497764e-14
2.4731406698482983e-16
2.2258364987602566e-18
3.2399912608015927e-19
2.708250831080905e-17
9.919945952104006e-20
2.4064519678034545e-9
7.359020138122741e-15
4.9401073725331715e-18
1.1134552041438418e-15
3.5684603070340973e-13
4.814893809582948e-18
7.448631398038763e-15
9.195476401659465e-10
4.931128784839166e-19
5.654330335658893e-20
9.592675892326293e-18
3.060885424822938e-16
9.358460607601317e-16
1.1047670957082146e-11
2.9187177980730994e-17
5.344717713073598e-20
1.0508862984146435e-16
5.201527162623974e-14
2.9304905991212705e-11
8.007968361704916e-14
4.863864459289069e-8
2.853401047484947e-12
2.2833660736702137e-16
1.0670797025981623e-15
1.6787627772887318e-16
5.715425815161901e-16
1.4449545932316029e-19
1.652578231511544e-17
4.3334970614309706e-16
3.692061538173002e-18
4.381589321404878e-18
2.1063161374922024e-12
2.005746963110209e-17
5.822294996847828e-13
1.112373961261075e-18
2.3650718139340358e-8
5.5349389457085e-12
1.1352050724483107e-12
1.097493250498597e-17
1.6001868834562843e-19
6.807329016429932e-16
3.0006914951928583e-15
6.947447293156389e-19
1.5037486970746097e-17
4.730614189575213e-18
2.2532422141820355e-13
7.310704845985821e-17
3.2201367281831764e-19
3.3899562924150874e-16
9.663210622501697e-18
6.314762095487669e-18
1.8854218209576733e-19
1.303096438674166e-15
2.807316241386263e-16
9.687455069369368e-14
3.879993380263257e-16
2.8404679491230616e-14
1.743702065904357e-18
1.1704133567225644e-19
4.203937321369163e-16
2.1610521735168355e-18
4.5693757715686054e-18
2.0596571963857887e-20
3.1766681884051287e-15
3.1912162204932292e-18
2.1266194426422672e-18
5.418697343103523e-16
1.936312376885862e-17
4.607797618311377e-14
1.5658067527170938e-17
6.565202525160393e-11
6.258621079806464e-16
4.463811832394859e-18
2.617712174416107e-13
1.675428427415586e-16
9.996629770767421e-14
1.6990652384121024e-10
1.0741712659171326e-17
2.03918951439622e-11
3.923206210024657e-17
1.075168627472041e-9
5.014742261802476e-17
4.7191030155195e-18
8.311928400721217e-15
7.928434684473324e-19
1.31134506637067e-12
2.726699144241486e-17
9.960122926282469e-17
2.130549268188986e-15
5.183291820327308e-12
1.383460564473546e-14
4.8421129172044624e-18
1.174390220291566e-13
5.0697583350411347e-17
4.0299318549596785e-14
4.0952143722621325e-5
5.184604106623378e-19
9.696821506868016e-17
7.422292441544531e-19
6.565499180681705e-14
5.229150710826074e-16
6.911359884436534e-12
1.864491744084302e-12
1.4407729596899007e-9
2.7663249556058837e-15
2.2514877162029602e-17
1.2083728120017238e-17
1.602933539010657e-13
2.197944208216363e-13
6.124396921181773e-17
2.6080868659164504e-17
2.2454965360823206e-20
2.3636844230689007e-11
1.619608181478745e-19
4.6834342329891195e-17
5.876374361267419e-18
3.699208057763509e-19
1.3223146477918793e-15
6.90050253653771e-15
7.7483594519122135e-19
9.516236466634025e-14
2.2178684740413687e-11
1.5304416794599185e-10
1.3750760939936073e-19
6.355220388639839e-13
2.9531378394668405e-16
9.24658794300311e-18
2.5590275952354098e-19
1.6300554003923064e-18
4.105534746344557e-17
8.611811252050151e-18
8.523666248399592e-16
1.880270210514384e-18
8.850893595649903e-12
3.9902050059097687e-17
7.417939078355509e-15
3.581074661103445e-17
4.27141740374612e-15
1.6165711135467424e-14
4.115230360728903e-18
1.2827307529254724e-7
5.035442642963271e-17
3.063084722462196e-13
1.127225378786731e-19
1.251604983336388e-13
4.504654127828457e-10
7.733929576602606e-19
4.028953196967954e-19
5.422145729049237e-15
2.0963531743948787e-14
2.1210040135761266e-17
4.464388940897914e-16
3.969217521679882e-19
4.1130503655162684e-14
9.225684929717847e-19
3.2854701454585727e-12
4.863379019732056e-19
2.2231489622252445e-11
1.7029975661415974e-20
1.1830171058200912e-13
2.5123205221953305e-16
1.0044688607371864e-19
3.423042891526104e-14
5.18247344895547e-16
1.548035874173066e-10
1.0666288805574877e-13
3.62322940365551e-15
5.4156012665545713e-17
1.8022064088827697e-14
2.151204383702585e-18
3.1553509083841664e-18
1.3006083086384516e-12
8.44945454036972e-18
4.0255284229573e-17
1.1345425748486323e-18
3.785383315160631e-18
1.1463660253336242e-20
2.754224909424049e-16
1.17190396357198e-19
4.579362619496472e-19
1.3988525336651236e-8
4.996705362467986e-18
4.425643814678925e-13
3.881866427956113e-17
2.058566174719517e-14
8.639882264879021e-13
2.6781235716573723e-15
1.1681024202847126e-18
1.4411690920675655e-18
6.64596642793587e-17
2.0143529573010742e-16
1.2782953031638339e-9
6.39941949038652e-15
2.3597954380407024e-17
1.5917966609849684e-20
2.6009669473605947e-17
4.575077213757852e-18
2.318896226695975e-11
9.193568231300446e-21
1.0607964157100747e-15
9.073985161302944e-15
3.6048197636513877e-19
1.3468559404067806e-18
2.434560273389034e-11
1.9711982765629834e-11
2.4081977931091543e-14
1.7428444855187722e-14
7.721200060874972e-15
2.4538377260655353e-12
4.408921861458141e-13
2.4556457187834787e-19
1.6464429204975627e-16
3.255282531663797e-19
7.648318468300958e-15
1.808880607253589e-20
5.3719961164804395e-18
5.94645013070682e-14
1.5339970255654247e-11
8.955129447316555e-11
4.881112456681144e-16
8.691873926159193e-20
1.181009865889349e-15
2.2182262761342046e-13
3.120361043018883e-14
1.0709372583235237e-13
1.5290366560490968e-17
1.4211773437917918e-13
1.9282447010585857e-13
1.3302799749674984e-11
1.0493107659527394e-15
7.017239375381083e-13
2.4732380417573484e-17
2.217713457790599e-12
6.473244286590595e-16
2.4758974355434134e-9
2.743420347057699e-19
1.3423611992407653e-17
8.176668559441432e-19
3.746804765082179e-18
8.122437073092899e-18
1.4698268812438446e-15
2.6078709808629593e-17
1.2060926351484567e-14
5.2445575387593516e-14
3.107220694260031e-13
1.3290955949489848e-20
3.869370780450106e-18
7.990854973817914e-16
7.088114600237738e-16
7.971014245771022e-9
3.821788423396313e-20
1.1174404165436843e-16
3.558807553675388e-14
1.0718518655967529e-17
7.901014318441814e-20
3.2805858342969303e-17
6.346519443642076e-12
1.613706599822289e-18
1.102061485509143e-19
1.3521856311893366e-17
3.466201593274679e-9
6.609149321996814e-17
3.6400546683582945e-12
1.4656727717979415e-18
1.061874016391492e-19
7.782653425422527e-10
3.461630251714477e-11
9.054802304920648e-10
1.1647096354453251e-14
4.607361386027483e-13
1.0561259366524154e-13
4.8420702956651643e-17
1.2456476749428217e-18
5.620708187799727e-11
4.5331725904798966e-17
1.9104325597720354e-13
9.73133273807288e-15
9.727894530325533e-15
1.705516159058035e-14
1.1768412614035055e-17
1.141349178984017e-17
3.9040100351667044e-16
7.009192525297784e-17
1.2323162705190995e-11
2.892088389105558e-10
5.34379338894357e-17
2.1982006910156252e-18
3.6665052730263707e-17
3.0436628207736553e-15
2.3730349289284284e-14
7.487374559093004e-8
1.042907745004771e-17
2.6559700507607986e-12
3.1399463861855793e-16
5.0889819924197276e-20
2.0066313008814932e-10
6.356125861291444e-14
5.460145240953451e-18
3.463307540769281e-15
6.763272156828617e-16
6.140191232639456e-17
1.6894879079482106e-15
6.222759251441938e-13
2.231723275224838e-16
1.786536374385894e-14
1.0847419177257731e-19
1.4467681646390124e-17
1.6714612595006594e-15
1.2790265518425015e-17
7.491165147854696e-12
6.37401168683457e-19
2.344843085688711e-12
1.9508247851264137e-18
7.193910872414482e-17
1.7334103647076226e-16
8.396333310162172e-18
2.0007442770995207e-17
2.534505115955469e-19
4.753053597962893e-11
4.0328643215832523e-10
3.764140098102162e-12
9.38913947735567e-18
2.4645859238094483e-14
5.419630635544928e-16
2.0127616471055087e-18
2.70458725272551e-19
1.4884089290089282e-18
3.6773530103818286e-18
1.3117046581835786e-7
