1.6664515593882384e-9
5.6249823255447965e-9
7.130226997859422e-8
2.4914508027364287e-8
5.686099959464314e-10
4.100147884561382e-9
1.2729558522234965e-7
8.61149401437017e-10
1.6283064458051054e-9
1.690489569247428e-8
3.243179401424833e-10
2.5327992486276875e-7
1.1548011213831407e-10
5.174790755917068e-11
1.4172656606267503e-8
3.132937463367865e-6
1.6179924897095886e-8
3.6799194092559696e-10
7.216383121364615e-8
7.826252306837733e-6
6.235352274634365e-11
4.682091788258011e-8
3.6706811045691157e-9
6.033025658558706e-10
6.6694518533351824e-9
6.438781459514907e-8
4.2379987586306823e-7
1.3382095971771811e-8
3.7252515675218904e-6
1.2409514424892244e-7
2.771029834306426e-7
9.711710052373502e-8
2.9393661646026137e-10
2.1762179663149715e-8
3.8787595578249014e-6
6.538074228366346e-8
3.219661599327082e-9
5.247286905465324e-9
5.226793688465263e-10
4.920891491101645e-9
8.401932774380231e-9
1.151902598353636e-8
2.3853713689256873e-9
1.9428497745073746e-10
1.6858311198769193e-8
3.0919935569326423e-6
2.2091403259495358e-8
2.1572144518490167e-9
6.040272749469086e-9
4.391191615868894e-10
5.283742354312484e-9
1.2343506195395925e-8
1.3720768175123538e-9
1.7446797952443844e-8
8.696482081759935e-9
1.656994196842977e-9
6.899407915298845e-8
2.331079987552627e-6
3.92858451916043e-7
2.996980754295201e-8
5.15317346561138e-8
7.290583212447674e-8
2.6699520946749517e-9
2.9108412255931363e-8
1.1860995998588447e-9
1.2924442581037587e-8
2.2160024751968287e-6
1.7365899376996355e-6
3.0800255149524976e-6
5.612419705341194e-10
1.3243555951983308e-6
2.4867465058891302e-8
1.3395163780676328e-6
0.000588605266918891
3.1414900458313258e-9
6.996521308495379e-8
1.7359863078844283e-7
0.00012875388498709829
3.204699308198703e-7
1.215096948682309e-6
3.4264809744616115e-9
6.327350569567991e-9
8.04953394244186e-10
1.5875830261829703e-7
6.415775071705181e-8
2.8037509921851574e-7
8.330728154487515e-8
6.35048416675099e-10
3.852820247400009e-7
6.99267164003956e-8
5.142900579677051e-7
8.862356982366261e-9
1.6717546478433526e-9
1.1920855546550965e-8
2.535517581640872e-8
4.226461049467111e-8
2.0194380719722956e-9
5.049043061570989e-7
2.1079356401449716e-7
3.776941256791878e-7
7.075643623787077e-9
3.3794821006456694e-6
7.81996646704289e-9
1.2598338068031316e-9
8.286363993600192e-9
9.544771101357614e-10
1.0763864897920595e-9
2.7506474240596534e-7
9.335644592638635e-8
3.053841099354265e-9
1.1922350189613247e-8
4.638730760813931e-8
4.691143947755216e-9
8.151273295563315e-8
1.9014841665136927e-10
1.5272607116738756e-6
1.6620596273363071e-6
1.8729294036654792e-6
2.3058404672072085e-9
1.6159273492690614e-8
9.327768873860469e-9
9.885630349362278e-10
7.68722270187148e-8
6.863153208439756e-6
1.028610487150065e-9
1.856461492101613e-7
1.0284621026828985e-7
1.2463268854575538e-9
1.932991211095902e-6
2.2186027525823472e-8
6.031388137759808e-9
6.494802289593505e-8
1.4310421619454817e-7
4.029700918585924e-5
1.1911615153202388e-7
2.7544108787469362e-8
5.180602549733804e-7
7.430033274316127e-8
4.702905896184945e-8
5.338339735445946e-7
5.92062276860853e-9
6.161706796651327e-10
1.6079856819221328e-8
6.521667654613244e-8
1.9227729357843705e-8
3.618298405621412e-9
2.3152118318746243e-6
3.130144477584798e-9
1.4818348296861658e-8
1.7681242879532321e-9
3.361103360490901e-7
5.902858356884014e-6
7.342884151199674e-5
8.430115864829874e-9
1.608655803706496e-8
1.4869673038330882e-5
7.302961854142066e-7
1.8539994018627794e-8
1.5085034469693467e-6
8.558586856474821e-8
1.4481248352284523e-9
6.101468610944145e-8
1.0848799112703181e-9
5.0793464309382085e-8
3.6795804757926474e-7
1.017881268184163e-9
6.61992519879937e-7
2.0301936332086157e-8
4.321051422236004e-9
1.3596090649792432e-10
0.00010147815778624106
9.653795508936629e-8
1.5326200631235152e-5
4.9933098567290144e-6
1.8530003455818703e-7
2.4035967068945314e-6
1.2666012543237133e-6
3.407885729112993e-7
2.8787818099310993e-5
2.1192869254508637e-5
3.0894253797573324e-6
1.2253842090163531e-9
0.0004208625841358703
2.0920363742042637e-10
4.276012325053661e-10
3.860024294632236e-9
2.378711831355569e-9
2.5823196225889086e-6
2.2801860827055486e-9
5.625807705946519e-10
1.0529758849047601e-8
1.3338674577300648e-7
1.9738982556302722e-8
1.1859774296744433e-6
2.7543203199117364e-9
1.8312556996064577e-9
2.035551890280204e-8
8.185262453005535e-7
4.12809077904913e-9
5.3978073011312895e-8
2.343981782199219e-6
7.1060384506837855e-9
2.4404722846682697e-9
5.646966574442683e-7
2.3502426549369358e-8
1.5517094781519022e-6
9.38754901178738e-7
1.8578891868487062e-7
6.650871782849662e-9
1.8244352052609532e-6
1.7608158048214346e-5
6.521968129662517e-8
5.831677667755444e-6
1.995219415893596e-8
2.098855357780563e-9
4.157418099313121e-5
4.587033965304389e-6
1.9051878400903794e-9
4.2546389893144935e-8
1.3836096787967988e-8
5.486992820033457e-8
3.1051211437618086e-8
7.066748731389218e-5
1.8452590293556124e-9
1.1516821199576424e-7
3.007002442485553e-7
2.4575194328408597e-6
6.207733248554298e-8
9.430040327374785e-10
1.10915581408723e-7
1.7625338018214056e-8
9.9051427269677e-8
2.2445707610597757e-6
1.4586090982894078e-10
9.338008837776203e-7
2.3354665335705874e-8
5.40687973377879e-9
4.33278754269441e-8
1.509730537795981e-6
4.927664544948895e-5
2.6544806390222523e-9
9.410335802573889e-8
1.7163259465207608e-5
1.3752719277338208e-5
2.7409633422920663e-7
9.228353627182336e-7
2.5026147990148434e-7
6.721205642979975e-9
1.1311719588396432e-6
1.96523486380367e-7
8.899308871075205e-9
6.628194917795872e-9
1.4737918213216835e-5
6.124646268400761e-7
4.503153316465764e-8
5.883572755089257e-9
8.677677056649101e-8
9.01551446657061e-8
7.816703136898159e-10
4.1919190505233257e-8
9.5908608845959e-9
4.445162420092401e-5
5.6523872164038455e-8
6.2954995392659195e-6
3.534143636295539e-7
3.262585636021958e-6
1.4636429846519034e-5
9.817257822574722e-10
4.407312105621302e-6
5.732424057660907e-7
1.302942450850094e-6
2.9533042502034724e-8
1.4205776904578547e-8
8.595794199250708e-7
3.5468203804840876e-9
9.365627187249992e-7
1.6546750738401003e-6
4.701515298473887e-8
7.089562336058276e-8
5.872363885499937e-7
4.709446240494601e-8
1.2080357883106269e-5
7.512411504430667e-9
5.9112188093271146e-8
1.0922841681288392e-5
3.87344156777291e-6
1.9757426101339987e-6
1.1284793171392543e-8
0.00012852579244310096
1.4889076174331754e-9
6.708929076846398e-9
3.7195637782568354e-9
8.480300104270679e-7
1.6825665338521937e-7
8.13642484553156e-6
2.542647992488382e-6
4.6468944096293795e-8
6.348447444566052e-10
3.617518937797468e-8
4.6435202097708596e-8
4.198047122115819e-8
9.652134898686928e-9
1.1101260210885732e-5
4.203309729692294e-5
1.9845306937710493e-8
4.37385436403169e-8
1.1218082797949815e-8
1.4600929680129782e-9
5.305847400136527e-7
4.3733628934174705e-8
3.7581900534410695e-7
2.1987557737981077e-9
3.971021405935021e-8
7.808883860201117e-6
7.388123032866063e-7
7.145377999968532e-6
4.6607599838173916e-6
7.68986179277958e-10
1.0550069841510612e-5
1.1962271411979449e-9
6.305392481040083e-10
6.395891380318793e-8
1.8168318774360465e-8
7.235982474023018e-7
2.130727276640989e-8
9.729988506821422e-7
2.197839940605311e-6
2.961922799664261e-7
9.277013887592543e-7
0.00015448328456833807
1.4732729142146899e-7
4.5317800862942977e-7
4.0834662921340995e-9
3.983684520423761e-6
3.3668354422262597e-9
1.876705563534536e-8
3.5521486970948264e-6
1.7157636817253178e-8
1.472825665577795e-9
3.1184499471993214e-6
2.446317686184286e-9
1.2413311522480633e-6
8.571922127222179e-7
3.2848749858555015e-6
1.458313959368845e-9
8.375445825146141e-7
6.2069706502312596e-6
2.4736042407187297e-8
1.2096361580690459e-8
2.4859021431102817e-9
6.988007962799983e-5
2.3261319156050864e-9
3.7639762560166976e-7
7.760184217669079e-6
3.219058251388871e-8
3.070246718860368e-8
3.79161257442299e-7
2.4039690690883408e-5
9.380021265531149e-10
6.028146422111076e-8
1.6692137302449472e-6
2.1800516308126097e-6
2.399757727866811e-8
2.2871556474653654e-7
1.7656458350875199e-7
1.3747769343458617e-7
2.397547141531321e-7
5.599429243310052e-7
9.042951171138284e-8
5.419973352807076e-6
6.41091644277309e-5
6.613162031912525e-6
3.9474434973305757e-7
3.889041471196734e-6
1.1686488611093129e-7
6.122033604469725e-6
8.817354619293242e-7
2.3808409661811807e-6
5.77637888971512e-6
8.196959317763336e-10
9.873679600054453e-8
7.85425650444023e-9
6.675863886776301e-8
6.403035753858623e-7
2.860680831822975e-7
3.0825123905801286e-5
1.4020378843903688e-9
8.945695253804971e-7
6.106111422821772e-7
5.167927891885501e-6
1.5411078975784486e-8
1.5556816448612378e-6
3.986577749437252e-8
1.235513789286734e-8
2.8315696670770648e-8
2.2119888986403718e-8
2.3386701356208413e-9
2.16169877746595e-8
2.877440146855786e-5
1.693753916586919e-5
8.558886978398737e-7
3.244921820597522e-7
7.690443346794409e-8
1.001588468462113e-5
4.811005683224376e-6
1.0556353699801984e-7
1.6298752512832611e-6
2.627568232210808e-9
5.4718129182918125e-11
3.478900327804308e-9
5.320700388255835e-8
2.938084844084237e-6
9.551015405859235e-9
8.162186674551411e-6
2.409875378562692e-7
5.519981480815239e-8
2.0014605213181265e-11
4.832250658348529e-9
9.5763642364331e-9
3.870722701323939e-6
0.006111873412272312
8.967018930784026e-9
5.6368052332191964e-9
6.015888243356091e-5
5.224681757994682e-5
3.026759150961433e-6
2.5724722778247285e-9
4.207206980885797e-8
3.291269276756907e-9
9.332629102534382e-6
7.687898846145625e-7
8.178837632569152e-8
1.3145201607665758e-8
4.729718201432246e-6
3.492242473879407e-7
3.2564979843223034e-5
3.5973174238530964e-9
6.391777559459609e-7
1.262737098227214e-7
9.024814801214071e-9
6.247219305248217e-9
8.647159852929788e-7
1.0021559033769437e-5
4.2239741984350024e-8
2.9805686912616454e-6
6.820894431942054e-7
1.250478885165525e-8
8.30267993583814e-6
8.010442838747337e-7
0.00010549627482234078
2.1435580094665788e-8
4.040210946635082e-7
5.312528158452158e-7
3.7245934470725136e-9
1.5727418667683285e-9
4.0674385983345125e-9
3.61069940595435e-8
1.179621555428861e-9
1.0818321345281802e-6
7.672053126659586e-6
0.00041192024079724095
1.5553578272949214e-5
6.836963831376888e-7
5.1419199673748095e-6
5.764731607720144e-6
7.58446246087136e-10
5.1449323357457266e-9
8.397567018833132e-7
1.7354711025101847e-8
0.017997780139202647
1.5558570810532098e-6
2.3486363216125405e-6
1.4129898154131312e-7
2.932207888273667e-6
1.0856956249196924e-7
4.524914890962176e-8
1.3452547972400046e-6
2.501301568731593e-9
1.632136156848755e-5
3.061766695892958e-5
4.7742947564492494e-8
3.689281873566691e-7
8.630048905897209e-6
3.069217845345093e-8
4.630991092583623e-8
1.0698193769837188e-6
2.2287643166945063e-6
3.170603388576559e-8
9.220434828505017e-6
7.129217094923291e-5
2.1629718044047798e-7
1.1035392999290895e-6
5.060530267391525e-9
5.082867249158258e-9
2.6753268047194756e-6
2.1727120650837625e-7
3.2453582296568476e-8
2.7988564778376827e-8
0.00010450348939080518
5.285924873863085e-7
7.334619136565358e-7
7.29817224910926e-8
9.77974192189006e-6
2.439771701351113e-9
7.699811981484605e-8
4.7259807858681844e-7
1.1897014979345843e-7
1.5374445103973147e-9
1.1481868054464803e-9
1.0520974676323016e-8
3.031087530529514e-8
1.0048591632171116e-7
2.6958340513588903e-8
1.4542044899927762e-7
2.2387652537305894e-7
7.149118743963114e-5
3.023296290238099e-9
5.7784670102834246e-5
7.090741836738968e-9
2.3556188388160858e-8
9.376951330293322e-9
2.990661747691911e-8
2.0167902967966698e-7
0.00012115406456800596
2.3622991674010533e-9
2.7855703745269853e-5
1.249574913397678e-9
2.7270141385806184e-8
3.694880702460375e-8
9.12503170388634e-7
9.050931461219541e-6
1.3752320891433469e-8
2.9250231128061203e-7
1.8192845781639116e-5
1.2027623338697604e-7
1.8273802111507697e-6
4.305805463348767e-7
1.6086202976023092e-6
9.011428834611988e-6
1.4618038175841157e-6
3.0943618854137004e-9
2.8677767640827747e-7
2.677810386573041e-8
2.7905288655200428e-9
3.3054811164857137e-6
5.089253687991339e-7
1.271778124800789e-6
2.47457589250118e-7
5.268312104106467e-6
2.699900329143059e-7
9.144826337448496e-9
0.00014993889945355576
4.3576412546899623e-7
4.483454005592986e-9
1.3992483088320655e-8
2.116246627481949e-7
4.6449111263000285e-6
8.556616265209123e-9
3.6840818159490265e-7
2.956319264557696e-7
1.3584176651291486e-8
1.6784116987037146e-7
4.055142077780391e-5
3.009686073213292e-9
7.751008361234458e-10
2.4769070017457144e-7
0.0002528740879158991
5.531879520173902e-6
8.666787192576306e-8
8.246169185844514e-7
7.101014217462747e-8
2.007751141130002e-6
4.00520158504765e-6
3.6835041525113003e-7
1.9556709092318336e-7
9.137611036156774e-7
1.0136638949717906e-6
7.602344625689992e-6
2.1372265564462423e-9
2.5577541274253513e-5
1.5640625592165168e-8
9.496651718182594e-7
8.01625513093241e-8
2.2318729462824623e-6
4.745479353055158e-9
2.0398896884859152e-7
1.2028028207419866e-7
2.7864631280649886e-6
8.340291870111857e-7
6.721425793638157e-6
3.980009304056789e-5
1.4812215013045273e-10
3.4096251311802834e-7
1.3150656503103796e-7
6.058818851879963e-8
2.916046589418428e-8
1.3144185205967871e-6
2.3290570373269194e-8
1.1374111513381791e-9
6.4952101658632e-5
0.00010820248737220776
3.1334370486546784e-5
0.00022594329914604953
1.8923765056362606e-7
2.518830347504744e-7
2.3233725422530516e-5
1.584035493375429e-7
3.289626685962379e-9
2.5275372359228815e-7
1.3029997408305656e-7
9.18450361663929e-9
4.6315395436477377e-10
2.156064660111297e-9
3.7339190735741587e-6
2.196516906609626e-5
9.05577560640458e-9
3.260006760076496e-7
5.031971222661853e-6
2.8497148276508315e-8
1.6301342466530227e-5
3.4093232504677325e-7
0.0005425531226205397
2.241669814182049e-8
5.38586723825042e-7
1.1339423328791314e-8
1.2827592209757194e-8
6.82975917400501e-8
4.847196589135705e-6
5.880567132401118e-8
9.658766909221424e-7
1.1060286116247981e-8
8.042591513618753e-9
1.691319329109295e-8
5.440635811518893e-7
5.961906131938953e-9
6.344030816522183e-5
1.4414831641377726e-9
9.018879060820783e-5
4.925095844404246e-7
3.2343254900001562e-9
1.5379344701586764e-7
6.054408560675441e-9
1.0206921078308207e-8
2.741273348905092e-7
4.120671943770649e-6
1.5635641363049548e-8
5.223023677883204e-7
6.159689885267916e-6
1.2011052896647055e-10
4.3566496829005775e-9
5.005567482686616e-7
8.334397705928524e-9
6.421205539988533e-9
2.031812381447221e-8
7.628045456167795e-7
1.4844131033328802e-7
6.615527679152275e-6
1.4052902151209314e-9
6.698028400981361e-10
3.9313798687925966e-8
7.617293400510646e-8
2.552941874218935e-5
5.374105162016534e-8
1.8860726477069283e-7
3.693690864430617e-8
7.758774085663429e-7
0.003259401747414646
3.819305879389239e-8
0.00018135602196809025
2.3227289115348033e-8
1.2679671585722375e-6
2.005221324853633e-5
4.1720657601745626e-8
6.78017442895519e-7
4.240389471530491e-6
9.506505848902159e-8
0.00036526868934513363
2.847465915189013e-8
1.5055269086848002e-9
3.586995316081339e-6
9.907702679500983e-8
1.1522243344416229e-7
6.820511810746765e-9
2.0397634679806927e-6
7.766056929407653e-8
1.922044304689388e-5
2.0765676948575854e-8
8.016439055313647e-9
3.373393422930065e-5
8.69627919887491e-6
8.177628984896509e-6
3.635619527673922e-8
1.8361516730765956e-7
7.294788915022323e-11
8.110969632180567e-5
0.0003030756228328852
6.2827216683735545e-6
4.377095296993869e-9
7.643802793027858e-7
0.0008081408680837967
2.0760290010555303e-7
8.912143412322633e-8
2.1638199916795155e-8
7.50010709834968e-10
1.0895019431091254e-6
8.665880342283692e-10
4.181741462214424e-8
3.0681487965662717e-10
2.4614699378380087e-9
2.85406871501055e-10
5.402399857729164e-9
6.482743972969578e-7
4.995686645302969e-8
1.141291227991919e-9
1.711019123410504e-5
1.6487477604844383e-6
4.732838482627736e-9
2.0004515991866558e-9
8.620106969415435e-7
1.0766028772969262e-9
2.9785890046193618e-5
3.2026308197966374e-8
5.818063396521812e-8
0.00019349236207758907
3.627580339105018e-5
5.957801850767187e-7
3.789345137258417e-8
2.628013474586397e-7
9.804752803737988e-10
1.2095765776365652e-5
2.928112695973851e-10
1.1857602937364905e-9
8.227475061944359e-8
1.9436899387275634e-7
1.2374784318878918e-8
2.4879870616791042e-8
3.6580245714799047e-9
2.7863739880969237e-9
1.1292692761851657e-6
1.7195507214334048e-9
3.4211497432471315e-6
4.040157781822925e-8
8.628287562019516e-9
1.8914542876104138e-8
6.452781205324681e-7
3.3069046496201034e-6
3.8946334735323794e-9
3.6061298163046528e-9
2.163214552340045e-9
1.4771434083543644e-10
6.147169702670256e-9
3.386336570089461e-9
5.474341200326058e-7
9.703628868742442e-7
1.0478053203869384e-5
1.7890123666712106e-7
2.0329912525943796e-7
1.2336731393250942e-6
3.976488464490897e-6
2.5341803736229465e-7
1.3566017079703354e-7
4.2649736205693186e-8
1.8117465227236965e-7
4.0754115130627375e-9
2.1250020425777952e-10
1.6708252921617592e-5
0.00015019477286270334
2.5007544029148643e-7
4.46906301841946e-9
6.524216573431414e-8
2.0102126490981076e-7
1.8795160121792903e-7
2.4815535398476525e-8
9.88250549685114e-7
3.485314931419163e-9
1.2127739410315168e-8
5.894355523572422e-10
8.052036795764016e-7
3.543380994745541e-8
4.6913879426554965e-9
4.242840366693639e-6
1.0048966350092466e-7
8.755641776622907e-6
3.028769623967125e-7
8.643487567441934e-7
2.3447558987504955e-8
5.912603315279261e-6
1.0820564844015922e-9
1.9338030097745803e-8
1.374048639678784e-7
3.9535483093845957e-7
1.1522770660329364e-5
3.804186380919921e-5
9.684739942114669e-9
2.0453517478234263e-9
1.1481128472598522e-8
2.1813859045493577e-6
1.2578041631551017e-5
4.20756632721627e-10
7.556265422593683e-9
1.4753948330324529e-6
0.0003982249742434362
1.4456491922609763e-8
9.218200359772533e-8
3.5980781605497878e-9
2.6089625926283596e-7
5.196279829260654e-9
5.546214976298626e-11
1.590275786785315e-5
0.0001742897684875254
0.00011580474750668333
6.585451777488558e-7
5.8428422530612396e-8
2.4912659373579786e-7
2.07036859408415e-5
7.500998393944165e-6
1.4977550936440182e-8
4.230890058211332e-7
5.405124696835115e-9
8.838548038335311e-8
4.510004231325122e-5
0.00013692164140196347
0.00016435362587057534
2.3545322102191213e-6
1.017369168620537e-6
2.6545578466368555e-10
6.45170667590724e-8
2.856619153005044e-9
2.460324231440046e-6
1.34593114312651e-7
1.237846310555245e-7
7.805975211438361e-6
1.3766090954093318e-7
1.0585108577378132e-8
9.216181035679672e-9
1.6821254476842383e-6
9.760073550014554e-8
6.090487954952253e-10
7.722128052063833e-8
1.3051549863201777e-8
1.0406574463774424e-6
3.146433909222436e-5
5.890771754338965e-10
2.6167136380679407e-7
1.3206723540960194e-7
1.0063131416221536e-8
4.918110015882682e-9
2.496963097752253e-9
1.1175802223031806e-6
3.157523310240897e-8
2.265636812422558e-8
1.2118432737645162e-8
5.572318883478838e-5
4.5611815435741006e-7
1.066679888296428e-6
3.235275323330665e-8
4.904372767378442e-6
7.686853158684862e-8
9.251294046234986e-9
2.493740550729671e-8
8.165369775290265e-9
2.8995632529957506e-6
3.726267242032101e-5
4.849851169050186e-8
5.774569713771841e-6
8.449124217187028e-9
5.331596000522919e-7
1.208304685934795e-8
3.1298072198461795e-7
7.638719215080932e-9
3.1044409272573884e-8
1.8184086355136447e-6
3.708613888334453e-7
3.193007159068977e-5
2.294586474546625e-6
4.0827589571799036e-5
8.891544355151208e-8
1.0908698477658068e-8
2.413253758857269e-9
3.28982416704787e-6
6.113556057720585e-9
7.247036674506636e-10
1.3177220616901015e-5
4.5624150893687064e-10
3.7060836502094374e-7
9.739921881740833e-10
1.9451709712639063e-7
5.337239393612254e-7
7.282326684438074e-8
1.2317129993686094e-5
5.459892807271118e-8
1.3264388320760571e-8
2.1397050132179322e-8
2.13732939837577e-7
3.9714508710659105e-7
1.3506602149136383e-6
3.602515045028405e-5
6.930692418276115e-6
2.314921564784326e-6
2.863840877913595e-7
1.537478874237769e-6
3.2088851713986734e-5
7.693484906442519e-7
8.847800480360953e-7
3.914846255857267e-5
1.6739124997545572e-8
5.66375714251241e-6
9.45116120440868e-8
1.3635960028895999e-7
3.881195758386653e-6
2.287124064666451e-6
5.387060644140283e-9
6.834846097645569e-7
7.061440109026068e-7
3.1873301945547025e-8
1.232216591861433e-6
1.7280342106320306e-8
1.5304452725993965e-8
5.527043027207651e-6
1.1275738369562987e-8
4.2866671876456195e-9
1.7619151267454685e-8
2.801285312796933e-8
2.5738573109091394e-8
1.1028299129635809e-8
5.7261393555286644e-6
1.2976884279712926e-6
1.007817901298025e-8
4.614117550585689e-6
4.8630748807232644e-5
3.146141810891823e-8
3.0428150333713144e-5
1.453091378491401e-8
2.8183007302331165e-7
9.930345859924724e-7
5.506862923313527e-6
1.574750360431132e-6
2.326627342472245e-5
9.203727026117004e-9
4.403839212792978e-9
4.629959730260417e-9
0.022370970190605417
0.00012618212474412534
3.0000883235002076e-8
8.122852434186319e-8
6.753091947118828e-7
4.365114056581291e-8
6.533930431685226e-6
7.363981928756161e-7
0.000274377461494279
8.4773850512874e-9
2.651447280254451e-9
1.2501099026619005e-7
8.946905437622563e-10
8.885250451765653e-7
5.843853010631289e-8
7.299988978527213e-6
6.490692771042968e-8
3.6480589932574176e-7
4.777231983489327e-9
1.595097381887399e-9
7.170293088327569e-8
3.0690408983232584e-9
2.519478764440879e-7
5.126902106779929e-5
4.682220725202147e-9
1.7119493199811994e-5
9.823272889837676e-6
1.786482849671302e-7
0.0003167171816611235
0.004551212986104727
7.654045477584136e-10
8.962031015699191e-5
1.7957450613133446e-8
1.024070441234401e-6
2.121945845612822e-6
4.4748537992419254e-9
7.550243298425992e-9
3.666877741168198e-5
3.863552068260904e-8
5.273089747916436e-6
1.657060153384662e-6
3.857939687930012e-6
4.6228238812245144e-7
4.943602600763995e-6
1.1146353934441627e-5
5.695128592985225e-5
4.0563281523043994e-8
7.146927184320986e-6
1.0428648057843232e-8
1.4790295057686067e-6
2.553582196976296e-5
2.447416126525349e-6
1.164837452471637e-9
2.1612274338931237e-8
2.294137104344169e-8
2.2223854586027387e-7
4.01440235892628e-5
2.8594065360459245e-6
1.137027002117776e-6
1.3182788199261005e-5
5.349070552401268e-9
1.6121732916923486e-6
5.187179808071827e-7
8.865543690223202e-9
1.8676679345757747e-6
3.729815776955983e-5
1.1766404152523677e-5
8.47020187864777e-8
5.369588089759925e-8
8.439003206927665e-9
1.671144380786176e-5
1.3997922493943252e-10
3.155116325515333e-7
2.1584919209917435e-6
1.775099465976535e-7
1.5591862410063174e-7
8.251602388497809e-8
4.224336152319582e-5
9.958272129971476e-6
2.791569311822029e-9
0.0015983350907829703
6.856622113367793e-5
2.3540074021834896e-8
8.378103343624295e-5
2.3921995129939766e-5
2.6333913249626815e-8
2.287266381382924e-8
2.1826990056807646e-6
2.072167882905371e-6
1.8130675301471018e-7
3.317839870945338e-9
4.845362155378639e-7
2.7038818549313954e-9
2.546751131233983e-7
1.6144357665469238e-8
6.855983888086762e-8
1.1739329129154428e-6
2.0240869280344e-5
2.3797518080984296e-6
1.4057409459061639e-9
3.647364712799308e-5
0.0007975202295915016
1.7435273492964726e-7
3.884099733611443e-5
4.782905855556803e-5
5.182937511246594e-6
1.572507680447772e-9
7.390529482077615e-5
1.0836780997630911e-8
0.0016905963593600599
2.300885620674131e-8
1.7934837317778377e-7
4.3330486085493286e-8
2.102038455535452e-5
2.380983546518373e-5
3.2643837261033544e-7
9.59099807575383e-7
4.482565942632844e-5
7.051299805125736e-8
3.0198536539824015e-7
1.3058138002232782e-9
2.9662074650106106e-5
5.0338894478907906e-5
2.9808894294880564e-9
1.6498721026515484e-8
5.408361888683597e-7
2.0067577868790612e-8
0.0005311058623462356
1.0159213030411585e-7
1.919847273017041e-7
4.6982816212634154e-8
7.821758491518512e-10
2.2779149426775226e-9
7.189787769653389e-6
1.1395296945152564e-7
2.7393760933713908e-8
7.304844174141376e-10
1.6435643815088682e-11
4.58870322134164e-5
2.109137507538904e-10
3.4402206402808e-9
3.40947557922665e-5
3.162114171478275e-9
8.608707366382319e-7
0.00048448499796834135
0.00018107632917766395
1.0403913997524033e-6
9.222863227388014e-6
2.5461994989225467e-6
3.498102151644938e-7
2.7690740609367954e-6
4.859991057477394e-8
2.755587505815105e-7
4.4307882122351366e-9
2.228865637914637e-9
1.3893042838478711e-5
2.233779895226926e-9
8.531407359658765e-9
5.6549875644889884e-9
2.518521807561992e-8
3.33307904395432e-5
0.00020071146737119416
6.691650220268089e-8
5.466133509839087e-7
1.3018619890008895e-9
6.107037970013263e-8
1.5724206037208122e-7
6.863609649543801e-8
5.097647169995937e-6
4.601059202301506e-6
1.0788453413056745e-6
4.016567686361722e-5
7.716681821739979e-8
1.2827798555526476e-5
3.334526028988575e-7
6.035917441777358e-7
3.013473704626144e-6
3.6706294916668476e-5
1.6602201140446958e-7
8.14156820560146e-7
1.9900681695475014e-8
1.922925333613116e-9
4.3992341047590597e-10
7.747887310160079e-5
1.982028714137989e-8
3.223397508687898e-7
8.32151794118324e-6
7.918992975480534e-9
1.911810110977066e-8
8.054647313733315e-6
8.251026422771441e-8
1.1185598177278566e-7
7.432873919511415e-7
1.7913675919430177e-9
2.6612859717743637e-9
9.677541041010163e-6
2.759980420632747e-5
8.683985360163557e-7
3.575728256886591e-6
4.21638791085156e-8
0.00018698844176967568
1.6853038639154698e-9
1.3687055417583725e-6
4.75467408804861e-6
1.007679966797251e-7
2.5654949251742015e-7
6.744437782622424e-7
3.7929944939382446e-6
1.7569914907128406e-8
1.642716082710809e-7
3.6499943842148094e-6
2.869109888615179e-5
1.0827258419943117e-9
4.805955084872766e-9
6.805373706556924e-9
1.4763950008439792e-7
0.0008542661199776079
0.00021328406978629008
1.1338050691661518e-8
2.997282264422156e-9
9.055450516479026e-6
2.8747797676443108e-8
4.376952854860805e-10
3.0571421478759494e-7
2.697031189142249e-7
6.02414127584216e-9
5.149344475056103e-7
6.219752692271602e-7
7.640933425187787e-6
1.2984024387015397e-9
2.288101248666791e-8
3.9048709177322534e-8
1.328240993425442e-7
1.497999109142913e-9
1.1886499950805193e-5
2.3718693410713867e-5
1.2790058423005028e-5
7.555015861673723e-7
8.28574384327154e-7
5.959247742140941e-7
8.08104325204509e-9
7.20166100698441e-5
1.0680829195916197e-7
2.648696383768756e-7
0.00010257044683665469
0.010869884443816149
1.2077381215496127e-5
1.470900943708743e-6
1.688820838238605e-8
1.1105092979340943e-6
0.0003143720676642038
3.984987439023446e-9
8.554695925295619e-8
1.0098690848133954e-5
7.867753058554417e-7
9.705101843079117e-9
8.297175831183701e-9
4.4785635281095076e-5
1.291918072304877e-8
1.3652186129583115e-5
4.4091461828179415e-6
5.376564302847736e-9
1.3607318729577215e-6
5.116265731379753e-8
2.075180603744928e-5
6.47390381264317e-5
1.4499096282989016e-8
4.800850203791171e-6
7.954106794028051e-7
2.5193437436350726e-8
1.445315524148036e-8
2.494311116427846e-6
0.00031359291027303714
6.502321373541478e-7
7.040874937982037e-9
4.2370088338715025e-8
1.5014605156779468e-5
0.0001207955143957569
8.512836163515742e-6
4.990498629791757e-8
5.123900272166249e-7
6.101098847939843e-6
4.021523436845883e-8
2.2706546048438432e-6
5.9469348713303326e-5
4.948955082175427e-7
7.979549385848134e-6
1.302389543602901e-8
3.0889409522712806e-7
2.6489407609175317e-9
3.015168133838931e-8
3.519062016038729e-5
0.00020036066412590497
1.4987703580826486e-8
2.2521662831933717e-6
9.151859373613713e-6
2.441789803307138e-7
1.6767985630778494e-7
1.3747669722563094e-8
7.3408637460472745e-6
0.00023622446595043743
7.175818041040788e-6
4.1574809651904493e-7
3.147098026199401e-9
7.344238658923577e-8
1.969560254142063e-8
4.4437219343382164e-8
1.0117853823170901e-7
1.5274117437975303e-7
1.6093670471941605e-6
2.6376935994206146e-7
8.733016239295827e-9
0.0003520465304386576
4.685971639461326e-8
3.853596557571253e-9
1.1470023529930843e-8
6.332306760981252e-7
4.0207282675750544e-10
1.593260864790729e-5
0.00012255253719277727
2.7114080899707802e-6
3.469186982124464e-5
2.7522442771729746e-9
3.5724495642784756e-9
2.543894695576756e-9
5.4845432455062917e-8
3.518137609963364e-7
2.303504471798774e-9
2.283557861246251e-9
4.499110750702348e-9
2.2293731485462367e-8
2.4341265076639447e-7
1.2233163681641402e-7
4.298651860934743e-8
0.000269878656639813
0.001287861555108402
2.1879061671342346e-8
3.314185264878426e-8
2.9648927680445503e-7
3.732446994143102e-8
1.8337213994858313e-5
2.8534173513635115e-10
1.5556636248290373e-6
8.026161948149096e-5
1.4576897350599982e-7
6.740478735917593e-8
1.836095191958182e-8
6.706684443519728e-9
8.077682630458753e-8
6.79703512149377e-9
2.356461605917006e-7
7.391898007542975e-10
1.3705326818191138e-6
6.83785304415005e-7
7.220902990879604e-8
1.5573255479232887e-5
1.495823091792314e-7
4.560388146147391e-7
4.771901105601148e-6
4.1345582410076276e-7
2.874421516792983e-6
3.174635042576775e-5
7.800291940667172e-7
1.1458446009053267e-6
2.7511591989439184e-5
3.28725013818291e-7
4.1959874013545175e-5
9.225575112912812e-10
2.251615020706489e-9
1.3013694146997575e-8
2.3484726087391455e-7
7.273027317721944e-5
7.364377542803829e-8
2.3041948103835016e-5
6.041185911510101e-10
5.241240018009823e-10
1.0424687843079597e-8
5.9078168287051024e-8
3.4894944334825306e-8
2.9018781034511394e-5
1.2122672553718246e-9
3.725722016072199e-9
7.276413767348061e-9
2.5107772272137333e-9
2.7525639173958503e-5
1.1460989140341957e-8
1.6721279237021965e-6
1.4448999222950645e-7
7.169563820654258e-10
3.7537119287607214e-10
2.694244508811463e-5
1.750507095807952e-7
1.1637633988296696e-6
1.2514334177493929e-5
4.8990372390484435e-8
5.607739545680321e-8
2.5424390372488914e-6
8.725052783762194e-8
8.699845517032608e-6
4.6065425425514433e-7
5.72313044081418e-7
3.1398097364660815e-8
2.307042481995962e-8
3.150920205491364e-6
0.002676370366580748
4.488584446357115e-9
9.566737605491544e-9
8.007240972121598e-8
3.8003448157249374e-7
2.379048904678309e-6
8.391528987028607e-9
6.155179167564881e-10
1.935436815510804e-6
2.133320019867152e-7
2.528172666795749e-5
0.0004089712616351702
2.4149025559252173e-7
1.4055178954295093e-9
9.674690413084514e-6
9.556575993560392e-8
7.443303695109514e-8
3.4851707782126347e-6
1.7132069061580304e-9
5.531042658038629e-7
2.8205811756440417e-9
8.856208130203121e-5
2.439861838827583e-7
2.3955659550889374e-5
1.123512745538818e-8
9.200183517684835e-8
5.163703165687511e-7
6.35387047890616e-7
2.1677401162906173e-6
3.919953563987432e-6
7.540747132809798e-9
3.3575002749789666e-9
1.168781039878548e-8
3.12031929881448e-7
7.665783330542783e-8
3.0914516175350194e-7
3.749696439802088e-9
8.258383387060362e-9
7.061249467769375e-9
1.1781554834216211e-8
2.0508182783981751e-7
1.9789706891963537e-7
1.0404050292188792e-6
8.11923679574215e-8
9.291951556708057e-8
4.186770983722292e-10
1.2081040485061684e-7
1.0711751272775215e-5
2.406772457081871e-5
1.091346465093677e-9
3.735696509553346e-7
1.289687068378591e-7
9.329323821963757e-5
2.595665040604904e-8
2.0876731592064707e-8
5.289729794062091e-8
1.5986796260570568e-6
1.7071566442644165e-7
1.2768105221840525e-6
4.803542415151977e-7
0.00020782557886319883
1.0716922639303542e-7
9.488171168475617e-7
1.005375255587093e-6
0.0001849706792030948
2.796215201913561e-9
1.1853518796876278e-7
9.402905595855482e-5
6.83096991439492e-7
2.7999964196223218e-9
