1.868385542732447e-15
9.225568629018307e-16
1.7510760600539724e-12
6.188747687040643e-15
1.7901295106667828e-13
2.8333222406928234e-12
4.1126590783009295e-16
2.4581641801203653e-9
3.643163471163734e-11
3.935808089634126e-14
3.5148650354537953e-7
1.1092281372242286e-14
3.6971657178311274e-18
1.3230919907224736e-14
2.4468991858508076e-13
3.3281381237104752e-18
2.544913800876146e-16
5.313228738916013e-12
3.5681572331111686e-9
1.5972059271264544e-15
4.316300097308593e-14
1.2435746565541617e-10
1.3493625350831444e-15
2.121342609541341e-15
3.32785036325676e-13
4.04544391013233e-11
3.142318741085716e-15
1.1500156003100065e-15
2.781386274814698e-12
2.915565563819814e-20
2.026139444257335e-8
9.187828474704176e-9
1.0905570572233721e-14
1.3483847014560543e-17
5.16806098881407e-9
1.128266700543723e-8
1.4686661323155224e-17
2.7087357343785045e-15
6.909880541864063e-11
5.603523301930477e-19
5.936653865104019e-14
1.6390460760613664e-15
7.842291820475105e-19
2.322115989217587e-9
1.9942054359586214e-13
1.2824510468536312e-12
1.8712238388900463e-11
2.2693931411836056e-18
8.446493095587228e-13
3.878424853117373e-16
2.591534924670074e-14
7.613944428850825e-15
8.973664297981625e-19
1.690223080383081e-16
1.018394980175946e-16
1.893033534664675e-15
1.7541942392972714e-13
6.942598074328386e-19
1.849495743464014e-20
5.99787760178834e-15
6.247665669814983e-17
8.545927860751393e-15
1.6521690060278976e-16
2.7949618432636646e-17
2.4862692763355967e-18
1.0962375413675084e-11
2.0417553714774813e-18
2.970484734367145e-20
1.2147776396057033e-16
4.030392625050187e-16
2.569073803018654e-9
3.3056423359451143e-15
2.850921388047064e-14
1.1838745493320743e-14
2.451710496370334e-19
2.9903943184686764e-17
4.319384915183517e-20
2.6941948563511702e-17
9.47182550838064e-10
1.7994909948892384e-13
2.8123367340607074e-21
8.893479810051709e-15
9.719147648888104e-15
4.398424537740406e-20
7.758957418896663e-18
1.1797266285137307e-10
6.429175104668228e-12
8.955446824266108e-20
1.4303140035013628e-8
1.589398597799961e-17
4.939087483730424e-11
1.0736991504253262e-17
8.802349152679702e-12
4.3915152852735024e-13
5.66178714671046e-15
5.2655953559678284e-5
4.829543121438645e-6
3.716723044574984e-9
4.3283255353741636e-5
1.507689969196844e-16
1.288116287524491e-20
4.2509006879329087e-13
5.550840468460601e-13
3.063648617731253e-19
1.1363400361454038e-10
6.55917515821789e-15
5.373422497201505e-21
5.517074202046485e-8
6.910320346252568e-20
1.0986665006257298e-11
1.6053222453573791e-16
1.2971012196256703e-17
7.332433120085885e-16
1.9513797346537333e-15
4.0113722676279245e-18
4.861424381550555e-10
3.951527827134153e-18
2.773916789829784e-20
6.15232919843051e-11
3.465051443864565e-19
5.1132599984885467e-17
3.056758311352435e-18
1.421854256969171e-16
6.184188094926206e-19
5.394678296097917e-11
1.6077463744305143e-18
7.017779764030216e-17
4.1789234094466814e-19
5.369371845517736e-16
1.3859116465777093e-21
2.1284072283701179e-19
2.5760578691644405e-12
6.360759272648118e-13
1.971365502568391e-20
3.003590982167537e-20
3.076448465907015e-14
1.123471403274416e-15
1.6965841755531523e-18
5.013443736800519e-19
9.197486351446742e-16
3.700505735081903e-11
8.592946180821325e-19
1.0919818571538773e-18
1.0468116244383141e-19
1.500367574147949e-18
6.146827940650345e-17
1.1583919732077126e-19
2.451335521087876e-18
2.438174078701176e-18
3.696336898055353e-22
9.767309084556456e-21
1.1226343228258164e-18
6.18233248132402e-19
5.154803924366595e-18
1.765904504398611e-20
2.5906702003179713e-17
2.8872906873007984e-22
7.008408550815966e-11
2.766699594301949e-22
6.069528537467166e-8
2.547429358031445e-17
8.257337086874842e-23
2.311939393699901e-18
4.725832953299123e-19
3.3607768349111607e-16
8.145654706258615e-22
1.91708837605967e-15
1.2571492497486257e-14
7.3574412913038115e-9
1.177975805683159e-17
1.6325624061302586e-12
1.897034741247278e-20
1.769594372163994e-18
1.5646448196588863e-17
1.9376701787153721e-10
1.2999144548037648e-16
2.6857213655306156e-6
1.8830987324657713e-18
2.063800026740272e-17
3.41772029395826e-10
8.033717960896433e-17
5.816882856180555e-9
4.5972723278622325e-22
8.504379219139546e-13
1.2402689711311408e-20
8.964439837716587e-17
7.106409540231136e-19
4.9781246733861574e-21
1.0721905871943342e-21
5.850617471082048e-19
1.2688805741412934e-18
6.3509281905687805e-18
1.622950940998669e-18
5.80039839783024e-17
3.9481764602637223e-20
9.37470873170638e-16
3.2990917309702375e-20
1.747346603427816e-16
9.133041255018016e-12
3.0505840986765603e-19
1.8538137181306794e-21
4.3423501281818325e-19
6.218471219325524e-13
1.0685632556511932e-12
7.588857803378381e-18
8.071540644806775e-8
4.3294153958475215e-20
6.728530804304438e-18
1.2541791344932411e-18
7.497284821481794e-21
7.782178376754699e-16
1.6203310532532624e-18
7.756689158891945e-20
6.7178362522884695e-19
1.133136357258808e-21
7.246908799367481e-19
5.039654861099889e-22
7.56718900722071e-14
9.186281436474383e-20
4.917194065426462e-13
1.6228772553643707e-14
2.3821583585325195e-19
3.3862549020976533e-16
1.2196822600934408e-12
3.212192529554154e-20
1.9939921279558608e-17
2.4355402683287326e-21
3.239947643192682e-20
4.732117287704094e-17
7.957392350695704e-15
1.6342331179289828e-19
2.8031774175259515e-15
2.782702172283047e-22
1.0528275781488523e-20
1.3476765976008893e-16
6.417017897189766e-13
4.2921793850757345e-20
2.1664981467818067e-17
4.1107117972267866e-23
3.6152011508939504e-15
4.383525766912081e-21
7.067214823848257e-18
1.8445852846516645e-16
5.100255349023557e-10
1.2058986082785575e-19
1.398942048423542e-23
1.6070602319633883e-15
1.4729103177084546e-20
4.23526688590919e-17
3.4996156371270205e-16
6.185128338985193e-13
2.4147649921371562e-18
2.855084575851377e-18
7.399966975846238e-7
5.4168741774170214e-17
6.628356030507334e-20
3.3321803313198633e-15
5.586298669946144e-13
4.192806220129385e-21
1.1578155785756876e-17
6.637384018781207e-14
3.1824268899484604e-21
1.0108843023617575e-19
9.719490637998117e-19
7.085646684303499e-12
2.3068398827013372e-14
8.467429099721082e-20
7.461500658146042e-21
1.0521082359386915e-18
4.130865398747539e-20
1.0119875779877752e-18
1.2524375377313365e-10
1.947853813959681e-18
2.797434453043624e-10
2.262320136383134e-19
2.9180321789068566e-21
4.8308720921117334e-11
7.965788689038187e-22
1.797892801391079e-18
1.2786749033692885e-13
1.994518662708477e-15
1.2754122525219718e-17
5.427127632738822e-17
1.80977334231866e-16
4.683888192456404e-19
1.2023675263951617e-16
4.351700366372364e-20
1.1791526514078128e-17
2.1157047175306382e-19
9.54921905167977e-12
2.2183646714695727e-19
5.640854051293668e-20
4.161650826691475e-17
6.00381403445089e-20
2.7531506952174894e-11
3.329855661737511e-20
1.199588138703401e-9
1.1037098736007146e-18
1.3773796931852695e-12
8.178342155172948e-19
2.3688171214417507e-16
2.362341418570221e-18
5.653755835341807e-18
1.6530908800284425e-22
1.2763254181313307e-15
8.214596562670639e-13
4.8486379451267055e-19
3.861592956192998e-14
1.151889512203065e-18
1.4757008088751106e-18
4.860378541090324e-19
3.617162134180639e-15
4.7788002290810175e-12
3.550194215999584e-21
1.7300317945932693e-16
1.7596506798953475e-15
3.4500527193755085e-12
5.015114820396359e-15
4.418945948941232e-11
7.737608454303695e-20
1.0935313942415037e-19
6.14230095204065e-20
4.3074681889712447e-20
3.778836008828753e-13
5.224665972599776e-19
3.76082450844571e-12
4.30515169923847e-20
3.0583239571475947e-9
2.3932617079511957e-21
4.433186420996735e-19
9.056950495747657e-21
2.2569147280920947e-15
3.0996619071486046e-18
4.863123736474628e-16
1.6482504437636353e-16
2.3850153660015055e-13
5.629809549794033e-20
9.75515245363313e-18
9.224532499544821e-17
6.474088900184299e-13
1.877351061711876e-18
6.370215495611583e-15
1.4666474052132171e-19
6.227088104690056e-21
1.3831618882679553e-15
7.546366075751141e-11
3.8389060456141603e-13
4.492211074083552e-11
3.378915522985633e-17
1.3728148399828918e-18
1.0214018068753852e-16
1.0905930661366259e-20
4.375137876101831e-10
6.577744186945895e-20
1.4250362457920206e-17
6.171116166772024e-20
1.5536630933579305e-10
9.91631236877621e-9
1.9875529990869998e-9
2.3779021566727316e-16
7.36774303215053e-21
3.646751231357349e-17
2.6007629483662753e-20
2.983201060269141e-17
2.4773462802533827e-15
1.788585198702907e-20
5.645490001609103e-18
1.9451032653431105e-15
1.6498154462316005e-16
4.484798037107495e-10
3.4275757814352855e-17
3.1890423660373407e-21
3.3954164098373854e-17
8.238209329510613e-22
2.696246124948948e-14
3.772569057909824e-22
4.5486250645581585e-18
7.287740035929758e-22
2.7923128849687598e-11
1.4538090122799065e-18
2.1967003168587828e-21
2.7578307377285052e-21
1.0072278403399091e-18
1.6010248641369487e-20
6.218483535208973e-15
2.1634034704388903e-20
4.416054612042377e-19
5.2245023225000256e-14
8.232472704267213e-18
3.426430442114095e-23
2.1293905085864755e-14
3.961431150930359e-21
8.159195237664117e-18
8.264692894692188e-16
5.486650095309158e-20
1.226362011851861e-16
2.743184086739029e-21
7.218092777173149e-21
3.642191867316651e-21
1.0837294622714248e-20
1.9287244096175407e-10
1.3165654562645063e-21
2.485433921016628e-18
1.1208382936414583e-12
1.5163902569224268e-13
3.509799747284768e-16
6.261748883496872e-22
4.600031938217432e-18
3.646279771980032e-21
8.12162582910207e-20
2.57486570551102e-15
1.929416752562636e-20
1.3195518085684263e-19
6.855223319708613e-20
1.6171909806644863e-7
5.22045158107432e-18
1.5455779674844327e-17
8.1397101556020255e-19
2.331867757173148e-6
6.212511529753718e-21
2.7737692438118456e-14
9.251691089722843e-11
3.0166612654509693e-22
7.66779825202119e-18
1.8205206280041212e-19
6.399420536232285e-15
5.399700072189488e-13
1.2179684960949996e-13
5.921254396156337e-15
1.9477427975031863e-13
7.807764391659202e-22
6.4098409960400624e-21
1.0837001204213277e-17
1.1106532175991813e-15
1.0564020823947766e-21
6.467152581802619e-15
1.180851630907931e-19
4.01048962025163e-16
5.040523477117141e-18
1.1802304288382548e-10
3.5628248856433053e-20
5.471342927199504e-20
1.2112330816257603e-20
1.1302718694839932e-17
1.6524659442548865e-14
1.5265285143340196e-16
1.0066762944271779e-21
2.6357564179924076e-18
1.1592366511516972e-19
6.130798471168661e-15
9.48987292938758e-15
4.435185459230743e-17
2.2315300930911742e-17
1.55765611782156e-19
7.209771576245006e-20
1.6424970830960762e-18
8.138493244197266e-20
1.889919015813611e-21
1.807232548607413e-21
3.565212493832139e-21
1.528593422824837e-8
3.3510597218779514e-19
6.4986581492657826e-18
6.492267327162473e-17
1.325425109703842e-22
1.70361143356583e-18
8.685042534424633e-17
2.855524027250332e-13
6.862799898278516e-21
3.2743898196966005e-15
3.963717759057693e-14
6.905177742446093e-21
5.2652996578565786e-17
2.8488636121353873e-20
1.1425097243571166e-21
2.685891236131871e-13
1.312561510327203e-10
1.682347974975036e-15
3.1542221076157775e-22
8.046934241378134e-22
1.833689545666692e-20
9.723586398921156e-20
1.7073833845193846e-21
9.545688294146945e-17
3.616047173656098e-17
1.1409265506491156e-17
5.3085860266460675e-11
1.0087499029538257e-15
1.4501930440590093e-17
3.239291795895031e-19
9.382739497403683e-21
4.0591359227632794e-15
1.2721535898964983e-20
3.140443643766656e-17
4.486429170265452e-9
1.7168212393874845e-15
1.665209031679245e-14
2.816778984878228e-13
1.0868441307491582e-10
6.781631805201381e-17
6.702830924924053e-14
9.346969299752687e-6
7.455024508323481e-17
2.014578987768707e-14
5.28558811599337e-19
5.1683600727616715e-19
6.440869826407002e-12
6.016555242446756e-19
6.783738574964414e-19
6.120549007810512e-19
3.4291267431574538e-18
8.759396831921046e-19
7.757347882580337e-13
7.093944182067208e-16
3.799748712280305e-18
4.660834513683945e-12
7.70298131318334e-19
2.1563031914566764e-18
1.0142744978518407e-18
2.363282302540365e-21
3.350515467709331e-16
7.252735665337874e-13
8.46713393930542e-16
1.6203175227937166e-19
5.019960485202706e-19
2.139567512675183e-12
7.879261813406934e-13
8.505592760065835e-16
2.1451581766332835e-20
5.996551624203007e-19
7.890067515377026e-16
3.155114933478762e-20
3.8724525130039528e-22
2.598420495334148e-15
2.6640949496569794e-10
1.200427642511315e-16
4.113675274681287e-10
4.009226159020937e-12
6.459653925174254e-19
4.389797347619562e-18
9.624092162197919e-14
5.347399278612736e-15
3.1630874709452323e-21
4.3540970078757185e-10
6.70724775912803e-7
2.020923762334969e-14
5.455048163221437e-18
1.1015397397751374e-17
3.241030514054201e-9
2.1598190587112762e-17
4.1142200559328115e-19
6.264543861397995e-19
1.3186874600969703e-12
7.037579215010261e-14
1.1678023142724825e-20
3.542460824402151e-16
3.300794644844906e-16
1.4112944223625478e-20
8.28109674339702e-21
1.2067573340843137e-14
1.8650712042459405e-16
2.6900690538805524e-10
3.7241639008984357e-16
1.4098764006144525e-10
7.029911016683098e-21
8.47562988833065e-21
9.318078409179444e-11
6.375847780298128e-15
3.876058704371287e-16
1.1605844885918145e-11
2.086728824334001e-11
1.0335731129904007e-17
7.342437199996159e-21
1.5731346920177655e-16
1.1178885976399883e-18
3.685862530381156e-20
1.131789100241096e-19
8.62694964380666e-22
1.6058339093293206e-17
2.9777800167899744e-16
1.2359297010286405e-12
1.616255223849271e-19
4.250907106577549e-13
1.1431807156424319e-13
1.1538473712498112e-16
1.3595096483696317e-21
6.08567585069403e-17
2.1244285686732905e-15
2.2073199030275377e-20
1.8552565058764014e-18
1.1295592244367183e-19
8.147070627338514e-16
1.2196720434592e-15
4.361085944691712e-17
4.614190464820504e-12
3.6059375892801204e-20
4.009852697213863e-15
3.0551578357096625e-14
5.270959809396584e-18
1.6238033435870213e-9
1.0015431126338032e-7
2.602022426779267e-17
1.1422247031598775e-20
3.813977462588092e-19
1.7623531684780205e-22
6.932516730302545e-21
8.66792804742568e-21
1.5080911946856118e-20
1.6548553327203188e-17
3.987252079012476e-20
6.794651889652891e-16
8.094305667045207e-19
3.131897026763494e-20
1.3699223861749579e-17
3.2734308183010586e-17
6.272837263396536e-16
1.3807040734533045e-11
1.7661808968428083e-18
1.0141888863267779e-19
1.0098425347708723e-20
4.0580865325522876e-17
1.4427216402211785e-15
8.33522121283645e-11
1.0110160430770825e-19
4.567981934319292e-16
8.692337513016392e-15
2.097246280226036e-16
6.586575986416963e-21
1.7766229980358793e-12
5.028698033009587e-16
1.4228440085199497e-21
7.023672182511349e-9
1.1750480841620267e-22
1.3816847202582048e-15
1.7601809958744895e-17
2.5557760870635113e-18
5.7358121971859714e-11
1.151774478842654e-17
1.2504716325291307e-19
1.4227994411198218e-12
8.080068214976785e-18
5.992702739939408e-20
3.962756464469079e-20
4.2386707804807157e-16
3.152648519592326e-17
1.5740244475571206e-19
3.704301821498876e-6
1.1665282196274298e-18
2.87772086057469e-11
5.297380231852945e-13
2.129188475937539e-16
5.37195681482413e-13
2.6614249472738506e-15
2.4760160669406245e-16
6.83421329212633e-21
8.817354941539362e-14
5.766771026514574e-22
1.0668899244444984e-15
5.495415224228315e-21
6.0709328944370475e-19
6.711909701847903e-11
1.752214006598655e-19
7.29886893264918e-20
1.3093188460660088e-16
2.867138314651074e-14
0.00014951171314098259
7.846380276497817e-11
4.763350003267219e-17
2.756396761843391e-21
6.366534256844867e-8
3.4126570762959267e-18
9.685967893571231e-14
2.433381714938928e-10
9.874046065409592e-13
1.2981258433699112e-19
4.148557990912538e-19
9.535992758203436e-10
1.05096977396261e-14
1.9756176018245628e-19
1.5333572795915177e-21
2.2541271279813645e-14
7.212267824086359e-17
1.5853695576501883e-16
1.4846907470601875e-9
2.4742672029920417e-17
1.8773489099471726e-15
2.90453726435052e-15
1.5306367366407685e-20
2.9315607507141675e-9
3.126228922668623e-16
1.776899505675212e-22
6.663032701310694e-15
1.0525262382102947e-9
1.4198215160358156e-20
4.983084293568681e-14
1.2310480932585727e-13
9.30541221544263e-19
7.864865228258883e-17
1.6209206114120014e-18
7.0551580443865e-14
1.063943153801114e-18
2.997719786321063e-21
4.9265607653988634e-14
2.1907518327765633e-11
9.537806086207853e-14
4.271730169410924e-16
9.200388486191969e-17
1.1430842353004774e-17
7.88526238185509e-18
6.957247519136413e-22
8.972258944040587e-15
1.5374155364411184e-17
4.736348843052767e-18
1.5437586112780224e-11
3.266272386389282e-21
1.471515413853481e-17
5.106763194611615e-15
7.476555436456093e-14
6.666577658444287e-20
2.0407021713561428e-20
6.363445626201239e-13
2.0189159766996936e-19
3.1224981990567073e-13
6.307144060259711e-18
1.3765220468277207e-9
8.757886641740419e-15
2.889943252584984e-16
3.132594603926067e-12
1.516583616443921e-10
1.3260394721673363e-13
1.3923452843595807e-17
5.293561438294341e-16
2.0019926385154196e-19
1.796281189819492e-10
2.898567677374863e-19
3.462462865050369e-22
4.516670011049037e-11
3.1381552769234064e-14
9.137843878189574e-10
2.761457944802536e-17
2.4661061205837836e-15
1.849680427112957e-16
1.1595054737407134e-14
5.946812788946509e-16
7.95078201276093e-21
2.547230139205475e-17
9.990643486721573e-16
1.8162132357399094e-18
6.154987226357783e-17
1.788982984573805e-20
1.933838831213312e-11
1.9012733115389396e-10
7.582081746916123e-15
3.7908294004701482e-22
5.8263055071044675e-12
2.675422300970442e-13
4.794912959673217e-13
2.3717946236561558e-20
1.8864776583600516e-7
2.2448320562134063e-11
1.0252752335870058e-10
8.439989790511345e-11
1.2623250818718677e-20
2.0482889918197133e-14
9.085198437201697e-6
7.264900326888182e-15
2.6538383480425285e-11
2.205086031753087e-12
1.668202629333895e-17
3.036862649060692e-19
3.627662798361677e-15
2.251092757152289e-19
4.002937956923564e-16
6.7442759046520374e-9
7.602392382265938e-18
3.376461581916264e-19
2.6505421561249935e-12
2.1163449398726322e-20
4.381155397978481e-14
6.142898607353357e-19
3.1589652915609342e-21
5.509719627355088e-18
1.9893816404009516e-17
2.8287979893165504e-17
4.4037783968974785e-17
1.2619190781507175e-10
1.1997965360011318e-19
3.491292216144674e-18
1.6663580332052566e-16
1.0765230318115144e-13
1.374320878439485e-16
6.8884429384112265e-22
3.234369819741752e-19
8.124702502203363e-22
4.00501953339507e-22
6.589705548075821e-18
1.7413882863247413e-13
4.824539984398855e-14
4.711088152771665e-15
8.413494370133175e-15
1.8232098176009313e-16
1.0843525937818766e-20
5.797341226540987e-16
3.677014870794443e-10
4.386614956184143e-14
7.161421854304266e-17
6.5119726154404774e-18
1.7322011729017105e-16
2.651231420962602e-7
7.173975724320364e-21
2.6638725540708206e-12
3.3048185101300695e-8
4.083982885773256e-6
6.236549703064674e-19
4.84760378417145e-10
7.987563475349756e-10
2.024705478494799e-18
5.428322336535555e-17
3.649748684195795e-18
1.8099681056786003e-7
7.677072065911001e-20
3.98726220994076e-18
3.2883667879719893e-20
7.034814293773847e-22
2.392741996616263e-22
8.922568918131858e-19
4.4525136700303007e-14
1.8500815192531903e-14
1.2488527026789804e-14
4.560540664955321e-17
6.142043034795137e-11
1.0414378256043052e-14
1.0287137371206049e-14
4.927513001615571e-15
8.487865820140975e-15
8.423969078970625e-11
3.80886636978689e-17
8.22854729977601e-14
1.932571332574163e-18
9.41342394415579e-16
2.404627157163369e-22
1.0591447782097978e-13
1.4268105364291667e-10
2.6587109198572704e-20
2.758131227219926e-14
4.1050116331876366e-19
2.983591558011613e-14
3.840187846273869e-9
8.1200907997037505e-19
6.761976488744158e-14
7.1965854539475e-11
1.4150415773735748e-14
1.2017228474764478e-11
5.04789786703383e-19
4.439892112897226e-17
6.987153484434241e-18
1.3974060040995368e-16
6.416478437893479e-9
4.100137516997442e-19
4.396496712483666e-19
3.786479639124415e-7
1.1730521796128788e-20
9.176958209378167e-18
5.3738773738238384e-17
3.391822663106549e-9
7.46970276294431e-17
4.0546911936861713e-13
2.6740561277462594e-13
1.0052016308607279e-11
7.616570405114893e-21
2.3446852038093288e-15
2.105890241443121e-17
3.641812528883557e-11
7.61651797921597e-10
3.0097921706231626e-10
8.887354509322297e-9
6.746806959577546e-19
1.1051281134298541e-16
2.5085520808953838e-20
4.2927648523307627e-19
1.2546302863259269e-17
6.729762836190759e-16
2.0583865877975188e-13
3.155936764060471e-11
4.0237883336233156e-22
5.308502503513974e-17
2.0070610953211332e-19
