3.22519600786969e-10
2.3579221495070765e-10
3.4251484545423e-7
2.383395559656603e-9
1.7314753798856764e-12
1.05165849994995e-8
1.9527798582852848e-11
8.831019316314542e-11
1.306989415292407e-13
4.5082809407885576e-13
7.747058422824526e-13
4.0181549411692716e-10
5.927198261866062e-9
5.653492985551861e-12
7.135549247791734e-8
5.376358215993024e-6
9.205167377519897e-13
1.3965322259359136e-6
7.921687977103547e-7
2.07223696768292e-13
2.6832900271067737e-10
2.6595974130676057e-12
2.6564701331521655e-7
5.4442891584771605e-12
1.94082060070948e-5
9.362274315280419e-12
2.3624390188406178e-11
3.976687309932288e-12
4.62371091472449e-8
7.623622722863674e-12
7.153446475260819e-11
4.3930400028383395e-10
1.0209115720798697e-11
5.0348537623233745e-14
2.1326178626376424e-11
2.068790000653906e-8
3.002831051084123e-12
2.845922745113683e-10
1.2358755282110887e-11
8.204818197495912e-11
1.0232490490964728e-12
1.540052063054653e-11
3.9427957688433416e-10
1.2775870866054152e-13
3.8654176894742965e-11
1.3770552926933491e-11
6.01800619344375e-14
1.3581285008696204e-10
4.602338457505765e-14
1.7438167499301955e-13
2.0560958933823727e-12
2.6336302451719512e-12
9.465039716193204e-8
4.250100028894678e-12
4.4785429569965754e-13
8.42128210582187e-14
3.606282530799763e-9
2.9982336611242754e-12
4.2276581718303655e-11
7.1070638357026e-13
2.2423397702526142e-10
9.979333506957337e-15
7.051208779626323e-11
6.828995578118834e-10
5.342145622965991e-10
9.034805919761371e-10
1.8450217703849195e-13
2.30389777294774e-12
3.575960155604338e-12
3.6298138587701053e-13
1.3205249541474944e-12
5.147849453010754e-10
4.633043657774514e-13
7.132214487489085e-13
1.313077731660956e-10
1.4984798981335453e-14
1.7238194394471953e-10
6.858100011155517e-9
7.756219388517854e-15
6.508557001694007e-13
3.3150026968002263e-13
6.916692409626065e-12
5.2781685517505746e-12
2.164412647723641e-14
2.9828066581839335e-12
2.0410908542597737e-9
1.9755608259207361e-10
6.470967886553031e-13
8.232210520417179e-11
8.512043723929462e-13
1.2080499860500343e-8
1.978579463482403e-12
1.1249958645280439e-12
4.040649174490908e-15
3.166611778191644e-12
6.583260068016994e-8
5.509029143298011e-13
2.0624060128920166e-10
6.210552766162696e-14
2.343298441995989e-12
1.7185562743578933e-13
3.2401700548541506e-12
2.376387586960928e-8
9.55757248376755e-11
1.3602963005161297e-9
2.931658062189682e-10
2.201273291101191e-12
5.325030847977631e-12
1.444827722773039e-11
4.429580016792197e-15
5.059733392824146e-11
8.124838126065896e-13
6.571589152608455e-12
1.6095456414739023e-7
4.997082480425995e-14
5.470780223768699e-16
1.8608883134614273e-13
2.2800992232034095e-13
2.028256561547217e-15
6.000390449541412e-13
1.5429002298482047e-13
2.483395508152928e-13
2.893540041831161e-12
3.497947364162318e-10
8.002251154638548e-13
2.182197243662824e-9
1.0830102898728363e-13
8.966313411625498e-15
4.782365734437026e-12
5.18125291421165e-13
1.1883548046341109e-10
6.471036961557146e-5
1.679166432644741e-12
1.5534074253593504e-11
3.0903348585551946e-14
2.4562593513162263e-10
4.8021016747031165e-14
6.101992641656161e-14
1.6509614780206315e-10
1.6922245508425215e-12
1.4684506108465102e-14
4.2482928315168995e-13
3.632641056280248e-11
3.535767550491664e-12
1.942972412245137e-14
2.759054461794361e-11
3.72140077505004e-13
3.64004640964753e-14
4.818847184110026e-13
3.085895015412814e-13
1.1733087190351576e-13
4.9994295529194e-6
7.469077626784625e-16
5.829183362010805e-11
5.293493766314679e-13
7.703074619674093e-14
2.2485520101758698e-12
1.150188094909849e-6
1.9679807965077687e-11
4.855292354177782e-14
1.6695249587989435e-12
8.127449739385975e-16
5.4636551230793454e-14
9.173918073789927e-14
1.2863191109899249e-11
1.2290525814820641e-8
1.0582284151516548e-12
3.432629456477625e-5
5.059711566244117e-13
1.306476298786516e-10
7.506910770115546e-14
2.033556849750628e-8
8.432415523720441e-14
4.643743627778861e-13
3.209090719110022e-12
8.13964706693026e-11
6.806619097770558e-13
4.967113455997409e-9
6.310535597864907e-7
7.680518123169223e-9
1.3168458855147992e-13
4.523381295854521e-9
1.6137660518350105e-13
1.6206931279185317e-9
1.1072817064870307e-12
2.6094802866055147e-13
1.9271692787534546e-11
1.3138194657428891e-12
3.276311030132001e-11
5.903565052371352e-14
3.325812914716024e-15
3.400438265536781e-9
8.69664125027566e-15
2.1052888976293243e-13
5.021553132745177e-14
2.4252886396050197e-14
2.702267067117073e-8
8.779198128773017e-13
1.2346069481986975e-12
4.98136776898264e-10
9.229309151329638e-12
1.2209508424414895e-13
1.232405996472924e-14
3.5188384681710742e-12
4.1663121235624e-10
2.7507909061464196e-10
3.854482395033002e-14
2.579449156686756e-10
6.452489605651296e-10
3.7563400782488635e-15
2.165899731756102e-15
2.3528059384243003e-14
4.5378718199557546e-14
4.0563611704174995e-14
7.2396791124098365e-12
3.248979900375238e-8
4.653276022582104e-13
1.5251828883673983e-9
5.695210288316845e-16
1.8424515092780743e-15
8.011152614160604e-11
9.649197185156645e-15
2.0593816014855617e-13
2.3276379963796538e-10
3.4410007271660423e-13
2.4864123141908374e-12
7.002127673061466e-10
3.182939682976134e-11
3.888104961522266e-14
1.0894908137381493e-15
2.589434632151157e-14
3.1743992395630755e-13
1.9908474214521993e-11
5.063224366979418e-15
1.7615901031686776e-15
2.8615058649846955e-15
1.794797832073847e-14
1.101671265780683e-10
1.8238154933618347e-11
1.228491152290731e-11
9.045011719821633e-11
2.3231135278638267e-11
3.3280965059443506e-13
4.488904411644538e-11
5.161069414347024e-12
1.9664919696673484e-8
1.5500658488013821e-9
2.894877470808436e-15
6.657819038884612e-11
9.769245044196866e-16
1.3457511602491253e-9
1.0348591714432377e-14
3.3168699496412535e-14
4.0473004006567465e-13
5.554903037124744e-13
5.336240888851283e-15
1.9736604945856895e-10
3.0677501387487907e-13
9.46359253720486e-14
6.512395648247302e-15
8.840115295932658e-12
7.561974330886737e-14
4.3192597752919104e-10
1.6849536679194217e-14
9.443447205672002e-10
1.1802075719100851e-14
1.105581207866762e-15
1.9621468766052663e-11
3.43744655204844e-14
6.818357249247799e-14
1.0147741846602937e-12
5.312150297623081e-10
6.399593200092184e-13
3.1241365680228254e-11
8.90718620160418e-12
2.0414574907932685e-16
3.0190943155843413e-16
5.67761933200984e-10
8.47442267365499e-11
1.5325391651824097e-15
4.976832861328466e-14
2.0420935992362018e-11
8.324804305839775e-15
1.0842710051475863e-12
4.38384816036904e-12
2.1296666474018057e-15
2.268380641604914e-12
4.15605543328688e-14
3.5658715181826987e-14
5.5146226412712407e-11
6.786115141223554e-13
1.1831604357702982e-14
1.9180630531367873e-13
1.5174398757195627e-11
1.51432826164039e-11
2.1987381128663481e-16
1.58786648753108e-11
1.173331082321596e-13
1.1171374789364073e-10
2.7881434791095398e-12
6.98403130701874e-14
1.692271100412435e-12
2.1550873457250994e-9
7.80005538187449e-12
3.351100795670191e-13
1.3539697783570197e-13
1.7056343930452944e-15
3.6602966657161483e-13
1.5897222677506319e-15
1.3735654595226828e-11
7.481429573179477e-15
7.230665746926923e-14
1.3637979941084085e-12
1.672935968012247e-16
4.185361295850561e-13
2.638702146134891e-11
7.073966556204681e-11
8.321778206954644e-13
5.0100732278334576e-11
1.528196813227241e-13
9.160590826587855e-8
2.5134147443104793e-11
1.887963790742916e-9
2.1513144286240186e-12
6.952379497419734e-12
1.7711217111984618e-13
1.3397258453385724e-11
6.947516392534012e-9
2.2967778374738115e-12
1.4911183713738424e-14
1.1744039538170098e-11
4.23069226335922e-12
1.6598228278323195e-8
9.421220440501759e-15
4.786858642387257e-10
6.9005416399978e-11
1.0344537470914854e-12
3.7555324964575057e-13
3.661633969440843e-14
3.837755198946798e-12
2.211546013219124e-12
1.1379120739657888e-14
2.726423108306177e-15
1.504266865353871e-15
5.398845420253381e-14
2.802302011178122e-14
3.754843961327675e-8
2.193799430282239e-12
6.428628158805565e-14
8.778099196247167e-14
7.321124838772806e-14
4.6429522515850364e-11
2.6442374546346247e-16
1.598921003581356e-15
2.7280823917006784e-9
4.928931360350157e-8
8.454720436120405e-13
1.711875336701839e-10
1.8335816462225352e-12
7.345314327638068e-12
2.723235307761035e-9
2.543458178412589e-12
0.0016097451967299096
1.6606439861037589e-16
3.6405377315487445e-10
3.845290258273916e-14
3.966103419461399e-14
8.229147300681592e-8
9.273073202115297e-17
1.2608372361099274e-14
2.9927631071704827e-14
1.9006189504140588e-15
1.0810817910918223e-14
2.803641768528255e-13
3.665352305858053e-11
1.5748756275750333e-14
4.127564904420258e-14
1.5540132093498664e-15
1.6068669920482375e-10
1.4712237478173743e-9
2.2258459288788293e-14
9.14809722365989e-13
3.709443253831705e-14
1.2794474609404339e-12
1.3023532839933951e-14
9.965770260492647e-16
3.23689546821969e-14
6.040098542569722e-14
1.1938358107000444e-12
4.164428645526461e-15
1.646287930726538e-13
5.029134873705927e-14
5.188072748727256e-14
5.972933944788658e-15
5.302030426050854e-11
1.6359958443674574e-14
1.2469415075231234e-9
3.172333540969587e-16
6.212170729993472e-12
1.8256310231290555e-11
5.268940328563533e-10
5.931234054615543e-15
1.7518693065559255e-13
9.244112627480501e-9
9.547666161441405e-16
1.5042118720953728e-14
2.6497077057557722e-12
1.6812001304403071e-9
5.97005013553198e-13
6.615481838248087e-11
1.4252778120868322e-10
1.8925977955240368e-15
2.0717451555665412e-15
3.6804827149011625e-15
3.3739887421540666e-14
4.2104280333607186e-14
4.974911815749429e-11
4.933483919428863e-15
6.833653212967785e-13
6.194492901344903e-14
2.7673259428081946e-11
6.162126042574906e-12
1.6756609818459762e-15
1.2406415566926228e-11
2.0481192215371353e-15
4.176837828001588e-14
3.916468016559108e-12
1.0232136033735291e-8
2.935880672995298e-15
1.2206088682174968e-14
1.052569349715057e-12
4.766055223295195e-14
3.5414491603564394e-10
2.5107156063019564e-13
3.3502165618082652e-12
2.7765448874692075e-15
8.159775217302639e-14
2.1720628288139815e-12
3.5569636826601175e-14
1.8994514827827157e-5
1.1612365558152214e-7
1.2502884427403083e-10
2.7823395352600385e-16
4.171563978902608e-9
1.483387663239126e-15
9.720145593755432e-12
1.8426853462251904e-9
1.994996877867169e-13
4.3727550458919204e-13
1.0513230489932259e-15
2.1579605131265358e-9
1.6229986782081175e-11
2.4253017502060785e-13
2.0930349087141083e-11
5.831047992091159e-13
4.9263382702997614e-15
1.437999094122719e-10
2.812703904700705e-11
6.192974974728588e-13
2.140496241258158e-16
1.6016772926775423e-6
1.3899312940470948e-10
3.5684877228435337e-10
4.4932586808248723e-11
4.809600630202969e-11
4.262239514167234e-14
6.454631323060808e-15
2.185579315252237e-8
2.9761930716199947e-15
2.6424971312406466e-10
6.391690477012795e-14
1.7307405884829877e-12
2.687868865346655e-13
8.576288364762532e-15
9.428043323630197e-15
5.374110522721676e-15
5.039398630415418e-14
1.1428142242775012e-11
4.862154102862138e-14
2.768757533741987e-15
5.664335168172661e-15
1.3995299051722892e-11
4.803012952313498e-13
7.193251198665241e-14
7.257215912090606e-14
7.2087783512026e-14
1.0738539458796211e-13
2.1319003499834195e-13
1.0492569791237024e-13
2.1627931243968056e-13
4.876727965169049e-16
2.377611398488453e-11
1.2807953290876458e-15
8.488922702760283e-9
2.945086499115147e-14
2.578358585563517e-13
1.723416247711758e-11
1.0231094955792821e-10
7.983205520889078e-15
2.5002569546960237e-11
1.7541842601683484e-13
5.251734560527453e-13
6.5834120225778766e-15
7.631361289780213e-14
1.2149892282059807e-11
2.15124702098366e-15
3.2315907809864535e-14
5.9907050876821215e-15
6.225925138619238e-14
3.0972816975001544e-11
3.844702004406092e-12
1.3891198512103392e-15
7.37006653061271e-14
9.67298226932603e-10
1.564238011476865e-13
2.1046986449038944e-6
1.7008959614472476e-13
3.055399403557276e-14
5.855725835586488e-15
1.1596907864311551e-12
1.6815280186071182e-12
5.7394537859734154e-11
1.1696329302767372e-13
1.7616288977443894e-9
1.9142459802093278e-12
9.553367084617052e-15
1.2725539413535262e-13
1.5308552290515931e-12
1.5315488285004523e-10
1.7651181787230712e-10
1.1001097071080367e-13
5.962654714242236e-13
6.630906328426693e-11
2.0674056452059484e-14
2.1938234021678265e-14
5.171856704230615e-14
2.5945529366755285e-8
5.1756720351895397e-14
5.432123135294967e-12
2.261297413698789e-13
8.248574254641224e-15
6.38012057460794e-14
1.7792761374903213e-6
6.155576351332573e-11
4.7428602759967595e-12
9.911681277327015e-15
8.45231378548577e-14
1.960642942109522e-14
3.3118443326323545e-14
3.7765548566853964e-14
3.5102299149591474e-11
1.0615292571564097e-9
1.650429063939528e-13
2.1210427660658423e-15
3.1342060264220286e-9
5.499028487475121e-12
1.6465208267482537e-11
3.3787042069620074e-15
2.4625760732885836e-14
4.74952287365979e-10
3.8358353824297443e-13
3.04995836702948e-10
1.950606594321582e-13
7.633274120565757e-14
2.1072476752400396e-6
1.0662242507936068e-14
6.3742367062142705e-12
1.5314101404498867e-15
1.0241022931166976e-13
2.162253853426931e-13
8.92831461076427e-13
1.2935108364245417e-12
1.7252150445721054e-10
3.3271829357309396e-14
3.1025933287312405e-13
1.3989172748296997e-12
2.990381579476598e-11
3.924432062109759e-15
1.873268371592019e-15
1.6783910357806186e-13
1.4398474426383713e-13
3.8691548835820726e-13
4.4373695872973983e-14
5.71786521987525e-15
4.471393344788352e-14
3.760893928362205e-12
2.6802985090180835e-13
4.450038195121139e-15
8.925799054157811e-13
9.128878096076792e-10
3.4364765004938337e-9
2.591919636208887e-13
4.556075724544918e-9
1.519563617672368e-14
3.108690789584284e-14
2.281887187717416e-8
2.3701647667007284e-14
4.677886687309173e-13
1.1637383575597406e-12
8.068962115625247e-13
1.7941606055651917e-8
4.1558477539853577e-13
8.529902486406199e-13
1.3719853638175685e-12
2.9356442593557774e-14
3.1515221335246785e-14
2.3049562402283403e-15
1.0420059542734806e-5
7.507667018608258e-15
5.661524601990455e-14
5.085243356482276e-12
3.1191036970293227e-6
2.2492826368645934e-12
1.5483433106798277e-10
8.255912573548562e-12
9.187560823901492e-10
2.0280464701822959e-13
1.2594352682055452e-9
2.3016829666280445e-12
2.472773222122358e-13
4.7718028782860285e-11
8.526962557636498e-11
7.791182724740335e-15
1.1767719509192452e-12
4.644481051975611e-9
1.25089475982009e-13
6.85180429269399e-16
4.0703739683720806e-14
5.213600600917012e-11
5.790827989200413e-10
4.602319042075582e-12
7.779578450721036e-11
1.9084512183850095e-15
1.2318195629883138e-15
1.3637103457943724e-14
2.35774264859563e-12
6.674313937777063e-13
3.4987641292854783e-16
9.181172837590366e-14
3.354384659934911e-13
1.5622596413793386e-12
1.757730847519462e-14
6.305089459731204e-9
1.5932733271945932e-12
1.4099086143418134e-15
1.4553183131246316e-12
3.499552308884779e-10
4.434627461627976e-11
2.712121663528838e-15
6.325981345551897e-15
2.4526058260257065e-13
4.616549778281784e-13
1.093848942337214e-13
9.05398428654385e-15
2.1142333014298366e-9
1.1224271016747092e-11
5.897080619308235e-15
4.1235562797584473e-13
1.2918979124408048e-15
6.065118078488378e-15
1.0468657424438089e-10
1.353189181803962e-14
1.7509124790573962e-13
4.743676423898453e-10
3.0129098218593444e-14
1.547035022062776e-8
3.511098222638493e-8
2.5158737476389333e-11
3.157673096963103e-13
2.512446348450234e-13
9.28501236337338e-14
8.850896900902121e-14
2.3254813763009534e-12
9.00165378501685e-13
7.501637988389215e-9
7.539183953719067e-14
2.697844718186827e-15
3.576099484407339e-15
2.6474621571994365e-12
8.035135178486908e-15
7.907542602029212e-15
2.9588763404424814e-14
2.45043264688841e-13
3.791807564639483e-10
1.1032564156322412e-13
3.4619172371935866e-13
3.178358433602481e-11
1.1031873313909103e-8
2.4256255041727402e-11
2.4037994998191297e-9
2.263040508331874e-15
2.7430727841478057e-10
6.504265978781398e-9
3.1727769529268224e-14
1.0977641502383328e-12
9.977558635904992e-14
7.310524567758318e-11
6.0383491606279375e-12
1.0501842188363351e-13
6.34188948570127e-15
7.300393830966548e-16
5.548000010463623e-14
7.104759486886794e-14
5.680312018664494e-11
5.457650755936265e-14
1.1686930160209218e-12
8.187331667957407e-15
8.908278583063654e-15
3.921916685297222e-14
5.411274398625653e-13
3.274128047387597e-15
4.852232645663403e-12
7.261037135009644e-15
4.729739228608594e-13
5.371896357012977e-11
9.573771854299543e-16
1.8993334247019002e-14
1.2678910352662347e-11
3.7333580570314744e-13
2.6116325560409654e-11
2.3740617413284765e-13
3.9542142606320186e-12
1.2133827516663982e-11
2.332571649750585e-16
6.300277617511902e-13
5.893480401745875e-14
7.1525763309392e-12
1.5614751613543213e-13
1.4727239610616764e-13
1.4876538594455324e-13
6.768833841999571e-14
5.900774179449546e-14
2.7073021255618123e-12
3.3069981180358445e-11
2.9963154864401565e-10
3.00408672263373e-10
4.5844421791472875e-15
9.327667167982692e-13
2.043680716310947e-12
1.2422270670299174e-8
8.380795918901687e-13
1.0569436002981268e-13
4.734034847457704e-13
2.702160625681373e-12
2.3444614471565156e-11
2.2142618194675703e-13
3.9643729275898655e-15
1.8701194590974972e-14
8.257443193664574e-14
6.081920278361925e-14
1.2682294247366926e-14
9.261986130558676e-13
7.275422118618257e-11
1.5592717950990373e-11
3.980649881229569e-11
1.9307124631091971e-13
5.2267487670923435e-14
6.046410208282765e-13
1.212651398850795e-10
3.4957512224269675e-13
1.4750429488622824e-12
1.1438289183046918e-11
1.1211677971255842e-13
3.1511570039694147e-12
7.5207241057985e-12
1.3097446602364547e-13
7.883988804354036e-13
2.3455057798530535e-7
1.50608183356759e-14
8.254498075557773e-12
2.2251006124111223e-14
4.1662976831658556e-14
1.4033278047559146e-13
2.245008567849069e-11
1.413189038191773e-11
6.3452294993025e-14
2.4032077816549097e-15
4.5146354296314445e-11
1.4910600601807607e-11
1.688468249279351e-14
3.5681929144056387e-13
5.394155303936082e-13
5.187563734448019e-10
4.3463869353186833e-13
8.40530576391316e-14
1.0610970102939287e-10
7.7408255719851815e-16
5.3125259829465875e-15
9.282991871451982e-13
2.502392565229867e-11
1.1090595370855246e-13
5.723602421220273e-13
1.2408501334206092e-9
8.501730334651172e-14
6.854794338723179e-12
3.728780851874483e-14
5.861756706824282e-10
2.8420177040290803e-15
3.2147731745771325e-15
1.3800736758078006e-13
2.840771878052918e-15
1.9231515288205002e-16
8.34979919237176e-10
2.407388203195458e-12
2.230047034909174e-15
7.078785120867572e-14
1.3758256594301055e-8
4.214702474975974e-13
6.063551436862582e-14
7.881879802409643e-15
4.364315503750321e-10
3.0440398387936353e-12
1.1622271255704258e-7
5.542320357781327e-11
1.142085057666543e-12
2.1240409940147998e-13
4.585749623106195e-13
1.1215415143064867e-14
6.04789597219138e-14
9.268426111829885e-13
2.8003657901805015e-12
4.728754563870587e-12
1.7788938804540698e-12
1.1577351604421492e-11
1.2637188661244376e-12
6.16807412803489e-13
2.043081946866114e-11
4.361831047922123e-11
5.102694637087007e-13
1.5966574435169374e-15
1.647795591870584e-11
2.5374183778899766e-12
4.110105505189307e-12
4.82760422952482e-13
1.5602603472881917e-5
7.374755855149025e-14
1.2158938397127351e-15
4.839441139832016e-8
4.9226100106092193e-11
4.485003629341824e-10
2.2925127957866213e-12
6.638050229639519e-15
4.1113415894544127e-10
5.865465365655111e-12
1.5994588724224839e-12
1.7429820223112313e-13
3.0063449756599447e-13
1.95622809895732e-7
1.7015781023145105e-14
4.31277406399684e-14
4.549846472511913e-13
1.2443926238321194e-15
7.843260544675736e-15
1.7493823629383498e-9
1.207667528821365e-12
7.654024709753089e-15
2.397092577397293e-14
6.975497367259752e-14
2.2463270132962144e-13
9.669899814913998e-12
2.9665163213881163e-8
5.759714872136896e-10
1.3000205528049134e-9
2.796912389301867e-12
3.307817899291358e-13
9.804225640943156e-14
3.990985462305386e-12
5.665643082640524e-12
1.3097830564737879e-10
3.968701746189841e-14
1.4093284554224921e-11
2.508775756316585e-12
1.759948187184451e-11
2.4756546311469164e-14
1.0874857799814846e-12
3.019121185718742e-12
1.5359310440355934e-10
2.061159035155718e-12
7.102314387471672e-14
1.0920921489142301e-7
8.720496900574223e-9
2.1948717382240085e-11
3.986417862856756e-12
3.7504807985737955e-15
2.5112930305252065e-8
4.6714168542774e-12
5.594859746900945e-9
7.780752289284451e-12
7.281054859769408e-14
1.3513371423782692e-15
1.0996140012307208e-13
1.1775210229007249e-14
1.5137504191634256e-8
1.0694858517360392e-13
3.048687388797e-12
2.305056266256258e-12
9.124647361408074e-14
4.842212070098116e-13
1.2514206096950813e-13
9.820700987016197e-17
1.9101698839406204e-13
5.04813316713522e-9
1.1443597062640002e-11
1.5082008297370374e-13
2.660189069255501e-14
4.737762293340783e-14
3.0192384773135724e-12
4.775480299840617e-14
9.481669823643861e-14
5.733341721227097e-14
5.8703914074875424e-6
4.3482852985572845e-13
2.421171285458113e-14
3.280180605249128e-14
1.0185635636099847e-7
1.5541210706176314e-13
2.988705932613285e-9
4.852916417903277e-14
1.0669112843228709e-13
1.9028168292141322e-15
1.6610540164606833e-9
3.2983678728872894e-11
1.5918168596798654e-12
9.545186270638255e-15
9.850379780818915e-10
1.0320818414066049e-9
9.480060391798549e-15
2.6604986546001356e-11
4.10801372710414e-12
1.0568987885141341e-11
3.855650209167355e-15
4.507548778025771e-12
1.4156558851563474e-13
5.583246546106768e-10
2.1497450467063023e-12
8.798706767901406e-15
7.741184449594272e-13
1.5158745014661737e-13
3.666277325573857e-11
1.5257209799902968e-8
9.779623183913416e-13
6.678704874030261e-10
8.659613631252078e-12
3.40589110849063e-10
9.928841028248896e-14
1.6583877806858715e-11
6.491964986431676e-13
1.2549404025844728e-12
6.971924883790136e-12
4.9558205806339885e-8
6.700426709968742e-13
2.413197092222129e-12
9.40647941767487e-16
1.2527678902670827e-8
2.6908097263041448e-14
4.4338755919504964e-13
1.0377108306167138e-12
2.6137579783908376e-11
2.428164409105091e-10
6.292289697343447e-15
4.869127092029594e-7
5.26198186418983e-15
7.271394946220444e-8
1.328948974434848e-13
1.5573945016565038e-14
2.1553307552071712e-14
1.3196247822576605e-14
3.912185569251236e-12
2.1621426451560156e-12
0.000114769031046818
3.9072487271475326e-10
6.3810701568168336e-15
4.4691410503098726e-14
9.578452218233833e-15
2.8096229418109398e-12
4.094949916885237e-14
4.075459379427152e-10
4.02897958655125e-15
3.523846119383056e-14
3.2288784485237555e-13
7.121934657471642e-12
6.102344940284606e-15
3.6133387106545056e-10
6.08665019292202e-13
6.661222807870116e-15
1.341733250921261e-12
1.4631240635967995e-13
3.713354447501661e-10
2.929472171341182e-9
2.4857819436084193e-12
3.362868763227573e-8
6.391336757183851e-11
2.4063280821783103e-13
7.105016814585077e-9
2.3764382126771306e-12
2.2837162670659547e-13
2.579223182342401e-14
1.3418787069679983e-13
5.667297286027431e-14
8.859832424743834e-12
5.501396270030305e-14
3.5310026358999306e-14
3.492609062716683e-15
6.63059453220205e-6
3.4979984037436624e-13
9.038708563048262e-6
2.7361859347773055e-10
8.140351295243242e-7
2.6187224268123893e-13
1.600348024585514e-14
6.397925526011656e-12
5.316328322851925e-6
4.3488976496301573e-7
1.3426627944681906e-13
1.9465569142794244e-10
5.031225222193023e-12
3.0396311862820796e-14
1.7961340437195838e-16
1.49383785812735e-12
7.871578668405204e-12
3.8886082027764906e-11
1.4021706038247293e-12
7.263839578936618e-11
6.34406753827679e-13
2.2435543399107178e-10
8.82258555927076e-11
5.611778058751017e-11
1.8925236347035738e-9
1.0545624718091672e-13
4.8314616843767963e-11
1.358327280884132e-12
3.622501181150473e-13
7.437885966772026e-11
3.760737396148997e-14
2.3078537424624364e-15
8.007062716632638e-6
1.9962183889980147e-7
2.44562497252311e-12
4.403790572294078e-13
3.36959942515444e-11
4.8167804969828674e-15
1.4720580420010512e-13
2.5032502154594505e-13
6.922292067214189e-10
1.6255380152394275e-8
2.8783456869660563e-10
7.559358111383401e-8
7.871993661045823e-16
2.7681123193840204e-13
3.951231806987891e-12
