4.323067060352774e-11
3.713694877197345e-5
3.898202918851308e-15
2.1481365718769503e-12
1.1289308054629629e-13
1.427619478285913e-14
2.377403692478471e-14
1.5816607629687897e-9
8.227425167648669e-17
1.787245528412367e-17
1.7079112281752136e-15
2.147140009533838e-11
2.633072292319786e-18
9.499973792985574e-16
2.4030885854654103e-12
1.6441697956832698e-17
2.4508354796936134e-18
9.460117244672808e-18
1.1537969810299614e-17
4.2252240264864153e-17
1.8261659799305273e-16
1.1268126141965539e-11
3.6628495209738895e-17
1.1153743420970947e-17
3.148357652393525e-18
0.01456037743974856
4.088194425406196e-18
5.7685524461121215e-18
7.293591090773941e-14
1.7631355668493576e-14
1.525330979013078e-17
2.9668489714349776e-16
1.869158004907734e-15
9.486008902637072e-17
1.3115386814985229e-17
3.1714405862796594e-15
2.24145102246302e-16
3.142410058103291e-17
9.281872328932188e-17
6.007895877067493e-17
1.289701566804881e-15
1.086962094747867e-17
1.0910342982664815e-14
2.9531347454067654e-14
7.173732151318638e-16
2.776087744970048e-13
5.932954097915722e-7
3.914516310094793e-13
2.4744649059529974e-18
1.564718805867209e-17
1.5269414344106166e-11
3.56480401712003e-18
4.1837664912893705e-16
1.066708433224786e-16
3.740451776323299e-18
5.030559093560419e-16
3.586055037121957e-18
4.003733710558362e-15
8.081708445601919e-17
1.847573718529552e-12
1.4836066462320702e-13
2.1174263482943803e-17
5.558418326961331e-16
1.9458365214396154e-14
1.3411685565558497e-10
5.789423240927212e-14
1.3530021944934785e-12
3.0650602679042963e-10
1.7781217588492097e-18
7.216247599886754e-17
4.1935661115716364e-17
3.133626304840679e-18
7.314502784571457e-18
3.1578708395946644e-15
1.1912677165494628e-15
1.0856711133106384e-10
1.2321434534966088e-14
1.2376411815657999e-15
7.298984041561045e-16
8.497154392534656e-14
1.2447095548833274e-10
2.798449534347337e-7
4.2805102617719704e-17
3.567187867595038e-16
2.4573965577863592e-18
1.1159004490839592e-16
5.317975307521669e-12
4.298857820075334e-19
6.484808448432336e-15
1.1943081558257339e-15
5.635243564533811e-15
1.2975646365886001e-17
4.717565529448959e-17
7.69875575183605e-12
1.0864324276918215e-15
3.109734223895465e-16
1.8696490218475047e-18
8.524679763457368e-7
5.4710795900813125e-15
7.045724088632344e-18
1.1983538052128392e-15
1.0595000542567779e-13
4.352850057699552e-17
1.193837136941872e-18
2.6207044404667705e-11
2.970762535866695e-17
1.4581021797424672e-16
3.50349558400465e-17
8.548999083660568e-15
1.8945585319206173e-17
4.719754049955035e-17
4.628356320507125e-17
2.7907705808616738e-14
7.727121418948832e-15
2.5320855322854812e-14
3.811366813321297e-8
2.716176619325953e-15
8.713499109398476e-11
2.2365940138456918e-12
7.070206396160574e-18
1.294867244904349e-16
4.833211644545786e-13
1.757683832741291e-13
1.904093768890996e-17
2.8881691025208173e-11
1.2455460563767244e-10
4.331428492105006e-17
7.376838665958355e-12
1.3662926330231216e-15
7.545216326373233e-16
1.139859322843709e-14
6.16157262756785e-17
2.0734913109160643e-17
1.712537613639789e-15
1.099347643892279e-15
3.702536468355199e-18
5.100317570388708e-16
8.395870658995287e-14
2.78240759345233e-11
3.6811445487513625e-16
1.7485131604976594e-9
3.66042875932284e-18
1.8562063675627563e-16
1.2312610852208186e-15
4.3094025641199376e-12
5.075530759483541e-15
1.074410880678084e-16
3.302449636805014e-18
3.172277192782332e-13
2.93852055426933e-17
2.3991569203124504e-16
2.178826073293325e-14
8.802333145365478e-10
2.0136839066764372e-15
2.3366962023373276e-15
2.3443321681207747e-15
1.4287337199527765e-5
9.72995724930505e-15
4.914365908316588e-13
1.0347701541039939e-16
4.2989630951407396e-11
5.089621583641857e-13
1.2758427426425365e-17
1.7009357517754426e-14
1.612600800164733e-14
6.01754026444498e-16
1.8609244983147615e-10
2.4712674657521592e-15
2.386238991765983e-17
2.140814379457151e-13
4.6736386386365654e-12
3.888829844398083e-11
1.1477012193412584e-14
2.601918674174545e-16
5.402138563717835e-13
2.3249984078686626e-17
8.063584523988215e-15
1.220788198694807e-12
4.435443114407475e-15
5.583980918021342e-16
1.3407620467828688e-15
5.858927824178034e-16
5.511704144785886e-12
6.592032628558882e-15
6.447042468315084e-9
8.99769845238423e-15
7.939779970645069e-18
2.7660463916761597e-15
2.5146977882429454e-17
3.489494221517162e-13
1.9805858409493122e-12
1.5274208831911955e-14
1.029115677313626e-6
1.711542572266958e-16
2.4925515183361275e-7
7.819543830499238e-12
4.640869418089292e-11
4.4100679954155785e-16
8.933800837745444e-9
3.536895273800586e-14
3.0845469932013433e-9
4.700538985065934e-15
4.2087336008106498e-19
1.751720114952122e-7
6.807997484276162e-16
5.57692392960835e-17
2.250363480870393e-15
5.74037768792708e-13
1.111199341978031e-16
3.897468783907035e-13
6.193688679785225e-11
6.776665957683786e-8
3.92647887952812e-18
3.2915206702195215e-18
7.024198198917428e-13
9.846094403532471e-17
1.5619714099391623e-17
2.020847823589537e-9
8.0661928359349e-17
7.064851338136201e-7
5.932786136497557e-13
6.999368563117492e-18
1.7927407298254707e-15
6.818589637381773e-17
3.452480244682945e-14
2.9432060753933072e-8
2.6724655069972915e-15
5.13237966268986e-15
3.493311547211662e-8
2.350225946162392e-13
2.9311584859699554e-17
6.766368993536352e-15
2.4294752991430316e-16
1.6717877778713628e-16
1.1519791423471816e-10
1.0930202354912918e-15
6.621963507890465e-13
1.3091987661901705e-12
6.226423959887489e-17
8.274777200482909e-11
1.9214558904592538e-11
8.408832971022187e-18
2.8509780973022603e-6
8.563908207870077e-18
7.2147170198678135e-16
6.341813784352917e-16
1.7855710988974263e-7
6.23911413850593e-19
8.279883363534392e-17
0.0014160889086234788
1.6173755601793546e-5
1.717714715296593e-16
1.1127747998822538e-18
1.961180239089934e-15
4.4295659675684155e-18
1.2861697887130283e-16
4.2660351487431186e-13
1.6758996248495969e-10
1.8642342958017035e-13
4.006898969414331e-17
1.8537380041525747e-6
3.9265338290285995e-14
6.417486750039527e-15
7.776472554167733e-14
2.3468183212036288e-11
3.4387932734931466e-17
6.538284033018083e-5
4.716658915492036e-8
5.0945578087030875e-12
1.531983363042489e-16
7.795749482829735e-10
4.86453713032909e-14
8.951300071803925e-15
1.0879726882923664e-5
4.217228842867695e-15
5.4456032058196595e-14
7.540032437609059e-9
2.111042970079437e-15
1.908087118007022e-15
1.3065747667870162e-18
4.815871530202481e-15
7.117731404658887e-14
2.807297764836802e-16
5.352791286254547e-11
1.4417093924252187e-8
3.2492618361083514e-13
1.506970374019864e-9
1.0945620170481717e-5
2.1060627477328137e-13
2.1939448308760035e-11
