6.392527705914887e-9
5.221720505953341e-8
6.878470178212362e-10
1.372427380666622e-7
5.226644685891538e-12
1.1737035259831075e-9
1.584593147103287e-11
5.210646216350941e-8
4.402438913364421e-6
1.5296096570093056e-11
2.0587694927497825e-8
1.318910744047188e-6
1.8366056630315908e-10
8.628330090311281e-10
2.3350491237412815e-8
5.867356946489755e-7
6.037119217506211e-10
7.405151866560005e-7
1.7142360340473916e-7
1.7452532461037826e-9
1.447455560903649e-8
3.059103366807597e-11
2.2255605541735602e-7
1.437332259005464e-8
2.101319882747662e-10
2.4860530273308517e-8
5.309740527137508e-10
1.3006429290353011e-8
3.2226297827579082e-6
1.5836094967784712e-6
3.7616224153745506e-5
3.92881715738898e-8
5.079236726840801e-10
2.363499949913718e-10
2.282296542671306e-7
5.908992665443465e-7
1.6925156721292646e-7
5.476165381925143e-9
2.672296810395227e-7
3.6119883414883103e-10
5.05034479000093e-9
1.2355594591593113e-8
1.2147417718205403e-6
2.380243904736669e-7
8.158341768321046e-9
5.540194011790937e-6
1.6537223542659757e-7
3.4054022632618285e-8
2.6057227465321384e-9
1.2258727319839343e-8
1.7083229502620032e-6
3.5278279723760687e-7
3.391084224577264e-6
1.6406477911913174e-8
9.704167629964809e-10
1.0228316569624878e-6
4.51304261750406e-6
1.3289430446484735e-9
9.00963320460202e-7
1.3908813604373797e-6
9.646051092195137e-8
6.992316078310873e-8
4.138838029054225e-8
7.46742785025313e-10
2.5194716677543346e-8
2.9850737671408107e-7
2.713351115208021e-9
9.959097217561369e-7
8.44610793947282e-8
0.00010755538817148295
1.1100541555082702e-7
2.3532844385723322e-8
1.5530163481818003e-8
1.4815801487283465e-9
4.972140633867969e-8
3.7367076479243425e-9
1.238400877763239e-7
6.82996933824404e-7
1.508325279208168e-7
6.365348517603664e-7
8.470333330308753e-7
1.0117913475889925e-7
4.4030193237523884e-8
4.2357042536316615e-10
4.872029185340931e-8
1.0534118493845275e-7
6.391454042601172e-7
4.207318152252729e-9
2.765587997411526e-5
9.925009643587508e-8
4.218724845045749e-9
8.764613820337414e-7
1.3689126498973592e-6
2.741374843785092e-7
1.9591806848061634e-7
1.400915343160706e-6
3.4705797509096977e-10
1.822000483573748e-6
1.1684984802966344e-6
2.4446059903925485e-9
1.6868461676432868e-5
5.531785985499752e-9
1.363349899608755e-6
1.0661627647769902e-6
1.326844543661904e-10
6.2607761967446344e-9
4.3095831699260585e-7
4.286033496383829e-8
2.163313054681046e-7
1.2705736177780318e-7
2.8477746122298803e-8
9.994496976516162e-8
2.564298976089361e-11
2.792212640969331e-10
2.463895971138597e-9
7.190497052490845e-9
1.0021032118619069e-6
1.1121978892943572e-7
1.212782927495372e-9
8.064763600240805e-7
7.302763074207568e-7
1.2422864657427328e-5
1.0665241385017846e-6
7.590474417341343e-8
1.4047130748861817e-7
7.000336138314849e-9
9.426710527954545e-10
3.0350722896852007e-5
2.9812360456637975e-9
5.220366709463243e-8
2.835703214470141e-6
2.8272868306664756e-10
1.137721975438722e-8
6.125951126060747e-6
1.9304930916892086e-10
3.7052324057285477e-10
2.605096691025256e-10
2.504109856701583e-9
2.0532505851329466e-8
3.8007501937977636e-9
1.6697559229104833e-7
5.076648804021116e-8
2.1989161399662404e-7
2.6049169976715636e-7
3.817184930836163e-9
6.08237943221966e-7
2.0967469634476116e-8
6.969752006314022e-9
3.619848077923711e-7
3.3473988277545356e-8
1.1729635968699302e-8
2.8982446639113865e-8
9.465759883007011e-10
4.695812658472383e-10
1.251411242325089e-9
2.0430101781362915e-6
5.025735460272761e-7
6.640090322636019e-10
4.912474505671358e-8
0.00011700364022190373
1.5814564666209257e-8
5.214522285594603e-7
8.212879227518279e-6
2.1833794253996384e-8
7.77275861887699e-9
2.431086280032418e-6
5.4385155284235445e-8
1.920327284645233e-5
1.2067223014542923e-7
1.2816977989460333e-7
2.1545417090064235e-8
7.392241564627574e-6
1.5138872921379265e-7
2.219924664108786e-7
1.5895757690865672e-7
3.42856906897263e-7
6.9148962420546e-8
3.460280808923584e-9
4.310549019383835e-9
1.5391223479523793e-7
9.467364008345025e-9
2.485037551680578e-6
2.4088338999313484e-7
3.696437638357234e-7
1.0240042360831867e-7
6.572820548762935e-7
2.0351413608209725e-8
2.6841352100450747e-6
2.1496404184606734e-9
6.281342468452162e-7
4.603191555305221e-8
4.9084855190043815e-8
2.3572659245696248e-7
1.4903562972812383e-9
1.5081644436342261e-9
0.00026707494471458663
1.7285139647774155e-9
1.5883743148158492e-9
1.4025761474430312e-9
1.1259487451327765e-9
1.242573276357996e-6
4.4655363582426575e-7
5.4325936292625444e-8
1.0675334155756947e-5
1.2253637828889502e-11
7.313630443774599e-7
2.184514860929386e-7
1.392504031479674e-9
7.806932481369366e-9
1.0282411982387405e-9
1.001547527753823e-6
4.29593104725291e-6
3.2435163065545536e-9
2.3718104822044235e-9
1.8439204581406737e-6
6.159345153090629e-7
5.88331415464911e-10
5.919658969615146e-7
2.0532850215415667e-6
1.0818673935189216e-5
3.7580508379458173e-8
9.839862260259573e-9
3.6711216286248867e-7
6.355248572511633e-6
1.9016309147315674e-6
1.5012736415482627e-7
3.257000800109045e-6
1.3053653608098798e-7
1.402117290814475e-10
8.337078477585582e-6
1.383972094305492e-7
4.916638024658274e-9
4.113071462290627e-8
9.733498189778395e-7
4.5582044653570554e-8
4.874717762370998e-7
4.033628664317695e-6
4.12586574676888e-9
3.4739207136416093e-9
1.6433616933103246e-10
8.17899992880031e-10
7.376865387286802e-9
3.2628444910247653e-9
5.138807750785003e-6
2.1922106687205837e-8
3.173516875354588e-7
8.091090934176016e-6
1.1226587608675627e-6
9.76580748615152e-7
2.1293963076998226e-10
8.332714103115484e-9
1.0600722574231556e-8
2.1181714403050916e-6
1.8657966331256518e-7
3.487274912064432e-8
1.3337645532759425e-7
3.2068931996661073e-6
1.1044145663891113e-7
2.4757545669330365e-9
1.03057057171459e-6
1.6804722468443039e-9
1.7622051053882884e-6
1.0418047354493369e-7
1.4963066347946548e-7
8.992560427588801e-6
8.845570673127925e-9
8.625627031254557e-7
3.159713160213403e-7
2.6896210754230264e-6
1.3906717847819702e-6
4.745915060557204e-9
1.2939134986976207e-9
1.2096541448193423e-6
6.402110014539299e-8
2.471186432402127e-7
7.736296266404041e-7
1.767137645508523e-6
1.9976508613800175e-8
2.3956646534348836e-8
2.414175047283141e-8
5.956835573159539e-10
1.5551611307176657e-9
4.0739085304606134e-6
6.359926963061124e-5
4.716323268922911e-11
7.512407515553157e-7
3.447501663793561e-10
5.698425721065409e-10
6.459146915420826e-8
2.738606732282421e-5
2.9713898577938054e-6
3.5507968165870907e-6
6.169378065853262e-9
1.7605777961098484e-5
1.9485268695252193e-6
4.985552250989581e-7
6.2825981221892275e-6
4.6134992469278785e-7
1.5885303587563204e-8
6.841004320590127e-9
7.519870940350031e-10
4.116542059062064e-9
3.7600860804090302e-6
9.638832775861875e-7
7.0376447592377185e-6
2.2361439795663892e-7
9.067085546715327e-10
2.322829538140634e-6
7.719197097639903e-6
3.3610881813469794e-7
6.583843476268824e-9
5.3665632608228426e-8
1.5211079129948887e-7
2.861303239903635e-6
2.71967851872953e-9
1.6401174373865075e-8
1.3427312520828377e-8
2.4712452915258256e-10
6.128805219578553e-9
4.133239274848764e-9
7.91975604199993e-8
1.1251133595736631e-6
1.417053457776908e-8
2.397679408861749e-9
2.940153833046246e-7
7.957393746593535e-9
1.900151195061301e-5
6.726901884422276e-8
3.737143183225554e-8
1.1375621539499873e-7
1.073123212176916e-8
1.5661061801823483e-9
1.8657205083167196e-8
1.3312176434321617e-9
1.3527857844220822e-8
1.1147503274568553e-9
1.0560649583028287e-10
1.5322249473981982e-8
1.4104773968128697e-9
9.230124296252301e-11
3.229310626388556e-7
2.3029089871158724e-9
4.360040524760003e-8
9.000460758455855e-7
3.3125546117454365e-6
1.431890855200933e-7
2.138608390553541e-6
1.0226055932712596e-7
2.8960189623667206e-6
1.4915923851060603e-7
7.032033311485086e-7
1.5057848342183152e-8
9.143726270761344e-8
6.391816150196538e-10
3.86692631982986e-8
1.3379463439975637e-9
7.098200434441106e-9
4.405195773738666e-9
1.2946982106229499e-6
5.964166418046124e-7
3.906866927722728e-9
1.235007667202787e-6
6.106546515068534e-8
1.5689216119390467e-8
1.6443791938356402e-7
1.0848497162412059e-6
6.804061383893733e-9
7.300167517086952e-7
3.496752585658137e-9
2.2383056982226167e-6
1.3602062801471757e-7
1.4175031359501779e-6
3.4329323281057865e-9
1.6535473842106147e-7
7.310454718819596e-10
4.007623956188092e-8
4.193257084633649e-9
2.7696434401109454e-7
1.2570959488500177e-5
1.0555754217852321e-7
7.293127697745518e-7
8.463572329065214e-10
1.69436654958786e-7
0.00022080955617414174
4.16019089089785e-10
3.889010299347804e-8
7.656180517708324e-9
1.473605514799249e-9
2.2850183009828224e-8
3.948351659275516e-6
9.123986477528569e-6
3.238155422339796e-9
1.969384288709868e-9
7.266310424250857e-7
2.976392888968212e-7
8.054248624805051e-9
7.255855848476188e-10
1.1832668364497442e-8
3.1423383354162835e-9
4.1223825837766634e-7
2.005509349533217e-8
9.566130335623516e-8
4.8924328188170024e-8
2.689693901804096e-6
1.6604396335667221e-6
1.8028042528017193e-7
3.81040066210969e-7
3.292241581692897e-6
5.940490221507678e-8
3.0721595596863904e-7
1.355247336945051e-8
9.792176582880571e-11
2.0852682340882503e-5
2.0015206180950877e-10
3.0584078750228357e-6
1.1494145946545847e-8
5.103691557293806e-8
6.266767570156166e-9
2.3695483767810736e-9
2.071545094391493e-9
2.1859698903016353e-7
1.6858469735796096e-8
1.502778374515041e-6
1.191826133658578e-6
1.207560412311223e-5
4.911742607809372e-5
3.279860100577299e-6
7.96396891493728e-8
1.2843472108297746e-7
1.6911757507701962e-5
9.564060336002793e-8
1.715172842011045e-11
6.836683594551731e-7
6.054373533247098e-9
1.2093862344736701e-9
2.2116801819895873e-8
3.2137374588998467e-6
4.685765656076692e-7
1.8518076121614442e-5
3.2751700771724108e-6
2.3940156164838776e-9
1.3253720359967625e-6
8.971939284282906e-8
7.096076560574398e-10
3.1411061489994164e-9
1.8849664090610988e-8
1.127722409722249e-8
3.2624327581496108e-9
2.727410573933553e-7
5.518125051107331e-11
1.0028019432089633e-5
1.025355860112957e-9
1.8450236023126405e-5
1.6327901570878285e-9
5.5299453923590836e-8
1.954072205136713e-6
2.0079181248179963e-5
2.093168232329281e-6
5.826877244869007e-8
8.021199738661052e-9
1.303995202966618e-7
2.1627015197341317e-6
6.674731102034795e-10
1.63965211414935e-8
2.322934525542373e-6
1.5634639198722736e-7
2.9456076575873903e-10
1.2609546674049335e-6
1.6425816733872866e-6
5.0468794068320785e-8
8.085911548615191e-6
4.017114024966575e-10
4.754050484387539e-5
3.96010444533517e-5
1.3184007237605361e-5
1.7993447601260884e-5
1.5383831184074242e-6
1.373307333002907e-7
2.8898635320300595e-8
5.513490900012306e-8
1.0011479754735501e-9
6.12016905818105e-8
4.98252014515074e-10
2.963310198780603e-6
3.1446257205894697e-7
6.747670150720564e-9
4.695966960311178e-5
1.3670089768544207e-6
6.750893906030667e-11
8.330270492207233e-9
4.945935913233903e-9
1.240038475638071e-7
2.72513908622869e-7
2.625663915117736e-9
1.3134606588897226e-6
5.542528153513513e-9
4.6766918585791834e-7
1.827853315970045e-7
9.841952101876031e-6
3.0879548301164477e-6
6.309951227087905e-8
4.311029132882144e-7
1.1684012470689288e-8
2.1808910921219296e-6
1.220999128287513e-6
3.1726634259872926e-6
0.0003553071983917739
1.6721067492633575e-7
1.405520087779957e-6
2.793433055981793e-6
2.9998764412951916e-9
2.28106136936688e-6
2.3080900358832214e-7
3.5795534602593168e-6
2.6040020524076634e-7
6.329889698201007e-8
1.8883478592278514e-7
7.506789457509479e-7
8.770621669770241e-9
3.659420248147395e-8
4.221847518264294e-8
1.50277373689282e-9
4.857484656910082e-8
3.6361955706878672e-6
2.6122270843383543e-7
9.003681274189582e-8
1.905388584044565e-9
2.033612653087247e-9
9.90618517831759e-9
2.087754800467101e-5
1.82084932271429e-7
3.169483945903874e-8
6.331085359613315e-8
4.0148082567576565e-8
2.5613968513220446e-8
4.165180356873871e-7
6.861427681455312e-9
1.218361815161549e-6
1.7097668500887945e-10
8.620058355835394e-12
4.4369871150945085e-6
2.1524035163153987e-7
4.578411213492384e-9
1.249869140726099e-5
2.721220535313869e-6
9.39807494643073e-9
3.5498370436579624e-8
3.466531969894262e-8
4.570779042927264e-8
4.866408511665033e-10
1.0924056502811699e-9
2.994879641426972e-6
1.1748728135105084e-9
6.626248941990363e-8
3.219850941980584e-8
6.633310772850466e-7
8.322509485940188e-8
3.5918086857712344e-8
3.2453714948861014e-9
5.9219011565703106e-8
2.36274087407086e-8
4.296339336920564e-8
5.740445523899532e-9
3.812656728681047e-8
2.7431742795787015e-8
4.675542556414824e-6
7.482845378706487e-7
1.835537625311967e-8
2.6147889998966864e-10
2.641285144432823e-7
4.484277591767956e-8
2.0610498835153565e-8
5.701756174041936e-5
9.816675667990699e-7
6.050342778168484e-8
7.858602709114088e-9
2.747456365611317e-7
4.1121381946956073e-7
8.091469580510687e-7
1.1615938718012761e-6
1.0358965958782935e-10
7.83923984415315e-8
4.926418410171958e-7
2.5663891097232454e-7
8.003998387607661e-9
3.4301116251915976e-7
1.9592180323115121e-7
1.8592382431309429e-6
3.3719289971196347e-9
1.6943169425232504e-9
1.1890961839530317e-6
4.42757969143014e-6
3.52703354711265e-7
1.384530053246538e-10
5.496921388809179e-5
7.022096421885535e-6
7.079418207658319e-8
8.099327642751996e-8
3.3679627594249787e-9
2.064796667553906e-9
4.5244808927137025e-6
8.14394472082798e-8
3.1495555491140266e-7
2.0123178592371626e-8
4.188647563066769e-10
7.1805216589313136e-9
1.1482720032094815e-9
2.195351691058002e-10
3.416489356160541e-6
9.868426510636858e-8
2.243053714860668e-5
3.473356838574968e-9
1.1065933014865608e-6
3.191552268750983e-7
4.034428628018076e-10
1.232089621048098e-9
3.1985391690916113e-7
1.910000414172605e-9
2.6863453712501363e-7
3.103332257340038e-9
2.662192470376737e-6
1.1607408811792625e-8
8.874100481345836e-7
1.498778793858946e-8
2.7139953692076245e-6
1.3584656038530904e-7
5.771957874072415e-7
1.6742710970225715e-10
2.2978122002433815e-8
2.6686299121890633e-8
4.54108622345479e-7
6.018773623127834e-8
5.948927932878061e-9
5.025071020479174e-8
2.0378271773355813e-6
1.1083225064982692e-10
1.1347518724729572e-8
8.342285507195766e-7
5.803581872520175e-8
1.3748743191434674e-10
8.275192237536766e-10
9.037157726291275e-9
2.0120227769224104e-7
7.7477215909985e-10
7.612284439200302e-10
1.2508372052424693e-10
1.3082875762756354e-9
1.3405029242488143e-10
1.5659009494905325e-8
1.384210608290791e-9
2.3825455790053197e-6
3.534384362151566e-6
1.8374156155167858e-5
2.558606437319228e-6
9.029946717229367e-6
1.1248864811352136e-9
1.7196894235884472e-8
9.442338717152358e-10
2.374638114676204e-8
2.2041806313736385e-8
3.809609465431931e-7
1.8562862706312753e-6
1.0405232755268283e-10
1.2891994390505629e-10
9.112860039194474e-8
1.6553157873250987e-6
0.0006514488526495556
1.026050549321237e-8
6.906450229156051e-10
7.555488098234522e-10
6.13341190007622e-9
7.58510319542735e-7
3.370630172033878e-5
2.372745111405583e-7
3.170443846491984e-5
1.0962571255548651e-9
1.8948323670290046e-7
1.9721422818455617e-6
1.4539465473231756e-6
1.6871987335606426e-7
4.4668242253699715e-6
3.5186803588671645e-7
4.480201860840413e-8
0.00010231867589009716
7.538184156310754e-9
2.9377105072410867e-8
1.2122375875231757e-8
2.981665070436579e-7
3.1837193425939403e-7
7.891128742596637e-7
1.1488689525590001e-9
1.195670235083728e-5
1.7314629650755188e-11
1.4712871189000456e-6
3.580321152148376e-7
3.635195353469959e-7
1.010800518267756e-9
8.91109184191967e-11
4.475580589590665e-11
6.9762585954738385e-9
7.456375899525025e-7
2.661188492348557e-9
4.273415989718938e-7
6.000005587118513e-8
4.077376285400608e-8
5.062452677000903e-8
8.544800667988176e-7
8.047921487827001e-7
3.3873481359121257e-6
9.33903715412457e-6
4.233388529319851e-10
8.942029818005287e-11
3.904204042379155e-7
1.7974451135238323e-8
8.797670849184984e-6
7.318818377097061e-8
3.2891301009424316e-6
2.971302166095109e-8
3.073914940524355e-5
3.6779669027348093e-6
6.816075191307292e-9
2.628423156506307e-10
5.096511629545785e-9
8.261385261790043e-6
4.396363045675492e-6
2.631211631281858e-7
1.0838101372572878e-7
2.394026430447203e-5
5.735642036798163e-11
3.0958303285149e-8
4.302576319651542e-7
1.479637318901108e-6
1.7587302652013993e-9
4.466099932092223e-6
2.906950647464316e-7
4.4503569830076e-7
9.40212790394997e-8
7.545162166783796e-10
7.56680607755806e-9
9.622271339207165e-10
3.3692789597488564e-6
1.0094289843223382e-8
7.0692402061212e-8
6.496903030065331e-10
5.4815958093025115e-8
1.9556716437081322e-5
7.375436458041127e-6
3.5245529334391207e-9
7.490941067887053e-7
7.834137155932407e-6
1.3049580982936412e-6
7.036798446582693e-6
1.3411169386373794e-9
4.646783767225519e-8
4.6733478270076946e-11
2.7850376989999765e-9
6.449128566106659e-8
4.279425256128915e-9
8.118066247263871e-9
9.319082152172239e-8
3.577172793358294e-6
1.906087060499395e-8
5.465582960789614e-7
1.418534603023654e-7
5.4228585979174425e-9
6.459056830500562e-10
1.5249838149591377e-6
4.0536302403072814e-8
2.5620387062142634e-7
2.2563719612217845e-6
2.27355925989195e-6
2.798734669583231e-9
1.7586916486102237e-5
3.220670988646832e-7
8.444278121162444e-8
4.148786982935021e-6
1.2549647656038094e-7
3.1781765634965477e-9
6.110120917372254e-11
2.6451921974293415e-7
5.709229629296761e-5
1.4002552024047257e-7
6.771747635701908e-8
1.3426428402081516e-7
6.540197337869022e-10
3.517024237554727e-11
1.1646386899346122e-9
8.086827994532952e-10
5.69174914241641e-7
3.6174691971474574e-7
1.0108507461506857e-6
1.2140204179235454e-6
8.652160669979845e-10
2.5698520951935812e-5
5.6994229124120124e-9
1.3581959943300454e-6
2.3344664418791956e-6
1.9635304116757613e-8
4.4449595619034327e-7
2.184565203861693e-6
1.347569040599625e-9
6.068036079820381e-10
3.6896951561333957e-10
1.9661848268316087e-10
3.852427198045107e-6
3.2746340571128525e-8
2.6318655392702376e-8
6.116646022298806e-7
4.420940582373902e-6
8.248751605349443e-7
1.3956867052594356e-9
2.540812852560131e-6
5.627861600889044e-10
4.662954067157018e-6
8.068135539737489e-8
6.62484447521365e-9
6.263504552682226e-7
3.74248160317387e-8
1.4516366182025233e-8
7.410462142947514e-10
6.397398413847539e-10
3.5743869895060606e-10
1.7053360530578208e-6
6.025509935369428e-8
8.467882927143083e-7
2.7939678745916484e-8
4.0735159802462354e-7
5.82998650127901e-8
2.2063656298283332e-8
4.9395559599423404e-5
1.413049380483194e-8
3.4221492787618387e-9
1.0494468129165257e-5
1.1229976351683797e-10
2.2687143218416738e-7
9.672701393501565e-8
3.681978136184246e-10
3.764695505778285e-11
6.938044104917219e-12
2.9011994879674554e-6
6.783952627285323e-9
4.435110731251946e-7
1.4384135122153568e-6
2.4064869956277015e-6
8.524420651713038e-7
1.8743605785345904e-5
5.6985286619750025e-9
2.0090966077597898e-7
1.5891154680410677e-8
1.5096423315277997e-5
2.518528991187878e-8
4.278581952908172e-10
4.582626978717473e-7
4.894301950892738e-7
5.440796136636844e-6
1.3880459452634026e-9
1.1990939654590694e-5
1.0141748561689035e-10
3.1793136998371443e-6
2.5326150412762674e-9
6.374939034960402e-8
1.180528208763266e-6
2.9368924866562507e-7
8.810635128990241e-8
5.74275550374161e-9
3.335021928240213e-6
8.532228395152852e-9
1.5551357323403737e-10
2.60559694271279e-10
2.0943226308600092e-7
2.1561736889959465e-6
1.3749051984302193e-10
5.348539565457467e-10
8.48330648639029e-7
5.734407966360169e-10
1.3555646441533183e-9
8.949251976167302e-7
3.300614920087999e-9
1.4689037693509402e-8
1.5302849113486093e-6
2.467673111531268e-7
7.47666325993549e-11
1.9971123432946105e-10
3.1308768746153632e-6
1.1058511616041752e-7
1.265476331023032e-7
1.5334682075190977e-9
1.862915764078208e-8
9.868926481020239e-7
2.504912941300896e-6
6.609087430159948e-7
1.6152130323473098e-6
1.0665661295325297e-9
1.5651129752302406e-7
3.107672307878778e-7
2.4940900292503503e-7
1.5344939770522833e-6
8.470704241172884e-7
4.471123536805811e-10
1.4798853721489354e-8
1.3464708430921372e-6
1.3354255107869935e-6
3.824335736863935e-10
2.1678611391898095e-5
1.6779453796395787e-11
8.357334547303101e-8
2.7654293753645085e-6
2.550631492340408e-6
2.31402968000093e-7
6.716448330232871e-6
3.9072906876197905e-8
1.949431248968756e-9
2.1049034669667027e-8
9.92823299639004e-6
1.6247529247604456e-6
1.6655988556585306e-6
4.829064769123037e-9
1.0146933953219472e-8
2.5671592726398823e-7
3.3009442679558675e-8
6.995664218424905e-7
2.694089426386738e-9
2.888699711041067e-7
1.9350528992388685e-8
1.1818481437639548e-7
1.4127963733697346e-9
5.4537132538868026e-9
2.414976316905505e-6
2.605625112842967e-8
6.4426194387964705e-6
4.040477390408215e-10
1.0335050958775172e-7
5.862527493221691e-10
1.3537656583713666e-7
1.672599623411544e-8
1.8104440143272254e-6
2.3128880587203582e-8
2.0415677359229796e-5
7.570949927333608e-8
2.191458473903927e-7
1.365038976875449e-9
6.312693047177137e-7
2.887128726429541e-8
6.627754568139588e-6
1.7027663743936696e-10
2.175775984231469e-6
9.661547121098392e-6
3.431054098026188e-5
9.954294666806409e-6
8.797908676219363e-7
4.401398270881916e-9
3.3373745862398774e-7
7.378631159394385e-6
5.71320920757787e-7
1.029224392278907e-6
3.3900850699438435e-9
2.8609590128507508e-6
2.9611348823170767e-9
3.5349515277850637e-6
1.1283952697436742e-5
2.6328117541954345e-8
2.4245757025921514e-11
2.009077645729392e-8
1.992601173851642e-6
1.8867062134651903e-6
1.9834114167171705e-10
2.018356690563426e-6
3.254207294817842e-7
3.1095048311331895e-7
6.302465484237421e-7
1.4331382143757109e-8
1.2451895707928623e-10
1.4249137414495839e-9
9.98607437582661e-8
8.419443926235629e-11
4.104957653677364e-6
4.7558444807608656e-8
2.007206963461555e-9
7.00126544951605e-9
1.2990577820059086e-6
3.858570106051421e-6
3.092168467223866e-7
1.095100069014417e-5
3.5003979264548472e-6
2.8814026087427734e-9
9.554121816943132e-8
1.3774312659526269e-5
6.267691426104069e-7
6.180468908016708e-10
3.6401742820642673e-7
5.261192797601466e-10
1.5779592337066616e-5
4.969908683631623e-6
7.073203785785504e-7
2.9864754517750433e-6
3.494489445421959e-7
4.056335386705145e-9
2.3301405017060074e-7
1.2355779967566832e-6
4.879604013625076e-8
1.9527449962375248e-7
7.775377346282964e-12
5.6273932427340556e-9
3.3775973255050287e-7
2.256174880609397e-6
1.4545081508287005e-6
1.931683817235586e-6
2.6017584802514277e-6
6.807237814416402e-6
3.960975756740034e-9
6.669826865761027e-7
5.3925462231330074e-8
4.907004243322032e-10
3.0249144826609596e-6
1.823900875118018e-8
1.010054869420699e-7
5.1646247518258804e-8
8.222287985340678e-6
2.3946751786741323e-9
1.7671723070733596e-5
1.4507907518202244e-7
3.3512561028361128e-6
5.635426929321763e-7
1.9561756906024543e-5
2.318630857822726e-7
5.168440869462559e-6
1.4059627134690278e-10
1.1787442821462128e-8
1.2579508889004336e-8
3.5382588292256054e-8
2.1915465296067956e-6
3.764111620595438e-9
2.1740902543466686e-9
3.190047380779832e-7
1.0017141833549394e-8
1.216752732769174e-6
4.302175811979972e-6
1.9487281899049366e-5
2.26800570432759e-9
8.324368546834597e-8
3.388408920870363e-7
1.4609973831360171e-5
2.632617613922454e-8
3.736761465602951e-7
8.137776582358271e-6
2.0206619925309516e-8
1.5758959093873916e-7
6.90516133742171e-9
4.436310574238044e-9
1.515123645000242e-6
6.549131286461265e-6
1.0025274388454463e-9
9.882917322712388e-7
1.4987912893058691e-6
1.6076184049808876e-6
1.1159254435076792e-6
2.437027545452458e-6
8.879618011487292e-8
2.2765646178261042e-7
3.506058361709253e-7
2.8965906246265003e-7
5.712118803527033e-7
1.408552672551246e-9
6.482260671661127e-10
0.00018796399561199777
2.254990864261575e-8
2.0139198286868856e-7
1.9405330789278068e-5
8.743264787033335e-7
5.207437257505409e-6
9.731905131055425e-11
3.516156259651299e-8
1.0692325222506921e-8
1.8711257714774007e-9
2.4008255773395407e-9
1.5291984748182892e-6
1.5009074578987886e-7
5.298669404620022e-7
2.808043275354351e-9
3.3941556948402625e-9
1.1156628625643093e-5
2.1844539291677403e-9
7.03810554870502e-6
4.712176670534606e-6
6.804185886490845e-6
4.747093359175216e-7
1.3406134160910988e-9
1.8535494609969583e-5
5.098638109843943e-7
3.3401455086345915e-8
1.7035508115739032e-8
1.1405383362728815e-8
4.853885997254767e-9
2.9028958709449195e-8
4.344788035630733e-10
1.7591148033062958e-7
2.945389845775326e-8
5.922533018415823e-9
1.5497537301650168e-7
3.9024109156620856e-8
9.281374639029568e-7
5.320915004139088e-8
3.1388704935768796e-6
9.897830849426053e-6
2.4093798519120034e-6
1.7462541314681275e-8
1.8267199864821507e-7
1.0664174241528404e-8
3.664980248746672e-8
1.4421847084926333e-7
3.202495059956579e-7
7.995555514682103e-6
8.259099855291238e-8
4.155468573606822e-6
1.5121427813805946e-8
1.3356881954126978e-7
9.176359060990357e-8
1.8936859028892437e-7
3.9307990299244307e-8
4.495797938327329e-7
1.9883567154682846e-9
5.467552076635998e-9
9.68791877789542e-10
9.662100077319085e-8
2.2108515955625722e-7
7.847596695563086e-7
1.6486700047936862e-7
2.2970576404582847e-6
3.27235167796047e-6
4.154374129979581e-9
3.075798469301712e-6
6.839635876137889e-9
3.0977518055161413e-9
1.0781968662944307e-7
1.27148769166328e-7
2.2125574203911147e-9
6.559699898258651e-8
1.171058712719975e-7
1.3827436997851546e-8
3.206472573111828e-8
4.4134617300180363e-10
2.9425387644562775e-5
5.560628364603716e-9
3.969057030178976e-7
2.5741619729615845e-9
2.357855363426787e-6
3.043862546327571e-7
1.4486981702902258e-7
7.508190735074893e-6
4.0601992563095624e-8
1.6846550873935146e-7
5.209109687324903e-10
4.790033005830717e-7
1.5510799050336707e-10
1.3297844596274601e-8
2.3016780724172667e-7
1.1646641666817079e-8
5.379858115252487e-6
3.770302586915625e-8
3.380698747769162e-8
4.2030964779853754e-5
4.117547047132117e-7
5.033542695142411e-9
1.6825517548594976e-7
3.2731953993129256e-8
2.8721597070416495e-7
2.3740123068679796e-7
4.525732864105419e-8
3.5849960280750514e-8
3.651973541102803e-8
4.791333410037862e-5
1.4679849830180871e-7
7.021729825910047e-8
1.9113631394230954e-8
4.91477741614726e-7
7.726993424395125e-7
4.8553122872186625e-6
1.0614128405772791e-6
3.5454934612299843e-6
1.3395217903268002e-11
1.4449786510565808e-5
1.524480171847797e-9
2.3726937614036835e-6
4.341429528567552e-6
1.2983386012591473e-6
1.4524332720901157e-6
1.4896030010298748e-5
2.8621409878072976e-6
3.0923544359871596e-10
7.756299766714117e-7
1.820485911648568e-8
1.3020640380929535e-9
3.1532881425618093e-6
3.126043696966676e-8
4.792036701581304e-7
2.972861792528484e-6
1.1570123604792259e-6
1.2134325067419557e-10
1.9947897883379433e-7
1.822652925773513e-9
1.3743272979974698e-5
1.345667854454799e-7
1.8141941231689497e-8
3.2257310745888355e-9
7.036483220973596e-6
2.6278866291143867e-6
0.00010719541025508691
3.8570815849869453e-7
7.117093866793628e-7
6.357901189580382e-7
1.1555452962987574e-7
1.0523845697363533e-11
1.3774413015686002e-6
5.736567611855331e-9
8.767613340357422e-8
8.416464483663178e-6
3.1882608630278347e-9
1.0704544510756301e-7
6.64697852557838e-8
1.703821344760609e-6
2.3809949567551257e-6
7.569965962664153e-7
1.9952192501705728e-8
2.472679028055164e-8
2.4622766530414267e-6
6.580763972984884e-7
5.638485650105864e-6
4.393233140465525e-6
2.0050092656879454e-8
5.159248236578061e-9
2.0463834820139427e-8
4.357600723012106e-9
1.0483994296172752e-6
2.363791780747731e-8
4.427784680625465e-8
6.402988057509547e-10
8.258159183794013e-6
1.6163703350477145e-9
2.938246059990689e-7
5.333449476323693e-8
2.2994290791159286e-7
8.546099499055664e-8
2.820693201111952e-9
1.284879883499629e-6
7.201886762941923e-10
1.71945502472036e-6
9.520867575649468e-8
1.815751758561109e-6
4.297216947001505e-9
1.517045796538544e-10
3.302587022784016e-8
1.4636440662870363e-9
1.0618919576016012e-10
5.982262873935979e-8
1.0755795645274058e-6
2.9016636292468575e-7
1.3001203529762826e-10
1.2201220682698712e-5
1.111523050052532e-6
5.661443989583307e-8
3.67667555906257e-9
3.4737995056941917e-6
8.779657354690333e-7
5.53728965124205e-9
2.6972243215037866e-6
2.8518279270450094e-6
6.642750803713283e-8
1.2530900714568421e-7
3.725680563221752e-9
3.050705788092899e-8
1.107740119654169e-5
1.9407218011102454e-8
4.05445968903618e-8
3.7690998889803796e-11
2.1652657464596533e-6
1.2677361772671722e-7
1.1208817616469586e-5
1.285076534546621e-8
1.35462503406289e-8
9.993134938405876e-8
3.80274080834976e-8
9.395725231898833e-6
7.9368891633882e-7
1.7004754024556224e-9
2.3261552207891352e-9
1.614584061629766e-11
1.21591969765791e-7
9.009331794300681e-7
7.766613730596017e-7
6.899541328647756e-9
4.11048160785743e-6
4.92380143479755e-9
7.229554952608726e-8
4.223250317878931e-6
1.4396466406353078e-7
1.0466335660717121e-7
3.315645776744278e-6
1.0843153846211946e-8
8.874344888057284e-7
1.7818754042238595e-8
2.7350406587028556e-9
1.2976599140120893e-7
3.266842774528664e-6
6.044811710332622e-10
1.4607370811266623e-6
4.94958343000144e-6
6.37535861896909e-8
3.8455109050461445e-7
4.04828139896559e-9
2.2410539844387565e-7
1.2650875658843533e-6
3.035226299239986e-10
3.84465871343238e-8
1.9447106423264593e-7
3.5814366194698924e-7
8.466618577988714e-9
1.5208133689324225e-9
1.4704727018321543e-6
3.4010995529272114e-6
4.2165649624704675e-9
1.5369354222660624e-6
1.9003159456057253e-9
4.723592531560989e-8
1.4332844866802738e-5
5.312431250722034e-9
1.6611776822989816e-8
0.0001571327599585588
1.647152124904799e-7
1.659981291063366e-9
2.1545100849685522e-7
5.244447754121496e-9
1.6122604619604607e-7
5.932633451088256e-7
2.7551369925349883e-8
1.3785186750881877e-9
4.225989912082683e-6
9.952897393837917e-9
1.1441504070285086e-6
2.0402026417039402e-7
6.895635179430765e-9
2.029216689447266e-8
2.6506556442806576e-9
2.7045193134239016e-8
7.264433951879399e-9
3.288310013623866e-9
5.257570301118596e-8
3.71216400327101e-8
3.103564056826324e-6
1.1368902247299725e-8
9.166547114304288e-7
1.1741964741631979e-6
4.152573236158739e-11
2.3983989311002613e-7
1.759104864263562e-7
2.1893207036938538e-7
3.6144669912636857e-6
1.0524199506425715e-6
7.667243392125586e-7
1.8209232047814508e-5
1.646340297312359e-7
6.7403657326077876e-9
2.845229220239183e-6
3.4873606557986367e-7
1.1025247434698473e-5
3.67901722844124e-7
2.924049545998518e-7
6.153172959189223e-7
1.5619055858983761e-6
3.5191545065682375e-8
6.75135397182827e-9
1.651505332921437e-6
1.8617303894488065e-6
9.912277616000773e-6
1.9486854561790702e-6
8.146856788833577e-6
3.6064960490328156e-8
2.620504056496503e-7
1.3659326314644523e-6
2.667201735246089e-6
5.672079802491838e-11
1.0967365945822185e-7
3.2415306884952403e-7
3.846564116770911e-5
6.316899749425909e-6
4.0473664530465463e-7
9.219205859802304e-10
4.7589733486746956e-8
2.2649391485562575e-8
3.4110066109851625e-6
3.190060876273037e-5
1.7264941501216338e-8
1.0223157865446435e-6
4.221734035060844e-8
9.726256700437137e-8
1.9471663023241228e-7
5.722754464063134e-8
1.0118233439460398e-7
0.00010544877913240697
4.7169224775586806e-8
6.161316002215245e-9
8.733172001910244e-12
1.1990207207584213e-5
1.4707391329474137e-5
3.390665083382153e-7
5.049965113680401e-9
2.0083299224779792e-6
2.131794901737587e-7
7.623758533167582e-6
5.495153712832532e-10
6.53652705685399e-8
4.30161937399113e-9
2.40639593354313e-11
1.1283441761668453e-9
4.755004305131479e-7
2.6517067630513566e-5
1.455766489185567e-5
3.066329518893038e-11
1.3940481935234955e-9
8.877434752283586e-6
1.1750382116353694e-6
1.0117859388645988e-9
1.0485845762349667e-6
3.3694705352150846e-7
3.4259464273615747e-6
9.163359781023469e-10
1.9089400865854875e-8
9.509006929415361e-7
7.324680083185546e-10
8.615562364051056e-11
1.7764953242993834e-6
5.244299306161055e-7
2.2420451137228137e-7
1.4321840710858478e-7
6.261523730292091e-9
1.8462481836142458e-9
1.4158625824352164e-9
2.1877570508332598e-9
9.99208464658001e-8
5.099322393964172e-7
4.859121047560905e-7
1.1499701285615537e-6
2.8244936354281223e-7
5.2606636533897426e-8
1.9423464533533825e-8
6.985859137567904e-9
1.0150930541645454e-9
1.1647258649250534e-7
2.3621354619433577e-10
2.932646063601107e-7
1.528975374205295e-7
8.26416436762217e-11
3.9130657979662605e-8
4.805239715371561e-9
1.6298448757600862e-6
7.085625073464172e-10
2.65185880628225e-6
1.6582288007616166e-9
7.1311037162455405e-9
9.177137564374853e-10
2.797996703622184e-8
1.5365463985598807e-8
1.5773425617348565e-9
1.5444668762386096e-8
8.301410636261976e-8
4.1871649055553145e-9
1.5595696889387863e-6
2.3672493851266297e-7
4.1674234491646756e-7
1.0122374127445386e-6
8.37844452634579e-10
1.0598480284206254e-11
1.332570850516192e-9
9.140680063366083e-9
2.2001481470383296e-7
1.4164005134593472e-5
1.7987615961030107e-8
4.345089954454462e-6
5.982344043210088e-7
9.571679063594734e-8
1.3448654072275368e-7
1.835248081219876e-8
1.3311121248738695e-9
4.1510683484103174e-7
2.758677532185363e-7
3.683043258764486e-10
1.7724880832097804e-8
9.373052234405927e-11
3.008463158379862e-7
3.873319828776614e-7
4.563118029371476e-8
1.431685168558134e-8
3.1342348308674935e-7
5.601972240944792e-10
9.255924611399994e-8
1.570072431341905e-8
2.2218674968477547e-6
4.68858901780167e-10
1.9214628148159372e-6
8.34504383660157e-8
3.399452820406427e-9
1.7501245305206381e-7
2.5602562626636233e-7
3.5101602585725553e-7
5.7012295300889243e-8
1.3203556415464793e-7
1.2602243507023875e-5
4.3359051242510774e-7
5.17544913110095e-9
9.795960813282214e-7
3.436517687832964e-7
1.1317924036528436e-6
1.0944567467060914e-8
1.828420887494183e-7
7.289626952489142e-8
6.910370561446728e-7
1.602872306145353e-7
1.252653649283736e-10
1.8481044906800382e-6
4.238645932190315e-6
5.695426495757865e-6
4.129926361198145e-8
9.458329385878279e-7
5.7929700087996645e-9
1.1454346058651503e-9
7.161949328877392e-9
2.7123135658599113e-7
2.8765498754304758e-6
1.688647295247085e-8
3.4872420625521833e-10
1.3373033951010299e-6
8.770153991298361e-6
2.729570295792341e-8
1.303743723338038e-8
2.0137477992377305e-6
4.300890806048549e-8
7.898913164263078e-10
2.3531712319854754e-10
1.0936464157413162e-7
2.567023322645373e-6
2.2856001727434188e-10
7.398723834100173e-6
6.538819772297471e-10
2.5263026089687164e-6
6.014409955845986e-8
6.2164015048346144e-6
1.02390734329754e-7
9.81228446209736e-6
1.53720448502093e-9
6.31587996112792e-10
3.5507100035683335e-8
3.672754407792671e-7
1.268845487911314e-6
6.3785428758742e-5
5.585265113461916e-10
2.2780678551817298e-9
2.2454896238497674e-11
1.0508004218258917e-8
1.2493747201482518e-6
2.845724522800714e-6
1.4944493598030563e-6
2.271273249835854e-6
2.8748809469776117e-9
3.284549666627832e-8
5.814005360034866e-10
3.2024678177415444e-9
3.1680211184020815e-7
1.0204777024737428e-6
1.1773239293255957e-9
2.9356462293201384e-9
3.1915448196110807e-9
1.186128390076222e-7
6.3103225144535e-9
2.3373225600908862e-8
4.383536235806074e-6
3.3708101659632267e-6
1.6220398214472126e-5
8.367863499483387e-7
2.4214770210066707e-7
1.885440119753187e-9
1.0787096968926021e-8
1.2149538385451807e-6
2.59812664624645e-7
3.92459036199401e-8
9.782397846483405e-7
1.144239239796603e-6
4.98022583111252e-9
6.254848711058481e-8
6.451861265731178e-9
2.6596143453840326e-6
2.9810998843565676e-7
1.1582758043336548e-6
2.1725202166849802e-5
1.2476884185056685e-9
1.0685712568377639e-7
1.2245794538805497e-7
3.1678523916866214e-6
1.3014567588147761e-7
7.687256047287405e-6
5.185569429820182e-7
3.2626450866862066e-7
8.058356400128962e-8
3.4750158412900534e-9
6.294538741737218e-10
2.658074056327892e-7
6.463042495051935e-8
1.2398288104969732e-5
7.178525081921517e-9
3.789907741221086e-9
4.2978763180738014e-10
8.327891507849516e-8
5.099927036627191e-10
1.1554600876169954e-7
8.536798055256015e-7
1.1077349438266165e-8
2.94120923188784e-9
1.0163389888098022e-8
3.6085339487650507e-7
3.833675535219574e-9
3.1021253157995477e-7
1.6859396499423738e-8
3.7281747917269767e-7
6.289905306580764e-7
1.9625877420481254e-8
3.230215319167634e-11
0.00029097510663713544
2.497513914437174e-8
3.955511448886748e-8
8.208207510589745e-11
2.378622432955124e-6
8.147238247467718e-9
2.525464107669158e-9
5.452880323143136e-9
4.8414434163555875e-9
9.801489761622955e-10
1.9760120591897574e-6
1.9301372893553593e-7
6.904245019795359e-8
1.4126060146407831e-8
8.073560419344168e-7
9.178445594371593e-9
8.128702537907432e-7
1.1272231897204828e-5
7.75066303756879e-7
1.9598192381127002e-7
8.42101913987698e-6
2.2531143875050613e-7
2.448050054222096e-7
2.778077700094507e-10
3.1603802185967896e-6
1.9734793820738047e-7
7.965886126462552e-7
3.6413162826265176e-9
3.5817503686533634e-10
6.433823892651199e-9
6.0337371358281795e-9
1.1774265237296599e-7
6.9599381833508e-7
3.188003065399138e-7
3.0955208799606987e-6
1.9082790776223166e-6
1.7885788342846436e-7
1.1074372970770361e-7
3.313511966538442e-9
2.169396381453444e-6
1.5364105420076625e-8
1.037992322574558e-7
3.263865190910486e-7
1.8427614546978307e-6
4.5556032401959335e-7
2.291775844902758e-6
1.4323725037290576e-9
2.2078397786521623e-8
3.7076023605118145e-6
3.7179814318319796e-9
1.5773044970141997e-6
3.196547587986969e-10
1.6713004986064152e-7
6.215247334234663e-9
6.393676248034295e-12
2.6351292293970127e-5
6.818668164966524e-9
4.0509746694073985e-7
3.902856415898573e-9
3.975276065067673e-8
1.163757615215011e-8
4.661011581660452e-10
1.1065152628037862e-8
5.258679407072104e-9
5.498874190603008e-9
4.0605175516725367e-7
3.575783099915377e-8
8.814414436542844e-8
1.096789462726219e-5
9.200611067928256e-8
7.116216437324684e-7
8.743279228064142e-11
4.5500468970567265e-6
3.0997891686281085e-9
5.088716955929443e-12
1.2379308349390379e-8
7.33370313410893e-7
5.976761325424252e-11
6.72408968146699e-6
6.278906995091675e-7
6.276908418194269e-8
3.2196248958894485e-7
5.500793005064828e-7
2.9050216464704835e-8
6.893924894115465e-8
1.0340792888494187e-8
3.3511076155313348e-9
6.263300773606377e-8
2.6010460424298477e-7
2.7150324790190643e-7
2.8337709651688866e-9
2.2863155245483387e-7
3.5995083346510414e-7
3.8311797265728274e-10
2.7655619634723675e-10
4.40849319309847e-8
9.644078817645613e-7
3.011135791196416e-11
8.282828601460579e-11
1.0699306577533648e-5
2.965942962585505e-7
1.4399701600685395e-7
8.558900271903775e-8
2.9072269944826507e-9
7.52024632536936e-9
1.3132612367235827e-6
6.401696091907723e-10
6.779946653168404e-10
9.347589464640194e-8
2.692297728504907e-9
5.8882272248990455e-9
7.187609963315733e-8
3.35359768018905e-7
1.143158347545646e-9
1.1878298646378417e-9
1.1023882363745408e-9
6.275354678006542e-10
1.7826354579269293e-10
1.2537453382816682e-5
1.6509144842918973e-9
3.959573536115052e-8
1.464202191193452e-7
3.0390892148659086e-7
3.2307269102476884e-6
2.770255855812698e-6
2.0961407755478454e-9
5.4542555413032264e-5
1.6498904574795541e-6
2.8505429415346013e-6
7.332110945559559e-7
6.585746024995137e-9
7.90662677985295e-10
2.1978288025187697e-5
1.1721749624737597e-8
0.0001585243556190643
1.9750145915495744e-7
4.3488120377599294e-11
2.1765832381856268e-5
5.633913512467491e-12
3.3288296373550566e-7
2.4457076211583635e-8
4.143195598504809e-6
1.980102353313985e-7
3.0075312297635626e-6
3.449501353803116e-9
4.371055399555339e-6
3.081914131492829e-7
5.505813909289963e-7
3.8339423105176805e-6
9.682614133582024e-7
1.0459923941895926e-6
2.1862630760114387e-8
3.139449935325376e-7
3.838151129232045e-10
4.410442573835039e-7
1.6473748496213188e-6
8.560468927057582e-6
1.0362987467879009e-7
4.970069916017295e-7
4.736484842730145e-9
4.0122507995742654e-10
2.5806169182673594e-5
5.641035941690993e-10
3.026897265521112e-7
4.091294807263879e-10
3.13394529547037e-7
8.381400148401112e-6
3.532500328522562e-10
5.531383460027582e-9
1.992275889611194e-7
6.932029975848184e-7
1.784405864927309e-7
3.106861712894152e-7
3.309021844859338e-7
7.886609600201376e-8
