1.7732654912806794e-26
5.832146237999876e-20
1.7621594569741567e-22
8.379273051577266e-19
1.1127791766824792e-25
2.3154326895549504e-26
7.185668630291359e-23
1.019494813511437e-23
1.8938804092877933e-24
1.7839583354176242e-23
1.4412140756952877e-25
6.72766315621933e-27
1.703142120693204e-24
3.2622769242212256e-25
5.712068171268763e-26
6.779076197345887e-25
1.7609929468690156e-20
1.0898255911574355e-26
1.7552088007912844e-27
1.0337241565405112e-24
5.489265268896935e-22
2.305416882617879e-24
1.8649425565341427e-20
1.1221101416852097e-21
2.8961857489348333e-28
1.8588912123608142e-26
1.5830592152543352e-18
2.1085210492456066e-22
2.7971198284880887e-25
4.166369242980157e-25
6.354449170558968e-25
1.7602896651954634e-27
7.561978688799973e-25
4.01679650726577e-26
1.0351280950069209e-23
2.8860439093260944e-27
1.0175330313465092e-26
1.3110606053877627e-24
3.567346929991659e-18
8.546549500969062e-24
3.761499482299514e-27
2.4422443348990997e-24
6.931252196309735e-24
3.4957350525733036e-23
1.1513340124986732e-23
6.01347483350388e-23
4.161352134471237e-27
9.470992364452319e-28
4.912585881628573e-26
2.0608072066209188e-25
7.631142369814898e-21
2.3747659676689958e-26
2.45075894162855e-23
2.2613479424051203e-19
1.6448062486089858e-26
1.1972181639364173e-26
2.2235069273246912e-26
3.8447052202882804e-28
5.522917647213643e-25
3.428816498842644e-20
1.6040025833131e-25
1.1021182400339318e-21
1.3842761100747073e-22
2.079656103973574e-18
1.1920126306501814e-24
2.072568980112574e-25
4.988387561064919e-25
7.761148979663748e-24
1.664611491430868e-24
9.068805886912931e-28
1.0031245843757556e-25
1.648140017689704e-23
1.1451657126433238e-17
2.4664092879863672e-23
2.280762018806342e-25
1.4238519206365487e-26
3.5078283734716595e-24
7.224532458506518e-24
8.164704479913102e-27
2.050756181347996e-26
8.039374614301706e-23
9.42858747182758e-26
1.0703976854698323e-23
3.522009141140236e-25
3.711639586400557e-25
8.1719030999720955e-25
4.113613873567951e-27
1.386779433341478e-26
6.073391665276041e-19
2.8452430713535516e-27
1.62379007187659e-27
2.5062821076438884e-25
8.983408807889984e-24
6.9423068679246455e-25
1.7253953095805694e-26
5.091744770552743e-25
3.845457538300501e-25
3.012053852132712e-22
2.256511157758553e-19
2.8231608510390308e-18
8.664458792067712e-24
1.430804591886728e-26
7.888060571589082e-25
1.8934349130909856e-24
2.5737458347964977e-19
1.009245464539012e-21
1.628475357509113e-27
1.5987324936393623e-21
2.8250785641934648e-21
5.47319745080283e-25
1.0756808461796534e-22
4.3930949427715076e-20
2.2674669259674538e-26
1.1058949897235404e-23
1.3670257805868307e-24
2.92199616673992e-26
1.666265296849042e-24
3.214128033571438e-23
3.836936240127304e-27
3.1646331481223936e-21
2.919933324443049e-21
3.734473622226589e-27
4.440831667392893e-19
6.115918070611444e-25
4.131868496401778e-23
1.0617097532293523e-24
2.3849427902894715e-25
7.939645121691923e-24
7.802985357295956e-27
5.453246129147096e-27
9.512337541601013e-25
5.017056458500288e-24
1.6410641661025884e-27
3.354393150720838e-27
9.85113817320565e-28
8.086388788979873e-27
7.322538655254555e-27
4.831526345284279e-24
5.597096369391596e-25
5.108299728116054e-24
1.9480955764104487e-20
1.5098948321756054e-22
7.550672941240953e-28
1.9117949790265844e-28
6.784387934025763e-25
3.7563405583529765e-28
8.766975237006211e-26
5.004152620926796e-26
4.2539619155068213e-23
3.641792789970918e-24
2.1818589952741703e-27
9.181884450113248e-26
2.2076880275941167e-28
6.224144518697484e-28
3.399453978801739e-22
4.061928045426476e-25
1.0604583799273891e-26
2.072132862189435e-27
9.465925244845768e-27
6.38225952651952e-26
1.5922561000674543e-23
3.61656101018024e-28
4.5319651727832e-24
6.531464333537535e-24
1.301119635219152e-16
1.125904726712152e-26
1.0340849193177624e-20
3.3849057766558842e-28
4.7920729142772654e-27
2.1174084284540097e-24
5.22220148855284e-26
2.4072358997059366e-28
1.1945749372731604e-27
3.1257687313651e-21
1.9714842663352623e-27
2.134076967800946e-22
3.424910660889992e-28
2.4841258538765627e-22
9.398368489975441e-26
7.441374746427814e-28
3.114805167250626e-25
4.108020524522329e-28
1.0458810505742182e-23
1.7121148553558055e-23
7.165472394784849e-19
3.427904288738063e-23
2.2703168972453693e-25
7.177019842098248e-25
3.8861801650387487e-28
2.396947385828964e-21
6.487461752995696e-19
1.0935734543391098e-23
1.8012140832728144e-25
1.4093062308205598e-21
6.502801729094568e-28
4.7854058140560575e-27
5.768531304262325e-26
1.6547621033167232e-23
5.030712342866823e-25
9.1136186843675e-25
1.0912532290079008e-23
6.978858152803842e-25
6.088686542391735e-26
1.437444009641709e-28
1.1410415930475535e-23
1.5666253445401688e-25
1.650162219608276e-24
4.8567348114935426e-20
8.955922139984437e-28
3.537396946817338e-12
3.8785618593948752e-28
4.331018249572592e-21
4.975347868969724e-24
1.12006248467861e-24
4.6038092604309655e-27
3.0089583254283164e-26
3.6397726082040263e-26
3.833132199113373e-23
2.4266648195179855e-26
1.7592872636660382e-25
3.562135604893722e-21
7.472043110679896e-26
1.4696285962424794e-27
4.179142263479166e-25
9.273388331378744e-28
6.805718079958728e-21
9.336376647943059e-28
2.5573850475340823e-26
3.1168099449142374e-26
9.744833670484135e-25
9.441513576598262e-21
2.2499620661998656e-22
7.104463757544182e-21
1.4854926924313458e-25
3.7986089012182063e-26
5.648262610929858e-27
6.441070846249781e-23
1.1785461787065699e-26
1.167316739543239e-21
1.101889372582239e-16
2.193406606781552e-26
6.287218883166635e-27
4.5039650334336507e-23
1.1767276030879275e-27
1.3218973542249577e-24
6.926924191747733e-26
1.1972014174752141e-23
3.0492538888536897e-27
2.4118089763207506e-25
7.944860869088535e-24
9.03357988128354e-23
1.8358788824602851e-25
8.849526183439449e-27
9.864987789905487e-25
1.804416912893791e-24
1.6570763416723556e-26
3.7294304770569064e-23
2.181137706614273e-26
1.0729023409916767e-16
1.5343815166811074e-25
5.1775316050063124e-27
5.153659565328908e-27
9.008894875424837e-28
3.728918615682818e-20
1.427683713887204e-26
6.72391271469804e-28
3.4295669401832486e-23
3.062279152139755e-24
5.030295571403408e-20
5.186260503492687e-28
3.906524490516471e-28
1.000592607031069e-26
3.713254660820208e-26
2.1088961077868524e-27
3.88405858443761e-18
4.5183735504597973e-26
5.435765735357302e-26
1.7001547673490836e-19
8.54133271860221e-22
1.9670202164165777e-22
7.856858762746023e-26
2.379598054600772e-27
1.4444873048563233e-27
1.6428839444079056e-26
6.113396507161117e-27
1.663778909043879e-20
1.8756964839293887e-27
3.708377712608749e-27
4.986211454488819e-24
5.477713717094302e-25
6.002062351864882e-25
1.6042253295410898e-25
1.0220990276247538e-24
2.5449746350167506e-26
1.3711677182166552e-17
1.3788657039418255e-24
9.414181788218443e-26
6.654080277333232e-18
3.1852333750475665e-28
3.478317694087252e-26
1.402345656482887e-23
1.6658101373092717e-16
4.6956726544079734e-26
2.4220403605896607e-20
2.3885686440937037e-27
1.4001088842088523e-24
5.268480575422463e-25
1.906465349213808e-22
3.2453533032734258e-21
1.842150326704498e-24
8.39272165820962e-20
1.1679493923822327e-26
1.3988789446885855e-21
6.895579013885298e-20
4.383705332322565e-25
3.258723094895126e-24
2.4351204583125464e-25
1.0308770550081167e-18
1.0080001752271703e-22
1.6417076917084543e-21
3.862928645363883e-24
2.1874940086825527e-25
1.1563637295278137e-25
8.917494094547368e-27
2.2096152934653695e-24
4.546761161045597e-28
1.021617995318883e-27
2.2130946686744417e-24
2.3503995182096276e-24
2.5720925339311686e-26
1.9921828042440463e-27
3.1607924577961054e-27
6.764131463186019e-23
3.981808219267168e-28
1.9336895912754525e-22
5.779608751704498e-20
2.0431939094048053e-17
4.4204249770688275e-24
6.309114267503319e-26
4.40358205057893e-26
6.713430217016223e-29
4.832685467535636e-12
3.8134805188180123e-26
2.500795664247098e-19
8.944865449142124e-23
3.746403845969213e-19
1.7205867595657303e-27
1.4111767414355552e-18
3.017919924493561e-22
3.0052157164509316e-25
3.839114810530322e-25
1.5138663768717741e-24
2.9417035710453895e-21
5.074465951482724e-23
5.861476350712876e-28
1.5699005610348317e-24
1.3480823540504448e-25
2.057603630424874e-27
2.4768819904287435e-22
4.513602944244438e-27
6.407662231095646e-22
1.1120870134391294e-23
1.128281181311706e-24
7.653776955953465e-28
1.0817661667494901e-16
9.258947354312087e-23
7.931020860335988e-28
2.5821410483167174e-25
3.276892084495831e-23
9.278156087366813e-23
8.270783793601662e-28
9.768975026758594e-25
4.065696726207485e-24
1.4435526704472223e-27
2.552847641671919e-21
6.8108727165022135e-28
8.504331024603524e-24
1.6507656410534383e-23
1.7819631479010108e-26
1.8024017947373834e-22
5.099234877648142e-28
5.497964390617597e-29
8.46760282814809e-25
2.1541780838120346e-24
1.7968912267994622e-22
2.9152963179501286e-27
3.7670113197408205e-27
3.408514332020521e-21
9.518649264255163e-26
7.372160104143313e-23
6.1402535118341595e-21
2.877359069824476e-25
6.641524901881252e-26
2.6612957731476675e-23
4.596778562036628e-27
3.275679710662063e-26
1.487110934558361e-25
3.760196334852284e-24
3.379342446909832e-24
2.701836428254098e-25
6.477398869754848e-24
8.73156479959858e-23
1.834765321208059e-22
2.641883381219038e-18
1.1404418210525907e-26
3.633888758166917e-23
5.944470220864034e-22
3.866160995479501e-23
6.900185461613916e-23
5.663770169123858e-25
5.00955563693638e-23
5.341881089103486e-23
3.57451725193046e-24
9.405465796713441e-23
5.5847440675552035e-21
4.822115722477875e-25
2.0026894721827076e-23
2.409279732423141e-27
4.310266905553671e-26
9.37314391116138e-27
7.287442270854594e-26
6.42145834628353e-28
1.664884296758933e-26
1.5084210052041382e-21
8.655189055393234e-25
6.606622920163224e-27
6.150522427179788e-22
2.658265429996421e-26
7.201689291186479e-28
7.647564719437835e-27
3.141169976758682e-24
1.8242572531276615e-25
4.975071991392117e-24
3.2789867190068516e-26
2.2710673720962317e-27
1.5345341285305424e-27
1.319910614444196e-23
8.29918506626993e-27
3.437371754106126e-20
1.0398563883045281e-23
1.1185334474545538e-21
1.2377861477681494e-24
7.861727602290773e-24
3.809009946186333e-27
1.8043509773274296e-26
8.11878058301137e-22
4.9993490239534736e-27
2.677606869367857e-21
1.3901047934969185e-19
3.994056299421821e-24
3.1586768033736927e-25
1.4057920731964803e-21
1.2914499007043942e-28
8.007984202004465e-27
4.724016470364244e-23
7.211103095462241e-25
2.4815547291755813e-24
4.886997679261489e-19
5.503041045793997e-26
1.733275472483343e-24
8.468489518277761e-26
1.9295095406519886e-23
5.67441981589702e-25
7.132785871870357e-27
9.638166584186303e-26
9.279206067070463e-26
7.202696856606264e-25
7.030642388007781e-13
1.9427711795595013e-19
1.5216707509188128e-23
4.068889481734695e-26
1.4085520523932737e-23
1.3889757120923629e-22
1.924536055781857e-26
1.6943860925243615e-27
1.4247633843548896e-17
1.1996529345966212e-26
7.648866875167798e-25
7.212802374523332e-22
7.626084661024338e-20
1.3665408586695162e-21
8.057563828608533e-20
8.697495740201387e-27
1.6010825392782459e-24
3.2719866827137363e-20
4.357049841282211e-27
1.4308195550862711e-24
1.1503963675055678e-23
8.443631902647176e-27
5.94681247599444e-23
1.6480735016572214e-24
6.637581647200377e-25
4.237724310537015e-21
1.5945891421027054e-27
1.8436991748864167e-27
3.328968249059285e-27
1.2352141567863451e-23
1.0982632167457287e-25
3.715565507594293e-22
4.7706691907985774e-26
1.093407317541259e-27
1.2618629007617018e-26
1.2703654386735279e-28
1.90333519970252e-21
2.2617918249131823e-24
2.774142665276564e-27
6.21260684219483e-26
1.2766179919737222e-25
5.627502227084468e-25
3.6225260773132353e-22
5.780765280988986e-26
3.129751522550249e-27
9.318385257618293e-18
2.6405615152775193e-25
4.542376064769957e-21
1.0066469526319191e-25
2.660994169639624e-22
1.6138755172250145e-25
8.538614016909741e-25
1.1260827507948541e-24
1.3464674856379832e-25
5.961375382796704e-26
3.0939673941127175e-20
3.933404006359677e-26
4.474234338767425e-22
1.3982063933084983e-23
3.618544607770675e-17
7.366743779675385e-23
3.847488050051464e-24
6.157610986189472e-25
7.363956002684126e-23
1.8064905750012854e-24
8.516609101608213e-24
1.1969815130401802e-25
1.2845754178334278e-22
5.823729664264382e-27
2.716004584893298e-25
1.4549874264047299e-22
6.302293014898231e-25
3.752783447055982e-20
3.1023005238527247e-27
4.306508236414612e-25
2.376815137044118e-26
4.108814711245285e-27
5.617509815899206e-23
2.4980018504747108e-23
7.674897831480484e-19
6.736877445803526e-27
2.1275789424082868e-26
6.410775463189666e-25
4.613846991322676e-26
1.698207575976768e-26
2.8932294568005203e-21
6.963511298193704e-26
8.71572006850015e-25
2.478639641423615e-26
3.2809604281799025e-25
1.8266805613120302e-25
3.281686922647642e-26
4.600528324620873e-27
1.2434976473824128e-23
3.7475463815472094e-18
1.4625835061699736e-24
1.102393173581772e-27
8.747557573211278e-22
1.6822564826959504e-24
2.949297435160841e-24
1.9829925807044307e-24
1.979825455301925e-25
1.2776546076717561e-25
1.9801791127951978e-24
1.3340082022158442e-20
1.0696100156120424e-25
4.354079268830602e-22
4.268372161046171e-22
1.0522200412682617e-24
3.1304314534102513e-19
2.51033408809382e-27
1.266621108173601e-23
6.359973353597027e-23
4.444745483595826e-21
4.780678505864739e-24
5.906544713855947e-26
2.357771545136728e-25
1.0455239329362971e-20
8.63278062665566e-25
1.9144573047501726e-17
1.0337544562654915e-23
1.2300393128010278e-27
1.0533704251406535e-24
1.1063812788871103e-23
6.564624765213236e-22
1.4592287842170453e-25
1.1202933858925363e-17
6.320242568096738e-24
1.3395205425736214e-24
4.78519487483531e-25
5.3414019869659e-28
2.5072312730490935e-19
1.615715411221734e-22
2.3464350866257537e-25
2.4457034079756425e-26
1.8857963454638463e-25
2.2258567338144178e-24
9.503550985210302e-25
2.097974751505957e-28
8.067296063685113e-26
6.907215874345976e-26
6.775047331458994e-27
2.883044223317898e-22
7.211485775741423e-28
4.442805413899193e-26
6.984191266566274e-21
1.5954957015573708e-25
8.420641494975299e-26
7.133337194232303e-25
4.889422401735105e-26
6.551478480440224e-24
3.4405868683596604e-28
1.6801471548723712e-22
5.0513623280331735e-21
2.183585427818336e-27
1.439152144310399e-23
2.0251941627434745e-27
1.381550455972054e-21
1.2727164950293202e-24
5.654383377636976e-22
1.6293690990847996e-27
2.5757334189160827e-24
4.1838776863857755e-20
3.511156577132293e-26
2.28074320292546e-25
1.260930113474168e-25
7.807771181696302e-23
8.14741189135051e-25
2.115726377744868e-25
2.032229342162173e-24
4.912011614426287e-21
2.8997698512779946e-26
4.841132065224221e-26
5.734588726148399e-26
1.567630929185794e-24
1.442604232027988e-24
5.980640941347574e-21
2.0705406264929118e-22
2.274869141045118e-21
4.5074512469083475e-28
1.5964594490263945e-24
1.1281297644191146e-25
1.753490221195066e-25
2.455755643682523e-26
6.316522399470146e-24
2.0881644599631317e-23
1.3140453833858653e-17
6.2563794125815384e-24
1.3304152677818204e-21
2.982150526508989e-25
3.6543888074175855e-25
3.182121017527643e-27
4.9277598150963793e-26
4.1170758439805623e-25
2.672114687378972e-25
5.206473317590912e-25
1.5249601998948195e-25
8.810380991027141e-24
7.312709929914341e-26
1.2139301599976075e-26
2.5786683917844946e-21
6.3617563754644345e-21
4.4149976992507383e-29
1.3659216559775094e-26
2.7657871112252973e-25
4.913749992535936e-23
2.1183904131554244e-26
3.329692331839787e-28
1.5117760643232858e-21
1.2709660240026513e-25
2.467112511328324e-26
8.22253053771157e-27
8.391096820045645e-23
4.421840119556651e-27
1.0889184644900979e-26
3.31447677360899e-27
3.530644632270051e-23
8.07171073375902e-27
3.5689959500360816e-29
3.410018744789935e-28
1.4784844325219644e-28
6.008167578009901e-27
1.6378490939312478e-28
6.44116608895841e-26
1.0759929782965651e-19
5.98982313949412e-20
9.210967172330514e-20
2.1259058768101565e-26
5.700207030941605e-27
2.215088619556417e-28
6.587921582066706e-25
7.218992686019793e-27
2.2038986723657074e-22
1.237915845546364e-26
2.973488835090503e-26
9.095013669686525e-28
1.0922365516165424e-21
7.0680148905869465e-25
4.329926127634152e-28
1.0648339202195102e-23
1.1783431310962273e-26
1.365847570610052e-25
2.3744659238118454e-24
1.9281824609978373e-23
1.8624288218909943e-26
1.321669049811242e-26
8.632216377032087e-30
4.710691025011268e-20
6.0819668549087896e-27
7.836697761995988e-26
3.764279769757352e-27
2.9226766080672987e-26
9.72909271251853e-24
2.2653444329873647e-21
4.002668237489128e-25
5.615446145768632e-27
2.223686445450031e-26
1.7253899569365931e-25
1.4051835485278072e-24
3.218961216511868e-23
3.671970687720664e-26
1.3456138453737021e-25
6.284032714502206e-26
1.900560243951419e-24
5.082139585535212e-30
8.571287408656626e-29
3.980525244386828e-24
8.299495349384336e-28
5.660820643971999e-25
1.4417478299015097e-26
8.090681442751367e-28
4.4890614771431994e-26
4.120441225013212e-27
6.687739602150467e-26
1.1460674272932479e-23
2.6888168360446717e-26
8.278918612505812e-26
1.5050837713809447e-22
