3.3543655162889353e-12
1.037864311632186e-11
2.0505086456772535e-10
2.592911183753981e-10
2.3144257905814992e-11
2.2098556237287127e-8
3.0590412876589435e-11
3.4528068066045936e-12
1.2715455469955574e-10
4.0108505207340403e-7
5.864873249535626e-12
8.471222358864567e-11
7.08891778910424e-7
3.169481413362257e-12
5.6490278525826534e-8
4.491772924682307e-8
1.2484068918810482e-7
1.396806311051044e-13
2.743383557850216e-8
5.219031709589826e-11
2.7182688543882475e-10
2.2810122138476587e-7
8.383627028409129e-8
4.877317838752596e-11
1.8525043382397924e-9
5.6897523013790125e-11
2.1382557073184065e-8
8.860437368521816e-10
9.891361723851678e-8
1.3631597697653356e-8
3.689188258950164e-8
3.6926297638538995e-11
1.0445202973389273e-13
5.4214630491774315e-9
4.589507449739872e-8
9.227336240928706e-10
3.750867526674533e-9
7.49670730645655e-6
2.4065192434358058e-12
1.7920715140697034e-12
3.1610142272977196e-10
1.3292566847112189e-13
2.1404396214974337e-11
1.0081317350313727e-10
2.280879250883614e-10
5.183394347090965e-9
1.6431090012022545e-9
4.8999266002913655e-11
5.415018268903006e-9
5.868135577804626e-9
1.904718979686828e-6
4.81967458732314e-11
8.092186724413475e-5
4.329057117663646e-10
2.6857226782269224e-8
6.99345644794022e-8
8.706697723963936e-8
3.244714615782958e-11
3.489381395086601e-9
2.8930854752703353e-12
6.031872149433965e-6
1.898121685109304e-9
7.889844293871354e-8
5.0932248593177426e-8
2.721757696073786e-10
1.6020322185765487e-6
5.8261031930794224e-8
6.956404100499094e-9
1.1643030602227652e-13
3.2795158334730586e-11
1.877065807228468e-11
9.159873766601453e-10
1.247012051228448e-10
1.534817577160301e-6
8.878634983212716e-9
1.3475866979439911e-12
1.4387655538323108e-10
3.5530385412382472e-12
1.772760900811567e-10
3.645280903613442e-12
1.51846475955812e-9
3.666031741403929e-11
1.288429501472851e-6
3.4308489922801334e-5
8.530837433594849e-12
1.3712051480625119e-5
6.075199087741998e-8
3.404916107223411e-6
5.080549265451354e-11
4.4998041753008243e-13
2.8351470009210908e-11
1.9108326596012255e-11
1.354117125384341e-5
1.2996581517250366e-8
1.3144165937717466e-8
1.5920777810991924e-6
3.9232050199015076e-8
0.00010009162717840683
3.0658444646158884e-10
4.418163757763862e-11
1.6069841722729037e-10
1.5041800440366054e-10
5.117103197711585e-10
3.8794939142567926e-7
7.850778165534363e-7
6.844011472449597e-10
2.9013672987304493e-13
3.780447213714409e-7
7.115977127853718e-7
9.063976601455697e-11
1.1600180825406427e-9
8.515115961649871e-6
4.8132366929212076e-11
3.9311959508097214e-7
1.0192465880690045e-8
2.9623326869145926e-9
1.6896970966031048e-7
9.969565648745282e-9
1.1165777255066962e-10
2.4007997939889465e-7
1.7471202527509635e-12
1.6933005183599597e-7
9.012343137386658e-10
2.733436318941071e-11
1.0212610573619831e-11
4.83588022595768e-7
1.6448430333866115e-14
8.638701104685983e-13
3.679326221973498e-10
1.8978179176231518e-13
9.114162061472944e-6
4.321167724345561e-12
2.8058193971952807e-9
1.2490773008811256e-9
1.793332135795065e-9
1.122606795000747e-6
1.8239323304898846e-12
1.4629121895638272e-13
1.0609381550772318e-8
2.912246810507447e-7
2.6390639059295857e-11
4.878721128819233e-8
1.7292994235943582e-6
2.768203411776506e-9
9.114065300135349e-11
1.7912601108962579e-6
4.249000981094358e-12
1.094205302025708e-12
6.671928057730101e-8
9.378197938629204e-11
4.513702635072668e-9
3.7352333532511935e-10
1.7487266639450651e-13
5.414835965507958e-6
8.449411994595076e-8
1.5061877856047372e-9
1.1337971184764188e-8
1.9673982391711602e-7
5.148260650059289e-9
9.4376654759174e-11
5.314288205698503e-8
2.1140177902279796e-9
5.40208086251589e-6
3.1998213348563166e-10
6.036872178218124e-14
8.90128482744688e-12
7.55641163103605e-9
1.402581779205338e-6
4.67132777160132e-11
4.5196187496934015e-9
1.6235628898508945e-9
4.459610499890949e-6
4.2543375916699254e-11
1.9080478010295526e-8
5.0448881428168884e-8
3.0346852682201354e-8
8.641473932675815e-10
3.5152721969075537e-10
7.167575444918437e-9
4.2602982867066304e-8
6.383238904064289e-13
8.428820758509057e-7
1.1156435284878453e-6
2.3333743003105696e-7
8.11955423959241e-10
4.706338807330798e-11
2.1999144644521893e-10
5.359365451595947e-8
5.3799958470251694e-8
1.3474119303392656e-10
7.142668798862334e-7
6.964434061574331e-9
0.0005178999668867393
3.2819186103434565e-11
3.8736030489853917e-10
7.620280557618026e-13
2.9060288020845106e-9
1.0923554802940574e-8
1.2855990487119343e-7
2.4278186040338725e-11
9.151768906183779e-14
2.3430262070812186e-8
8.791761152213842e-7
3.470753098364468e-15
6.978231254676571e-5
1.4601130113619897e-9
2.10199422482159e-11
2.1226208141246507e-11
2.1753117690219733e-9
1.6449046830697775e-11
3.2642554369354126e-11
9.7419402417035e-7
8.335507306157294e-11
3.2791109327110234e-7
2.0330287073196147e-7
1.8603886919406848e-9
7.383773109519282e-12
1.1818321301510013e-6
1.2374893029901915e-10
2.2723154224340504e-7
1.7205518781548385e-11
5.9537046882743675e-9
1.6245134753057422e-8
2.35120357636835e-9
4.199105594590343e-8
8.29195336361568e-10
6.526568591266259e-11
2.0429283933689777e-12
3.2160361805467824e-6
3.892903665847397e-6
8.490215353686048e-13
3.962188327337021e-10
3.470415264472733e-11
6.190561806190904e-6
7.061569929265583e-11
2.407527948567776e-7
1.860547707967474e-10
3.193982706162141e-10
6.331474337507249e-9
8.196959452704206e-10
6.825862363067246e-8
2.257075217063622e-10
1.0666163582221796e-11
4.40273643042842e-10
6.300182255547351e-9
8.933262646542545e-9
1.9146877513352173e-6
2.723806840972232e-7
2.8503440351487304e-5
1.696926479265366e-6
5.822833085257622e-11
1.5638312874921055e-10
2.618712806402635e-10
4.98410226054877e-6
1.3203779364527186e-12
1.693264707709501e-7
1.1627554059147608e-8
3.5692660492584535e-11
1.1973550166479215e-9
4.2434705620057516e-10
1.4446334077059525e-8
2.908535630869296e-8
1.223174845271791e-11
4.979904968131421e-6
7.068276787366852e-10
4.32640088548296e-8
3.3697891026684987e-6
2.7495111731274815e-8
2.5303987496850926e-13
2.93842167388288e-14
5.19322177964033e-10
3.089750856474903e-11
9.073331988072695e-11
1.4989759406852195e-12
1.1998610015386318e-10
3.432681360207172e-8
1.914361120099839e-14
2.9092161542797345e-7
4.442409722629433e-6
2.4741159054699887e-9
2.9843754549574954e-9
3.418938092518746e-10
1.2030888655422206e-10
3.98913966559888e-8
7.450382512420456e-7
8.407510337199181e-11
7.119477002508337e-7
4.1651449942516863e-13
2.886931285379922e-9
2.4050261389186538e-9
1.8623116816718596e-7
9.957428820803232e-11
4.4443828693879203e-7
7.840863783834129e-7
2.610774196572621e-7
3.062936045302539e-8
1.797546855982641e-8
8.045222496600216e-10
5.895048054233514e-7
5.3709718649569e-8
8.782938498779014e-7
5.829592945067795e-9
2.0106266713386088e-10
2.6503858571043387e-6
6.34189760350351e-10
6.08934045244514e-11
1.8294744210389937e-10
1.9852090802802386e-10
1.4471660049335895e-10
7.713375583142408e-9
2.592770947358714e-6
1.75640235243051e-5
6.012575087006003e-7
1.2369334488340742e-10
2.2686130930504367e-13
2.268872269389827e-10
1.967505497318983e-14
6.6725648608218274e-12
4.021556561792601e-9
8.786253695344551e-9
1.907900598817244e-11
1.3048976524641398e-9
8.44285762123065e-11
5.130411482166971e-8
1.1242340162847377e-6
4.9206432350451456e-9
9.095885349202933e-14
6.373743549817018e-12
4.085604797959088e-6
4.612625099709845e-7
8.422686688163567e-13
4.8015391717743885e-15
5.197318786265365e-10
7.052497195553182e-8
3.15174470965913e-10
5.379549578197555e-10
1.8795401519021253e-13
1.812268723827632e-8
1.035134565433882e-9
3.4630581609886e-9
7.528285473262372e-12
4.57344552418018e-9
3.7674066224522265e-6
2.2306865553418638e-9
3.2440611564320733e-12
2.409587323286754e-9
1.4943997115729464e-6
1.1220683975066518e-10
9.298638569881754e-11
1.1130860989363017e-5
5.605358773052605e-9
9.036367176629423e-7
4.812758392916964e-9
6.330257007169426e-12
1.2286525766525556e-6
4.738402070978578e-6
4.32485108416188e-11
7.101677562511868e-7
3.0721378606004916e-7
2.6191745496957745e-9
2.502677286641309e-5
1.0292225180601107e-11
1.6846667962190995e-5
1.6310922067761183e-9
4.818077903578647e-9
7.331923081037465e-6
1.0580511201244632e-11
2.329400290434441e-10
4.912268323506256e-13
2.2322347116593018e-10
1.0491643231423383e-5
6.266878135862281e-13
2.4925605497853876e-8
1.760547920295467e-11
2.6443276386488366e-11
1.3749409431950232e-10
5.882942944859405e-11
1.030807724980043e-9
3.3590288918863758e-6
2.91265930479547e-11
9.731212142323234e-11
1.8604271270064118e-9
6.555585113661753e-6
1.5596805321504297e-8
2.554669303722239e-12
3.9606517721525284e-11
7.519858342526122e-11
1.7863004123105337e-6
2.56198383186419e-12
2.734524462195524e-5
5.573172012614222e-8
1.0555710092152324e-7
1.7797419717407424e-11
4.8312217712102634e-12
2.0053149990939397e-8
6.249034207140839e-9
1.7465617408265846e-6
2.2835658780570558e-11
4.22356708384642e-9
1.4506489015372906e-9
1.665055102394254e-9
2.000986215142941e-9
1.3426904535601045e-9
3.787069121845831e-12
2.0896839523758066e-11
2.3168977290284285e-10
9.560963668435443e-6
1.172150553486885e-11
2.203354843053454e-9
2.166558953918e-8
3.1386631998832666e-8
4.364824264331947e-7
2.4051452436832035e-11
3.566402039589423e-10
1.5764260943999333e-11
4.525045309132275e-9
1.2421210036690865e-9
6.338086101767914e-11
3.292630338953002e-14
4.1040391747589545e-7
2.1946424377423806e-8
1.470922934821751e-12
1.8806634101382162e-13
3.511425171995513e-9
2.655705288578442e-11
2.5553731018009583e-7
2.218535830945927e-7
9.509536891590284e-7
2.548554478904138e-11
2.9161946821313142e-8
2.1827254710908602e-7
8.967424605477902e-10
3.823793102355861e-7
1.7806836080161955e-6
1.186553101370312e-8
8.427681956556411e-10
9.843156268317578e-10
5.044196273570221e-6
4.828528150584016e-13
1.6984379797423973e-11
3.6517077370984426e-9
7.169182439485352e-8
2.4622160010743623e-10
9.438533299606747e-12
2.462686966913715e-7
1.6012304178725264e-8
9.263005968009967e-8
2.6238607309424823e-11
1.2946579756556175e-9
1.5816600469304826e-11
5.050640063469342e-12
2.782535397203333e-9
7.045431522633562e-11
2.200465605379519e-10
4.149144848711148e-12
1.4681182115421634e-7
1.6114561874386062e-9
2.881152802974848e-7
7.980910356627465e-9
7.045454213421332e-11
9.922040503325964e-11
1.9804030423122236e-9
4.301077486018235e-7
9.054614632464692e-13
2.620615296479243e-8
3.3832450258082133e-9
6.826480414002175e-14
2.071222004523523e-11
6.41357447308148e-8
1.074176508497199e-10
2.008028253609493e-11
2.7641632249551372e-11
2.0978028928551364e-10
5.113354155056526e-6
3.5447210185713754e-7
5.056856771191679e-12
4.653424901003196e-12
6.627940688920068e-12
6.160588361023189e-8
3.920455458848422e-12
3.3868628334647866e-7
2.4658616982854314e-12
1.5333834389407538e-9
4.899020886780029e-10
5.318097203288728e-8
1.653091005725667e-10
5.974158446758522e-9
3.870304572238377e-11
5.708006448381155e-8
1.27022500195611e-8
9.093427263473002e-8
2.178299778409642e-12
9.832538836929655e-14
5.664778289528833e-7
5.042658615303189e-6
1.9173341830238023e-8
2.6042961674116278e-8
1.0128338886935247e-10
2.67155653984106e-7
3.321548410380065e-7
2.9034228788183095e-9
1.7832667419431738e-5
1.392252617020725e-8
5.5304653285334325e-12
5.176549089558479e-11
8.474207936042232e-12
7.118376586508677e-7
5.975865103966396e-7
1.2843526101970224e-7
4.094526869101273e-7
9.982916930587385e-6
1.8621280138773045e-12
7.833326811116683e-10
0.00018471074298652843
6.923817342921063e-8
1.093786557460724e-8
6.663435915852095e-11
5.9066642825889e-9
9.100907955588407e-13
4.692873815402009e-7
1.0219850919470817e-7
1.9079446086329242e-7
1.4318566211055582e-9
0.0017921760161669987
5.337712375097409e-6
2.7860619562226362e-8
1.6871413355292576e-10
8.068908909855221e-6
4.747431091224987e-8
2.3485995127106786e-7
1.1627628961662966e-11
4.0528401204260377e-11
1.6513015221008109e-9
1.0387675667931373e-7
3.723441049339093e-11
2.5365313025927305e-11
2.0655103292660217e-10
4.11730233671272e-12
8.888848511138858e-5
6.845323222462046e-13
1.3057879736288799e-8
4.552128669774429e-13
1.990878084209784e-9
1.6054574910948643e-10
3.5710700393598256e-8
7.740240823304722e-12
4.921444901251931e-10
2.776500232201462e-9
6.456505038922948e-10
7.222561372335108e-9
0.00016419820290179506
2.46967283385519e-7
2.14173920523225e-8
7.444158369550543e-11
8.346725357955545e-9
4.655086965861498e-12
9.611102316109076e-9
2.016992428418759e-9
1.2735194806809357e-7
5.788688833582377e-8
4.340257068505065e-8
3.1685198955347087e-6
1.3841599070750225e-7
1.2671895459654596e-8
4.9554639815048145e-12
9.652528765422399e-11
3.741512378554945e-13
2.729659187496405e-12
3.535285945824664e-11
3.0391587521408887e-9
1.0290519619339049e-10
1.2999046213799198e-10
6.038205109808191e-10
7.910185281892963e-13
2.0344450391720095e-15
0.00021774369020226378
5.059957667258694e-7
3.530431581862038e-12
2.6438399713868866e-8
1.8666917395883612e-10
1.8556201195727537e-9
3.501303414252996e-14
1.1574104038156733e-9
1.756419943868606e-7
2.498585584108539e-6
2.68997815708153e-10
4.403424709497486e-6
0.00012935170842604202
3.606004825307481e-9
1.7930814204715475e-6
2.5043855181189875e-11
2.4698352726247864e-6
4.186333237318082e-7
9.254574825425082e-11
1.2192628653046953e-9
4.040536350531836e-12
4.1775596437410986e-7
3.150436121271814e-6
2.3604735898799674e-12
2.058521306629061e-9
1.4716595163499029e-12
1.819892728956554e-9
4.792772981678279e-10
7.916914073229797e-8
5.87621224710288e-14
4.6139850941210036e-7
1.0154630792048406e-14
3.938829035048769e-5
1.4448981006917125e-9
7.81054797731059e-9
4.738871138187339e-10
2.048157843219205e-11
1.2940225973512946e-6
4.649676595639241e-9
2.830914828543333e-13
9.314339869910548e-11
1.1533565234280809e-5
1.2609683324723185e-11
2.2122056068331047e-6
1.462641428282322e-9
3.2206635730036e-10
9.524926787015213e-10
1.8953785543154745e-9
1.1570548692951647e-12
4.033689400662455e-8
1.4428063736173202e-11
5.92583489631135e-9
6.247199251643486e-12
6.523496365184754e-7
9.742252127028779e-15
6.937810242628174e-10
1.5803906174156806e-11
2.3284131851783888e-12
6.926639680910985e-11
1.642864552504673e-10
1.7891805611854827e-6
5.456741226552834e-11
3.3918835704832523e-10
2.8333071210164573e-9
3.667007912177084e-13
2.8573805726389826e-12
3.209189647314974e-8
2.9105225181112957e-9
4.4333498349473414e-12
9.80259447024946e-6
1.763846792785361e-10
2.8155967725636777e-10
5.77471891698221e-10
4.5315086370205083e-13
7.383092429352731e-12
2.943121898451259e-10
7.883548957595922e-7
1.0324883726347086e-12
2.7559308223602046e-12
1.738930997593739e-10
9.301792867095071e-12
2.2359968937637626e-8
4.4610973957513046e-11
4.243699035842617e-10
3.639256247753132e-12
3.5330913117003678e-12
9.991753164869175e-11
4.723261125978058e-8
1.1784182996731853e-8
3.280559652309381e-11
5.3428700209020885e-11
2.8598873662406275e-10
1.196054594748279e-9
4.0774956184339333e-7
6.245247958793428e-7
1.597814378564268e-6
1.1967565168889928e-7
2.2949663400255587e-12
1.1031996699926415e-8
3.81335779217183e-14
4.683867075667696e-5
2.132494665927446e-8
9.136651213872308e-6
2.09425624188472e-6
1.2794807452371681e-9
2.764899125000853e-10
2.8282078165119013e-9
1.5111620444662078e-13
3.608328689825854e-11
1.8528740087066773e-10
2.219642957286872e-11
5.152215672984194e-12
5.733572861343536e-10
4.636974622516266e-15
3.5681497770751894e-11
9.348817881603767e-10
3.414433381069673e-11
1.2587509743775209e-10
3.9579582609029706e-8
2.517103757124765e-13
4.362125759590743e-8
1.1956771735202068e-9
1.7573250722026177e-9
3.4988560038744035e-5
5.900548440562801e-12
3.809220875551992e-9
3.106530909213325e-8
2.5248306701436833e-5
2.2538823336260385e-7
6.071403368188502e-10
5.910243142126145e-10
3.004120335615625e-12
1.240126567031854e-9
2.1345748944951448e-11
4.3111348924384065e-6
8.715194735250996e-11
8.807822138540493e-12
5.1322717105765706e-5
7.728352221718123e-8
4.732507448061119e-11
1.2257592189033563e-7
1.78371692953267e-7
3.111454744534629e-8
7.706950543709566e-15
7.78443952472323e-12
1.1108886626981266e-7
2.3824224517535883e-7
4.288061909913778e-8
1.1645204842017996e-7
7.319627333335504e-8
2.5561613487828193e-12
4.195133790755658e-9
9.780349023800414e-9
1.8153420171617763e-10
0.00012173659407910278
1.4557467396316217e-13
6.910907276481324e-13
4.4743714405357776e-11
1.1735767619364092e-12
6.603581463113169e-5
4.9371650632731475e-8
6.800360132579622e-6
1.025178990265059e-12
1.2612752902624085e-6
6.971941694634442e-10
3.149747303559852e-6
3.0310451131312306e-10
7.907073341439922e-9
2.645135897020706e-9
2.098767152972336e-8
2.870982447898193e-8
1.2475825418006208e-7
4.097142914258251e-12
3.46330827168535e-8
1.5039027477729709e-9
1.3983253792614373e-7
5.092937292175668e-9
2.1161443935862756e-10
1.1061008164445963e-13
1.4147264780041336e-6
3.4555942661488886e-10
1.4130823854320537e-6
2.4976082546484915e-9
7.641994634767863e-9
1.3556382677954377e-12
2.0794799083770414e-8
1.2138020635798358e-8
1.9811904255061416e-7
5.208295796986575e-10
1.1940647713931863e-8
2.729090022544134e-9
9.166812289590697e-10
1.4281771186476745e-13
3.113126403456324e-11
1.4644589025741782e-7
1.0139744574540401e-11
5.7658901081314765e-11
3.877304443628299e-8
2.014689755132524e-11
4.5871434065813944e-10
7.255396585628486e-12
1.3528604278916818e-10
1.4136376161764402e-9
6.868020974303389e-8
7.692152511552727e-6
2.423239166652599e-10
7.71687902771597e-9
2.2199236954303842e-7
2.1458366992075812e-8
2.7835697672803334e-7
1.7777892828694777e-11
2.017963087194497e-10
1.3088323308235399e-6
2.052079950828304e-12
5.254557236157443e-6
2.6257288919407933e-8
2.907267232057935e-7
4.8896253589411716e-11
1.1680134706007761e-7
3.5202527113808486e-9
4.360631174289628e-8
2.365738561204047e-8
1.955155781571406e-7
1.3179267070412705e-6
4.1025906750104654e-8
7.410060325731724e-9
2.261290896414861e-9
8.180048405085075e-10
1.4004327039140595e-10
1.1102931253832622e-9
1.7778452102407755e-10
5.511866169612045e-11
5.598367978409716e-10
3.9165388480587335e-9
1.1420562572089462e-13
3.8933980642470146e-11
5.734517973586523e-7
1.4568367696009825e-7
6.18420042332033e-7
1.0906300681722662e-11
2.6486712637904394e-11
2.29448859142473e-12
1.2580654278890945e-9
1.0392357794875298e-11
1.6675804053330558e-9
2.018645380744674e-11
6.977757330951662e-10
7.28276587047968e-11
8.844675201714131e-9
5.44072311443658e-8
1.6483025013419248e-5
9.020123574002035e-12
4.81042736007401e-10
0.0007471194536688497
7.725292758264418e-10
1.7838899613744403e-10
1.858562792558748e-13
3.442905861860595e-11
2.1192807437578423e-14
3.0278804800050476e-9
0.00021869061956614926
1.204889888823832e-7
6.253432350300767e-9
4.863104755388175e-5
9.919195876020593e-11
4.423141476648792e-12
9.319498590832492e-8
9.278701585214594e-15
1.5175794340833692e-10
7.617402154424243e-11
1.3654435510377757e-11
3.2634512605990055e-10
1.402195794994239e-10
6.202096890671679e-9
9.669507100644707e-13
1.217365079813761e-11
5.720308076318305e-10
7.901118980073806e-10
5.16722029032775e-11
2.0934247987251407e-12
5.001261266470966e-6
5.203165942101385e-5
4.1945743395485954e-13
1.0816967555199278e-7
1.618406223554663e-5
1.856558193442721e-9
6.838206568254741e-8
3.0719118457223313e-6
3.086003835921801e-12
8.775563838916555e-11
2.8405253408300483e-10
1.8887453840470563e-5
6.997076279689025e-8
2.579189866426872e-9
7.291348419299587e-9
5.602638043491552e-10
1.99656237978739e-8
1.198036048158605e-5
6.830404259635641e-8
1.6978333496161998e-11
9.57674342244997e-11
1.0378521252968938e-10
3.129400327687388e-6
1.7946386308945875e-12
7.50905125531151e-12
4.62920376883075e-12
1.4005421009563444e-12
8.215992353691034e-5
2.7213082245167907e-10
2.0827889579938845e-10
8.206763716487978e-10
4.1984810915358326e-10
1.0047940131561356e-6
4.363481971931395e-7
3.059242747161787e-11
8.937142571561765e-9
1.0392494554661147e-9
0.0029521582201143004
9.221846001878083e-11
1.2192493685513486e-11
8.206362088258077e-11
0.00015640013688966305
1.6706863445661986e-8
7.129287765581845e-10
7.423610540300207e-11
5.54812294208618e-9
3.777714074595749e-7
1.067036543489302e-9
6.3367408563173835e-12
5.997788921293895e-10
1.905044351314721e-12
6.505602966580387e-7
3.262845914851756e-12
2.639441052619833e-6
2.1972299260671178e-12
1.3829777059487594e-12
6.16329848945775e-5
3.9742713439188944e-14
4.478377130167301e-10
2.2246333401044477e-6
1.7672357028149257e-9
1.7234947538923671e-12
2.4847440792063942e-8
1.1928300572572308e-9
1.7295465466864926e-12
8.616925191115848e-11
2.7940539214538804e-12
2.0280185611534672e-11
1.719937709062419e-10
5.57767488532219e-10
9.297952818127734e-8
3.003724892699045e-12
6.996645585824609e-10
2.5238765400048932e-5
3.904570349650482e-7
2.519642913872548e-8
1.444333131605899e-13
9.780741127827461e-9
1.2221714107683379e-9
3.1082689692060536e-11
6.231805622208444e-5
3.910100730219421e-10
5.0828198615848924e-8
5.76785652999207e-8
4.314454644554441e-9
2.0257818888978348e-10
7.475793120892315e-12
4.5729554496363664e-10
1.8030169638145445e-6
2.84796959348946e-12
7.349082765127928e-9
9.800485057553805e-10
1.7329230036909928e-11
1.1948489904337027e-10
1.7469783089808288e-11
1.8527130204424803e-11
2.0184312509611534e-6
1.9213097602301483e-10
1.019569826326478e-8
2.0051248487272837e-8
8.369447864439727e-7
1.1256892223252165e-10
4.384320361806409e-12
1.282321043515305e-8
4.679255989337807e-6
8.470824032636484e-9
5.2193547365797415e-9
4.545594286884744e-8
1.179218481008226e-10
2.3339131711970023e-10
7.949027064704952e-6
1.0133877016117645e-12
9.590546720443968e-10
1.054753624708825e-7
6.815068439048189e-11
1.0210104981035655e-9
1.8403145159373047e-8
7.432555683042933e-10
1.3033729425497456e-8
1.1144659346728565e-10
4.0065679175963314e-9
3.512643335770236e-11
1.922720601789339e-12
4.46582939025072e-9
5.176422230422029e-10
5.217623058637365e-8
5.974774980479713e-12
2.0992520116969663e-11
4.96417968911556e-10
3.348165149922697e-6
1.3434206248898018e-5
2.2545086982464749e-10
1.5212840245123572e-9
2.2260486026697848e-7
1.4473453024921919e-11
4.912954728878779e-10
9.287618010380116e-7
3.688625381616393e-5
7.034864835480524e-8
1.4087433558546081e-11
9.965754464519663e-9
9.682541766421479e-9
6.777834104843105e-10
4.948501327934382e-10
7.633765577264127e-8
6.678294195814905e-11
1.2033247567253018e-9
3.356852265558811e-11
3.5992131533742445e-5
8.676558462297869e-9
6.721404841404756e-13
9.560291409209612e-9
1.2609256931968758e-10
4.673026002978841e-10
2.1126458958163158e-7
3.987974000064044e-6
2.487235017529035e-10
1.3779468326645302e-9
2.0707079785173724e-8
1.0416185912817346e-8
2.8313751964340416e-6
2.086607454908977e-8
2.2033899825316968e-9
6.783645938245818e-9
9.970527384808096e-6
8.531288706697644e-12
2.5534040483727707e-8
6.877711798320791e-11
4.265836004617082e-12
2.1258172809793144e-7
7.225007929926381e-10
4.796680333460431e-9
7.848812771322652e-11
9.296609205738222e-8
2.264456936376119e-9
7.970742325127383e-10
1.8779974347298172e-10
5.683093088264379e-11
6.822801686271822e-12
9.321852074725962e-11
1.9103881884337585e-10
4.129226109277231e-13
2.4376298173601125e-11
3.312665099120226e-12
1.2892391145522942e-9
1.4094004784832697e-8
3.126696663458216e-8
3.083835755140933e-14
2.621899139844173e-8
6.639859588231021e-12
9.56383146231891e-11
1.2398117410428239e-9
3.2226765312085836e-7
5.7985450137070786e-8
7.157735226529943e-9
6.539188130586518e-7
8.942083929100016e-11
4.4389668446810794e-12
9.850275990953093e-8
1.1231352334616058e-11
3.7556650257078586e-11
1.984033529597559e-12
2.0637206106659698e-6
1.1488195150758839e-9
1.7913564080696668e-12
1.041103259628393e-12
6.975173719061364e-9
6.274530866260843e-6
1.9687187594337952e-7
2.1373939711605097e-5
2.090499976735703e-9
8.922938616387278e-14
2.877434614824903e-9
2.1324961606351826e-8
4.470162417933375e-10
5.859121544369834e-7
2.2969219355532655e-8
9.121683899554483e-7
7.448240360594102e-9
1.687291093655145e-7
8.137639968678005e-8
1.1883031539340255e-11
1.7702343661172756e-11
6.156148477920065e-9
2.521304565090566e-12
1.1590775226257697e-9
1.0057488438822627e-8
1.0903887548628047e-6
2.056975470228501e-8
4.2209179662996975e-12
3.087002168972492e-8
1.5302174914997353e-7
1.9895365600186736e-8
6.660731978276211e-9
1.0563096386215254e-7
1.4158896054844618e-12
8.898001920014473e-11
1.2662616659804946e-9
9.704397276965104e-9
2.1140551331195978e-10
5.202970648287935e-9
8.487609561622956e-8
8.297656383186241e-9
9.180674792208998e-5
5.531660695823313e-6
3.4503693738012178e-9
6.301523629171321e-11
6.706756172714459e-8
5.553428948209564e-12
3.331376247643122e-12
1.1374607602641542e-5
1.1225831549590348e-6
2.5592504307034034e-11
6.751200135659186e-11
3.6492786364132746e-10
5.031859553542514e-10
1.002774963744148e-8
1.4149279276506874e-10
5.25135048190148e-12
1.6730468277581426e-5
5.539258830691262e-7
1.3543071127232475e-7
2.6554851764533295e-9
2.101631252010417e-9
7.687407649261742e-10
3.064617958157862e-8
3.4104201203411955e-9
1.3048443221329619e-11
1.7436050055326975e-8
0.00011273524776942302
1.0084881695899352e-7
1.8956104277425342e-9
1.1755633139889825e-10
1.690796159425025e-9
1.3917715417433217e-9
2.393395168775788e-12
4.215885799347299e-9
6.425628778077647e-11
1.3754563288876258e-9
6.517554655017721e-10
3.6278266828499875e-13
5.6889584988373605e-11
1.1700695822257038e-12
4.909772129647408e-8
8.4184072369997e-11
2.845473309753785e-7
3.0583610060395386e-11
1.3766758790482674e-9
1.5927133197051435e-10
2.6274432202055295e-11
3.864194119841529e-12
1.2986523728678951e-11
2.89671016681589e-9
4.1612989282743796e-8
3.543352791659194e-7
9.922006060042393e-9
1.1188466558070728e-6
5.272480532438246e-11
7.808665979988655e-9
3.3426824913476073e-8
2.8798586029395093e-12
1.2522082152121588e-6
3.60273056203211e-8
1.927887461862017e-8
3.519121119885917e-7
1.1020431157210445e-12
1.3946474824147212e-7
1.3005391698188706e-10
1.524075044695431e-5
6.143552363499007e-5
9.884846738940799e-5
1.033057704364518e-10
8.876128979738832e-12
2.568897725178724e-5
6.863704222605323e-10
3.695562183279034e-6
7.867776657852156e-6
4.785388203099584e-11
1.0487953622266132e-11
1.6047128411335498e-7
1.6359336831726195e-10
6.027647531417612e-9
1.23875948269124e-9
8.897152769967013e-12
4.153993678044851e-6
3.811193630518465e-9
6.290665556818164e-10
2.589213937619201e-7
6.06383188693735e-9
2.7418301218152234e-7
4.017389500072987e-9
1.8050276848594053e-11
4.2446864123899995e-9
4.3544563058017117e-7
7.029071912750667e-11
1.6255804005521503e-11
5.479121459056752e-6
1.0227819831741616e-7
4.0111686489348226e-11
1.1173358554804615e-9
2.782649131859687e-8
1.2082363902231125e-13
1.1854097978132644e-7
7.12111875334549e-11
1.0116945578177233e-10
7.191957054926945e-10
1.4934573663707996e-6
2.4161324522817365e-7
3.7828741445011095e-7
4.486412972754105e-8
5.21253574085645e-11
4.6023000057221317e-10
1.457820754135236e-9
2.7946781532820526e-10
9.701931788200525e-14
7.884656858593655e-10
3.155354067926237e-12
1.835613487613385e-10
1.501818365939914e-9
3.0588288711235985e-8
8.874469792385983e-8
1.688756675978329e-9
7.915790337861371e-8
6.669988963251893e-8
2.935825386653149e-9
9.262154629344034e-11
4.510354073520912e-7
1.416619768127418e-7
4.582871754593895e-11
3.5609264422786113e-12
6.745012600365015e-11
3.1758017944733867e-12
8.424541504834779e-10
8.165240834911738e-9
1.482681034441916e-9
2.962357150745564e-8
5.505070199642482e-11
3.0662670683964195e-7
9.284391281625644e-12
1.5428904649560622e-10
1.1923653358509656e-13
7.161095169863356e-8
9.21339898469851e-9
1.7191338524952336e-9
7.831205258206521e-7
1.0271552804095726e-7
9.809270559808145e-11
1.945804537506235e-11
7.355910009165191e-10
2.6606486997256293e-10
2.0232804557432426e-9
2.9632962480250296e-10
6.6867777085501e-9
3.5899868592939944e-10
3.855274418538635e-11
6.892040111173937e-11
2.9370030448742003e-6
1.098063000055151e-11
7.027900743286182e-9
2.255433465035986e-8
2.861877688273935e-7
2.0258287738127434e-9
8.043316248513045e-11
8.811568080889283e-11
1.0317075497992182e-9
7.92733352686627e-12
5.38961770654368e-14
4.7014393615258286e-8
5.957041321719197e-12
7.567741929610012e-11
2.082220466981104e-12
8.782588274318742e-12
3.063039566539708e-8
1.300219619577603e-10
5.025412861099333e-11
7.201876199639108e-9
4.150068357575053e-8
3.2096997441893334e-5
9.78671954504615e-13
1.5626453860371525e-9
7.426051925707487e-9
7.069118482015655e-7
1.01300370890593e-8
2.6964382354246278e-5
6.458426781606867e-11
0.00036124742093579726
4.555049775971081e-8
4.2494240819628875e-12
4.92597138254804e-10
2.5029638372728464e-10
6.19476032673975e-7
2.2355587631191178e-11
3.029105171339659e-8
4.6721419297485233e-14
2.7820857057598497e-6
1.1277946214833385e-5
5.934634542522542e-12
4.656172997184992e-11
4.2420398228047436e-13
4.3843302236071055e-8
1.0275719180834042e-7
