5.940598111016621e-8
2.9965147867495256e-6
3.0195546255199535e-8
3.7476650321468305e-5
2.4863176700028608e-8
1.458655298204804e-6
9.329641172828793e-7
7.119750112851829e-9
1.068112383542547e-8
0.0005141577830141246
3.2975085064489987e-10
0.00012325877377474394
5.448031578929828e-9
2.680463747387369e-9
6.407013212442766e-10
2.1194872432948802e-8
4.656169557144352e-11
2.3012211243174938e-7
1.6309641953239804e-10
6.125693235248074e-10
9.067300427915446e-9
2.8933452547842707e-10
1.273110512203408e-5
2.769515879214098e-9
1.4148769700638134e-10
3.943724148503373e-9
8.710503851020509e-5
0.0008692166847691108
1.6972673776576777e-10
9.267078269232597e-7
2.346488493663921e-9
3.2870706392310225e-6
1.2349119602786343e-8
6.06408163160928e-6
1.0183170420177718e-7
6.451879668940095e-6
1.607218292021147e-11
6.295771577595948e-10
4.254902112408898e-11
2.006880951395977e-5
2.6367505392554464e-8
4.292178329456444e-6
8.28582229163006e-10
6.859126309122533e-8
5.781916537162233e-8
1.0192523608121385e-10
2.5651558626881546e-9
5.077895110525503e-5
3.9117379055505286e-10
1.5334461709947895e-7
2.8576382489407487e-7
2.3743532460534458e-7
1.1136230680880488e-8
7.035782126997239e-10
2.678848942962521e-10
7.319331457795871e-11
5.8115022897427624e-8
1.6604370354794133e-8
3.004541581774381e-8
1.2428161933627339e-9
1.073446896777704e-8
2.1945004973168767e-9
6.547080661558142e-8
9.855041071462834e-9
2.73841886105649e-7
6.722464369627949e-9
2.112107669652281e-8
3.351676854580285e-7
9.061793974044076e-11
8.775862121560656e-8
0.005614756885330383
5.993246633711672e-9
1.7049443469949114e-8
1.4501587910276367e-9
3.790213556498591e-5
1.5041653749215725e-7
6.135634893204118e-9
9.668449205651849e-8
8.829643309027129e-10
4.640307496168187e-9
2.0635143626361976e-6
2.4479841423421177e-5
1.0399039261699247e-7
1.4116598839450827e-8
1.849183282201954e-5
2.3855898655811897e-7
8.926603428371098e-8
1.00369955890773e-8
1.1004266496417172e-8
1.925741767326438e-9
6.235918109663827e-8
0.00010746315653352179
2.2967665666951043e-7
2.6959461846432032e-11
2.582656022315832e-8
2.547153370311924e-5
7.039940362814555e-7
3.9034923699710146e-6
7.664165875382855e-8
3.273679899504967e-9
2.2464738835348405e-8
4.751426281443529e-9
3.973222645219204e-9
5.815107291363398e-9
3.97017829967766e-6
4.475854283566949e-5
2.1055924608155464e-8
1.1146486690294939e-5
3.935256287259716e-9
4.348528859656562e-8
9.753446823101783e-7
1.098385936934057e-5
1.5501666114209198e-7
5.229969848123426e-7
4.7405863729770944e-8
3.2278867199520055e-8
1.292757906643558e-10
4.952767207900431e-10
2.883855519566728e-9
2.188798084573394e-9
2.7010507781114523e-7
3.356183976058786e-7
1.856372236903016e-7
4.374221480477816e-6
3.7546233562797504e-7
7.616839976347644e-7
1.8758563007937442e-6
5.8821015075293774e-6
3.9588541880136836e-6
0.0005907988828226182
3.69094947408493e-10
1.0068657335895062e-8
1.9209264431322507e-9
8.89479912883143e-11
3.287137485012865e-11
1.2597165620255682e-7
2.2416087092419292e-5
1.0840766967228343e-9
1.5056316062918792e-9
5.995559337195062e-7
2.7842555613674744e-9
1.8199423296966078e-9
2.0817557444181006e-6
1.6195921352965617e-8
1.1146912260462712e-7
1.8227815888849353e-8
2.1573484948669436e-8
2.3072855469540714e-6
1.567970123549545e-9
1.0879775295898759e-8
4.508101041208621e-11
1.3911727153538994e-8
8.413319808205963e-6
2.6694755223353365e-6
0.00046463569821547586
6.8963881285331995e-6
1.3576022310478382e-5
2.1882127435128956e-6
1.5664819380146293e-11
6.435717535144257e-6
0.0002315042031816384
1.991406324412323e-6
7.666907139763968e-11
4.777322032509693e-9
5.8417160882240334e-9
9.05964976602867e-9
5.475913687904185e-7
3.356187399503571e-5
3.8800065551525174e-5
2.4571211141089576e-5
3.697265485206315e-11
4.981961639949399e-7
7.648827475186044e-8
1.7965509598300779e-6
1.8869077075275662e-9
1.287950036569647e-8
3.3623727181363626e-10
1.2805852679344154e-8
1.9960108759626184e-8
1.7545915523260053e-9
2.812452337087499e-6
2.1578848466633096e-5
1.3407376877848879e-8
9.582249390122302e-9
1.0143909551861939e-7
3.93425237350282e-9
1.5067054531705823e-5
6.323432474395846e-7
2.7570621611216166e-8
4.3871286016922555e-9
5.803923904165489e-5
6.704642811438985e-7
3.7778099001347554e-8
7.5803397717091856e-6
1.240991308118535e-10
2.2069408445959142e-10
2.334730094018276e-9
9.678105081340089e-8
3.118043446522062e-5
2.0651539593762185e-5
6.929830749198907e-11
2.9515133455455906e-10
2.947471316366227e-6
1.1363028819513465e-8
1.320050321781865e-6
1.2836073347419741e-9
2.7068339690235877e-9
0.00012314093510356635
5.581600628710387e-7
1.0074443013777465e-10
1.7235771306627952e-5
5.707943493837399e-9
9.36572583314115e-9
2.616865902301559e-5
2.564814490087576e-8
9.027277076769116e-8
3.509070727304826e-5
7.415894899957579e-9
5.433778132259962e-9
1.4366098206043617e-8
1.6450664318279928e-5
4.9533076094566126e-11
3.6345849757484256e-7
2.65023301591096e-6
4.434861231387007e-11
2.584696681883737e-6
5.751424374850764e-9
1.200398949500971e-7
2.0429019564310508e-10
1.956952432104342e-6
1.9739226244931737e-6
4.870529324496963e-11
1.2190837493484271e-8
2.0606031926341915e-10
3.0308844217531296e-8
1.6632212445393667e-5
2.991186330702125e-6
7.460358369561816e-6
1.3154956769575162e-7
2.5001179561737374e-9
1.3465781726847194e-5
6.240245323731886e-7
4.062942252934438e-10
3.489418133349494e-8
2.4009973132180487e-8
2.5187667398661907e-5
5.454514988863381e-6
1.291201622715087e-9
1.4887570275362177e-8
3.57561299757197e-8
7.041697752625258e-11
2.025149319700372e-9
6.512435084242111e-5
6.163795752979376e-9
1.4062557503486883e-5
1.0658136794329616e-5
3.104878175803722e-8
6.304879251140157e-9
2.9013952043659432e-8
4.808742869857623e-8
4.286708817995831e-7
8.202639442595118e-9
1.7332351994559087e-10
2.1410983683238937e-6
3.227233297030343e-8
7.378835225593751e-8
2.0094185630644887e-6
2.080229847174561e-7
4.363171842112846e-6
2.7247580274298705e-7
4.982835024482918e-9
4.294358923372804e-9
4.493617771090773e-9
3.403455810256552e-5
5.034921382790303e-9
8.687958593263966e-6
2.9022462880712785e-9
5.987632857556348e-9
3.4482570651712757e-6
1.9833666425240502e-6
1.8098537605331903e-11
6.599354128115651e-5
4.279622968172682e-9
8.753748824862532e-9
1.1979911562548012e-6
3.534681870433509e-8
1.8999085300154705e-5
3.612203487442832e-5
3.0323014986434218e-9
2.056562702880925e-6
1.2335407567665925e-7
0.0001351153750786354
2.9547687224535504e-7
1.6908814889666898e-9
1.0155660602966569e-8
2.161557109867513e-6
0.00010941486599952443
9.821194300175194e-6
1.5063527175833796e-10
3.283664239050317e-5
1.4488717782295194e-9
2.4359237609101764e-9
3.547987428331748e-7
3.0499592355237197e-6
2.0435718815037137e-10
1.0775531777483607e-7
1.4139062086772416e-5
1.929423448180264e-6
2.9054973142600885e-10
2.442982226217162e-8
0.0009905367975605688
1.4017532876808132e-7
2.2512563837728864e-6
1.1921048135971244e-8
5.8168150114349144e-6
1.2882574819272999e-5
1.442735462370802e-7
1.971703010995534e-9
2.2511990091051708e-8
7.3524681864724825e-6
5.358157248084894e-8
3.7433851879520405e-8
3.707482296015917e-7
1.1691733332594686e-7
0.00010521351943353818
3.608851031198484e-7
1.4616017366270462e-5
0.0002594978757739167
6.44578759686206e-7
4.145615222615337e-8
8.753210609823013e-8
6.95047957961834e-6
9.97165134558025e-10
9.821809837373672e-9
7.237151003789185e-10
2.4160878843734604e-6
1.2275534499653216e-7
5.007812521727372e-10
3.27024365511245e-7
7.274437658693188e-5
6.866079882233941e-5
7.647668618265317e-8
0.00014830584136556977
2.5327684369198374e-8
1.7043597983405144e-6
5.979485396409865e-8
7.866878219609659e-6
1.9774605193304807e-8
3.118981959283005e-8
3.378599110280498e-5
5.504274859647055e-10
2.085927599759236e-8
1.571698890347695e-7
3.4379032292153307e-9
9.793943602212041e-7
3.530720839319648e-10
2.1879823261962246e-6
1.3929546799149617e-6
9.267361811274713e-6
3.982046482497683e-8
2.2018899710471985e-9
3.1212516478685875e-6
3.896599528375546e-7
3.4003171012494836e-8
1.1604110052630213e-5
1.272962604584378e-6
9.270208554711026e-5
2.413794078079308e-8
2.3089553203778883e-5
3.4306180098781076e-8
0.00010639464614408336
1.0159972448999119e-10
2.4060858976301697e-7
2.93130797260754e-7
2.964800301290883e-5
6.4936375849771e-8
8.558724247455945e-9
3.8588227235216416e-7
8.78407388543149e-8
6.138384909932992e-8
1.6943156682002668e-8
1.5669682021061665e-8
3.697916465228225e-6
0.00027707471368893394
8.902114608510935e-6
5.023350049755786e-10
5.851939880062033e-5
5.398055611272795e-6
0.00023213815751996065
2.316258486417236e-9
0.00012790888462687713
1.6853371601227948e-5
1.8461928772264752e-9
8.33457197643095e-7
4.346676485440441e-9
1.5528142732580454e-6
1.7651304484587574e-8
2.571141490515849e-7
2.9062695530593266e-6
2.5246287785282266e-7
5.001185853561437e-5
3.943853523209737e-9
2.4022801729990466e-8
1.747039360371259e-5
3.1676754743486016e-8
1.031169920601197e-6
0.00043197689528575876
5.772165501993778e-10
3.331204050109871e-5
4.690604110773069e-5
2.8572071704768793e-8
7.11685016625141e-6
7.19509925431723e-6
6.890320064077126e-10
7.625315524951847e-9
5.393421046988229e-9
2.0949544725690798e-8
3.358581058280398e-10
1.2914270305134402e-11
3.1571083834816377e-7
2.3642155296367283e-6
4.428260935440938e-9
1.5349345829147647e-6
2.5399117295111365e-9
8.351688680791079e-7
6.389437734389067e-7
1.8504427091681774e-7
1.2909147261965801e-5
5.939053485203417e-9
9.544966650270264e-8
1.0436226898554723e-10
0.00010427430123731118
6.420336141964279e-8
8.909337581542395e-9
0.00011494815408484274
3.89666296404093e-8
8.556100077478478e-7
1.9863247170409414e-5
1.2591036345747098e-8
5.878801584694124e-9
1.294353451941495e-6
2.0362366332355055e-5
5.902859991651173e-6
8.093528877839369e-6
5.4284199311144205e-8
0.0001467023220327875
0.0002857187363960152
0.0018789432986868612
3.831558154419116e-7
1.9060147950977634e-7
1.91591766258275e-5
9.409776214919703e-7
2.1195509531207834e-9
3.3236371245087875e-6
9.928566685979857e-8
1.1668168499085036e-9
4.903743600812042e-10
4.177535019320508e-9
6.139993460233854e-12
1.567625590557909e-5
0.0023952978248384265
1.811624586957628e-6
2.0780279149597117e-11
1.0097159505605682e-9
7.602085123940973e-9
2.0117527079687308e-8
1.2214654981551347e-9
8.846914493397632e-9
4.689056061135665e-9
1.2835500506650676e-8
1.5102046284381098e-6
1.6434769378877517e-7
1.9213071074918586e-8
3.595407090189022e-7
1.3161328135623148e-6
2.6092328730565814e-6
9.1699237112175e-8
1.1423439214824933e-6
6.095485237838548e-8
5.812763733378679e-10
1.3803759287028908e-5
5.728081679706097e-9
5.928821776038506e-7
3.089643099009066e-6
1.3466717629079506e-8
6.398761437687279e-10
9.385070166818407e-8
0.00016816686722267345
9.472257972235115e-6
7.768357777638413e-5
6.801280935021257e-8
5.708835903814637e-7
3.3646410294775283e-10
3.912744857282763e-9
3.6763103234877926e-7
7.338462713644417e-8
4.710732008808044e-6
6.137803767889849e-8
2.2068678358336124e-6
3.398383095615164e-9
7.432414672073817e-6
1.5273864337518778e-8
1.6237961452820308e-7
8.628405614710829e-10
2.445532618664944e-9
1.3217557772510682e-7
6.994587074780272e-12
2.4618748191934165e-8
2.342056113139118e-6
3.571387774552565e-8
3.164209538703347e-11
2.085393287006108e-6
1.490023872335297e-8
7.063393617627284e-8
0.00037075068352419253
1.953767309127943e-9
1.2369933720325263e-5
1.7808242041571925e-8
2.748779440507644e-7
3.645216811347493e-6
5.000203591778938e-5
1.9261001363915146e-5
4.458046620343165e-10
2.1073556551800683e-6
1.2797692813304504e-7
1.8252812103677906e-7
4.026120056901698e-6
7.929619347977274e-10
1.0759496552016528e-8
2.440394436123805e-10
2.3514815295854205e-8
2.223111482433556e-8
4.093472947184731e-9
5.91104499394469e-9
3.60346240745693e-8
2.456272626226566e-9
1.0764400186982761e-8
0.00010489179863965187
1.40741078692632e-8
7.400697498916795e-7
1.1695319660453407e-8
2.5090927213007894e-8
0.00035237868177889975
1.6729005965988607e-5
9.087786264843082e-9
1.0832998204677938e-8
2.9028245979149668e-5
2.3894350446031683e-8
2.607571922652628e-5
2.499780417065106e-8
2.0853887056476198e-6
2.6218482474558417e-9
8.260936734252129e-6
1.4594980476161065e-8
0.0002846261378975089
7.865350289696e-10
2.9815285656241976e-5
3.088845247257941e-6
1.0922995627437648e-6
3.5596619026965604e-8
1.2391559778011043e-6
4.002651956251593e-9
1.2597193670369236e-9
4.056214126236043e-6
1.4914048557112705e-6
3.516163893878742e-6
9.17362632318687e-9
1.0572820699921945e-5
3.0685881592545684e-7
1.0608444856136898e-7
3.062734351951314e-5
1.5366070916659287e-9
2.9338722838599695e-7
9.2632220832305e-9
2.5826504453979998e-8
1.76237527354754e-6
1.3406406699711823e-5
2.8562063846015935e-7
9.461151713149063e-9
9.56079445932441e-11
2.3720874279152834e-6
2.3739312900808766e-7
1.3150235596018382e-10
4.751717339363298e-10
1.2151321734740636e-10
6.616100864001515e-7
1.0491018888457488e-9
6.563811217957783e-9
1.148756908637874e-9
7.903040222286206e-6
1.4639430664496996e-6
7.57163524296905e-10
4.0425315895486946e-7
9.876802539942669e-6
2.2310425433809993e-9
3.043063325149938e-6
2.4032117191945658e-5
5.169579833322632e-5
8.988908118780935e-9
6.800597373373183e-5
0.00011300026955308384
5.553111740948615e-9
1.648880414903912e-7
3.705742537569659e-9
8.571069800858172e-9
2.6600129780650176e-6
4.600636889050977e-6
1.1491428936413158e-5
2.897639731979238e-8
5.260007733223929e-8
4.2488101920827547e-7
1.0076617909699789e-7
7.577348284107388e-7
1.066023507562649e-7
6.030994456636723e-9
1.3300360987030501e-5
2.9030532114056475e-10
1.6063428947513694e-5
8.189394285726861e-7
1.945626297093349e-7
3.250070601786573e-7
6.57993358839501e-5
1.3590511128819203e-7
2.428253446718934e-10
2.028467257916634e-9
9.11798618548824e-8
1.4067160593223968e-6
8.209152070099394e-8
5.3690938665743256e-9
5.5640637468663146e-8
1.4102348836664187e-7
5.9828901940893986e-9
1.941763193292992e-6
6.778327586601603e-9
2.1300712310397744e-7
2.9347892551771903e-6
7.57565337262553e-5
3.463755032955806e-6
2.110865587945049e-8
1.7742683088151254e-7
2.0946533976477113e-8
2.450642439281196e-7
1.4837938694071323e-6
1.165052172832071e-8
0.00029950079757954653
2.1669927157697296e-9
9.172446431312382e-6
3.838287373228108e-6
8.669049199711558e-6
7.903660626286016e-7
5.806589860387621e-8
1.2569915486386074e-6
4.051506310590108e-7
1.3142086476767403e-6
4.8036477563994586e-9
3.8913137555997184e-8
9.214974338186578e-7
7.118931210789863e-6
4.951322672580262e-5
5.434603065272143e-10
2.8188934616593485e-8
0.00031202002867844903
5.578397534925182e-9
2.4182521148973774e-8
1.4378964853551381e-8
7.1083585640637934e-9
8.073599643845915e-5
2.757171388896204e-8
2.0791714478479923e-7
1.0333879617641091e-7
6.386818995813718e-5
4.1434082788287036e-11
2.089237189090795e-7
9.049550244010768e-6
3.8612240850058066e-7
1.3838709620975899e-9
2.414890552469741e-7
2.7344073797746304e-8
6.202010721472488e-5
2.0402552234334947e-8
0.003032725002283116
1.6921106042561437e-9
1.9240796127277293e-10
2.99694849650428e-7
2.7893804028173e-7
3.7404635755031023e-10
1.3403988060910244e-7
1.3293984544793475e-5
0.0004216956334888644
1.3406453820329533e-9
3.5427123705597073e-10
