2.498394950458736e-10
1.9727514944216663e-10
4.4893612059367215e-11
3.148117173140737e-8
2.427421788149311e-14
1.4504116812917486e-12
6.283263781015679e-12
3.105249933736717e-13
1.000906882385862e-11
1.8307369321512246e-11
3.5223978323180188e-12
7.268108542118694e-17
1.8415931503959206e-10
2.5120998700700606e-7
2.7968626233312154e-9
1.878513477808295e-14
9.677162227587511e-15
4.117698543601541e-11
2.2241242654371934e-15
1.2879519432503592e-13
6.603927582663211e-16
3.170313258879412e-14
4.01188293634755e-5
6.969687512460038e-17
2.7384536826835814e-17
3.669032208179176e-18
1.2733602536813959e-18
7.711233526680951e-20
1.0093964488991218e-15
1.9351260828873287e-13
2.37227163253125e-15
7.085811498765796e-9
1.6910622798623129e-6
3.9292375317266597e-17
5.078314422677225e-16
1.7200170645050784e-11
2.3931957691265464e-9
8.237980403433321e-18
1.7297925185597052e-15
8.254242162206194e-11
2.1041745721566617e-15
4.086682280110586e-15
5.894796861033643e-17
1.3203241692390147e-18
2.551308945075976e-15
2.7895258970689153e-15
1.25252754432325e-14
9.639590936164036e-15
1.2172884113514051e-6
5.741148288228236e-17
5.662879216489658e-18
9.299688675542673e-17
5.593729764037687e-19
1.1779468410357393e-18
5.394302779596424e-16
5.578210202237276e-19
4.460281432153098e-14
1.1665893674071385e-14
1.2823896157427867e-19
7.878402514578256e-19
1.252917699476641e-16
1.8014248635865895e-17
4.635924345124393e-16
4.120691100933109e-11
3.224877198561505e-20
8.845089357932877e-17
1.5140579853189485e-8
3.371721060975177e-19
2.6441713538888787e-11
2.7321002460662085e-15
2.9874419127200614e-15
1.6678550448416906e-15
4.188598509598862e-18
3.023432732176361e-14
7.547101480501944e-13
3.525896487379765e-19
6.586316297338633e-10
4.621932518198959e-19
8.030191106782826e-22
5.469427068812247e-16
4.901661713778715e-19
3.5359213701168372e-15
1.0174661739734414e-19
2.320218668378113e-16
1.2344972096491047e-20
1.3375275494041988e-17
2.7564878654871813e-18
6.641153988816617e-21
1.1248423297974313e-17
2.187073428754684e-14
1.7088583961531198e-15
2.6235787147159597e-15
7.256388965577487e-19
1.3545221942110985e-12
3.686976144173122e-20
5.711394894222269e-18
7.28007585422424e-21
5.397064150062198e-16
3.1679219697780265e-17
5.990231884152e-16
8.014029283491846e-13
2.9464771927267094e-17
4.202737840085242e-10
1.988229150111928e-18
2.5777283989459125e-10
1.9717667287606645e-11
2.8220207152282285e-18
5.030526336316903e-16
1.1095205716564607e-10
3.2181190753961245e-13
7.650003634017356e-12
9.598503978215732e-18
1.725137799992645e-19
4.237278580826047e-22
3.377199889298257e-15
2.1974696867073823e-14
1.387095092911087e-16
1.6708617450809782e-14
7.18516029466987e-16
6.69956597874289e-16
6.667048663055198e-14
2.770411366430338e-17
3.920495090607475e-18
5.7042362804481895e-8
2.9088697213569093e-12
4.5266685270407334e-12
3.418407946125376e-20
5.1097465167605235e-18
5.765526993340452e-19
3.5353543639267373e-16
6.546939781540372e-20
3.201979159876769e-19
4.3930717505883e-18
2.0295803718014642e-19
8.522420509755898e-17
2.3603123724375234e-20
1.2368763553656898e-15
2.172567517377536e-10
3.4258043408315677e-19
2.687831231446483e-17
1.7110853692215202e-16
4.909158054665967e-17
9.625567732531026e-16
7.731939822399419e-14
1.2462144561867753e-15
6.4711996889693705e-18
6.833294247391626e-16
5.839559334123807e-16
3.8064908244493874e-19
6.7253150649871005e-18
4.263747751918414e-18
1.719221372649247e-16
1.1862845867793615e-17
1.0596113870463997e-15
3.76805325005773e-20
5.0063260810219103e-17
3.341289763085049e-16
1.5794462882365217e-15
5.914275457535568e-18
2.9807776669176067e-18
3.921524688684652e-18
2.7555274459594754e-20
5.509860193052063e-17
1.1494290652374074e-18
1.6195991418391382e-14
1.1401488913370728e-6
4.530150631570034e-18
9.507927772837973e-20
1.5456679952888137e-15
3.65469895741924e-18
4.3968459066218456e-20
6.056515592582418e-15
3.4036570563934737e-10
3.2414362842735783e-16
5.335915338013894e-21
4.822610471399042e-16
4.344654547005638e-19
3.664955830573726e-16
1.3078963901946158e-19
7.36940278903185e-15
1.3316108955727588e-12
8.993369553605289e-15
4.846323044887387e-20
1.1163861771299548e-19
6.5753147205834155e-18
2.796501709794176e-18
8.018606505354017e-17
5.58322117693761e-18
5.015768601414769e-18
1.3968646908362236e-20
3.646038153557787e-20
4.7980254800238934e-18
1.5094747062180326e-19
4.097673414864949e-15
2.131196492497455e-15
1.4112686504193816e-10
2.4686058406424106e-20
1.3850325076253493e-16
2.5825352262960418e-18
2.7230235999970766e-18
5.733264585984366e-14
6.130089042796735e-20
1.0693415424154062e-15
8.756202734001817e-17
1.551058192853724e-19
2.0098112305945184e-19
1.0404529217879362e-11
6.967774885442295e-18
1.0033750677409112e-18
1.1800615038762935e-12
2.9361551644315733e-8
4.3806145136293933e-13
1.5626734006008637e-21
1.3579298255710146e-16
1.272814381019938e-16
8.284411509618472e-17
4.3239948206994385e-14
7.209037172884073e-9
6.079578929816204e-17
7.579395046685912e-19
1.7948691016710445e-15
1.9878731584528025e-16
3.2118207634051746e-19
2.5051086981481343e-14
5.923552085395626e-20
4.141041492683556e-14
2.6318226035856543e-17
3.2412394771061704e-6
3.1632099007586045e-15
8.991762004257625e-17
9.707122672211169e-17
6.793216393170502e-17
1.1109473735560022e-17
3.396033428083662e-17
2.1083626325653485e-18
1.3077037263813607e-18
2.353181713499142e-14
6.680969630751314e-17
5.999998025425039e-16
8.111106722699622e-18
4.4655044964441366e-15
4.457490387528173e-12
3.8757482381834965e-15
4.131572094922246e-17
2.5080731099663874e-17
6.652236526888702e-16
5.118915405154349e-18
6.457112524124005e-17
5.84723432573679e-14
7.280777958867454e-20
7.993033312618548e-11
7.950586643032749e-14
6.518923185540847e-19
3.3540718900031717e-12
2.022235044881264e-18
2.02644647122068e-20
5.2427316639220265e-18
2.8063607942814333e-19
6.488707143434877e-16
9.674054862614834e-17
6.618262299620642e-16
5.4748921917974305e-14
9.519020367557052e-16
2.8666142134503548e-5
1.4642317004264753e-14
4.372728663175964e-17
1.3285967916381698e-19
2.6841510384281e-10
1.3043886195609617e-18
3.224579366513226e-16
1.3488167043775488e-8
1.5145821794693168e-15
1.5162564649887047e-14
1.371434188322115e-10
5.123088060390173e-17
1.0453998752921136e-18
2.496354635525328e-17
1.659829983969714e-16
2.974742697305576e-15
7.208701695616185e-14
1.6689415858252196e-11
7.444929899993146e-17
2.1616037520152182e-18
1.4198150089047573e-13
3.0090617508996735e-19
9.470067999307108e-16
4.709669306027991e-12
1.9629395866183664e-17
3.2960984454607045e-19
1.1103591846508115e-19
2.392830515736067e-16
1.4687664670749766e-12
2.2159454167617528e-20
2.917549041251033e-18
1.302585475736802e-13
3.2619734533705003e-16
3.1611041315397152e-18
1.6608120346520207e-16
2.4126528327803968e-14
4.116295219973767e-18
8.212942282799909e-19
2.0297014468982403e-15
7.688714901249822e-13
9.385825434048989e-19
5.322356189219835e-18
4.9291302215369915e-18
2.3165059439280508e-17
5.051861175631728e-18
2.678496207534917e-21
9.017329980429272e-19
3.584959408646149e-18
2.4449871979559107e-13
5.294173184081549e-14
4.989116553593468e-17
4.115544493331303e-15
1.1917919879251474e-17
2.0196046903538336e-15
1.7245867371265945e-16
8.290585408550513e-12
5.068317986562908e-18
4.0813646724169e-16
3.317658955467392e-20
6.149116509410472e-14
7.405745610345998e-21
3.249907012422461e-17
2.4762395005326288e-17
2.0839244133974312e-13
4.938139499844526e-13
1.0305825530295942e-19
1.4693589189463046e-18
8.844426619222099e-19
9.373270225741776e-18
1.2188952840775844e-15
1.877170763071732e-19
9.818120640595039e-19
1.8999401670597577e-11
3.7874039937497106e-19
4.581266912000013e-21
4.204703666509637e-17
3.806464910703043e-18
1.6271181997993908e-17
9.815033536021107e-12
3.5376935869173397e-13
1.21327751361269e-13
2.2512898629494087e-19
4.3962340916683007e-16
6.651609519989419e-14
7.1645905599599e-17
1.2267018487943468e-17
2.3162009847206863e-18
1.393166459263777e-15
7.331438790611228e-15
1.1877857556810195e-19
3.1946237362047807e-15
2.404677093893968e-15
1.613775342368339e-19
3.8954048232125155e-17
1.5860996667741122e-14
4.664796714263071e-6
1.143081379844989e-20
2.3846408803486663e-17
6.767028053568423e-16
3.7747848002599864e-16
2.532765034573885e-15
7.790798550344818e-18
2.2250756083945136e-13
2.2896378447145666e-11
7.049562701310985e-17
2.880200390935524e-11
1.9363448353872415e-6
2.5768315603443302e-17
2.0853891956112925e-16
3.8625988634052956e-18
6.763570529445685e-17
1.29367819830348e-12
8.723763173007693e-17
1.0644320905473604e-17
3.6411162046394604e-17
7.401205714029605e-18
3.5898123380879375e-16
7.82677180255004e-14
7.43362009942998e-18
1.375898117587528e-14
3.8189884610026655e-17
2.939446224375549e-19
2.07942641243745e-19
3.130058551196968e-21
7.883703171785464e-15
1.5767532840582505e-20
2.7294624907609943e-15
5.4840497319785614e-18
1.3795211676600702e-16
3.1920929202313004e-19
9.042777067645393e-21
7.082685810026015e-13
2.3907575127858893e-13
3.5663548111455904e-17
1.0677213998161243e-15
8.769430970208098e-14
1.1131108753320858e-19
4.1248048123956576e-18
3.1170326451386414e-18
9.029980961336684e-20
3.294693963621163e-16
1.4392765066379181e-11
1.341390256988543e-20
9.320602707803002e-15
1.214555395174219e-20
2.251617442367822e-16
8.370335009540869e-19
1.035273186632281e-14
5.208983762160852e-10
1.597058997839097e-18
2.120486891906331e-15
8.466883942172142e-19
2.326789726069495e-16
9.110442702167002e-8
7.120269463690918e-16
4.380519800531474e-17
1.5285172693953308e-18
3.3588694299225728e-18
9.599770928820188e-17
5.92762633744819e-19
1.937342379157077e-19
2.694977288671006e-12
4.805930729492705e-12
1.1951110144740906e-16
2.447742053702871e-10
4.730461915690062e-19
4.573585110325271e-15
1.8195187041958783e-21
9.711461969229943e-11
8.20066378225257e-11
3.703842193459277e-17
1.167630945260179e-17
3.3206344082604573e-12
6.218719160882701e-17
1.8625495984964939e-16
1.9606652137072304e-8
3.546636978710526e-15
3.72255487215968e-20
6.79864288768368e-16
2.5436797798347202e-15
3.126952933047838e-20
7.837338409213527e-16
2.0889994132678855e-13
3.2621877724090104e-13
1.395229499946639e-16
8.80475680668348e-9
9.537830788623132e-13
2.6508784654495702e-18
5.917463000635681e-8
6.947015072289726e-14
2.1470949375365257e-15
2.413571683883697e-19
3.957220376436326e-18
2.1334550938717747e-16
7.797082017616942e-11
8.651505253115074e-20
3.713767077355996e-18
6.438227430039765e-13
1.2504557736837516e-17
1.8114978556142303e-15
1.3549998692202106e-17
8.20664210424717e-9
1.5527781661664288e-18
2.9668795177267263e-16
2.297450150861113e-15
2.1013978474743245e-17
3.860666713722437e-18
1.2391578779482396e-17
1.0345287094970322e-12
1.9101059110358514e-16
1.535225034858302e-18
5.722190802631779e-10
9.44458116327123e-14
2.1329427448443735e-14
8.770692154801313e-16
1.3338362873625929e-17
3.0563902645789504e-19
1.3570739534263138e-13
1.4917754916522525e-13
3.808217974339202e-18
8.269412215055135e-20
6.140506076776235e-14
1.04095812388365e-14
2.8226098104598785e-16
1.6517125851138213e-15
1.1835060212878236e-15
4.000371347677537e-16
1.2992481799070791e-16
9.186098369049989e-19
2.4290261387116966e-16
8.684810452953492e-19
5.010179266015717e-13
1.851717178731374e-17
1.355913813855692e-15
7.31859873624933e-21
1.569725186444253e-16
4.488768159128394e-17
3.454258177198356e-16
3.614672561237901e-18
1.5437976809025406e-19
6.351690809600816e-15
3.0715165429059516e-17
3.1633729478527203e-9
4.077961621466001e-18
6.821595972015537e-14
1.2421362058876232e-17
4.786963417221525e-19
1.0894036637594203e-10
1.8870434480397333e-14
1.9636329647936732e-16
2.0818229832580413e-13
1.3029010857881579e-17
4.2121814666911317e-17
4.769080889742235e-15
1.8232916888678754e-17
3.421405356301031e-16
2.9148338644041237e-14
3.4617124609648495e-10
2.7501741863505105e-15
2.565187455181094e-14
2.984538132956776e-10
1.6788687236259647e-18
2.0976174111309392e-16
3.814022837196058e-16
1.835239129223542e-13
4.87491795522273e-10
5.624117648166746e-13
4.7970587327302126e-18
2.9533289152233087e-18
7.508566377689902e-15
2.7373057013226744e-9
8.484269707930222e-16
9.886612070175725e-18
1.0820331805442945e-9
2.1307068288543264e-20
1.443227785222859e-17
5.839618732626495e-8
1.7035023125287285e-20
5.670476124461343e-17
1.0879290893331216e-17
1.5872955265220191e-12
4.678427835473562e-18
2.7780903448560307e-18
8.358421259636244e-18
5.399952018260717e-17
7.208400156110746e-21
9.700818922105012e-18
3.7619458783302405e-17
7.85561089184473e-15
5.3410812110580165e-15
5.780705657948049e-17
3.312347586407416e-17
2.58752047200663e-18
4.722028432316144e-16
2.2849016060695536e-15
1.2564060428801787e-17
1.4270408191261088e-16
9.643125336396295e-11
7.427678235631647e-11
2.8701897879001284e-21
1.6537884369121788e-9
8.451590258686948e-15
1.5563594732574287e-12
1.1675555394317332e-9
1.876029265213503e-19
8.099646696274954e-9
1.2820487990217432e-11
1.1643473976581713e-17
1.9709909330161913e-19
5.0016817189622353e-17
1.3976560368316064e-19
4.959639156841073e-11
4.1308442312801635e-16
1.164589982810161e-21
4.8825149243306236e-17
1.446981596945024e-16
1.3181163633001247e-11
1.3181081155557205e-18
3.3925058548461013e-20
3.823311434819758e-11
1.8992250582325465e-15
5.564665086547239e-20
2.0890165135735486e-14
1.5623031221245143e-13
1.9989781399332646e-10
2.2276401909108345e-12
6.631072850016462e-20
6.107344262445182e-19
1.4392510216974954e-14
9.932427253531377e-15
1.0571952744671139e-16
6.330248582280575e-16
2.761734384831978e-17
1.8125874532173635e-15
6.4300773825908e-14
2.7192206530208106e-15
2.9563151065956954e-14
3.928046230233392e-18
6.193358203936609e-19
6.680628343590282e-21
5.022166026665431e-17
3.790245716766222e-18
1.918643481160446e-17
1.3602703869798308e-18
4.140453475377298e-20
2.932525437712473e-13
5.90561753380881e-9
1.0198935060335004e-19
8.261877029036119e-18
4.7995496102330526e-14
1.2923482546868686e-13
2.1245079677021138e-16
1.12432672894708e-13
3.704138995031954e-5
1.7023457203106857e-9
9.748131917382739e-9
5.605356350720104e-17
3.235180438979077e-11
3.315305632533365e-16
8.977286285582859e-20
1.694325521186927e-21
6.731958610176584e-8
1.0431098941024093e-16
1.7760614831246145e-12
5.7060933098244975e-8
2.8349969735723032e-14
8.298600287752229e-16
2.999300584118046e-14
6.445964342240237e-8
8.057257571097595e-18
2.896056052468977e-13
7.816828824992702e-18
2.374670102033995e-15
5.546714243970943e-15
4.827407862768957e-18
8.799886751536743e-15
1.209144738382612e-9
2.9552914454708895e-21
1.5037449513917258e-13
4.1077645856557873e-11
2.0515861945195956e-16
3.3757053806561103e-10
1.312409118356045e-12
4.4454528247690583e-11
4.766112606482802e-16
1.2201061555813923e-14
2.472148909893531e-17
4.108027686015357e-15
1.2180064067416432e-13
1.3203868180196392e-9
3.2740647433211816e-17
2.8400224609437147e-20
1.5927036582404014e-20
6.782180864420673e-13
6.576918997477808e-17
2.1739860062920872e-16
1.859949726249632e-14
7.758759753209589e-15
1.0409097786783945e-19
6.261918123238652e-20
2.5689879400540193e-17
2.3230277174415744e-10
3.652517705797831e-11
6.271871476946648e-19
4.293652419232094e-19
5.464665490698644e-18
4.938653789260434e-12
1.0029688785779466e-12
7.360278571478895e-9
1.265042627864034e-17
2.7165111728551248e-14
3.9118377046692627e-10
6.368314358757418e-17
6.935170741664738e-16
1.7945655592765394e-11
1.1369378674518032e-18
8.776695672805259e-18
5.7503008376480935e-15
8.921005881426757e-19
3.511849319315594e-10
4.9946198811262e-19
7.314030973528183e-8
6.955823651817004e-13
1.2101395440876451e-15
1.3747174751560746e-16
5.888766066842506e-12
1.4083548577901243e-11
1.887748716826126e-9
8.448256394050423e-19
1.9242398414859374e-11
3.5111586484868485e-17
5.981640717093845e-19
1.7163074741927484e-8
1.5125373045372282e-15
7.826234671854789e-20
3.2952466389520233e-18
2.6532681968668376e-12
3.680236500800071e-8
5.6185018056574674e-14
2.1011948356243286e-19
1.0898462745573186e-20
5.453081015039867e-16
3.1752740129339635e-17
1.9279436108647589e-13
4.805721547650516e-18
1.5056543462167242e-18
7.16497041105149e-18
1.0235961745029067e-13
9.408476944310673e-18
1.132746706523062e-12
1.0194765632476499e-10
1.0385408307661663e-11
7.10976353319756e-14
2.1726583685142273e-11
3.9384521209185325e-14
2.4638919048258397e-19
1.3287363633678273e-11
4.005223969309786e-15
2.1629928819086728e-14
7.38669610024785e-15
1.474895062857741e-14
2.6211375497505894e-14
2.0552539226620661e-19
6.427119487378838e-9
4.7786580653155045e-17
1.2180797155779931e-18
8.688603770683331e-12
5.148083345541144e-20
7.107792793425455e-20
4.0025585355596476e-17
2.1670720459065e-11
6.989875523398186e-12
1.323436235477532e-19
2.069689570122695e-18
1.119513816402572e-16
1.7050950349938598e-15
1.992552652867744e-16
5.804069716887902e-12
1.3944448133902565e-16
4.137632884795633e-18
1.7092867736396115e-12
6.339195004893624e-15
1.0805414480873381e-16
2.0554923044935415e-14
1.196652498594178e-19
1.6270819634244044e-15
1.5338006358146276e-18
7.189793888951376e-15
8.836419193257963e-15
1.4873295973188694e-9
1.514022372822741e-14
2.4091362319795444e-14
8.570832308878346e-18
7.497398101306645e-20
9.114438384798512e-18
2.1548879848920363e-14
8.852212642521271e-15
7.948305259058019e-14
1.0146583885369646e-19
5.197296247019022e-9
2.5005454558097696e-21
1.906427059161175e-16
1.7909777771927316e-11
1.5739062823094436e-17
1.2126100368285702e-11
4.550516625943739e-8
2.896933830474963e-7
2.046146956223399e-11
1.5115631840484316e-10
2.160498499154505e-9
3.995073447989481e-19
8.090783047007704e-14
1.1905095926206545e-15
1.1720402632264546e-13
4.8573631827509135e-11
8.930978976472628e-18
3.249217485396523e-10
3.968867622915723e-18
8.548330598243826e-17
9.371613785704296e-11
2.5534832008943585e-15
2.1004701075801387e-20
7.727433289672956e-21
4.197368345530749e-12
8.539361338491443e-15
8.143048100899661e-14
4.616131619390255e-15
2.4828665562466043e-14
1.7927820191145917e-10
2.600909033204361e-15
1.844829023058772e-12
1.226842049167602e-15
1.3722197637787353e-13
3.84360855289695e-11
4.470390124391617e-15
1.7423420390402362e-16
1.414869001703767e-8
8.360018438448234e-10
6.079890160986971e-16
3.881093897907594e-17
2.137901475500377e-14
1.6506140290989917e-15
2.3131110993132622e-5
6.219864452821016e-16
2.3650309401944643e-13
1.3538077498743372e-14
1.2473156562806502e-12
1.0526319161216226e-10
4.500491233833909e-17
7.04276170205652e-14
2.9977490124721877e-18
8.500160637288128e-15
3.1800205205434315e-16
3.4540356498198496e-9
7.677482473109931e-16
2.67769211177606e-10
2.0692893078107034e-15
1.2271148972618345e-11
4.606434266255482e-18
2.4949153184096664e-12
1.849140308876777e-8
9.27795820075824e-16
1.8289222461559818e-17
3.7737027651119123e-19
2.93139969919319e-20
1.4828052006146047e-17
2.504528994456388e-19
8.321334603279271e-10
4.895473574959577e-10
8.892865923504606e-10
2.2221585278276613e-15
4.896678250139509e-20
8.08104073166029e-14
3.1136335412953197e-15
8.620934251404549e-14
3.549902896751537e-21
3.39430640572483e-16
1.6383265404646822e-17
3.4800722042674794e-17
7.423991479948512e-17
2.6348236540466373e-10
4.092015429055767e-18
1.5202932028782717e-14
3.713555076081696e-17
1.6149742707944766e-19
9.73187048373969e-10
4.7625349347292074e-12
1.0122308193058491e-9
1.3465715550425735e-14
2.864654667278413e-17
1.4244959120021908e-8
3.305219603439407e-11
3.951615791910037e-16
1.4915934655216918e-11
3.059485914422448e-16
1.1452708676001112e-11
2.731901847776705e-8
3.98573190324004e-15
3.306918857260814e-16
5.339260193956236e-19
1.6236347433907076e-7
2.061406538791197e-12
1.0662191990066105e-9
4.309253482932593e-12
6.76517120339881e-9
8.843046483662601e-17
5.109097163624454e-18
4.134982093592848e-9
7.312317872330742e-17
7.645589479587349e-17
3.49957344776914e-12
1.4705323692592048e-14
5.741089541078807e-17
3.647308467219712e-12
3.6451256987670935e-13
1.1362029242896882e-19
1.2917474003830134e-12
1.0189524921498212e-10
1.2990743907618483e-10
2.5835399687313253e-15
9.418325951381572e-18
3.735970146317719e-15
5.4829459650339993e-11
3.169324548473187e-14
6.557804518468139e-19
8.299515650653997e-14
7.747672198992158e-22
1.895705415587677e-18
3.33163832498771e-21
8.379185319457072e-17
5.390640381421108e-15
4.8390190726066e-10
3.6077188927728196e-14
2.7781193867064406e-15
1.0176130050205056e-17
4.665903831122407e-19
5.058960752558453e-12
1.682783307848518e-16
8.724971130530083e-18
2.4974511017908887e-8
6.927972541341164e-17
1.3495244269211983e-16
3.1842458029439483e-7
5.372535645934253e-11
4.748848347018581e-20
2.0320519004287435e-17
7.307361163210321e-10
6.342955701850548e-17
2.3950467900190593e-17
3.0227556699729916e-13
7.408838258976975e-9
2.1226996374570533e-17
3.0072987212473684e-17
4.8417613814505154e-17
1.2824209336141695e-11
9.51732204713014e-10
6.0781855800135e-10
3.2482110687838744e-8
1.0147532105980012e-8
1.1134304820803747e-16
2.20339842401616e-12
7.246210330354635e-13
1.0466669007016512e-18
3.404555074883566e-15
2.4568460216375893e-14
1.2366197377679166e-8
3.324532896479436e-13
2.9035809440821356e-16
5.91803264463346e-12
2.2338528493098628e-15
4.7190310921242284e-18
1.0167404916856751e-16
1.8748507620557435e-15
3.678533507703977e-20
1.5721801919292517e-14
1.9054844247617095e-13
4.970888139410235e-13
2.2228881789239872e-17
6.857431984435373e-15
9.408975962513888e-7
1.3141778571420666e-18
1.1055595592312694e-17
6.649061117562337e-9
2.088223068186362e-6
1.4813472249714357e-20
3.925702661632775e-18
6.143962581053407e-10
6.522822981955617e-20
1.2527578396575402e-12
1.8684601788164358e-13
6.418733518161434e-15
1.2410610733635137e-10
9.516575109203048e-18
9.541615308093564e-22
3.599059289661597e-15
3.1441679537541954e-18
4.665239579050717e-12
1.7287510091733816e-17
1.0189213540706191e-14
6.5763653480315415e-12
1.46466798932096e-13
4.049555986276652e-11
3.453027304457767e-17
2.36484328463473e-16
3.3801194776437092e-18
2.1357637858164158e-10
2.138674855874881e-12
1.754356066334896e-19
4.3933636253756464e-8
6.582820328422908e-11
1.6861429765610424e-20
9.400197759439806e-21
4.081970391641418e-14
9.184104505071616e-14
3.147425075897823e-16
3.2054179456943956e-5
1.2290801747916708e-12
6.980317472572253e-9
6.800473600077523e-11
1.5376257798396215e-18
2.8235626571937605e-14
4.717555604713099e-16
1.977642311352512e-11
5.706897688040316e-17
2.610137439899709e-10
6.743770229989819e-11
1.6294166732783292e-10
1.3295192409248137e-15
1.0174697592679255e-17
8.367623989511427e-16
1.0422105064906688e-20
2.236292706021473e-16
3.269283590414464e-18
8.528332528885924e-7
1.2726450583780536e-11
2.5017742727844024e-17
4.967051270411442e-18
1.0476513248788782e-10
1.7101056664609657e-7
2.0135841084787872e-13
7.501864880533623e-13
1.7081923140212437e-8
2.1116082317315719e-16
3.7488265453573904e-16
2.0601014488687715e-10
4.9818819181022645e-12
1.5162186830343646e-16
9.755785938615764e-14
1.2352826207703595e-10
1.5392222407257183e-11
1.5967823199066747e-12
7.678411037257047e-20
5.097088268521066e-7
4.535559051770875e-8
2.477370858088319e-10
3.6105012161945763e-12
5.767127502984488e-16
2.1536158655268492e-13
1.6750316882761618e-9
7.458697959361659e-17
7.811634411340548e-14
3.487362966004878e-16
9.725038099554067e-12
4.498257392702343e-17
4.600639634107889e-9
1.217898809509057e-13
1.451489007526624e-10
2.2902528113238156e-13
2.800966329511866e-20
1.1286712398035714e-11
2.1389170572340717e-17
2.848732757251517e-18
2.91231974512432e-16
5.409085043513513e-18
8.157243646130706e-13
1.3533671584751158e-16
2.2186921196415775e-17
4.3432302512136315e-12
4.698714971824342e-11
1.5835593447346188e-14
3.3303020439139113e-9
4.123428797919024e-14
1.0119573497566369e-15
5.99939806131806e-12
3.9048031685084526e-16
7.443404540222731e-12
1.0995886781388443e-12
4.0673659203056374e-11
6.821420974099141e-11
2.903823599976976e-16
1.5830315751881046e-16
1.5742662639866188e-14
3.723921217258592e-12
1.7439912939183784e-9
6.257821810022692e-12
6.5807930678763545e-15
1.1625345412990965e-14
2.3245479138575523e-17
1.5784340354242063e-18
3.562870579978434e-18
2.029122580176124e-18
9.708901108729447e-19
3.4122493506900246e-18
1.0787634649963383e-13
9.133864526008513e-13
5.36505736305547e-18
5.257819822347668e-17
9.342173047822182e-11
1.520264881553976e-17
6.64342278462618e-14
3.692887827332762e-8
6.25459872711485e-20
3.656315784031999e-18
3.370742516843612e-17
1.4594250582277134e-6
3.3854797304655396e-14
7.945697035574229e-17
6.620113247355774e-9
3.940753467717762e-8
3.518902977776242e-13
1.7983587841601235e-9
1.9923373094357322e-17
8.242024045119479e-18
2.535472656191643e-16
1.722880330271703e-13
6.244223409632642e-9
2.0806528806089065e-9
9.177823755194728e-12
3.676702731604361e-11
4.0724221028941586e-13
1.3888676359605598e-10
2.3500966315152923e-20
1.5804713617672377e-10
4.3266107911653395e-13
2.4462889786631455e-19
4.760752080792634e-21
7.023844073870478e-14
2.058388454883791e-13
6.784478724805606e-12
2.2598130756318744e-10
1.6079392212307796e-18
8.48255095473157e-12
1.2457409097905626e-14
6.07402269508324e-19
5.770014556795543e-13
2.4128341324026162e-14
1.0393999912090416e-14
9.308631653724561e-10
1.8773201508198123e-19
6.58028598152951e-15
1.3279492034647952e-12
8.217631857344931e-16
1.5087582441936538e-13
1.2593167167299155e-10
3.470642542986258e-16
4.4834225533946485e-17
1.914304949160852e-17
2.0350325122330698e-12
1.7291358589635472e-14
2.2692097393777144e-7
1.4745542904498455e-14
1.6268389908300637e-12
4.560516350370286e-14
6.883228989608525e-17
1.0612894327019644e-17
2.2653590544448857e-14
5.393708883788742e-11
2.8313574189015565e-18
3.867752999742976e-15
1.4975477404568126e-16
9.031380919232185e-8
1.2419155132166113e-21
1.3487837974808e-13
1.9360598240447677e-15
9.405316556937978e-10
7.354292844986503e-14
3.5518720064927973e-9
1.811147959937223e-17
6.954834593552784e-18
8.769888586599857e-10
2.745583097138015e-13
1.6389121751014168e-13
1.343066420652731e-16
1.3375958684851075e-10
7.696537538270278e-22
1.343949546557547e-8
4.652813724712501e-13
1.0064432523544554e-11
1.3505676370947125e-16
5.905171242612624e-12
1.6606560830090038e-21
8.585765354652769e-16
1.577027940195506e-16
2.3025667907299023e-9
1.7261116974219294e-9
2.8511452308482382e-21
4.276910043278492e-15
1.0984029063015194e-17
8.721688354472595e-20
4.677915663779768e-13
1.5978338644118518e-12
2.3657847331172564e-14
4.944340908424532e-17
2.743434702889819e-9
4.763086577855823e-10
5.063307163729632e-19
1.7972182559892568e-11
8.162170653050048e-7
5.049735547687597e-9
1.2299955425408113e-8
5.17731169801141e-18
3.057857288031199e-18
6.995077178856957e-11
3.44415889744925e-12
8.708787453369936e-18
6.843337936761133e-19
2.2162808523281814e-13
2.6942015737922382e-17
5.674795731981862e-11
9.268647577903128e-9
1.2825132290011127e-8
1.3491596099347594e-11
9.688441294929404e-18
5.580738584628196e-16
3.289607730983967e-16
3.3475268058959527e-15
4.106654139903585e-11
3.797496097478204e-12
2.4807658549842706e-10
2.0321119272297794e-17
6.979197893686165e-17
2.553128134996193e-14
4.799918517118348e-10
8.640459626888465e-12
7.199347366549487e-10
8.681263775311937e-13
6.999360791332252e-10
2.3714590501216754e-17
8.472000969691481e-15
1.9464835210245736e-10
6.303359218933871e-18
1.1449116107629857e-12
1.0808076435463039e-7
6.502769821273273e-10
5.4389944104601755e-18
3.4944598508508744e-10
2.431382531908897e-13
3.6628312855561114e-7
7.130706255551469e-14
1.3384888898200369e-8
5.1706361888710974e-11
3.708908597775735e-21
1.1861481074953206e-9
3.6744237827055247e-6
6.902136680409874e-13
2.7275562242118043e-14
6.421866488485723e-11
3.480035018783925e-16
5.530117544602325e-11
1.7237873152326357e-10
6.435453668418796e-13
4.304759524883279e-14
1.8773167826147974e-12
2.6536715781267876e-19
3.412837983666381e-14
3.71083612648999e-15
2.6848920327751404e-10
3.3788815268039775e-11
1.1228536935374187e-11
5.533759567043407e-13
3.495419889883585e-18
8.207114270748909e-18
5.053554191638033e-17
7.185041863128001e-11
6.019998936296193e-15
2.190135627232664e-15
4.9252171486934686e-14
1.0014018703461264e-11
2.42570333326875e-12
8.089465426551928e-17
1.0517733312756797e-11
2.1154469361922063e-8
1.2437669142903475e-11
3.558307882774003e-9
1.0402383613966297e-11
1.9217010714199887e-13
1.9738509621746322e-5
9.347862837496865e-20
9.617653862675087e-8
4.008850543042955e-9
3.1485040545592637e-7
1.2993157210159817e-13
5.110837204955329e-10
6.897073013159993e-13
2.841089798686667e-17
9.219024251678886e-17
1.580019144811366e-9
8.974206476906743e-13
2.162782076195214e-8
6.9957843823912865e-12
1.3893246918051228e-16
3.358768273752815e-17
1.0942423954304023e-10
1.4586668331736818e-5
6.364415340808438e-10
2.8870385191438756e-18
1.524006269997038e-11
3.985092501316354e-9
4.617213648961987e-8
1.5068421056646325e-14
5.968405501483308e-12
5.471992253374678e-14
7.186697932378137e-11
4.344935012032708e-15
7.925158974725231e-18
8.878430892326272e-10
1.551222836904797e-12
6.643917803766336e-13
1.876306860258566e-17
5.49927346844464e-19
5.445474316551344e-14
5.1886437245178804e-8
5.9393909902112106e-18
9.88465904206201e-20
4.7486203523785905e-14
7.84176207939416e-10
2.0723311862758665e-17
2.6143709636105227e-9
1.2951071301200506e-8
1.2566776019120505e-12
2.379704927731664e-12
3.0167057222123648e-18
1.7486145636628732e-13
7.389254359667878e-11
3.003613898727568e-9
1.1308794185413081e-12
1.838043024908213e-10
4.2327908950847395e-14
1.0344590266292504e-12
6.049207967385269e-8
1.2643223360383977e-9
1.7869064105148073e-8
5.427209967242038e-16
1.242240389796513e-12
1.5510563789874645e-16
5.887980221660778e-18
1.087300286409133e-7
7.235411591743926e-17
1.6177674922804627e-8
2.4205130940325385e-13
3.8244505122265844e-13
4.986445824329954e-11
2.723550033115531e-13
1.1200987347663732e-13
4.74580411186888e-15
5.022697079622811e-17
1.7330287385620735e-13
1.180273708038643e-11
1.1182665288423975e-9
1.83302846635971e-13
9.409460683561718e-16
4.4054374997171615e-15
2.3297735984715623e-17
4.128083639843471e-15
9.566117716833826e-9
3.4898427088578504e-9
1.0691665115644355e-10
1.0346220644026925e-7
2.73130861136841e-12
6.649539332548291e-13
4.5917572584176954e-10
7.467005642176908e-13
5.014569771483231e-12
9.287813937951128e-9
8.663806523559113e-12
2.4842591157586553e-10
2.2583591353000857e-12
4.089963762550418e-14
1.4321572355470514e-10
1.082959296952808e-12
2.8552922150331544e-14
5.601449306744308e-9
1.7122709647595755e-17
1.9097910373845223e-9
9.199890862451434e-9
1.069531815425942e-8
6.855152794633905e-13
1.0297253695041399e-14
1.262211693110606e-15
8.467944023494441e-14
2.4414692104361933e-12
1.0033394349406236e-18
6.514878745631253e-21
7.758361604530669e-9
2.6428617175766648e-14
4.28067578355033e-6
2.1664588181306474e-13
9.72524062290447e-13
2.5799659078348564e-15
6.835184018012892e-17
2.8559256090204072e-12
1.7442884037437836e-9
1.2281480102378026e-7
3.486540291343508e-18
2.014027035280307e-19
1.7015560240925611e-16
2.406107938919035e-13
7.489806701814015e-12
8.746271707511423e-14
2.0036521369573564e-7
3.131477679930127e-10
2.6514236770222767e-21
3.6970386659606207e-13
5.678814438903813e-13
1.4398084463027108e-20
6.476256026948171e-10
1.4756601167461225e-12
2.433809691739319e-14
7.65133435151191e-19
1.8780047644339896e-15
7.561966316632262e-8
5.251108133566527e-15
9.46078012560618e-19
1.645089618344327e-8
1.055108239039909e-18
5.2485420480416125e-19
8.463348533147945e-11
6.621674864314384e-16
2.3558412710299134e-13
4.176329837320614e-15
1.1555374105487966e-10
9.09921672069685e-17
3.1873284170120758e-12
8.836708172627281e-17
5.615244643643064e-12
2.821910242172425e-11
6.110470919422388e-16
8.403428988410656e-9
1.052210702503453e-9
8.109804732725106e-13
3.116462857038921e-15
2.0350410094605159e-13
8.168695430853302e-9
1.4375661222923673e-11
4.712977395304022e-17
2.9036121541509185e-15
2.7227313010567653e-15
2.2651451973804543e-13
3.554340486687917e-13
5.26545622391861e-16
4.247878511582792e-16
3.8111388302596893e-19
3.263789778483779e-19
9.937650012624085e-12
3.0582045754154556e-20
2.0307826417392678e-12
2.6067871963181163e-10
2.315695126252071e-20
2.3069798421914725e-14
2.0352168745895816e-12
6.005673806255216e-13
1.3960163813279071e-15
5.128533888145787e-12
4.019037381441556e-15
4.737974838091419e-12
3.9830921629714e-16
7.138753621051093e-12
6.028828137002415e-16
2.910312165298756e-13
1.458244941982604e-12
2.9398906325802137e-16
2.0827766004734803e-14
9.33995266842179e-10
1.0787180523790498e-18
1.695050374182432e-11
2.7952128900820835e-15
2.1967777606544906e-16
2.8692096429334625e-12
3.430791084672814e-15
8.678909926208583e-18
1.2171867372744091e-18
3.324379550365825e-9
3.2357315279654967e-12
4.558311873917686e-13
7.658474067091654e-14
8.794302958528339e-8
8.678637105705314e-8
2.9087561070471975e-10
1.7791934729332684e-11
6.040205449578717e-14
5.15338865751599e-20
5.636028465179152e-10
3.735483520185946e-20
3.089220143618115e-15
7.156139729930942e-11
1.2979470443937188e-12
1.3793512280988166e-11
5.226801426205693e-13
1.0483134395900073e-15
1.5749614801810818e-15
3.983275381477386e-15
3.462411880932662e-7
8.844811091604528e-11
2.1875763144481714e-14
1.0434038359052668e-13
2.522646392249409e-12
1.6987242439921435e-11
2.0401690107124085e-8
8.137615075184527e-16
4.003664478666e-20
9.414644129529502e-15
7.262438213344981e-14
6.007218463010852e-10
1.578880131333028e-17
1.9517573557543534e-17
1.6746355158728969e-12
5.235670538631385e-11
9.403298779190885e-12
1.6081602396974058e-15
5.946313241617547e-18
2.5951726065601944e-15
5.598833055196669e-19
1.7252259581544086e-11
1.3135876671134132e-7
2.8781772146950373e-15
1.3949259161891699e-10
4.742116884451552e-14
3.857531722404748e-11
2.867999809239976e-13
4.200773701540539e-12
5.2832023664513115e-17
1.4339696375812978e-16
1.276811523593382e-13
8.186286689248087e-15
2.562586539613732e-9
3.301044525370332e-14
1.5920659136975866e-11
1.6198186219873105e-12
9.406435706384502e-14
1.0950429395664032e-15
1.0298803927346966e-11
2.949527783394834e-13
1.008924692205503e-10
5.087166387903814e-6
7.309379148581014e-12
4.087366594141707e-18
5.398167007286467e-12
8.302507311356898e-7
2.722048905430546e-12
1.1950514746309145e-17
8.29420774682124e-18
1.054069535141427e-16
3.8110509256300574e-13
1.0087631518562214e-16
1.9777763522969854e-14
1.9895785060752566e-10
3.3164606378603752e-9
9.493380048727239e-15
2.9779198220395418e-12
6.692645346507842e-13
1.4338900924939707e-17
1.924011733523707e-11
3.309907125305957e-14
1.633851951089196e-15
1.0963609572897122e-13
1.7140084166306675e-15
6.42584231719601e-12
9.116832762465695e-12
2.4973533235060038e-17
6.421512214286573e-13
3.840867231586947e-14
1.0896263650360556e-11
2.6463195549979416e-13
2.2210133659951636e-12
8.039862889206927e-19
4.137105241332487e-20
7.224194327134745e-14
1.2588807854610254e-15
2.4051516344336844e-15
2.9388525086898316e-10
2.016760501181469e-13
2.683089184974148e-13
2.1019787886833312e-10
2.854515722047641e-16
3.700999070485596e-10
1.024194863078429e-6
1.2902763457509158e-14
1.0729570198289293e-9
2.059385218812595e-9
6.120046391178641e-13
2.830515070818515e-11
6.780154233289246e-9
8.982093383006412e-15
3.866332724836305e-14
3.201493762384038e-16
4.706690559429235e-9
1.814694142435704e-11
3.071414624134569e-14
1.7073780765763458e-12
5.130861670346838e-17
9.323264979104377e-13
2.6614631954190423e-12
3.659775743786117e-11
2.9899570839988036e-11
1.1775886872428562e-11
6.2817307430467645e-16
1.4659799508912465e-19
2.532080025228516e-16
1.2153106403315297e-14
0.0004823496381261623
7.611430196960963e-13
2.401586895407964e-14
2.9040695744578757e-17
4.462180845553527e-8
1.5070537679770048e-12
1.1426621300773013e-10
1.1027004593671582e-12
2.404567902971935e-16
1.7394145029809638e-12
2.702892181591481e-18
3.855131278132331e-17
3.078255190297396e-18
1.454866063452401e-10
3.554128179193013e-14
6.036264098943865e-15
3.022509956863444e-13
8.266859190941823e-18
2.9474459620489246e-18
9.391035731010148e-8
2.9495042560743344e-14
2.443401091684265e-16
2.2439007100890182e-10
7.508844292513517e-13
2.150385149234966e-14
3.191774183159303e-14
3.4508806703852544e-14
1.187438723295911e-18
2.1103652785088248e-19
1.5121406209825716e-18
2.3974697643414077e-10
1.2962661794724186e-18
3.783170791741414e-12
1.1932705373579519e-10
7.929705417173843e-8
2.4282445791543362e-20
1.881078578473405e-21
5.709615796302808e-13
1.5532762435933576e-15
4.1484872969809605e-13
3.110407006888897e-14
1.9217845178032435e-14
1.493217365740707e-17
3.72086199094794e-18
6.392135810051537e-15
2.904645138718072e-8
4.933973757183671e-12
6.096423068653658e-13
8.717014338729693e-18
2.719351947645972e-16
5.579544543650024e-13
2.4029179306843748e-18
9.074226705734614e-16
1.1150626598634184e-11
1.9356600535877212e-15
2.5176505119246576e-14
1.1451075329965749e-17
5.933033575732661e-16
4.727306220039519e-15
4.313453895189886e-9
8.089064249423476e-7
1.0083901338293412e-7
8.125521085576669e-17
3.613480035005868e-13
2.1907298595964253e-11
1.2090194805942892e-17
8.455654864213865e-20
1.1729752102400288e-12
1.569625482000428e-17
1.2059887002437298e-20
1.574251449700716e-8
3.1900166417967312e-18
9.750461846188235e-19
1.1685205337095398e-16
5.3738863945539466e-8
2.4645376569610746e-19
1.4371254996894387e-12
3.183025926822346e-10
1.0603394782284361e-14
4.939164574014248e-19
3.3215801603441543e-6
6.661182282891245e-18
1.6596568938242456e-11
4.39638893968725e-15
1.0222577625890014e-13
1.8561178698541162e-15
3.256511427591897e-12
4.7934346917335665e-12
8.639475981355368e-11
1.756584705920009e-14
5.330285713644667e-14
1.7078645742635233e-17
3.703212672167204e-17
1.888639908039441e-9
1.2245146355298154e-12
4.509192614148785e-14
4.158225270753974e-17
1.052932527068448e-14
2.769607682088079e-11
3.853652907267856e-19
9.28105948186456e-9
1.6655392857282894e-13
1.6837602361079797e-11
1.761326446412249e-16
1.5203800933311952e-18
3.164945990225234e-13
1.8870236306970787e-15
1.2698850788639564e-11
7.253757571205414e-12
3.160171990102352e-12
7.040966121078689e-15
9.166944926882692e-13
9.885745223039447e-12
4.334737039471827e-15
1.8418578653853406e-11
1.3571678970633544e-20
6.739477781889422e-14
1.75773645562652e-13
2.070577696384189e-11
2.514126912260875e-13
2.7881684891377294e-10
1.736037642474622e-11
3.8135423883309003e-16
6.835769213733886e-10
1.7345544491697385e-10
2.014289805183725e-21
4.919351237664973e-6
9.771863361348335e-19
6.562429018637558e-15
2.9733580328016476e-15
2.0663249456502522e-12
4.70841654068371e-9
2.260901624389157e-12
7.243547023468471e-15
4.78275923859581e-10
3.879430011745766e-12
2.164250927108216e-18
1.2068694490281138e-13
4.040319376530612e-14
3.004145402131537e-10
2.867239993149897e-9
4.987050118283032e-17
4.209057184397135e-11
1.8989005371145524e-17
1.2679097501022969e-13
1.3295459016370697e-7
4.503968959115e-14
4.3640465600478965e-11
2.572234953816636e-9
1.3808609546136899e-14
5.39305122630226e-16
3.143464999390463e-10
2.4934182339112306e-8
2.754874754345716e-12
5.194444558437042e-15
5.983896410487499e-14
1.5112002973040526e-15
8.080305967936727e-6
1.921988660219112e-12
6.762827206217165e-13
1.962154335401416e-9
1.6904994695528012e-16
1.1521739601357881e-9
2.2641088892072404e-19
5.0053507482787946e-8
2.3900893135957477e-13
7.57720291093494e-15
6.4631259324012016e-15
4.888655629674407e-9
1.191952218074902e-13
6.884268255109445e-17
6.121103830091505e-13
2.6608722858538524e-11
1.5152764247226047e-7
9.570444539612755e-8
1.862111971446935e-10
3.916334381281146e-12
6.719639607998226e-7
8.392381128590346e-18
1.1361567708810669e-13
1.395152511706917e-12
5.105522891295432e-18
8.794565983897999e-17
4.6517493742297765e-7
1.1308932075796755e-18
1.128957599170194e-19
2.6700547301670656e-16
4.395838358130782e-20
1.1451072552531373e-6
4.0552540763920695e-15
2.1248169309791357e-11
5.24899227313479e-12
1.1010501421835234e-14
8.586494535732077e-14
1.2132845152142518e-14
4.172110955292294e-16
7.361422955434571e-14
2.6729049314757705e-11
3.308934449616015e-13
3.400642737639962e-13
1.5483112224901949e-12
5.244982225803766e-12
4.516878068124456e-18
2.384387984016593e-12
1.098713777771269e-9
2.0498250626585676e-14
2.3001452738888118e-7
2.9939607471094345e-17
1.4153724636445292e-15
6.29717433800527e-13
3.1450276250592334e-17
9.99216060626177e-7
1.71926304957422e-14
6.792342017331829e-14
4.031213429949855e-15
1.6921471769944738e-8
8.122323507640496e-17
1.2302809933413629e-16
9.084547544754708e-14
5.384273077116625e-13
3.5398413572553053e-7
1.8807164747915458e-10
5.472798332191559e-11
1.474325582276781e-18
6.528321088618648e-14
8.426315175537592e-10
1.4339705629414456e-15
5.066234801469946e-19
1.1172404451552145e-13
2.3524278453458217e-12
1.2307893477243396e-18
2.0364327425129132e-12
1.171891612645238e-15
4.326317997541206e-14
1.69977969836778e-10
9.5035476788587e-18
5.480808218085586e-13
5.382904660107972e-20
7.998791933794619e-19
2.0146434680946172e-11
4.031849800950383e-15
5.3623800016197504e-14
1.0802979730505982e-5
2.5308987075757646e-10
1.5812921880444895e-9
8.561345226856397e-11
8.589507616815917e-11
1.4538432721462524e-13
1.1115292307413145e-13
8.532372656138239e-17
1.5954142700124636e-12
1.653222757930938e-14
9.258908684947228e-12
2.778803183591331e-13
5.804673951347481e-7
2.0843580980745895e-13
9.33865330033166e-20
1.4705322643944394e-15
1.1652502952238147e-10
7.431725221630193e-10
7.420108893794045e-11
3.1607015711515017e-13
1.0470934947087564e-7
3.113389851205066e-12
2.9998723715881615e-12
4.785529338283929e-9
1.4896553266301707e-10
5.046718397136772e-10
3.478446867379625e-15
6.802705162141077e-14
1.331779951599226e-15
3.818743573557594e-12
1.0629771075785235e-15
1.6734836291777871e-15
8.078683672623585e-15
9.98383830566894e-15
7.14439641875645e-10
1.5292307288807459e-12
3.5194009272710506e-8
5.787371791084181e-16
1.9351133451161737e-9
2.6639272140865735e-11
8.495525615988185e-11
7.155927045983721e-19
4.911464333542479e-11
1.763524956552506e-8
5.785954915014978e-19
4.583686879396141e-18
8.820577142291633e-17
9.599884590611218e-13
9.27723136151365e-15
2.2790832238012884e-21
1.3857171145014781e-11
6.732677202741646e-8
3.69115828405633e-16
1.299752414384467e-10
4.563130895116432e-15
9.805689462211691e-15
6.286657274405206e-11
9.700311646278292e-21
2.0349084314770304e-10
7.986841102212283e-13
7.482322332867189e-14
4.5119435859783727e-13
3.5901012753595085e-14
7.119420304862438e-16
1.7466764886449953e-14
1.0131644887525849e-10
1.3990307636178946e-15
1.8195083616996113e-13
9.621596146123208e-18
1.018134068874235e-11
1.9524855344604481e-19
1.0354587487132264e-17
2.2483856188491194e-14
9.636769465832716e-13
1.2946619031860588e-17
7.776163701629099e-10
1.2593153100064632e-13
3.1496111940045943e-19
3.823992388810798e-13
7.381622482931555e-9
4.221689038394944e-11
1.3516577139913606e-15
1.465121825122803e-13
3.999157208257057e-12
2.254876066687207e-17
9.942621881165238e-12
1.5806470403772253e-11
1.7010945849532846e-11
9.687532039605076e-17
9.829734768815067e-11
5.596333885408805e-12
3.2674939527304107e-15
4.643372230910594e-12
1.9793350085581623e-11
4.9868985122833235e-20
1.9271006512908875e-11
3.6009467356032496e-10
3.0797087526455325e-13
3.449580515088337e-11
1.768164057850756e-14
2.508641583835127e-14
1.252063054151987e-12
1.1516878855477311e-19
1.258912913652672e-8
1.8345228422242678e-14
9.516846191531838e-17
6.811424317851381e-20
7.751407409820903e-8
2.4441456572119395e-12
1.5303324983725032e-8
2.846715528157765e-12
1.6785489498997331e-9
1.9223454881471232e-11
2.9992372985760614e-15
3.0154181232626164e-12
3.1322769066453825e-10
4.6463412880646716e-11
5.367677222969772e-15
1.274484503419896e-10
7.920439120043866e-8
9.851585252961965e-7
2.565833776039259e-13
3.1187312737546207e-17
6.899899324565035e-13
6.504862744179819e-12
3.836401169181615e-12
1.2028551381247815e-15
1.2523463957966273e-9
5.942798995145342e-7
1.3187306576692301e-15
1.0701971573111927e-15
4.789234130277113e-12
2.3190057070661082e-14
3.0555359820999402e-12
7.155190119521208e-13
3.5149439366659223e-12
5.478008684882695e-16
2.4311419663454137e-9
1.0637190750036411e-14
9.961728208784423e-12
3.1270440845488473e-17
8.034443195360833e-14
3.0799678421097507e-15
4.115244622181935e-16
2.1911110116236954e-14
1.9484288377153752e-14
5.177560783949706e-13
9.314441308008074e-12
2.1499623059521595e-10
1.1811104983164657e-11
5.956359292614678e-14
4.895398848329448e-16
1.9582489712743928e-14
5.939256991763862e-15
1.0297604858423609e-10
6.493153372225564e-14
5.661431899423741e-13
4.450509094070642e-19
3.2957305341959414e-17
7.310459830219725e-10
8.677856715569028e-15
2.1061825431261475e-10
4.353991017327834e-7
4.365507300195173e-15
1.612201747227802e-18
2.4917450306094632e-11
1.4231453393507442e-17
7.041315983807636e-15
1.4649128471050085e-16
2.8376230083507085e-10
4.7906152754875897e-11
3.1394472800437354e-12
9.343349921771362e-10
1.291484260648898e-16
1.55239776417227e-8
5.240290873458295e-13
1.533153982491452e-9
1.2306729751282276e-14
4.562705325746918e-19
2.690901510525696e-16
8.537261762320502e-19
5.5219334227255124e-15
2.519643522283509e-16
1.217241703436062e-16
3.92931074408652e-17
2.9840793466358664e-19
4.2326484290516914e-12
6.540214096844553e-19
5.697979115344197e-14
5.372951572123159e-10
6.020754449514942e-10
3.681410949671129e-14
1.8876999574095375e-12
7.119465794154333e-14
2.4980675559291495e-11
9.354944865081054e-9
2.25024209242338e-11
