1.493362403833968e-5
0.00018880182828708738
1.7591308771484843e-5
6.150979445175412e-5
1.2950955973507322e-5
5.492036059682304e-5
0.00010005632135664266
3.2163743121197567e-6
0.00013668395400996702
7.545581015629582e-6
3.332748382564201e-5
1.6543093420171717e-6
1.7789890649256886e-5
3.301127507770348e-5
6.16136400953318e-7
8.374561536131447e-9
1.510640396377531e-5
0.0005733589379423646
2.670958134195721e-7
0.0007226134121039129
3.510137053502615e-5
8.459300092838328e-6
5.503287005361654e-7
4.145735272797333e-6
1.54000779383186e-7
9.627451723379288e-6
3.1741910495217525e-6
4.317179468577244e-5
4.3048976269118756e-6
6.808439020510475e-7
0.0004374162058273923
7.731621798721281e-5
9.123262977145243e-5
0.0001393213136566448
3.932901150574005e-5
2.415547829012371e-7
6.78593928910589e-6
1.7453214674448723e-5
8.754062974487038e-5
7.246118499888463e-7
8.112469835231018e-5
1.3119641015464092e-5
2.4891021037821837e-5
2.0746461446610327e-6
5.084077630066954e-5
2.5947268003953496e-7
1.5057768071987714e-6
1.1101174245658095e-5
1.272483537325627e-7
7.946302240418036e-6
3.0105166914729414e-7
1.2247835815429799e-8
9.642575756770837e-5
1.4470985559755532e-8
2.9800590869562956e-5
3.7532013268595714e-6
5.185329629891669e-7
2.3949118972683346e-5
1.807440234032945e-6
7.776444990680991e-6
9.621793387410831e-5
7.69321980611698e-7
1.7034198231549736e-5
2.2723946593797062e-7
4.266649238711433e-6
0.0004782273910299981
2.003213401439843e-6
0.0001380120105794755
1.0193537932678925e-5
4.000227413998611e-8
8.704160592090199e-6
0.00033246206642460925
1.6473099471228918e-6
1.0768336157540749e-5
4.0341066730921445e-6
1.9488948042213144e-5
1.722092416674159e-5
1.6130434225736453e-8
1.2862711795953934e-7
0.0003077009886460485
6.620291264968173e-9
0.00044951281962139316
7.865204802276092e-5
2.634733007703109e-5
2.086913117557085e-6
8.855558911144846e-7
4.942544522750268e-7
0.00013755982702510938
2.3281230054145963e-5
1.0535798358612348e-5
9.642316726551801e-7
8.746836147182845e-5
4.45579337886228e-6
2.442694794155067e-7
4.210748014847644e-5
2.9768973487385377e-6
5.320245961783711e-5
0.0002116868551457028
3.709079343108884e-7
1.7683290981255466e-6
0.0003694886876788816
1.9951062474357337e-6
0.0003177699382098807
0.0002297503674813086
6.672247768575803e-7
6.30771891057487e-6
8.937824542824885e-5
6.732718108499608e-8
1.3779533454322057e-5
5.0490771868459915e-5
0.00023749365673265087
7.58879845571418e-6
8.869048671927383e-5
0.0005844822163949857
2.3854890031908166e-7
5.252495510465417e-8
7.126491699735446e-5
2.484352418810734e-7
2.6024850495870086e-6
9.056202194875276e-5
7.3616141315976e-5
6.866421642359863e-5
1.0570472999133249e-6
1.2739075945099512e-8
4.501253241433424e-8
0.0006497626020432744
1.1349445394943113e-5
9.180638230498244e-7
1.8179576182436967e-5
3.2710433382362006e-6
0.0002188558710667731
1.1285128391297052e-7
4.935155567742856e-5
1.863522986683447e-6
0.0001532479245304248
5.216607132596956e-5
9.083193462440648e-6
0.00013172224831257688
6.928332912461888e-5
1.078455091487166e-5
2.296152854993423e-6
2.0916139156169722e-5
7.900743352371562e-8
0.002591178846194788
1.405849196155955e-5
1.769328145698582e-7
5.617784033857549e-5
7.980079383394278e-9
7.98944312844969e-5
1.3324730732111371e-7
4.301441942611414e-5
0.00011191332797318851
1.2244111581057165e-5
1.3376673205651748e-8
3.009406995130602e-5
4.7064454273098815e-5
3.7676161994830126e-6
6.0947536028367284e-9
2.2962193033418777e-6
2.400639008930248e-5
0.00033117658833010916
8.413530674074388e-7
1.631553397394578e-9
1.4278999753009226e-7
5.3257883668568205e-5
8.216658646919123e-5
3.6633231599609745e-8
6.071933050421053e-7
0.00011304661436259444
1.599747970931375e-7
1.5869893503278427e-6
3.496048656767935e-7
8.144680096462245e-5
9.839248361300328e-8
0.00044830156369235735
0.00011996781945567625
2.9729490855453525e-5
0.00019623554774503808
2.1656547044295402e-5
2.769903541021816e-5
1.1073605844656009e-5
6.305910548359616e-6
0.0007637314432844165
3.6006897022567772e-9
9.505308506002497e-5
6.544313954109233e-5
6.315432757047742e-7
2.0300435719781404e-8
0.00014731139737606802
2.7069419288850443e-7
2.3782163000854888e-8
0.0008004630869753185
1.681064295063765e-5
0.00016900223915939657
0.003290867359543276
3.243125331399111e-6
8.04534164777956e-6
7.43542757919582e-7
1.006182972987112e-5
2.0523492107834994e-6
1.8681419553072662e-5
2.9604292575462602e-5
8.826340979567025e-8
6.892661266253088e-5
8.438306330724347e-7
1.5450374837737084e-6
0.00017889251591621288
4.083746618657303e-6
7.875410642727195e-7
7.485402524832234e-5
0.0005734714909727622
5.419606784052278e-5
7.470626673026103e-5
2.0294397947671308e-6
8.026671098283003e-5
1.3569482635168455e-5
1.5790295985235255e-6
5.585617837258818e-9
3.807226807195716e-6
2.444934500924163e-5
1.8624700068794597e-6
0.00041890531139794943
3.2546014281998695e-6
0.00017682821089260004
2.4841076151542573e-5
1.488775637982936e-7
4.8053097343876534e-6
8.681491801477131e-7
5.3673972404491726e-5
0.00037204766710164744
1.315490705886757e-7
3.0717853720445313e-6
3.340423932906751e-6
0.0004135787827322548
6.288385186966782e-5
5.30729391162768e-5
2.291885723901478e-8
0.00030980101624840124
0.00025038381291746735
9.781789786658482e-6
0.0010413178502366924
1.638513311655757e-5
0.00023153284266918164
7.233705070771863e-7
2.308630612471479e-5
3.0455623240769044e-5
1.2361457301775556e-7
9.683731074310874e-8
7.903720650674384e-6
4.590088862614972e-6
4.41972338303172e-9
4.180609573662306e-5
3.470908482899675e-5
7.728986549351614e-8
2.9270213737243564e-5
8.14073683563901e-5
0.0002473797338444022
1.407862188878582e-6
2.616823179502377e-6
8.474052118804525e-7
1.1214927511859093e-5
2.8140197260128938e-5
0.0013287192743922445
6.264398294653588e-6
0.0005816051562719964
1.462467844033366e-7
1.1514135899177529e-7
1.1861090177350623e-7
0.00023605710413730828
8.753590300305e-6
0.0001499373758138991
1.287014112887153e-8
3.365368535360133e-5
1.0114444766901485e-9
2.5717660582520926e-8
3.3022496607502135e-7
0.0015484453283513121
2.59760490324903e-6
3.626315648073836e-6
4.98172646331953e-6
1.4577218823383545e-6
0.00020630604525007562
0.00044569634802615557
1.997476820680557e-6
2.851040012435549e-5
2.4368591498994927e-5
6.38348950629577e-8
0.0008242307321081071
0.0006900261835953385
3.27894526694646e-7
2.0325647245017025e-5
8.760783272811121e-5
0.000743955578228624
1.1716651970616238e-6
4.8859445382442353e-5
0.00014466689007659096
2.8924130402279975e-6
0.000434826962300962
0.001162398186265039
1.6180724690261458e-5
7.852503614869576e-6
2.7269039277426613e-8
2.2272226335940347e-7
0.0002750141016170462
1.5749199494927183e-7
2.3093330411867275e-6
8.603434468635168e-5
4.847304441906201e-5
0.00017338966488493677
0.00016024249410232175
3.5285073698542215e-7
2.213249509455131e-5
4.241487653873982e-6
0.001250594574714968
1.5018805052500514e-6
2.1134997723925916e-5
0.00019110336873409854
2.3995026941805653e-6
2.5101391880633515e-6
6.240552801767701e-7
2.4552032669769194e-7
2.4073055599780325e-5
0.00019149188255630922
0.0004305139703262338
8.523787951208871e-5
5.800979623743828e-7
3.4243695010341085e-5
3.235328341636194e-5
3.6464040508310672e-6
0.00014880592696658445
1.1373117236442362e-5
7.74055646649764e-5
1.2745554879851445e-5
8.826636512492221e-5
1.6997254562696165e-5
3.4045908230609947e-6
7.695302662685437e-5
0.00012368907397507621
1.5527560259420904e-5
0.03277916296357837
0.00014485480692529016
5.994735314940745e-5
1.3567894994513233e-5
1.9487545619488972e-6
1.9830776063230362e-9
9.218249599629212e-7
5.3956795175153924e-6
5.990866602704311e-6
0.00015929532661812314
2.0016294793866993e-6
2.360932216728496e-8
5.640206901213642e-6
5.726577365726564e-8
8.457603740334741e-6
4.930394510226609e-6
0.00014757238026410344
5.088460198815166e-6
4.3147484443228966e-5
1.4425064583489387e-7
6.26929391239772e-8
5.355057375597208e-5
4.0571489379808155e-6
0.0003718851810426741
4.5468800965058444e-5
7.239733571670021e-7
2.865782686963463e-5
3.875520268624644e-6
0.00012447519878310174
0.0025847930721084322
9.306807458353527e-6
2.063869969307777e-5
4.377347152344983e-6
0.00010077215381725718
3.019696274313729e-6
3.1967455626546304e-6
2.5494186026252386e-5
5.50245211344595e-8
1.5799489336168817e-5
3.070252279961459e-5
2.8036945956889128e-5
1.7419860456610796e-5
2.7324210970476253e-6
1.6045746035580593e-6
1.0671350846649488e-5
9.2662127934372e-6
0.0012647673359267894
1.3097812778043885e-5
1.1648286208487691e-7
4.890926194768552e-7
3.875541739464115e-5
6.569226366697087e-5
8.387833559119716e-5
4.126957323478913e-7
3.1290482433775606e-7
2.818617837782747e-6
3.8901573762038326e-7
0.0005900713083138192
0.0003363578155268202
2.5851959051859565e-5
1.0617489869854188e-6
1.1437162202239484e-5
2.2260245785604104e-8
6.168064151400253e-6
0.00032899136733639274
1.2200266775631042e-6
1.8232480811613817e-7
5.009709233682169e-6
5.177034234000321e-7
1.7288397460996397e-6
6.714272535954703e-5
9.685375393749263e-6
0.0002198815091771512
6.637100741591385e-5
1.709148549401096e-7
5.244931017710383e-5
1.503899297618743e-7
0.001541757407841559
2.399246079335419e-7
4.639480598180248e-9
2.0180271533884774e-6
3.5509492947392205e-6
7.482385256416407e-5
6.378440157500368e-5
8.24686798889426e-5
2.5775104743285168e-5
3.0475755106395362e-5
4.708491274795698e-5
1.0976883985646603e-6
9.504179312681497e-8
4.771470741358978e-6
0.0012694047506539364
6.639162602312288e-7
9.56598564966607e-8
1.3118012818646388e-5
2.9606655507609016e-7
4.409192884059999e-7
7.240193198696797e-5
5.5706845112055e-6
2.5968332123272982e-6
5.158899378130842e-9
4.905728754750529e-5
0.0010206744548546425
1.5188222753517784e-5
4.45258291410631e-5
1.1072242017345198e-7
0.0005184103695488183
0.0006052104775412382
3.745447050588312e-8
5.817039227089026e-7
5.5236497312106067e-8
8.377089549239629e-8
0.0003726455392751153
0.00011603095896776777
1.2976890403142421e-5
0.00012697428718136115
1.3851721950898146e-7
0.0010474192221378404
0.0003063549644767219
2.6589168863995862e-6
2.1390021883005987e-5
2.3554157431590112e-7
6.527067481125717e-5
1.0352738771710743e-5
9.194399173522653e-8
4.6516770211803935e-5
0.00024582631445813015
4.4072466279282056e-6
1.115779591288956e-5
1.2806955167042517e-7
1.645528771262493e-5
7.976880113570486e-6
0.00017313072472259188
4.18028048061703e-5
0.0021791407159479003
4.0518120901404486e-8
0.00017706701179561542
2.5308342468980785e-5
2.6348276178213836e-5
1.7280552247564102e-6
1.4551803825550955e-7
2.7506064949502502e-8
0.0002597223203790162
2.567836587644262e-6
4.4451286133900765e-5
6.52370269068834e-6
1.0073229545133352e-5
0.00011607583046688272
9.958557749600418e-6
0.00021882206908085047
0.0007050649550463839
7.517233799681795e-6
4.686668992759437e-7
7.095072664861025e-8
2.8740330645644492e-8
4.561998472871227e-6
2.13389685154613e-5
5.7644461798632916e-5
1.7631857808327128e-6
1.648840996992114e-7
3.435668563852877e-5
2.9459347396187372e-5
0.00019613368119688636
4.112937239465131e-7
7.005054872360434e-5
1.8059814649397363e-5
0.001248919049007582
9.52451201482615e-9
2.511749719571044e-7
0.00011186193070848759
0.0008218780377084345
1.1936409671463674e-5
8.675005003442586e-5
2.0575864636598456e-5
3.627428069365737e-6
0.0001529808983540326
4.743570199116067e-6
0.00010140584387961381
6.178299445636766e-7
6.778836641759365e-8
2.9400809268752657e-7
1.963206420340752e-8
2.0629158342597937e-6
9.242554990089891e-6
1.7868706571706213e-5
9.364776184040877e-5
2.003727607249525e-5
3.055168503645502e-6
0.00012055637398207921
1.605162985574604e-7
1.4534799808557802e-6
0.00021036743463097445
1.1002228211597669e-6
0.00011043692571637801
4.529213340726792e-7
1.1944287957007946e-5
6.561489721114757e-5
6.015642950284984e-6
3.4412950666681054e-6
0.00017322395230646818
4.537265478058517e-7
3.0629153880844545e-8
3.3917406232131756e-7
2.269938490041193e-5
2.770893336140286e-6
6.300109899093987e-6
0.0006085525501141742
0.00015364369204906732
1.2122568653548818e-5
1.0687724421457375e-5
6.6268998891604126e-9
0.00023327598448132466
9.270609407867534e-5
0.00011355765174934911
1.9915226528284207e-5
3.6721974522633896e-7
7.146743729753995e-8
2.142914352942191e-5
0.0002739593791483008
1.6066949610317219e-6
3.9545887979320996e-7
1.5498391741695027e-6
8.551098458175028e-5
0.00015134883355864557
1.3836409371065125e-7
1.1175271024222584e-5
8.816913860901397e-5
3.376663138740496e-6
0.0002235277567043485
6.420437903287637e-5
0.00010371094897259292
0.0012758962767152695
0.0003724953438041195
5.116992545359213e-8
9.098729901290884e-6
9.161609373083746e-5
5.530326392149768e-5
0.0006289640608680735
3.20206659361258e-7
6.39746770020556e-8
6.382999888594879e-6
1.6688615744569268e-6
5.01537201259307e-6
0.00018965386740847466
1.175118479778615e-6
0.00013468980221034092
7.127276993488655e-6
0.0002452507043178709
0.0002522819913105849
5.94360889448243e-8
1.7767563932609744e-5
0.00022901800121750442
1.933163202345613e-6
5.850200992534544e-5
3.3027706982950434e-5
9.060049351081146e-5
0.0012587866511960927
1.938273299037698e-6
1.1588847012715252e-5
8.821317552906334e-6
0.0001833778517502193
9.084331272449684e-8
8.85562847534457e-9
6.099949739737964e-6
4.2842531721673973e-7
2.3387599234517125e-5
4.032585918145693e-8
0.0003132142261983615
2.174408542429463e-6
1.1143429368544089e-6
4.1218093066849774e-7
0.0003180948308713765
0.00015614862840517536
1.9119001972088987e-6
2.69861083592904e-5
5.028576888067884e-7
1.3802898690740922e-7
1.873810850557024e-9
1.1581510853939183e-6
2.9216545177734264e-7
0.00015573073321187156
4.300026204792664e-6
6.889916505345126e-8
0.0005248546704510488
0.00020726939613522184
