2.2294362356984045e-22
4.584081948061159e-18
9.909924023443592e-19
1.6900572577122673e-22
2.786097917485063e-18
3.7276114768844096e-24
8.537702677075553e-22
2.284288184766024e-22
1.95211101891083e-21
3.701799416228529e-15
1.0026513371759805e-21
2.6510148521173718e-20
8.306877355668928e-18
9.57298628376566e-28
3.661111732150496e-26
2.0851723382565125e-23
1.1655946156682696e-16
1.332490478118074e-23
2.6222956135215886e-20
7.42892629645462e-22
3.0750125013021897e-18
2.125723808459292e-18
7.854410262225883e-20
5.0401685398272343e-23
2.3871044663217234e-25
1.0721683806269867e-20
1.8500332327499067e-23
5.893283589379265e-23
9.918837651799909e-25
5.436578852319629e-20
9.464827931436835e-18
3.0490739430127138e-24
6.574959975571766e-19
1.0614250690252124e-22
9.837629675488586e-19
6.882713999374449e-25
3.955767346261592e-23
8.173105802781154e-24
2.9935785396403655e-20
4.546388223012325e-23
3.8652352015516766e-25
9.250030084829731e-23
7.043077099599303e-22
4.913426249975385e-19
2.292259840946873e-23
8.98843668056067e-23
2.0547710969421924e-25
6.557543374325335e-19
9.157759604908658e-17
2.4209436788364456e-24
2.0620590876834343e-24
1.0145280270765166e-24
7.361387386112714e-23
2.5704679472135682e-23
1.0458258902939036e-24
1.5830513759454483e-20
1.2507286045048878e-27
9.679622341664469e-24
2.3001688897519364e-21
9.783375449267216e-24
5.1835747279358357e-23
2.5217825195570895e-25
1.4758884190089726e-23
1.0021641257347192e-21
7.161612129370395e-25
5.2878936915636735e-24
2.1901251279975729e-26
1.7091961635535554e-22
4.5117315664190514e-17
2.029425982465759e-25
4.231945529373428e-25
7.216927531918471e-23
2.243998711609735e-21
1.7722495529278612e-23
8.209642179732293e-19
7.094509042223616e-22
1.0508971203393348e-22
5.249626998672817e-26
1.5782352364097738e-22
2.588664937249568e-18
5.337400744153791e-20
1.4582068225292812e-21
3.937172661948091e-27
2.5783990312257542e-25
1.720265594224885e-23
5.249078779842931e-25
1.5748050397504418e-21
1.3215256881411976e-26
5.057177296212113e-26
9.842002967000938e-20
1.2150454592414529e-23
9.650891969620457e-24
1.3460638894672696e-24
1.4936501340582238e-24
3.73587712908185e-25
1.516274229637241e-28
9.313287063255012e-19
2.6946334651241553e-21
2.914703807131509e-23
1.2705641973915909e-31
2.6920645290198806e-23
3.972187142702201e-26
2.6256979489951024e-23
1.7948757293668603e-23
1.2591394768095762e-24
3.049462909707236e-22
3.529102390100684e-26
2.51464344686349e-26
1.9886647849087672e-21
5.45626026468584e-24
7.499357770658983e-20
2.408310119344357e-26
2.87457352099694e-23
8.771715909887439e-26
5.117839116128956e-26
1.4601708291611944e-23
1.6795404409663574e-22
1.2802890042337053e-22
1.043858530688211e-25
6.3786842238408235e-25
2.1974309581090368e-20
2.5740280407461267e-25
1.7672203984626333e-24
2.2723157634645203e-27
2.041004252264722e-24
6.984971335412048e-21
1.3437903182227833e-24
1.3162270179112034e-21
1.2390995300214613e-26
2.662583692719526e-24
3.027016966932467e-22
1.6213937051953388e-18
1.8256326002121076e-27
2.915674704067172e-24
4.672557625337471e-23
1.3565532372153913e-26
1.1798230232502381e-21
5.830746490947461e-24
3.245370793335417e-25
4.7532246437790824e-24
7.998097723788823e-26
2.469035688699605e-22
6.326997292599534e-22
2.1706424222932056e-24
3.3764913965952247e-26
8.107189101121192e-27
3.0605950035330367e-27
3.140041435571346e-24
1.0282904627171406e-25
1.1547741134865814e-22
4.804893233982644e-21
5.574838702815229e-25
7.515938835471667e-21
1.8026408820079054e-25
2.1709120025387722e-26
4.523907606132533e-25
3.3923134112755022e-22
1.3589327997773065e-19
8.3464826540947915e-22
2.1265777866804057e-24
8.241391397033586e-22
7.2198095707176165e-22
4.184348079775346e-19
2.65362199885005e-22
1.8457340444116408e-29
2.8053092685857795e-21
9.269892181857801e-28
4.3538471021524724e-27
1.632973906387518e-28
3.595119674586983e-20
1.4621112291997337e-27
3.2611064478209485e-24
8.663537876989463e-28
1.8718312382535633e-23
2.2639864750029964e-23
4.509578561440469e-25
2.7442216217478263e-24
2.123447165425043e-23
2.465846322028415e-18
1.1840676422054964e-23
1.3594103063161335e-24
3.7086536072961925e-24
1.317427521051359e-27
2.826233565617844e-23
3.099001504658701e-27
4.655489345899544e-19
5.941407491380929e-28
1.1714521123798252e-24
2.5026026398767916e-24
3.237636761820993e-22
5.174953063802627e-26
1.777557439238346e-24
4.0438493659186494e-29
6.398604252549075e-24
9.045281619653671e-24
1.9320785571463605e-27
4.066788813121608e-26
4.606628484972903e-26
3.8551099309544024e-18
5.762174219914725e-27
2.8523411214275062e-27
1.3899511260269133e-27
2.832338929945268e-28
2.212104000664065e-25
1.0892379907861642e-24
3.454068938285238e-24
8.807951827286146e-26
1.1617218971649905e-21
1.8584013472738866e-25
1.650850136050487e-26
1.172114049815045e-28
6.724294147225786e-24
3.5011183445430206e-28
9.954816569256043e-29
1.4470869976892405e-25
9.928154789056878e-19
1.5371257173716243e-26
3.8169846951950586e-25
2.2414903841941744e-26
6.864916121478427e-20
1.186208168190207e-22
8.867612185854284e-26
4.44301591335271e-26
1.982928723067383e-21
2.2579984457851686e-27
2.947106615880707e-28
7.369836308525809e-24
1.0239769070534455e-24
1.2318758139665791e-20
3.619224974709087e-27
5.103207296966104e-27
2.7408721106258095e-27
1.1307356025877875e-27
5.17005430949939e-22
7.413475838215263e-27
9.18929074883391e-25
2.723888629319027e-27
9.73628431600077e-28
2.1968315825756026e-24
8.78730563572253e-23
1.8685603159184454e-24
7.5893836060032435e-28
1.7272575223714403e-26
5.716281303476672e-24
2.3347622804494023e-27
2.8171003345010566e-28
4.597971266648931e-19
5.246139266287978e-22
1.2799866914770374e-27
1.0628158283677197e-25
1.3611892320177388e-22
1.1932350304432137e-18
1.98965059704856e-21
5.44827295374525e-23
1.1231191850316047e-18
1.0138969408366625e-29
2.4906695508036495e-28
1.2901168786114214e-22
1.1095283033804475e-26
1.1088700564086897e-21
1.1663575754656057e-19
1.4248919578665434e-24
2.2750491767837472e-26
5.6129883984132596e-27
3.4680303622668013e-29
1.2776843596188325e-22
2.0275121682447216e-31
8.548443927911355e-28
4.901563478185421e-27
2.923295023279224e-27
1.8796196506827912e-27
1.2090413808482985e-21
1.1974447839469834e-23
3.833299546476069e-28
1.2184685142359757e-26
1.1081669687523117e-25
3.5792510818856e-27
5.970012066682088e-23
6.32890097298927e-30
1.9305811537567676e-28
7.192000617526256e-28
6.430636830519842e-23
5.457210565498664e-23
3.1332870660133706e-21
2.0522240775483204e-26
1.1862577796558587e-19
1.1695549328709066e-27
5.394732000184954e-29
3.5845503757136513e-29
1.0920075539414284e-24
2.2150110178531515e-27
1.0149507097217875e-25
2.2095763067045107e-19
5.441163137599914e-27
7.00943238608419e-26
4.654779819624162e-27
1.0121192436779007e-26
6.681658479521384e-28
8.150276218029195e-23
1.8200268785646217e-23
1.077715532772762e-23
8.848196764881291e-22
1.88398134967221e-24
7.718443982759704e-23
4.0051093476215623e-25
8.642012104856269e-26
1.3428849019942043e-25
1.5225026867967838e-28
1.973230396605096e-25
4.404494398182834e-21
1.2567721094323351e-24
1.8604348543226407e-26
2.186536816292389e-24
8.911804510339478e-25
1.8555933433957345e-19
6.284317055334619e-24
4.034833185529621e-23
1.0215696064076386e-28
2.44079246439568e-22
1.954821693355604e-26
1.7502944932808248e-27
1.34223805071044e-29
1.16105900860708e-27
1.257594635533202e-28
1.1562274234370119e-27
1.122040663176173e-22
3.154288343005809e-25
1.728768699962357e-25
7.392562749220235e-27
2.1338227008814137e-24
6.089565037432748e-29
6.7137391293669995e-28
4.972137380509338e-25
5.427876361454784e-28
1.9445230517229064e-30
3.6040495625758243e-26
6.449665080191471e-26
6.053141416065846e-25
1.1231404974051847e-23
9.534365450489473e-26
6.029039602102917e-27
2.6986423478371797e-27
5.798111245212894e-20
1.66648222948359e-26
9.85533580374803e-29
1.2492108372971831e-27
8.962697314079656e-29
1.0989620352292518e-25
6.87444457377163e-23
3.087632040947098e-21
6.825445828156568e-20
1.8543642814008312e-26
5.547822675331094e-22
8.941916310834257e-29
3.82741446242136e-27
5.60707347690658e-27
5.9367367443292544e-27
2.863233485776676e-28
1.1592049340415837e-25
4.099412923977312e-24
9.303014612311884e-20
5.27639750441076e-28
1.4000063406463302e-27
1.537487184582048e-27
1.2936527288298111e-27
1.9982107752851255e-26
2.2131469986045573e-27
4.8178695955211155e-26
3.1141022502689685e-22
6.355223882252117e-28
5.274182179203334e-29
2.1078276803319127e-30
1.8237939784933627e-27
1.04253203767245e-24
3.097573621614483e-22
1.714260294009692e-24
5.543886117961364e-23
6.0841946638970005e-25
1.299156041799142e-29
2.0020733716023233e-27
7.945907775842496e-26
4.017787915028928e-29
1.3524566896829163e-25
3.425406352038659e-27
2.152607295412221e-28
1.0241498264230068e-29
2.6616201703189805e-25
2.599895321548159e-25
1.1780360089232496e-27
9.06444425017881e-27
1.173615666382813e-25
4.023434220530089e-26
1.448699415473613e-29
1.7599382842837117e-24
5.79450069412944e-23
1.4192871078739515e-22
1.097541933336924e-22
2.0779830075191865e-20
1.1379842793115158e-23
1.4440593768416608e-25
2.1752188690267255e-24
9.19963467910433e-26
3.426425015299244e-28
6.548039546420903e-17
2.4628012923443396e-29
2.6995912879561682e-25
1.2395274793679998e-26
1.777660158797115e-19
6.042284721553978e-23
2.972635609299334e-29
2.447234286227532e-26
8.445064590324583e-30
5.7503384651012525e-24
1.0593713427271769e-26
9.916677867698331e-21
2.9317543456081616e-28
2.4264035921181833e-26
9.820759214591022e-29
6.985322790555615e-29
6.763233253400956e-24
1.445165212519273e-28
3.422760913594922e-21
2.036086386675516e-23
3.915904635447655e-23
3.7141768950218585e-28
3.7414850112470056e-26
6.21762730902532e-29
7.736623357784865e-27
8.180169986161305e-28
1.9936793631814644e-27
3.7575087121566904e-21
3.7762121663793804e-28
3.307945476726754e-23
2.2570293628961403e-24
3.4495636231894685e-22
1.2250866518246167e-25
2.3600499249222786e-29
1.5903371425995528e-29
6.913511656063031e-20
1.7000748803690604e-19
8.955006699383077e-23
2.3623159853008066e-22
1.0069700182480675e-26
5.456649583806502e-21
2.1972540549568793e-23
1.9410295621243414e-20
1.4947243300640024e-22
1.3806457837357497e-26
1.6318827729343083e-26
9.758721992773478e-21
3.623370816563353e-21
1.0353421247475184e-26
6.454379904130759e-23
1.2966670301717807e-23
6.471816034733667e-25
6.253421342700219e-28
1.703794950286314e-29
8.291667795248915e-29
2.2423526376501776e-23
3.681329650014908e-27
1.3044618871709937e-25
1.600780158150675e-25
6.969874652217584e-20
6.53666288581366e-19
3.1433592683840846e-24
7.297961150717089e-22
1.999627272605877e-24
1.720568155475402e-24
2.2399598807115053e-24
1.2193614558417705e-25
1.7415250436955607e-27
4.355595150761402e-25
6.1743033806303324e-27
4.182212693897878e-27
2.689621498956479e-23
1.3186491241424094e-24
2.168503150314507e-28
8.488972607315898e-26
7.127787227324368e-29
6.35951390135466e-30
4.7606984485400775e-28
1.6777418022701566e-23
1.1312943059066516e-25
6.349680294897965e-23
3.6056974485676407e-26
1.2766013048940207e-26
1.2439669721107778e-26
9.543285355313654e-25
4.4974590307954394e-24
2.8326965953813487e-30
1.195676677110506e-28
1.2897016627017252e-22
5.969788332560086e-27
1.0593479281746297e-23
2.4956455629651165e-27
2.7058106658935397e-27
2.3160369985876053e-26
7.655928734206558e-27
8.455421237724161e-30
6.689249773103028e-26
4.049271678797162e-23
2.850467180378296e-31
6.866006237782934e-26
4.73683249518861e-22
3.2999864957719133e-25
2.409500809239559e-28
3.094390413477644e-26
4.386977596010081e-25
1.2649043614830972e-23
2.776968278005412e-26
1.316325124487339e-19
6.3639858400665946e-24
2.6002974502086966e-25
1.4889816627421719e-25
5.8515460889353e-28
2.1315644084049796e-25
1.577951208202118e-25
5.279633065695582e-32
4.0518208760331444e-29
1.4422829283268111e-27
3.198219476267486e-26
7.430152338077041e-20
1.0664541896351134e-30
9.987308855179022e-29
2.066266489645505e-26
1.8113920737613425e-27
1.3307616462730105e-25
4.391827294655298e-26
8.525487386031512e-28
1.181723840270074e-28
1.6620828713829962e-29
6.710085495883362e-24
1.94028975549333e-26
1.4372338129505552e-24
6.261602119196275e-29
1.943657294609953e-25
1.3308347077720647e-27
6.781058152084208e-24
3.5900958696723755e-31
1.4118325798980692e-29
2.7214347535633307e-27
9.137622120970122e-30
1.15249876929975e-29
4.115046081627683e-27
4.506309503733341e-28
7.696473345544024e-29
4.7618872203770603e-29
9.502528410453933e-30
2.815775575394793e-23
2.724102574320599e-29
3.6727655306205605e-28
2.4189484443500366e-27
2.7130812994555937e-24
3.6851993038635373e-29
2.02646210137153e-25
4.4380917688375236e-23
3.495477434554096e-22
2.2051962526151236e-28
2.133506995350551e-25
1.7196146597093884e-30
3.459194694197099e-28
5.292654962241084e-28
7.9854858112822e-27
1.040682079089917e-25
2.1286947331520843e-28
1.573331852587388e-22
2.8491821585653016e-33
3.048047424485329e-20
3.7886024703640275e-30
5.152173812035968e-26
3.2017010674974173e-27
2.438249672911703e-24
3.879853440360598e-28
1.775998765645944e-26
8.992769243979356e-27
1.1337585816629457e-24
1.0127727244111445e-27
1.3438126905522591e-24
2.430941219701806e-29
2.0776877578432062e-26
2.922137920143561e-22
5.263720578857022e-23
7.924725949310119e-28
1.283868353401804e-20
7.95350743416053e-26
7.4088930414788065e-28
9.9196634272944e-30
2.0658602229655654e-27
3.8602789530336434e-30
1.1548485689731208e-25
1.330859664949205e-26
9.78452125521906e-25
2.375267968568888e-22
3.7238533842187085e-29
5.504962261217043e-30
7.830852106437279e-22
5.878894310193457e-28
2.7894900452558906e-27
1.102255260099572e-26
6.4110227639302035e-25
2.6208597310904464e-25
1.1195325003991548e-22
2.745790062528131e-29
6.405311701921453e-24
1.9847034079575927e-28
2.440844019863905e-23
8.988030802521206e-25
2.9030897546801755e-25
1.0637682160080111e-23
2.515249810358457e-22
4.3399000543847074e-18
3.128719963873161e-19
9.724576887873188e-26
6.29660812423892e-30
3.3644611625045384e-24
1.7579579298782098e-21
1.6986564074213396e-25
1.0477142714964125e-20
1.5358913208704602e-26
6.449092830245683e-27
7.620499936261677e-23
8.754790809268262e-26
8.197811790033285e-25
2.874971744919594e-27
2.6530203446111155e-25
1.4076251595897338e-24
1.4589983770159806e-25
7.185035038453264e-26
4.739856470180666e-29
2.4227265835749195e-26
9.597757381560507e-28
4.025512179352114e-26
1.820823624225058e-25
4.670738089649784e-28
3.4037895644711793e-26
1.0848993752250973e-29
1.825800799201387e-25
2.5272493075470175e-27
1.0538768280478092e-28
2.4512729312279154e-25
4.902490009647972e-28
4.7096143184212656e-29
1.7361244216363423e-27
3.2120156918237586e-25
2.5386770905963696e-24
1.2046054144751331e-23
4.687420703199808e-27
1.1973733027209339e-23
9.328164879353954e-21
5.87638648203878e-23
5.324996379137827e-24
3.5066793815323806e-25
4.4059297572586375e-32
1.1012533459314967e-25
3.0792055276016436e-31
1.127135496435975e-23
2.725544658266476e-28
3.0649605888582672e-30
3.7945668387194478e-28
6.507006886598001e-28
7.463805287858001e-26
1.1330709681693867e-28
3.6054158218925366e-29
2.2051314203700435e-28
1.5211575841147918e-28
4.249403067001428e-21
8.32681325359113e-25
7.88631124220864e-20
8.91369275945826e-26
1.350772228458721e-28
4.899586863147093e-25
5.836621611500025e-23
1.1314849916070694e-28
8.841329658868978e-29
1.3603868203830264e-23
2.526660861473347e-27
6.85432587380014e-15
3.785440734985915e-29
2.1754643311383123e-27
5.203729410686357e-32
4.031069973492782e-26
4.33211413792646e-31
8.904599639589503e-24
1.5229201482659972e-19
2.8000336828728243e-25
5.054311155496142e-27
2.1563274879287185e-28
9.048125413401769e-26
4.1289391336866845e-28
2.7153563619590487e-30
2.114256680399344e-21
1.7908384316498756e-28
7.753373336493584e-27
5.310865902881901e-27
4.34358895518296e-28
1.8162581236721417e-20
2.573038522613857e-28
6.504116966833198e-27
2.3041595306255845e-24
5.610299904486425e-28
2.719645676418441e-28
1.2944424678757864e-25
3.22181930728286e-23
1.566370651584565e-27
6.63321181280481e-30
4.341307929447505e-25
3.0955145202844686e-29
1.638875465738803e-31
5.122967139228639e-27
1.1541652819817892e-23
6.341721311708556e-31
7.196185127113423e-26
2.1654909602848376e-22
9.572837841651746e-22
3.1242200072455473e-27
3.973598985049238e-30
2.230785321596053e-29
5.228751492355724e-26
4.32035510448602e-26
8.374926771807451e-26
2.0323443202357638e-17
1.3031624071347813e-26
2.463070132872026e-22
1.210298485549155e-27
4.355876053653576e-29
2.0484769290929047e-28
1.0215235608868077e-26
1.0815074006625068e-25
1.587917399382716e-29
8.768843520842566e-27
6.737945582065285e-27
3.5104531963140896e-24
6.12471133230013e-26
1.849415178477493e-22
1.9635494016633883e-30
5.6426957932997546e-27
1.8464067490903534e-28
2.144256350269338e-23
8.238467118502377e-27
2.1832645155744196e-21
4.65083478437283e-23
5.925079804794165e-26
8.160808888515655e-29
3.4002332290319116e-27
6.280541772052655e-28
1.5270907329385246e-24
1.4204026805988282e-29
1.1375087592080343e-26
1.1364279403867446e-26
1.5691083378101542e-24
5.644158927941433e-28
1.234006008615508e-26
2.2501978807507154e-28
9.401543957217271e-21
1.2089549397111927e-24
7.651107411097188e-23
1.2168533902421694e-20
2.4429832853207766e-25
1.1035655909773141e-27
2.7295209457220868e-27
5.752650919887804e-25
2.8424333320410737e-29
3.182054535408015e-29
6.127123662436262e-26
3.921951554830609e-24
2.0774525982040672e-28
2.957490701490635e-18
2.2944742295291623e-25
2.0948486213795513e-29
1.4527595797574783e-23
3.348031523432926e-27
1.0222928609152271e-29
5.314106887021579e-27
8.442495863739147e-26
1.8591681609767594e-29
3.119614085298072e-29
2.538589593408848e-23
1.3410833426468328e-23
1.8648267014283443e-28
2.3047212772466356e-29
5.262837200695521e-25
4.454462879579378e-28
1.2097643195917772e-23
4.397160267393901e-21
1.4060451341106084e-27
2.069120420795874e-30
3.258055050620469e-23
3.027963422961712e-20
3.114226045287378e-23
2.065447950730422e-24
4.7863718055194e-25
3.243258632571199e-26
6.876588499998629e-18
1.1490173575287907e-20
1.803283346230816e-27
3.385934205747112e-26
3.921345309539697e-28
7.010299217720632e-26
1.2254648861939358e-22
1.6259001462591647e-28
3.9746551714351607e-28
1.024356293816537e-26
8.4117458107214855e-22
2.799110415459386e-29
1.911842064824563e-28
1.4887651983234784e-26
1.06442690525759e-24
5.766884286314024e-30
2.813652869521376e-20
1.432088744976304e-25
3.584565077154924e-27
1.1593352719571544e-26
1.3041894676748915e-28
6.697556717722917e-26
2.6542182283875356e-27
2.8298083136803484e-21
2.3784495407931135e-27
1.604707034925112e-23
1.817337580201622e-27
1.2840574133601294e-24
4.3155959634480027e-26
4.46483170114565e-25
1.1487592011446166e-25
2.883834504099055e-28
2.7340200777518683e-31
3.208671608144827e-29
2.9130442990010666e-26
4.227788988064636e-28
3.510280656599082e-30
1.956739977167182e-30
3.277172183245004e-29
2.947192545720956e-25
3.350296509484691e-23
8.87672598762313e-31
6.395033439051878e-26
3.6787404549425143e-25
5.485918726574731e-23
1.071294980205864e-27
1.0643699560693908e-25
1.1502128419951794e-19
2.588989198238022e-20
1.88439093680561e-29
4.0706417767020074e-27
9.480647098855629e-22
3.001207556488931e-29
2.204928088589224e-28
8.187736079388885e-29
4.217393773256819e-24
2.594789350627882e-19
1.1521156194286417e-27
5.985953800985275e-29
4.9223652694243685e-26
1.0628192328199562e-23
2.4355051972044165e-29
7.089281135698402e-24
6.881054305061541e-28
1.0245246486855304e-28
7.265114550805732e-26
7.616126723980952e-26
1.0894454708344567e-27
2.150462625827714e-25
3.843398669953035e-25
8.050433678066107e-26
4.9391600799679774e-29
6.904063709635799e-30
1.7525154508891504e-25
1.1300515220203612e-30
1.855305772691173e-29
3.763198537470761e-24
2.998276546327269e-28
4.785095662136963e-28
2.5223883834599105e-29
8.741509378755266e-25
5.332430984264166e-28
4.400512720075979e-28
1.761131853858573e-18
6.012802102874041e-27
1.1285842658106424e-26
1.3571591399124363e-28
1.0777573156634697e-28
2.7844608445003346e-28
5.56836663502922e-27
2.73662452213499e-24
2.900061503940538e-26
4.3547686851336634e-23
5.9033237632723366e-24
7.34032417359836e-26
1.0898037526318804e-30
1.7528008053305407e-27
1.2321402853581425e-27
1.2707762013327763e-22
7.397123854988354e-24
2.169116319410242e-26
1.557054925301291e-25
3.2725660421306135e-22
1.3435082024195898e-30
3.1400522054053378e-28
7.408931970302774e-30
3.97377348691237e-24
1.0738143234602366e-26
1.8564516902510615e-26
1.1522511985421955e-25
4.4291148649425036e-33
1.7567164846689247e-31
1.4971849439876028e-27
1.7908876784983803e-25
7.016229261332494e-26
2.755810087192221e-23
9.37391376461294e-31
2.73594574755668e-29
1.1773626839170003e-22
1.0174941786808287e-25
4.373047579961972e-27
1.6411708414594787e-29
1.3262731734576146e-28
2.2778822116686386e-24
4.219819640258546e-26
1.0864040128918914e-23
8.504681693409347e-29
3.2605932947161537e-21
1.9740872046583214e-29
1.1489492713543402e-26
6.790885410855614e-30
5.583631531988885e-28
4.645479475288974e-25
1.2698207156952132e-26
2.5279977401736334e-20
1.810580263144475e-28
2.8139759094305625e-28
4.289454433184917e-28
4.5660208385850893e-26
5.7944626492328565e-28
1.8934290269395712e-26
2.2396893904547417e-27
6.792065719630231e-26
1.8761995183398325e-25
2.0664674845091793e-27
1.0272343239097306e-28
3.192466158005766e-28
1.480226876770452e-27
1.0580354138906159e-29
1.5607424814072354e-29
9.774179608715982e-31
6.414876206253454e-25
2.319820527896673e-31
1.4201436711305125e-28
1.2985497473920229e-17
7.259477676513788e-24
5.3281565278769065e-28
9.255640050186786e-31
8.293825097444345e-18
2.5130161009361506e-27
2.4684753940218637e-26
3.267716307786713e-29
9.337985618794025e-25
5.055792647986397e-29
4.1206387662950686e-19
8.207524142178271e-30
3.6309437454883946e-20
2.2825288459161915e-23
2.170333122179598e-22
1.665929254327629e-28
4.800755855622324e-22
1.1640472288992496e-21
4.3886987853830784e-20
1.4375458198356329e-24
3.961620185184988e-28
5.403080442946092e-21
7.6071549010243985e-25
3.489820461856126e-26
2.0327779181733883e-27
2.1674946737566292e-23
1.3127808513425344e-25
6.2289314249673786e-30
1.016990037889994e-28
1.7606069847754938e-31
4.540162413092521e-27
1.54901486156605e-24
1.9528486864176345e-20
1.3101245932845822e-21
2.990328914717227e-29
1.689306323671813e-28
5.440169108444286e-29
7.022826297032984e-22
2.739093750451794e-20
8.200364955453794e-26
6.273938103875405e-25
7.487583187733998e-22
2.0985490634827464e-27
2.0827431803211375e-23
1.4002881375857207e-29
1.0023087254724999e-24
4.465503814151283e-25
9.932468663666583e-29
4.3034327652136046e-27
8.013439357092082e-25
1.0349535339162511e-24
1.7259647756634886e-26
1.3169363574351155e-28
6.79866932601114e-29
5.492403257776697e-25
4.868091239341618e-28
5.984795101889625e-21
4.592107237073708e-27
1.1950675992818336e-18
4.850349431081525e-26
3.6673337112618685e-25
2.221522858482137e-23
7.293676511634681e-27
1.0904296533872073e-22
9.440512553145205e-28
1.7171700077883145e-24
3.1111763625234588e-30
1.1749144873316091e-26
9.111923052119044e-28
2.9457659013485866e-29
5.0200407003034105e-25
2.980706250160042e-24
2.6226156721827015e-32
5.629675252901196e-28
1.3339995290049047e-22
2.9928056393972022e-31
3.314508830660694e-24
1.4812679580808275e-24
2.2501398716684904e-24
2.078472161679511e-26
2.6840661588206665e-29
2.3043737539045365e-28
6.4664461087289095e-28
1.3607090160455148e-23
4.67023462586853e-27
2.6086497878066662e-27
3.1973310007482487e-28
3.904806273311088e-29
6.841246253160188e-28
9.340507037766771e-23
1.0528341772749474e-29
1.5481331891394504e-27
2.6348759429012197e-27
2.4229495680508324e-23
4.701903572013797e-27
9.709113798831528e-30
6.967620155327832e-29
1.5422452822966245e-28
8.028277754600275e-27
5.755941460660888e-24
1.068911590871545e-27
2.9693053457229847e-29
4.241709868992231e-29
1.715231997074565e-24
1.5259888800550468e-26
9.497994890003153e-27
6.670199059691422e-26
6.108289829330142e-26
4.947331666478153e-28
6.628708788239642e-25
3.3865363176950136e-25
9.858835571591777e-29
1.1992586839984712e-27
6.921095708061943e-24
2.281792426346144e-25
1.832623750822261e-24
1.90989563513498e-28
1.0294832222288883e-29
1.391713197768945e-26
1.4925043591834597e-29
4.386821199397197e-28
1.785938318433954e-21
9.993401360374271e-29
3.1844604041315997e-24
2.18526031744164e-26
2.4851771986787267e-27
9.496073052645446e-24
1.994600503627559e-28
3.3155210876018624e-21
7.534497112309941e-28
9.195329929209423e-29
9.781161774294367e-25
6.920054517244362e-29
1.0499663942543706e-29
9.148769071301766e-27
5.249449257934215e-23
2.311658895740589e-29
6.800253063570159e-26
4.964228842484348e-25
3.589805412424075e-27
2.1168415224018777e-27
2.982404784169255e-29
1.4983528361665076e-21
6.914978429965473e-28
1.6399469250458014e-21
8.160387343472927e-25
4.5657133108256e-29
1.539594149246876e-26
2.9005895818925192e-25
3.0344379200555835e-23
1.1439238160404292e-28
8.748508138896442e-27
2.1575079493536947e-25
1.4735294260752325e-26
1.872395573452898e-25
1.126725227394676e-22
3.632064178172479e-24
1.343344672691438e-27
6.505407809239223e-25
1.0367657234443055e-27
4.2141430487575515e-27
1.3092231325737603e-25
3.66675676426004e-26
6.524173299628863e-25
3.827595870610982e-27
5.406026127542684e-30
5.661385695316546e-29
1.103018667501132e-28
2.8171282375326933e-22
2.986670981223475e-29
1.6971805073548982e-29
6.153861315645801e-24
2.3363122420735305e-31
6.304979974739788e-24
1.5064763157530456e-25
1.550790527060216e-26
1.2133940969823134e-15
2.281448208967359e-24
1.7524557407585785e-24
1.0899645526129882e-30
2.940863973397917e-27
2.1336945478060937e-25
4.240163114116789e-29
2.3589725831293356e-27
9.219030851939895e-25
2.125522761280876e-24
1.1919266285573254e-27
9.598395975109441e-27
5.147861738105219e-25
7.887673422612718e-22
3.429111119064859e-28
9.934310711676241e-28
1.9514415796211093e-26
5.094841077053418e-23
3.7561499950820376e-26
3.219919377787888e-29
3.5733870998304617e-29
2.4459997365736463e-27
6.0439665179506665e-27
6.258891189194022e-28
9.916876583306643e-25
6.537177402584556e-25
1.0117216828212422e-28
4.218810922295608e-26
4.452086133685616e-27
2.2760916326775843e-18
1.3790710301135432e-28
1.1150233746210201e-21
1.1881805975604801e-27
7.983363572566636e-25
1.8718251183139876e-20
1.2807598267757729e-24
3.1199007296800196e-18
1.3526874546906964e-26
1.2095531027143303e-27
7.281019484188523e-29
3.787317711095149e-18
2.240665409760976e-23
1.0142914849148946e-29
1.173462544058749e-25
8.352215306163731e-30
7.18699169164655e-23
2.669224369012299e-27
2.5480969744271387e-24
2.2708536071243638e-23
3.4168000780963267e-22
1.2663521127925783e-28
1.0273337716746476e-23
1.869095668352371e-21
5.66030290974286e-25
3.504826175033496e-26
3.124542573986342e-27
7.044777762774331e-22
3.7911444931463124e-25
3.1202348277032516e-25
2.3575475763886135e-27
1.0177102770851958e-24
2.1067449959798723e-22
3.367305810220799e-29
5.196435977760144e-29
1.396124079835476e-24
1.9148167451319762e-25
9.922476115619911e-23
4.1166792170875874e-20
9.541497990851155e-22
4.8425733758084017e-20
5.981015307681973e-23
2.8552294533543575e-26
6.463757574662085e-26
3.6502925130048304e-24
7.496303876208048e-23
3.0292631518830336e-21
3.322037956430565e-23
5.03504064043936e-26
3.3815367334106173e-22
1.4676747575674178e-21
6.810965421085982e-23
5.381636827613553e-30
1.5133013751824372e-29
5.419418703726149e-29
3.082157301725008e-17
3.0786118943651733e-26
7.612104184660735e-25
3.1119636936020873e-24
1.6956466074727816e-28
9.442286852675603e-28
5.247258216937377e-28
1.401224927877135e-26
1.6402359987279549e-25
5.746823089907131e-25
2.741462021735496e-27
9.167626547446423e-25
4.496311555657614e-25
2.3058331474281798e-26
8.281640367267337e-25
4.56872649709118e-25
3.384500952509785e-30
7.993377174688463e-22
1.135093028108028e-27
3.01383368333795e-27
4.758780707751677e-23
4.760600331113945e-27
4.820680389787255e-25
1.5979104405888262e-26
3.131747988642354e-23
1.6355720011348615e-28
1.7797700930927942e-20
1.818256232680895e-26
4.999730930232596e-29
6.807683365708698e-30
1.7685637849621025e-21
1.0618610804352327e-25
5.852001112474989e-27
8.829343761254624e-23
7.575278345139525e-23
5.0125441692632236e-27
3.3558191285878254e-26
7.300853558998226e-30
7.4381854091717275e-28
5.066276588028257e-26
9.321978022497707e-26
2.3018836726218644e-26
5.240346500523542e-27
2.5401781538875445e-27
2.9968874476490976e-25
5.530498672842218e-29
2.5021998715700095e-27
4.518568603707879e-22
3.4493960848195935e-26
8.551106769875564e-24
6.434878753566688e-28
5.171822727596424e-26
3.47698532772721e-27
2.5366526687358203e-22
3.0373965042696e-29
1.0049791114803716e-25
2.9970119395619806e-28
5.919794314798412e-26
2.8911343738863e-25
4.408102565089072e-26
1.0714083649988155e-23
3.761476365657659e-27
3.6242249826089517e-28
3.307301551957007e-27
1.3859519468881907e-24
1.8923623104038514e-28
1.390273222863666e-23
9.91581750693581e-23
2.4373178926940074e-29
1.1511927394675198e-26
1.6507537997594026e-28
3.0879766136629364e-24
2.1013248531793427e-19
2.6302556587827014e-26
4.254795436193172e-27
8.94063743095425e-27
3.530797889339678e-27
1.521095096052958e-28
1.6825844969527783e-26
6.221072271173592e-29
2.2383757765233664e-30
6.478387457113374e-26
3.95268619295715e-18
2.1214338950010207e-28
8.856606857284122e-19
1.6861249866031198e-28
1.63566619350327e-27
7.682574704864203e-27
1.9097146611850493e-28
2.1694701359810434e-27
1.1416100872193002e-22
7.810458722180342e-27
2.309014604131681e-24
5.191911462229967e-26
2.6099132717923825e-24
1.2132710017975898e-23
2.394721343100138e-24
1.4694071437843208e-27
1.358893750227834e-25
9.19188960468931e-25
4.5880594386562804e-27
6.992143208555473e-25
4.7691521008879837e-23
2.055624469155345e-23
4.1401991576677884e-29
8.899095482665977e-24
4.232766183586812e-28
8.129780313498881e-28
1.635489460045025e-27
1.8174369685518374e-27
3.06762010869065e-28
9.234907359405743e-29
4.1970287449397316e-23
9.638644673768323e-27
1.8748517802314025e-25
2.5305172155626006e-25
4.812707770172371e-23
2.928709662469961e-27
1.4227998348841522e-28
4.048796108536105e-27
7.711436683669623e-26
6.4306861112242e-30
2.4585079502017166e-21
2.383157424092016e-27
3.335387421427276e-22
1.415238141232653e-27
5.132706547701545e-25
1.0472994265913682e-28
1.417449647866481e-25
7.317309399615753e-27
1.825016693255836e-26
3.4569509868309377e-25
8.320705429912126e-24
1.6465150115255574e-22
2.1904434773145607e-23
1.0846832628759688e-25
2.356507864500921e-28
7.852038961581293e-22
3.8451450115245803e-29
8.288849400863378e-22
4.934620042387753e-30
2.6415470798109315e-23
7.386589125522197e-29
6.0452803217507015e-27
1.8597113556381274e-26
4.5158136823947025e-25
2.275001355213758e-25
1.518311314314533e-30
8.653598052119805e-20
1.2627523519773498e-28
5.910815425389143e-19
8.629629636209964e-25
3.532570151097089e-21
1.8092523732065082e-25
8.640088162910882e-27
2.796562494097794e-25
1.113567662076508e-28
2.2536649420419763e-26
3.7046757981315514e-22
2.3766325237401546e-18
3.0762970863638684e-26
1.061756670999637e-25
9.26275897612693e-25
1.5722196693411638e-29
9.9776051434743e-24
8.21347483441649e-20
8.6206905370384e-29
6.815060130897823e-24
2.5937426237137916e-25
4.665184882945576e-29
5.437190096525022e-30
2.127172654961459e-28
3.340363672720361e-27
1.8950616751704717e-30
2.4786464537498676e-24
6.753786439466158e-22
9.378060984070823e-25
2.472400609646817e-26
4.024264641623802e-26
5.492374243783444e-27
5.1991182585050516e-27
3.397729585131074e-27
1.4764186838967155e-26
1.265355442860001e-26
1.8231443463253594e-21
5.348649921760061e-25
4.1758769174881295e-29
1.2644337048487757e-24
3.2052724695223007e-28
1.1020069561378825e-20
3.4091071564694595e-23
1.0173976823922173e-27
1.033872089061041e-24
5.979697832437137e-28
1.2069068608202257e-21
2.760018479760214e-25
3.6942781004979694e-23
2.7771720730638697e-28
1.0296141804486368e-26
1.5635692608271214e-27
2.5178329783188064e-24
1.290794828644519e-27
4.550980386363097e-28
1.504455001383994e-20
1.3915015488619105e-26
3.0588479272954646e-28
7.0845271732948834e-28
1.3848780644606401e-25
1.5719798694972166e-24
7.862030378536606e-21
1.6424995172095084e-25
8.807772233394391e-27
1.8300320242008343e-27
1.0928900872365496e-19
2.5179890276429633e-23
2.019117059797923e-27
1.7041236594280792e-26
3.8587250729170245e-30
5.657075568453247e-30
2.5743546914925618e-24
9.073638202532562e-19
1.3054592765134175e-29
5.366012840039613e-29
5.976471224122814e-24
2.27630366761267e-28
1.084180968433295e-21
1.5689839960761925e-28
1.1150199895120512e-24
4.185765903692972e-27
6.20646979012673e-26
4.324896221931482e-27
2.136650478476238e-17
7.414423895537539e-25
6.274337264851143e-24
1.3088772319277705e-24
4.654824610038863e-30
3.0324757838677336e-23
7.27518125524292e-24
4.9597232523400533e-26
3.190351087098325e-26
3.321276745584245e-26
2.3721336582875876e-27
4.1131265240512056e-25
8.209199943051595e-28
1.6244388343191926e-24
6.65465295448229e-20
1.284873782244122e-24
6.4157648244838506e-24
1.9802237776034268e-27
2.394135972017036e-27
1.2017943083702342e-24
4.7566111110264156e-24
8.525186876095149e-29
3.286404556476107e-25
3.674742709678628e-24
7.172631567947797e-25
6.567852833259646e-26
1.0017669448862751e-22
9.922675973760507e-22
1.7237567922965695e-26
1.1132516168990472e-25
1.1457014551815278e-27
4.550417767462218e-22
5.9065025093966104e-27
3.3152696811438975e-23
5.403619706680198e-29
8.677046954788106e-26
2.907381459563101e-28
2.4114699586058824e-26
2.6345962148032535e-22
1.1371465287734173e-24
4.879400114561482e-25
2.691084281200931e-28
1.0535271553014886e-23
1.4827409551595866e-23
4.549213530731701e-27
4.817793233175629e-22
1.2508573610611224e-25
1.5739812339154223e-19
5.194974165757487e-28
2.3605173386314958e-23
3.114587326077886e-24
1.1872893148204696e-25
2.2012987509577214e-27
1.3641079340847722e-23
2.2375904510487078e-23
1.352702166910992e-16
1.8351074972171154e-27
2.456618787724652e-23
1.2980614386920867e-20
3.1637324913085553e-28
9.68250210263397e-25
3.7404817007897192e-22
8.94176538544759e-23
5.087536001261869e-24
3.480613714101473e-23
2.56393779973571e-25
2.15065444960479e-25
6.755908168230543e-25
1.1644209031419468e-30
2.1291005225636178e-23
1.1543328900375719e-29
1.531152640554673e-24
4.326402967354473e-29
2.8853322141439978e-28
2.2912721125219272e-20
1.5269536644472885e-28
2.2350183872262723e-25
3.4520687136504824e-28
4.4300875912247125e-25
3.3563546929681924e-21
1.4592808458627978e-28
5.577879028528194e-29
8.292899916293007e-30
1.1564180182940347e-26
4.8164519208830804e-24
1.124774313881142e-24
9.094685930325745e-25
5.0220185784391376e-23
1.7512781388019617e-26
4.230611981128724e-27
4.48242952614257e-18
1.080035366132181e-18
2.9643980245104858e-24
3.914625160764499e-24
4.7782966925388756e-27
1.1013526387467702e-18
5.501746322839573e-25
3.5138172104770704e-18
6.719412633077733e-29
9.286927293810646e-28
2.7254267060988437e-27
1.1180039043940004e-26
2.323549948682779e-22
7.2466580879747145e-28
8.001793871011412e-24
9.334804865734796e-28
3.1185929688573315e-22
1.4773661127062562e-29
1.4091473159970717e-27
1.0145739114659808e-28
1.677969951549075e-25
3.5218280504854794e-28
7.609892529152943e-24
7.301455350991718e-26
9.719095695315958e-24
5.323029896965171e-26
2.2695040348932517e-26
1.0645554375872253e-28
6.349056886772922e-25
3.093908615678695e-30
6.084215086089582e-23
1.1755142074564611e-29
5.940776002105045e-25
1.7613951703317197e-27
1.325888335412726e-28
1.1669354527897325e-20
6.310085134718585e-24
1.2403322752185073e-26
7.838583841859043e-25
4.704036219446127e-26
1.7436531853985855e-24
6.299492082862098e-27
3.725983613558319e-24
2.194894775034171e-22
1.1911724053369293e-26
3.122076368740071e-23
5.098116917830668e-27
2.0566670434690476e-31
9.637121449605729e-30
1.3903616750282905e-25
2.1609376379433324e-24
1.9442972792987317e-21
4.545639315439256e-25
1.2836625210431445e-27
5.202644796908343e-29
3.2603095397184783e-25
6.249847661642396e-28
1.1438976901729124e-22
8.42441041033024e-28
9.878463004760964e-26
1.784033385654893e-24
1.0436365957623011e-22
2.701180156498224e-25
5.709816735566371e-24
1.9343426537836331e-28
9.604531410898819e-23
1.5159946076337048e-25
6.7461473520526525e-25
8.267710340142929e-25
1.092077563488307e-28
1.5945956127048577e-27
2.002874914673238e-31
2.680234523524097e-26
1.7949481866108136e-23
6.412617271511469e-27
2.381591055347984e-21
1.6976033926629907e-28
1.3824862197742112e-25
2.8520203659810924e-16
4.5239643524938135e-27
1.4426164295236675e-27
5.67945129674394e-26
5.799941175283901e-30
1.2760485224057858e-28
1.698298566394613e-26
1.1191639112989404e-29
8.48146751988625e-28
6.648889394617716e-24
1.8039283289083652e-18
3.2614867615135924e-25
4.091725046706497e-23
6.819002645499952e-27
3.2800557505546284e-26
6.283889680686492e-24
3.050607146257224e-28
4.112116415671121e-25
3.61641357430346e-25
3.563501833474393e-27
3.812375122364176e-27
8.528543220944636e-22
3.5284573307361887e-25
1.352916152397381e-22
2.2510034841519137e-30
6.50420597908188e-29
4.932279301778139e-25
4.7532775572403504e-23
1.8993087019147823e-27
9.613969678525315e-25
6.772904200743302e-29
2.5415802790093367e-25
5.6005594719966924e-27
7.594781683686611e-28
2.0309281745767058e-24
6.645735243616725e-27
4.777424864462928e-27
1.84641449839817e-26
4.102704350178325e-28
9.113132580009338e-24
1.1236439708613275e-27
1.8612382742739947e-28
5.8704822229837966e-24
1.798577401291221e-27
5.694324798676831e-28
4.400832960809425e-27
2.002970069578517e-26
7.084904037548232e-28
1.1911431959874776e-26
8.600963345585499e-26
4.429042051777886e-29
1.3181469786882152e-29
6.597733597131793e-23
2.234280168279871e-25
1.867950032258627e-30
2.4168548520919406e-23
3.7028395900302222e-22
8.74598221262999e-28
1.2070694428621026e-27
1.0188686615058483e-28
7.099195183010659e-27
3.620685021949142e-28
9.971000427241634e-26
3.0105807464072984e-22
6.356632380295842e-26
3.419910717075303e-27
2.9710073376068382e-25
7.031341085862652e-26
1.2286535697382631e-24
2.048424978714344e-28
1.4500218003447418e-28
3.721982514824283e-22
4.173241708702744e-25
1.259058069434525e-27
9.388725650212592e-28
1.0042864898420903e-23
9.290257879873324e-20
3.1283162509893366e-27
4.483141215273253e-25
1.0077680077360267e-20
1.8635151676387712e-28
1.0393616861337337e-26
1.0455795015168728e-23
4.7510337352276493e-29
1.2924220938465596e-23
1.956555148485101e-24
8.30934294093955e-29
1.2853776332333549e-25
3.1258431208062875e-26
2.873192467257898e-28
9.218305022040173e-28
2.4003075873161542e-24
1.9131064342580822e-25
4.6009357485312533e-26
4.8184286362740706e-30
6.336229095684451e-28
4.69202746927727e-24
1.3591467209129076e-24
6.985690854193505e-27
4.1349068940524685e-27
5.147791877227979e-26
1.2725543901670919e-27
3.929360082012305e-21
8.752786303109528e-28
3.537074973368838e-20
2.2192762791953534e-21
4.6410527612239345e-25
1.663051131358098e-26
1.2820022680872313e-19
4.182769206639471e-28
1.0460922735641792e-25
1.520001059147648e-25
9.9621500520825e-20
1.1085322471842096e-22
4.0795530721050036e-27
2.1585433104472693e-27
8.126256658033625e-29
1.0241228322601467e-26
1.0340188911966201e-26
1.345129695735917e-26
1.610367273988788e-26
2.5457273359105697e-27
4.1655873258322253e-26
4.345169030515703e-25
7.718401189057634e-27
5.752242198694072e-27
9.340851893068175e-27
5.929330812968377e-24
2.7478401926360193e-28
2.4011702048330157e-23
4.577911880571482e-25
6.476623844071525e-26
3.6073922438301867e-20
1.9881926267902714e-22
3.574085233695419e-22
1.9523163773547167e-25
3.2914293160646844e-22
1.9581943892384896e-23
4.692369395095727e-26
2.196161115000508e-20
9.52836089154713e-24
6.557261821531923e-22
7.939882006169835e-28
5.654960538162369e-23
5.4064763951210976e-24
1.4262661362475065e-27
1.1251617415298338e-22
3.9321646239529476e-25
5.063928828430993e-27
1.8092898291729297e-25
1.2273779796769303e-22
2.902657857866194e-26
1.30139255115491e-31
1.6976786623814762e-25
7.800768724426478e-29
9.511662339953684e-31
1.961056083928029e-23
6.6769076318984665e-28
1.5604516136485895e-21
6.085146432747605e-26
9.722798272653089e-28
6.141328492704161e-23
1.0656503822597908e-22
2.8264113645214763e-25
4.971660263024127e-22
4.5019609562995156e-26
3.1596336404446655e-27
2.3591239206193173e-19
3.928608248765988e-26
3.1458379785674055e-29
5.15254392438577e-26
7.571649445876808e-29
9.079359614150103e-26
2.543809510191441e-24
2.1447458572329646e-28
9.686522302474274e-24
3.0728532745792046e-26
4.6096865578273847e-26
2.6088541655989902e-30
1.7793961168453165e-26
3.707587646646761e-23
6.958729788653115e-26
8.595169179219834e-24
5.676188189383039e-27
4.069196549855646e-27
5.356941552451738e-24
7.878849379276338e-28
1.6814721632550126e-25
1.6530019975684704e-22
1.4904326362161686e-20
1.719986124198029e-21
4.758578946041253e-30
2.0996188281832135e-23
1.774368960930389e-25
1.2617877605357483e-23
8.01276395513186e-24
6.936432435776382e-22
3.635549848152417e-30
1.0438312881668942e-26
5.651180457824276e-23
1.8717014660685522e-20
3.855791192809017e-26
2.066688622320324e-24
1.8476488412239285e-24
1.869292568937133e-23
5.459923649094044e-25
2.567127120438461e-27
2.4875650959361077e-23
4.995190402943326e-29
4.2440310280746035e-22
1.163859026002437e-22
5.251833222762626e-22
2.026182794803242e-23
4.520713678479355e-28
1.641279099581086e-27
4.325412067362132e-24
3.6887458210531467e-22
1.829321183003625e-26
1.2608875612864335e-23
4.879494723738099e-23
5.338959377168405e-21
7.168496916331553e-28
3.260628463178913e-27
6.668634638234079e-22
5.536978565276025e-26
1.192454349906296e-30
3.589197032742088e-24
1.081514483517434e-24
2.2149489787015307e-25
1.1310669200695046e-21
1.3755244438624739e-28
2.4687425548031334e-26
5.031127438376979e-30
1.2848690208596138e-29
3.098562739051222e-25
4.909100237649357e-27
1.9216635293237595e-27
1.1102070036467247e-28
2.3769644706557565e-25
8.161646708262862e-21
1.9086771235006465e-25
1.1013681546158699e-24
3.755890813643991e-25
2.26841386434735e-24
6.938940466420469e-24
5.996544877661189e-18
3.511183023936003e-22
7.449538946527667e-21
1.3729827604299259e-28
4.893102262975533e-26
7.1778281003668574e-28
1.2174157665876545e-26
3.7867495402576378e-28
2.2053823188722696e-26
3.717980444874286e-30
1.87743106590429e-27
1.774570530819261e-26
6.930893837820248e-26
1.1965902916429941e-30
1.566948387464314e-30
3.588468920024779e-29
2.786728676700443e-26
2.3862461047233267e-28
1.5739640022658697e-26
9.640985819383229e-28
3.601694785776678e-17
3.576770438905251e-21
1.1039562615267872e-23
4.726540681748943e-30
7.268711893475124e-26
3.750024648591594e-20
9.893555704087296e-29
2.427644669130315e-28
1.533732201791279e-25
1.4006563907613138e-29
1.228269789022653e-20
9.15653660268708e-28
2.779712152763246e-24
2.1249375042638333e-31
6.477868920851288e-26
2.5663071097890085e-27
1.862111754003046e-24
2.6027797842814173e-25
6.2504579445346e-28
1.5149881461379643e-26
2.378417561086001e-27
4.513437902932348e-26
2.626316094601504e-29
1.1301108525112093e-25
5.270476253411333e-28
6.357738765270379e-26
3.0081678993772228e-27
1.294134507366413e-25
3.960292679875644e-25
2.34784189486352e-26
