3.2390533740456184e-25
2.445508852342298e-25
4.661020363080514e-24
5.267835755964254e-26
3.952543609156204e-24
1.007159148926085e-23
1.7322891038597424e-25
2.0426111756040597e-24
5.22305298817554e-27
2.846941391388286e-24
9.797208652200232e-28
4.553168270856472e-28
4.3685862319980284e-20
1.0140933598653727e-21
6.891317398384724e-26
1.2322119613495206e-22
1.1422717663568784e-26
7.209065340707273e-26
8.23120400527187e-28
3.1129770074576034e-27
3.390525469846279e-26
1.773362942830417e-23
1.5960139458916317e-26
1.2803519100116488e-23
3.554509581053205e-23
8.057816122449483e-8
1.1749845613186235e-23
1.2310873905235123e-22
1.3602379102962365e-26
5.83863529471988e-26
1.2687878212711482e-25
4.758838621739632e-22
7.293044594195166e-28
2.149943309987058e-22
6.0527558884380615e-27
9.484148890190037e-22
2.227197306318542e-25
1.7987145501619147e-20
1.5936283196615137e-26
5.96865862902829e-26
1.0664949365660587e-21
4.309046828480239e-25
7.975107324901144e-27
4.411393042547914e-18
6.497969770924539e-23
2.1368472121718823e-23
1.1504841105664443e-21
6.273340300940628e-19
1.0422274959147215e-25
5.856498430579552e-26
1.2115183166367542e-24
8.967827794230454e-25
2.6975182328148682e-24
4.733481879395895e-23
1.2671521588670581e-26
3.926669802218017e-25
8.67518118884109e-21
1.432596548326016e-25
2.0046630044974302e-27
3.340636029298984e-19
8.127219189122775e-24
6.129609617388352e-25
3.7828685124398347e-19
8.181957851782852e-24
4.078791220998389e-28
8.687954372174028e-20
2.878692984125197e-25
1.0509506776089987e-24
2.2109035339144126e-21
4.5525690798294135e-22
3.243439624281149e-18
1.4289942043218965e-23
1.5739325883918258e-21
6.532243045178012e-27
1.1255119562553307e-25
2.114036133466067e-27
9.411678550002857e-23
3.5079431074675085e-23
9.085043689943462e-21
4.239197312694016e-28
1.0213705892967545e-25
6.021980547391443e-26
1.1215632230946383e-21
5.898074011809673e-22
3.151237529945411e-27
3.46361082554681e-22
4.643523942519615e-20
1.4255856751686892e-24
1.661728062268541e-22
7.495664032669274e-26
9.385980223229198e-24
2.2824437085343484e-26
3.6796292650188516e-26
2.369281521460288e-25
3.665030610232773e-24
6.280662058111112e-27
1.795326414842898e-23
2.0621719408854356e-20
3.661540381466565e-24
5.916825688184997e-27
1.1444660796377011e-23
5.616496565519177e-27
1.6124330268595486e-26
3.0394281728402867e-22
1.4926298043052618e-22
4.0253762745414426e-21
1.177482132653846e-26
2.3355113762374061e-23
2.540419855394358e-25
2.1247041786024642e-27
5.259618760563596e-13
4.654205686878548e-16
1.2163353477503076e-24
1.0683919745125139e-27
5.4485086256114074e-12
1.1976511794164918e-15
2.91481513925604e-16
1.4060537954573906e-15
1.6450608757087772e-16
3.68537397161832e-16
5.586541349516444e-16
2.1879091554274172e-11
9.644007012568791e-15
7.055250913032893e-17
1.3365886721083363e-13
3.0942089393338683e-16
1.1282834559815909e-15
3.889055925550366e-14
7.587681568564953e-15
3.3138680199014996e-16
1.7169523075713574e-15
1.7284276302553937e-14
3.344270768334971e-15
2.1997993157510926e-25
5.669375599139868e-13
7.0627228810888055e-15
1.8718167346585168e-17
7.853941833886596e-17
9.76653950599499e-18
5.776498166434333e-17
1.1094482168346583e-27
5.1423722420231225e-15
8.697677092395928e-18
7.50681033932203e-17
7.72343528021768e-22
2.0606065111167264e-16
1.9734439312899456e-16
7.339699089463231e-16
3.797258958476806e-15
2.3630291544503486e-17
2.8901638047907684e-14
2.7894952230026744e-22
6.892289176751942e-17
1.407002074610257e-26
8.098827715346467e-16
1.7428474672927928e-15
9.869404027701472e-15
3.816236419643185e-17
2.701909384945153e-18
1.3609454114915849e-16
8.516857700244693e-20
9.100571272051879e-19
2.0240954602768966e-17
6.985644247180161e-16
1.1293546304173084e-14
4.049201344606823e-18
3.2424174465722298e-15
1.6078824411577046e-16
5.139639672719544e-14
2.3883041186225295e-16
1.5570285504899393e-15
2.66141775513409e-16
1.9523500529850682e-16
6.72222257800846e-19
2.1793368800041466e-21
1.0053562081098348e-15
2.0248606683295652e-17
6.229556792740158e-16
1.1027196124377248e-16
1.9843484312419032e-15
3.3425805304609253e-19
6.743887501695617e-20
6.119467404229386e-17
4.972112848788107e-19
1.8076302268737096e-18
1.267114028216314e-16
5.094041882878052e-15
3.227739739957965e-18
3.431529629496645e-16
1.1830435816350032e-18
7.772592301295011e-19
4.602583482313553e-15
4.743274562213486e-17
2.4741666927529824e-17
1.281008154210314e-18
2.0609809879153884e-17
2.913886024477123e-17
4.3016253605772675e-17
2.0630006251468805e-15
2.731738534077099e-17
4.663548764317253e-18
8.10027450751826e-17
1.5867192808117289e-22
1.640060352099329e-14
1.1189902258785416e-17
2.7332106787632854e-16
4.29412685332081e-14
3.929795471859987e-16
4.842498591443084e-18
3.149516196191368e-16
1.2910114680826191e-15
1.502423121904769e-18
2.6240586776076457e-15
1.452462417385864e-17
2.5663267089302595e-17
1.2961619238986961e-16
2.6284933228310282e-17
3.2240114373355744e-15
1.7210111037130132e-15
3.609575271276261e-16
3.636991914884619e-17
5.260715829783541e-17
7.74277930218318e-14
4.376061132529455e-17
7.501433649012405e-17
1.9084920134431575e-16
1.302031994627669e-15
9.815632415562503e-17
7.291905536926267e-15
7.825364260321737e-17
6.749639878969724e-16
2.0324422565761803e-15
6.226815115608147e-13
3.7342794947278725e-14
9.250649874532146e-17
3.947418533410321e-14
5.902225230739357e-16
1.6280180870139313e-18
9.002015148453306e-16
1.0710944922213725e-15
9.047393013938031e-13
4.289266414979723e-15
9.353999139833912e-16
1.106969730496573e-17
1.355904994760062e-15
1.1700943836961897e-15
7.635420471060548e-15
2.711987083211493e-13
3.579735317713618e-15
4.5651238818826134e-17
5.120482467464002e-16
1.2811018305975584e-13
2.529948642299466e-15
4.81708723074717e-14
9.881830145297907e-18
4.903237876275472e-16
3.729946250976135e-14
1.0249967056378444e-16
3.1596471103606914e-17
1.5971127810655084e-16
1.2549292244387405e-14
1.563311559602961e-16
7.298988051769096e-18
2.2402471686421245e-16
2.5129208656264794e-14
6.191426620178624e-16
9.444405541639178e-22
3.142543996749975e-14
5.697256797972431e-14
5.009145023197565e-13
6.59870742631696e-18
3.272233805576046e-14
3.5773465554765204e-17
1.5017830096979352e-14
9.916072273638839e-17
6.93598725877342e-14
1.457528204891464e-17
1.9246100650619464e-15
2.0442927782117377e-15
4.939197213528834e-15
4.486942577790072e-26
2.6544637419052613e-16
5.534996946282816e-18
6.302556303103033e-17
2.6525567068103172e-17
4.1429667546308114e-17
1.3441375116854208e-17
3.5801822022712894e-17
1.2145179377671633e-16
1.2155610734517433e-17
2.2012647846381928e-12
4.716793249266817e-16
1.0964343831400634e-14
2.2376768005472505e-14
1.3469222044775427e-17
2.0320922831554097e-17
5.359722906295477e-17
1.026977848221459e-18
7.923465264777476e-16
1.853705614460812e-13
6.040366430523789e-12
6.303252626212458e-16
5.308283216218076e-15
4.586942560945127e-17
6.236731877152466e-26
6.114677349208441e-15
2.8189311470298443e-13
9.014572496097946e-15
1.2923094550887445e-14
4.6721645285590085e-17
1.0482580107794892e-14
1.6816192257134074e-24
7.813940170260495e-18
1.5262881618884543e-26
3.787801578084357e-14
5.3344972836265915e-12
7.254574816175043e-23
2.7227536015650626e-17
3.4228613582618614e-18
9.793290146153329e-17
1.9624512000664472e-16
1.72733946845425e-17
5.236508406153449e-12
1.0200680539068122e-14
4.018815437265047e-17
1.982579881032862e-19
5.483770450538963e-17
5.408218648597336e-16
2.3505544759171378e-17
8.579410268816537e-24
3.350448383425885e-17
9.306440598562813e-16
2.0772626754568067e-13
4.91935364260116e-15
1.9375846560097632e-13
4.0410008039968757e-25
3.1976719130982963e-18
2.6065834820564374e-18
2.3422541582374074e-25
1.9529578128654778e-15
9.295626743095804e-14
2.1896705181205138e-18
1.1576541866469191e-15
6.421058903875563e-12
5.833981118164731e-13
1.0109211761228783e-17
1.8458202349886214e-18
4.528346292916818e-17
1.186191337153923e-13
7.800509992460106e-15
1.9064678098291609e-25
3.9144969581090995e-18
2.5649056868948885e-18
3.3661067375108244e-17
4.679753513366228e-15
4.002554189286165e-18
2.0530148533938194e-18
2.735362813501363e-15
2.8222607540013233e-24
2.66465019731633e-15
1.4360935696655395e-13
2.0036167513890556e-18
1.110319056848017e-9
3.0671020649608893e-16
1.6937844463856594e-14
1.2338061011183458e-15
1.4561963264054609e-18
2.2610410882322864e-17
5.077165986865427e-14
2.565513271754236e-18
7.207418129322315e-17
7.69858531542883e-17
3.5548733025517335e-16
3.1069707850087784e-19
2.79238343721835e-15
7.43966577639958e-18
9.19010422962467e-15
6.854822372323798e-14
2.1150664523466827e-23
4.028922398310234e-15
1.952883926695165e-14
7.751704866741597e-18
3.4652865664151003e-15
3.4504250860254554e-20
7.108760286092177e-25
5.3931549637914954e-15
1.0282853916003241e-14
4.540804477256201e-16
1.887932068098663e-13
7.960537824046392e-15
2.410202306536013e-15
1.2926129125298215e-18
5.565572538732199e-19
2.7890870729536998e-15
1.367004252780179e-15
1.2604664243501481e-14
1.1864602466915515e-16
4.1819236612289635e-13
8.318714113886998e-17
1.0437520656655302e-19
1.1940106690165113e-15
5.054221294165707e-16
8.711617451753223e-15
1.4514187247352584e-16
1.5683799606197029e-13
7.332320109627874e-24
9.79752077625019e-17
3.571604672804333e-26
2.167312550163247e-13
1.837485974653179e-17
5.380508297016342e-17
2.989376766063605e-24
4.179455383625071e-15
3.1900103396318046e-15
1.4588206822505387e-13
3.982021286679557e-17
3.1920986129875766e-14
5.263942695975663e-18
2.4902131114632175e-16
3.531839939333961e-19
3.3459745456417624e-19
1.4572947652800436e-15
4.662588236109955e-16
4.237745746693784e-17
2.6345278274484517e-18
2.5380447828896642e-15
7.427594244785294e-15
1.2741099970668108e-16
2.2117389396206974e-16
2.2738645250666448e-14
1.2659048347105472e-15
4.144381583733737e-12
4.478646739036972e-15
1.8874171243718273e-13
6.213583512920644e-23
3.2166521476975466e-16
3.7664320217079253e-16
1.0594036243598359e-16
1.2271903742433653e-19
1.7240372599031142e-16
5.1414826810257406e-18
1.0186307642488535e-13
7.041971142389876e-19
7.644310153444308e-20
5.5555002967638876e-18
2.5175269909185167e-22
1.2417064230775894e-15
2.8289798955873373e-13
2.9781277794488954e-17
3.5191205455665174e-17
7.737243687355824e-17
2.6153581444500168e-18
6.361314449960162e-18
1.4614161019934552e-14
2.3155980990722346e-17
3.186217939022502e-13
2.52176643375443e-17
9.951036301984019e-14
4.593998766542944e-16
4.35042952395892e-17
1.9602012415091526e-13
1.3637981267327716e-15
2.171988235465545e-12
3.169193680656869e-16
1.4594686984988855e-17
1.7383564491599258e-15
1.232941410156353e-15
1.2591691119481968e-15
5.46754983958554e-19
3.873898906070177e-17
1.4969873237740214e-16
1.5248334334911475e-16
1.0084386834503754e-17
8.88931540972779e-16
4.002342599147763e-14
1.2879734192992145e-15
5.179488311193384e-14
5.515641292796377e-13
2.217737048188246e-15
9.20304593505777e-18
1.2237359359868255e-14
2.379853388985821e-15
3.455817490659864e-17
3.062433074865262e-18
2.2074215504515284e-14
6.614487729881451e-26
1.4302642585107428e-17
3.824052484853911e-16
3.4953954278833647e-15
1.283097931329749e-19
3.9521734330369504e-19
1.7254355088633233e-15
4.728455891645007e-13
2.977274200675826e-15
1.412525260283589e-15
3.098702909027712e-15
2.475311038184123e-16
4.65327097092048e-17
2.3727473693821243e-18
1.747112767575235e-25
2.658676039036378e-15
2.6244379830257445e-14
2.805801313501324e-17
1.6286033596534276e-16
9.913289015601515e-18
1.2596775501929927e-15
7.207061081353638e-16
3.465597081551048e-13
9.014031440609737e-16
6.58233143976818e-16
5.101454400393455e-12
7.46347155364262e-17
5.891551675942275e-17
4.420003267693096e-16
7.471452339523008e-17
4.740716840878322e-15
7.409489612665354e-12
2.0338953229053658e-17
2.810373881962556e-16
1.5574449944634498e-13
6.777193916642981e-18
6.745238986701036e-16
2.6381389128889484e-15
1.5184871363956246e-15
4.4695654274524984e-20
2.2496995044682776e-18
2.8676695218189726e-25
1.954255416502038e-14
1.2721296561414232e-18
1.1120672383438702e-16
1.2260460403242145e-15
4.92137109022263e-13
3.404979672064249e-25
2.1091869354257775e-19
5.873911715275696e-16
1.6296504221295074e-27
2.9589824603470043e-15
4.953505093556485e-18
7.188357603936298e-12
1.0040553703774519e-13
2.9485268579236464e-16
4.8421788805063736e-18
5.259945768751179e-16
6.497684172242036e-17
2.632360261492303e-13
2.5746134661404633e-15
4.399305445628092e-14
1.5136157985952872e-16
2.0704931112603282e-14
4.672408854529658e-19
1.7932330070137205e-15
3.3448767782390384e-14
3.4521837657591174e-14
2.68670201310703e-18
1.6387845220136884e-16
8.5766410804273065e-16
6.905714297876028e-13
5.910485466964654e-15
3.595603091550416e-14
2.854142288256348e-14
2.4862985093727176e-16
9.711781144193447e-14
9.982509696611643e-18
9.903994864129647e-15
1.196421151458531e-15
9.293672492518818e-17
6.827590911987814e-19
8.882037163130834e-18
1.0055932762478849e-13
1.8862949291836308e-15
2.103821227461679e-15
2.666440272004107e-15
1.5980093712177785e-14
2.4415859761435957e-15
2.252152163073205e-14
8.269775706053985e-15
6.152415141053988e-16
1.4850762197315286e-17
1.2740376515026126e-13
2.898422219135722e-16
4.1604310542443384e-17
6.081486615947732e-12
1.0415216614022909e-15
1.2858074279954381e-14
7.585695860588563e-16
2.31481622006739e-18
4.159821256669243e-16
1.1300139895587653e-13
7.584592572641791e-16
1.3918787625883036e-17
4.797781454821945e-16
3.10977295171693e-15
4.17089653121648e-14
2.345789491970417e-15
5.383676750445708e-14
7.518601903731802e-18
1.3769195237492764e-15
1.5520411131381334e-16
1.8944971099628067e-16
1.4053435382748736e-15
1.5337889983414366e-18
2.4689643478736457e-18
1.7719510188671193e-14
1.7647958799983823e-24
1.9518221242370022e-14
8.011576924237993e-16
5.278048970369182e-14
2.5997644519917892e-15
2.1616501018209928e-16
2.083450424031527e-13
2.756733276962059e-12
1.5987413536381531e-15
7.548030765342762e-18
5.4674901518190665e-14
8.403260928666295e-17
6.3897433164916356e-15
1.2014538670852842e-19
8.054636284102365e-15
8.975241535520173e-15
6.7890580017648565e-25
2.2196634622748366e-14
7.117667669478507e-17
4.403569538862527e-19
2.5564234036784284e-15
5.502827026213188e-16
1.2091856651317459e-16
4.126512844468236e-22
3.7246786223206986e-16
3.4727340467491184e-13
1.7603002556103397e-14
5.867653978987849e-15
4.562756116388659e-14
4.968757495409955e-16
2.2140947603506194e-14
1.7238999508610286e-13
7.207178106714682e-14
7.99883577493153e-18
2.204752289340937e-15
2.151327087071885e-13
