1.524835653476176e-11
0.00022403860249793582
1.8961475433064077e-9
8.322684603796516e-10
2.07668564596314e-9
2.575795226131929e-8
1.249670804244253e-10
2.5279341600322755e-7
1.910557528163921e-11
1.0920032807997164e-5
1.6148884405878567e-10
1.8599371267501706e-12
1.949991223798155e-7
3.894246565411319e-12
5.491844680634519e-10
1.452615604557678e-10
3.2653026085257037e-13
3.6802945146216396e-12
3.6047467924320844e-10
4.346850432605381e-11
1.2660472098839143e-8
2.1624206830409238e-12
9.129749340884815e-13
1.9911195314759477e-9
8.330778551727625e-9
3.4473924935085886e-10
1.423828538182496e-7
1.7707803925893345e-6
3.947788611139508e-11
2.6492296920225643e-15
2.815101645286039e-15
6.068472750962109e-6
4.684275300254487e-11
2.3629828455615676e-6
3.603942581011781e-10
3.1728455231196783e-9
4.071568440724858e-8
3.3974194394386413e-6
3.450171959572972e-12
1.880503041534649e-7
5.439073030692686e-13
4.274399263044593e-8
4.873842468934171e-11
6.798435965275656e-11
1.5969468196810079e-12
3.3537358158998636e-14
9.535671202209895e-11
1.1363542004476008e-13
5.3817950305627755e-8
2.3527674664975803e-11
6.335722791173903e-11
8.904241423732158e-12
1.7519594575015346e-11
2.01715284494806e-10
4.7384533890151015e-12
7.70691202941623e-7
6.386112779289e-13
2.86796856547718e-9
5.6784238641471693e-8
1.0846714733390795e-6
1.650683593686859e-8
1.3001524595400883e-9
4.664064391941156e-12
1.7585572524814013e-10
9.441173111517471e-6
3.419703251000771e-6
2.2345433744079424e-9
4.5246985005241335e-12
6.425838396278012e-11
5.6127484436359915e-15
2.507394893951615e-10
1.0185231088828104e-12
1.575024458933397e-8
3.6086113876083585e-6
4.403818806768624e-12
6.975496282847977e-10
1.3036332421736841e-14
8.775851018029952e-8
8.153149775739638e-16
2.5040606784738047e-10
1.0688012867322487e-11
3.5593738930536874e-9
6.231009810898698e-17
2.814972249870322e-12
6.817136239456383e-11
1.3777771135017108e-14
5.347179495036388e-8
2.116975991466905e-12
8.992750682340397e-14
1.0927359482802607e-17
5.938809540120661e-15
4.148189366279141e-12
6.922258629126548e-11
5.790578845979659e-17
6.406954187521611e-8
6.109222746013382e-10
3.287706328746197e-13
2.9752657198675525e-11
2.4009914399910744e-11
6.300119724538995e-7
1.3537650525079287e-9
4.3646704806770606e-12
4.2979314641114004e-12
3.7461636644586576e-5
2.840149340475294e-7
1.1428471849614972e-10
3.600805208699255e-11
3.8250008639457947e-13
1.8296012579192684e-10
2.120716439158194e-11
9.018592502048989e-14
4.852112004212753e-11
4.564236481668635e-12
1.0569860337755742e-15
1.4564776083431735e-10
4.222745524965245e-11
4.121710994971225e-9
4.2098948114717326e-11
2.4555818112927325e-12
1.4018139747632957e-16
1.0003960434438546e-11
3.0244433508868466e-9
4.46644431669439e-8
1.0043115343525539e-9
9.558746427503972e-13
7.162888139272457e-11
1.8596843550260894e-10
3.954457411672511e-10
2.714589000975565e-11
1.3133565766256749e-10
2.488045550962892e-11
2.6239794376971036e-13
3.314996842124541e-11
6.123443208203057e-12
2.3402218317806907e-15
3.4564712094709016e-14
4.2618210138077343e-10
1.3025926203407982e-9
3.8450352395557673e-13
7.630489766371808e-14
2.2277433541805935e-11
9.63653140588527e-13
1.5709369857511893e-10
3.070338758673105e-6
1.2621075732771847e-11
7.050989705532043e-11
3.60591401180524e-14
9.786992418003317e-7
7.971310449024805e-9
4.8090832954258995e-11
3.4683889035842595e-11
1.286150606003941e-7
4.147040278948569e-16
8.757083638527838e-13
9.79549620393129e-13
3.377522494233044e-11
4.239873467290729e-11
5.454586656123067e-9
2.512745875312425e-10
8.859247754203227e-12
3.195309657526095e-11
2.2053744225412333e-9
1.5172694527563805e-10
1.6553890951146504e-11
2.7467186771425996e-12
1.2895121152319747e-8
5.7089924803025755e-15
1.4741936409150348e-15
3.0606925589711144e-8
3.541219288707553e-13
1.2278532850581377e-10
7.112641040172909e-13
2.5761727220315135e-11
2.7358755388349584e-14
9.048640426818304e-13
4.902847260587592e-14
1.6431875933844138e-10
8.208870736588256e-11
1.9699001578047932e-12
9.647085706497749e-10
1.5006347628814444e-15
9.221019231337834e-13
5.1540752293095486e-14
3.2781142202310306e-17
4.364087975693833e-11
5.645171833135972e-15
3.265375308095614e-11
3.4739507466986774e-13
8.826158397039158e-5
6.399891883734892e-12
7.512268639383966e-14
5.504177604417495e-12
8.509663646656663e-15
1.3670648973840145e-12
1.086348992747538e-9
2.8129832522034296e-11
3.2922869670541935e-9
7.891973347913796e-14
1.7315493425432094e-13
1.1417646863578878e-12
2.6403926788247006e-10
8.292723032191071e-10
1.1452257652821629e-11
1.2792023101198601e-11
9.747058750761334e-13
3.5782803066470746e-16
2.031718049252701e-6
2.9530159361490747e-12
2.3195452805666035e-12
5.025488779250918e-12
4.7656332401035665e-11
1.0635102989221396e-10
1.6023049315773823e-12
1.0907646343869559e-11
2.980242462774382e-5
5.293214683967664e-10
1.0719487493743584e-8
6.446013109668013e-13
4.059882843518012e-12
7.487457628536719e-16
1.6966304229515145e-12
2.01143696784168e-12
2.1576836758735985e-17
3.828542326010011e-6
3.6070138242715343e-6
1.1391740688130093e-9
3.512988432929956e-11
3.7550752020223755e-11
1.6356989763722093e-15
4.5443029682666586e-10
5.480271956161882e-13
8.805627131699977e-11
2.8144175305582724e-14
1.41703807468541e-10
4.839983225021621e-15
9.005800127490475e-11
1.0724869550765024e-13
1.212653640295506e-8
1.4606487873861921e-10
6.853470219205144e-13
2.8719727248933552e-11
2.2053806960735088e-13
5.020257691652343e-7
2.1536532603626316e-10
3.86115918198352e-13
5.06967153432295e-10
2.3023038051448873e-8
6.020044696195867e-9
2.0468203468291397e-14
5.252374854106535e-12
8.823193744283944e-11
3.4869349978102332e-12
6.159173867551061e-5
3.198097699115065e-13
4.2246073071645304e-14
1.0305245052618644e-7
3.054024183335875e-12
7.926925626608603e-12
2.4270333520585478e-11
1.6489155367434679e-13
2.3207163784283317e-13
1.0261499792655916e-14
1.414819125365752e-13
1.2046441938471828e-15
2.375828666704343e-7
1.3042129840883348e-15
1.2190880653111782e-7
1.2662156203302673e-12
5.935984693036784e-15
4.280898507029238e-8
1.4469129612525255e-14
3.031486789500945e-10
2.151052854843292e-6
1.4642496201144644e-9
2.410880266211338e-12
0.0007691397600081977
4.5676760162263944e-11
7.065932518113555e-14
5.536858499638846e-15
8.40435396755805e-11
3.3984553752562847e-11
5.308705577723493e-13
1.143505450872729e-8
1.7245456419215957e-12
2.9719305130904186e-13
2.7115643670730345e-14
1.9464231169396905e-11
5.219660147740852e-12
4.8093521709855847e-5
1.0299334103282492e-7
2.0234105732275332e-13
1.7193871339226328e-12
1.9546113888157453e-9
1.0228955361673024e-13
2.3323989364966976e-12
3.3661060963855255e-14
2.203528138336611e-8
5.5212912618182984e-14
1.9213766138649513e-13
2.5823571332256895e-8
2.3045039420489517e-14
8.668845519650995e-13
4.854367320725129e-15
8.106475426205389e-10
0.0008119824081014192
6.78838007248106e-17
1.4956856191262172e-9
1.1215775537916205e-15
3.6278980796416606e-12
0.0018967757310315656
1.685105904162357e-13
7.070636792739098e-16
1.7675235031155964e-15
5.195118985211234e-13
2.481910125574514e-15
3.1583750288492476e-11
1.583212959955405e-12
3.278828354707788e-8
6.510761814907324e-15
2.5603200618231147e-14
5.256931757687859e-16
3.545549087520317e-10
6.522610825648078e-14
5.083359208734183e-13
2.5189014065492924e-10
1.6386759691177653e-13
3.2273202211497277e-7
3.23547725862384e-12
4.423225195474334e-17
1.1272160045733723e-14
1.426163928838544e-13
2.708536205214049e-11
4.165900412152586e-16
6.966044400378836e-14
2.6403294641780467e-13
8.945190229230991e-13
2.6219587624296716e-9
1.1325701511315083e-12
1.2490044703315979e-14
1.735099748411174e-15
1.048055601366591e-11
1.4242541196443346e-14
1.1408720025291075e-11
3.927353210636993e-15
2.0049161127911266e-10
1.502569099436998e-17
1.278451230456035e-13
1.7829367880777156e-7
1.0031480016068025e-13
2.430633678074655e-11
3.3313102911261455e-17
1.553483841226926e-8
1.1741909515302688e-11
2.3181112225273108e-8
5.700339437505691e-9
7.216415155007634e-13
3.782356702491212e-11
1.3756235331975835e-10
7.491662540901356e-12
1.495833122725346e-13
9.813595335674304e-12
3.345033659473699e-14
3.6143156851317543e-16
8.165699291929012e-9
4.1819880013410377e-13
1.5685943044625176e-11
1.0859307059511928e-11
3.3266294747564123e-14
1.8738722002879388e-15
2.5870004268957953e-11
1.2085646592930682e-9
4.503379558394092e-14
1.5397240294588213e-12
1.1225031519150086e-14
7.141750045179669e-12
5.040137604114137e-12
3.9743699571725285e-12
7.84238540919644e-14
3.354292504781317e-14
9.676658191046979e-14
6.451360056638369e-16
1.6848226138563786e-11
5.3034038716135294e-17
3.1492697080800875e-11
4.098774281495374e-14
9.408899613113213e-13
1.6924462782389895e-13
6.128187356390525e-15
2.6255646191528947e-12
1.6575580508221625e-13
3.5211583214487e-15
1.9885358272422863e-8
7.0904906060931515e-9
2.0292199890344694e-8
7.329797823027993e-12
1.3138746529703953e-15
2.819995672908417e-12
1.1525640195186535e-10
1.277146469571207e-15
1.1781834037347359e-11
3.2053949318105126e-14
2.5621017993294876e-9
8.808434483221882e-15
1.2677758538601885e-9
1.1033501235093233e-15
1.563953626225558e-12
6.089237129515855e-13
4.196673618228546e-14
3.2295002820078973e-12
2.9374610459665507e-15
1.2102604093306038e-17
2.4303429345831093e-15
2.1195014690207206e-17
1.3311932908753298e-15
1.234343490211266e-16
9.70583610326409e-15
4.7447015017007636e-14
9.128378577473312e-14
1.5514744409489567e-11
1.1184289284290909e-6
2.2618863433688567e-5
6.229180913240006e-13
2.5114607962919253e-10
6.754705059290072e-16
8.199954415619062e-15
1.0024620283665618e-6
1.6552163923455051e-12
5.675508397902633e-12
2.3611960488477883e-16
1.0749288324060643e-16
7.01116525675492e-11
6.251071010875849e-11
4.393530321536624e-6
8.003351183886528e-17
3.1839685144653575e-8
1.2897996912369824e-11
2.3005468736999256e-10
6.345834108225282e-16
9.167435345058857e-16
3.403847382986298e-15
1.0064845472907793e-12
1.0046172739670294e-14
2.51974395998348e-15
9.726627093643335e-15
2.3206497349322675e-10
3.454435057175622e-13
7.374010774407632e-18
1.0259379738156527e-13
2.2991787424721774e-9
1.2602802991773207e-10
9.929770292228327e-17
7.884870070453611e-15
7.084031390205085e-11
4.1635393479851806e-12
7.64301103862949e-15
1.7597326632527673e-8
3.2994833736304847e-13
1.14015778250445e-12
6.371484697846415e-10
1.605143600117369e-6
5.316005986192825e-14
2.5809687324813193e-13
6.498152460273926e-7
2.358227941755162e-10
3.2804314907932486e-11
4.876054230144854e-13
2.7210903410167006e-7
5.913682163905191e-12
1.6443091025503363e-12
1.2866347613549711e-14
9.103623294916338e-13
4.920446932748191e-10
1.0266379054503428e-10
1.6009977310274938e-17
4.697943268004851e-14
2.21369962920094e-14
5.501125990454386e-13
7.383561390177008e-17
1.2571115449834082e-18
6.446477019911179e-16
5.703032368242229e-11
1.0032495155550982e-12
7.190599091478199e-13
1.1575151479029953e-10
1.9516108586525532e-10
3.1475008167237374e-14
7.43082782791223e-14
2.1126583934564082e-11
8.869574819708838e-11
1.8920019911065236e-12
6.221839724344624e-11
6.013567694996403e-14
1.0101535479728505e-10
3.844096543693554e-15
1.2744471496156655e-7
1.1091492718101928e-12
8.950853658121151e-16
7.805138040113266e-16
4.166862909311991e-10
4.595814030936891e-16
9.819947963929542e-18
1.2399935851225224e-14
2.1881597583595865e-14
2.6867004865442445e-16
1.2258248703309245e-10
2.4734544232651225e-5
2.2331591079166447e-14
1.7006006597934766e-14
4.518623045724682e-14
2.004437957805129e-12
5.856524032429782e-17
4.270316144698376e-12
3.1438238901441604e-14
6.185891663139732e-15
2.9434935628706036e-9
5.7828543420715615e-11
4.024404879049495e-13
6.675000703265957e-16
5.936981750682005e-12
1.7310062681358301e-13
5.391666708387644e-10
7.576008262572783e-11
6.533186951899156e-14
2.0364033931633968e-13
4.746481425847694e-12
1.1796052304379082e-14
9.82197043768234e-6
4.521237388137397e-8
4.937620981722577e-11
3.0059238179414424e-12
3.935488766240357e-15
7.035562923378912e-12
3.1273413746900005e-14
9.363963763682455e-9
1.0165372614990695e-15
5.662722308367339e-13
1.7682934915051905e-13
3.9513720068175124e-15
9.229697741398504e-10
6.7934571748113265e-9
3.218502545273206e-10
5.993475054797576e-14
4.9697214715540773e-14
3.203408517407092e-14
2.713748974937633e-11
3.541547420728638e-10
2.830033163611551e-13
4.98669800621466e-17
8.262480652398782e-17
3.5118485426836554e-15
5.0966788460767325e-11
3.076225423559113e-10
2.4448871364668733e-15
1.9470770486836986e-16
1.3389728565939205e-16
1.1958554003773806e-13
1.4822932333037596e-12
3.890070335576902e-13
1.8145028958109857e-14
8.321873507506436e-15
1.7263089975558214e-14
7.214182833672889e-17
4.9988592880460724e-14
3.888218635716423e-18
3.469168107927935e-17
1.827722218788211e-13
3.3836407332104036e-16
4.3146188701374946e-15
5.078699370055016e-11
2.5085626388546426e-12
1.966369658168488e-11
9.507834927322411e-12
4.993620484877023e-13
6.530928917361785e-11
3.318205996772913e-8
4.135118515444515e-9
2.361178756104134e-12
1.871188634371745e-8
2.533687953115974e-15
1.252532534321134e-12
6.89512123953266e-13
2.339433316144924e-10
1.2020587269648822e-12
2.361642533536401e-8
1.996133155958721e-6
2.0210260726513867e-15
1.3664500678072316e-11
2.037286092552546e-17
9.957427929953012e-10
8.671853747138923e-15
5.597090715417017e-6
1.1245805827808814e-17
1.4201660194010634e-10
2.4123205507691403e-14
6.157321775104519e-17
2.1800330497893136e-5
2.3390947082938772e-12
2.6727061612586504e-15
5.129539172728331e-10
1.0523729814787734e-12
6.49336118514817e-12
6.83536659760226e-16
2.8543593058181687e-8
3.3347693205098556e-12
5.520079493353949e-9
8.352966369601021e-16
3.795804688477437e-14
1.2606376230017537e-13
2.796502948379947e-16
3.3359029805588408e-12
1.1256519091908649e-11
5.896357993256904e-16
3.8768891512363644e-16
7.531886408503514e-11
3.568648563040206e-15
7.606658666185349e-13
7.114003717146589e-16
2.047150924891339e-8
4.958468211169342e-15
5.886271913167022e-14
4.034945522429671e-7
2.8247709534992137e-17
7.470044803633233e-17
1.5803758076821318e-13
1.3646896949391596e-8
2.6746408156013096e-11
1.2583739953205133e-14
6.646515198053584e-11
3.687801712635497e-13
2.4749183433386764e-13
1.9019580496667312e-14
1.3186685827877772e-9
3.818691751460048e-10
6.8742280253342325e-15
8.675821538187027e-12
3.9369728291892294e-13
3.48802322196317e-10
1.1252241104057751e-17
6.879204150416013e-14
7.753787892001577e-16
4.1746168128126494e-15
1.3363419342642956e-13
2.7340634878097603e-15
1.3309320901975397e-10
7.921677344206023e-13
7.169461896651269e-11
2.8348151129735015e-7
3.6094523950486103e-10
4.1305328823664945e-9
5.9105283160895596e-6
1.5401472277884128e-16
2.1988350741692014e-11
4.829014399129018e-12
3.712950680768592e-13
1.766373716991394e-14
1.2424580672937576e-9
1.1670355888573013e-7
2.0781707973982083e-12
1.0233164742672102e-13
5.713213060463514e-14
1.3575655858799955e-14
3.0002871583383344e-14
1.0930788504429489e-13
4.1124958324617284e-15
2.5366847853585677e-16
2.1590455981748124e-6
1.685902841184264e-10
1.0942781023174017e-13
1.2633208042456419e-14
8.183928474845847e-9
3.1933599054724546e-10
4.1371117953548303e-13
1.3103146055432155e-11
9.489021147166593e-12
1.8235025966827082e-14
2.798380075748537e-9
8.838646708873368e-13
1.1634994467388112e-13
8.571521570742578e-16
2.338525665783204e-16
6.796384724019178e-14
3.6910533955048733e-16
3.351534207594516e-14
9.952748763732467e-11
1.514222654898622e-6
6.3961215533698e-16
4.625606756566953e-9
5.154573080391109e-8
7.431163003354928e-7
4.186851848403735e-15
2.736650979169158e-10
2.5817245303975435e-13
1.8624202249728912e-14
6.21498464572168e-12
2.3423353047219967e-8
4.872495390952861e-6
5.2261227242115025e-18
1.0735565914076309e-12
2.057028422075898e-13
1.5051581649870197e-9
1.2822922183437758e-11
1.5822124761595625e-15
7.658084503311998e-16
1.516356300005933e-15
5.13893926843092e-7
7.236272938713002e-15
4.824744984071361e-11
1.2240646645924331e-13
1.5789309861269405e-12
8.790008202945475e-9
1.7249920168579623e-11
1.1201059521725645e-12
1.2020804395907956e-12
9.369252380693325e-11
4.662483132239519e-16
7.305700026867319e-10
4.572610579177901e-8
3.419661926745377e-14
3.2381619263644424e-9
1.0540069809673795e-14
3.2007895564150353e-13
1.258983790527638e-11
7.055268736289825e-9
5.319732295949965e-12
4.922486468781437e-11
7.0329074865427646e-12
3.735802736004471e-11
3.3557954675266765e-13
4.293719030281847e-15
2.646862965204848e-10
3.038226405450369e-8
1.1298371482378184e-15
3.4667486979925904e-15
2.616092227815152e-13
5.323098683518617e-17
3.6051665735285324e-13
2.6339458599812785e-14
6.562669756373389e-8
1.0184571406112678e-8
5.5216480495216846e-11
1.6490307399066584e-13
2.1470510813784566e-10
1.8396120252224496e-13
1.0989620821452444e-13
2.886933267220864e-14
1.5181677049223722e-17
2.69322333384113e-6
4.0983165227857247e-13
1.1022753074152964e-10
0.0002320335258260061
2.7691601907746244e-14
1.0697690062773806e-14
4.096936892144743e-11
1.198103408672809e-17
2.7354659158865254e-12
4.442988668440017e-12
6.108699577024669e-17
1.2787658865152718e-16
1.3177510359021809e-10
4.5344121186332475e-13
1.5039226318980537e-16
1.191449789914839e-14
4.505948271971003e-16
4.177912925451403e-12
2.6706155433468853e-8
1.6294551121904697e-12
4.82093109799697e-10
3.498446655099516e-11
1.7940181500093148e-14
2.0319930239386288e-7
1.8940266270360536e-12
1.8875930396385986e-9
2.0327942917378786e-13
1.4229293573796455e-11
2.0716605329652918e-11
2.416190529355324e-13
2.4243524928095585e-15
8.525019724985434e-16
8.628193877721351e-17
3.22629908008766e-14
9.657802266205722e-10
1.4381312606877515e-15
1.203689954165156e-11
1.93008012093115e-12
1.889346462620933e-12
6.190291082748165e-12
1.8362637230244314e-14
1.2177655428498072e-8
2.7583353969408635e-10
1.6805305649915305e-10
3.7696932340492717e-7
5.935597510466448e-7
6.071998569930274e-14
2.577882495768375e-14
4.1850950723542025e-15
1.0305534144798682e-10
1.0788116254326617e-11
3.900277392219699e-17
8.109085031812817e-10
7.666073543811484e-16
2.6554537888382013e-6
2.48536663050364e-12
1.8064740004945159e-10
1.2730050549832782e-6
9.911720694342155e-16
1.0525639836924872e-9
4.868604598564249e-15
1.682892074485319e-12
8.907771925697265e-14
4.875260469177913e-9
3.6696701096586603e-16
3.020363092561486e-14
6.209309330738135e-12
3.2080481255281734e-14
4.906265008746182e-9
6.507318294771797e-14
1.69132241416272e-11
1.7617063767860546e-13
1.0169283880483052e-18
1.8167446363448906e-13
2.778034991426297e-7
1.2902680029062405e-10
6.2578091959186774e-15
3.0719406622191975e-11
1.9733160370802867e-12
1.705629727145775e-13
2.946092159886724e-15
4.3960825969212115e-14
4.7675977367822043e-17
4.392461430610591e-10
2.9683868736587387e-16
1.7439294996383842e-10
6.7944551506962095e-12
1.044326699618945e-10
2.2714643947488047e-18
4.734552682718586e-12
8.987340559818122e-11
7.457277851119036e-12
5.024466881192466e-14
2.1405017760598035e-16
4.167340935725281e-12
1.342493880700766e-14
1.1735788093174723e-18
1.5763298421998829e-9
1.8714945646487163e-16
1.2582949715106094e-6
6.793249300106787e-11
5.6755842236640116e-9
1.1763461375702022e-12
1.1239056475175094e-10
1.2606016790012086e-14
0.0003206949890926375
3.0609304475910464e-9
2.5875246059345334e-15
3.09089735389425e-8
2.2509619719206665e-7
1.5026109544383338e-13
8.062546654879792e-17
2.7751346222509854e-10
7.238456691127796e-14
4.562038472338795e-11
9.125065938442248e-17
1.2089128816042024e-7
3.2662114207217616e-9
7.61741925441093e-12
4.705930578942885e-11
1.9490704056263988e-13
8.704779293468756e-14
5.783645767243507e-14
2.140715482878074e-13
6.7691606026792555e-12
3.508526068144521e-8
4.95791111515444e-17
8.966335150344736e-8
2.6233698271442045e-6
2.5301522568458947e-12
4.600077033260224e-15
8.432474788192738e-16
3.089878592222564e-8
1.958166752115884e-7
1.6014166176614064e-9
1.5146443341938705e-17
2.755382398963999e-14
8.808104662332798e-16
2.376579382087956e-13
1.442465428097005e-17
1.0709238977707276e-14
2.3893001794911083e-11
1.6879584412549473e-14
4.465183820022007e-12
2.9545056182710993e-15
2.3337755074932613e-7
3.8369245144778984e-16
8.29741172867156e-10
1.0903621694958713e-14
9.814890823155931e-12
1.3716064609060963e-12
2.3070077842843575e-9
8.805284123577113e-14
5.342881685624288e-7
1.7705686448998215e-7
2.461745564243751e-12
3.341269247258782e-8
5.4804255703135775e-15
1.3919797770791751e-10
2.209117118789238e-16
2.730310146481893e-10
1.3275615605112603e-14
1.788039916203016e-15
1.4390745023304714e-10
4.554089555739922e-13
5.493959364707976e-10
8.405499233011486e-13
4.621307894710634e-11
7.765698929383733e-13
2.5832586482423463e-10
1.1259632983141054e-12
4.092380736812757e-10
6.610450162527446e-7
1.7567451658799846e-13
2.7576916089703902e-11
2.129145136001316e-15
7.20493198681812e-13
1.1809416584278847e-12
2.247779969665707e-15
2.87512369828033e-11
1.627454663639604e-14
6.073440756444705e-9
2.133232726099554e-14
1.8245245621396514e-15
3.949543967313895e-12
8.140235243537777e-6
2.1049862999948486e-9
7.735538807769674e-11
8.508866829690815e-9
1.3355231133779794e-15
2.1448386718687797e-10
9.406016042587536e-10
7.391340395015792e-11
4.089081610034272e-14
8.520562408940364e-12
1.2116981744472415e-8
1.0007784612815218e-13
5.837667624063358e-14
9.625291388759448e-14
2.5740252983376105e-14
6.085799284196214e-17
2.0835371008256228e-14
3.7668368774125024e-14
6.85651258142652e-13
1.0257997911513333e-9
9.72145285119436e-16
7.038590932078716e-16
3.5609736155328425e-15
1.2086188374530624e-10
6.117621675938855e-9
3.220655772900029e-8
7.912614172952146e-10
1.9496318060343856e-6
1.8876885004176692e-13
8.779668312787652e-14
1.80316587135878e-13
3.125754918334133e-12
5.44556835834671e-16
1.6081447645789916e-7
4.6213350277948074e-14
9.752414272781733e-16
2.0845273239814153e-13
1.2892031523493782e-15
4.002981051588005e-14
1.2528171081088376e-15
2.1519510373561019e-16
1.0553425094842266e-9
5.1913722583469396e-8
6.910490575330384e-16
3.0457264068283943e-13
2.7727256024275153e-12
6.803057281042812e-16
3.6247809513190187e-14
8.800558496209896e-11
1.6589537986143203e-12
5.8237786995477425e-15
2.7825417485358037e-12
3.392418671974619e-17
7.408841895198932e-11
6.345533516041812e-14
1.3322159453750036e-11
1.4464614258514927e-15
1.439481681270355e-17
5.813963262097992e-16
9.240028318014118e-12
4.381079525511615e-6
3.4570630058916784e-11
3.0605073406927595e-16
3.0010698564162087e-17
2.40763792541229e-15
2.7412822492980955e-11
3.3152099309562703e-15
1.783024610463376e-12
2.599905882088337e-11
0.00023452847011823087
2.584861122555674e-7
2.376727359362695e-14
3.6500684956844136e-13
5.0033979541574663e-14
4.420212049656768e-12
1.2663210198755009e-17
7.124773737016778e-16
2.589625794937753e-12
3.617291139987921e-10
2.3109493679061047e-12
3.810904443078227e-12
1.0030675628069361e-6
8.483292482117986e-11
1.9376864553700587e-7
8.367950189998995e-14
5.8563339359526805e-12
3.8619861235362127e-7
6.30806678574197e-11
2.316965163550108e-15
8.573610397299822e-10
1.106976794400809e-9
1.2969830396559518e-13
5.97931599848645e-10
2.5693791263803634e-13
5.002689113954179e-16
5.09147796328766e-15
2.962091466257045e-15
1.4381185857244973e-12
9.706754372400891e-16
1.2564890367541323e-7
5.798717677396464e-16
5.079615128280576e-11
6.851781400940287e-13
1.5544487975710526e-13
1.1746920573192037e-12
6.843576511526394e-13
2.798997924560134e-10
1.358840808449282e-13
1.2402528604082504e-14
1.1542752728581678e-8
1.563035452901096e-15
3.7769869163715784e-16
6.43437425767397e-8
1.9363257896543194e-10
9.674779216664596e-7
1.6227478774651198e-13
1.3022668741819028e-13
4.614822785736107e-16
1.0201990556428869e-12
2.8429229049525046e-12
9.088613267712913e-15
1.914052429260108e-17
9.27234888034401e-12
1.7489446797775057e-12
1.2722228324345773e-17
1.819139729427544e-15
1.8182853519069937e-12
7.3639466639066225e-16
1.239584370395985e-10
1.8777110074601023e-15
1.927301363981321e-14
6.502447307344617e-12
5.499680434009093e-9
5.9551702478460226e-12
2.8060021930904253e-16
4.017668372394561e-5
4.960453092895276e-13
1.2213091795301852e-16
0.00034662817880257683
7.810249468953563e-9
9.274869377223987e-13
2.0975681416226395e-16
4.066566703997344e-14
8.729797323499513e-13
5.234912820359098e-15
2.284928100483772e-10
1.1103576381938679e-13
6.511649082751565e-13
0.019581852859387336
1.1828699944897438e-13
3.3526549875206174e-14
7.204309027259928e-13
7.828167977512028e-11
2.510234205824391e-9
6.781983079591188e-13
2.7391448034431647e-14
9.06127981753623e-12
2.573182141319001e-14
3.4286521701434096e-13
5.725097332246666e-14
2.9623124295868544e-15
2.319841428760178e-13
1.0539251384972024e-9
8.177808690245766e-11
1.1946819399163757e-12
3.9176590799387174e-14
2.2937087995400973e-12
2.3170992999320165e-7
9.57750415397223e-9
4.289817019501464e-10
1.9985621223817227e-11
1.2786880577030609e-12
3.4559688086617005e-11
3.214877323129086e-13
4.67372243830553e-10
2.497813055558154e-12
8.236770467610451e-12
3.0245927067615957e-12
1.8307173819440534e-11
8.485848829931779e-7
1.7621460654953865e-15
1.1302867943350512e-10
1.5376983673146003e-10
3.465408394236325e-15
1.546118861942539e-9
4.58089526601104e-13
8.580260237918531e-15
1.1865095453111204e-10
6.400999095759153e-11
1.0307005616781933e-13
5.824343617690396e-6
8.674791902582439e-11
1.3577568040393653e-11
6.20358364831974e-7
3.084321345840135e-9
5.623612244764867e-12
2.291101115167076e-11
1.402639129261336e-10
3.270907627272656e-13
4.668544877261045e-12
2.323140729555426e-16
1.5060416483003132e-14
1.544449973208097e-6
5.443416532517675e-15
9.57312108077296e-11
1.1917509060650038e-11
2.7700860641713315e-8
2.0037463652967864e-17
2.3520483661635064e-14
7.148763335422623e-13
2.0246997237435298e-7
8.857787256107878e-10
7.727110383127628e-14
2.29617045687127e-13
9.312250740099001e-15
2.1760110859643772e-14
6.383785508982578e-13
4.5908943337371755e-11
3.1444880372540994e-10
1.209941426275401e-16
1.7910544334575355e-11
1.3777046181494935e-11
6.395684692160007e-14
4.699198913970071e-14
1.504353834119282e-15
6.999005766142675e-10
1.8966829313839483e-10
3.3100770921701296e-12
1.2151014501708276e-13
6.743945105141049e-7
3.763977623879324e-11
2.2668234849559373e-9
1.192401326015257e-9
1.0858730524664345e-7
2.4278612608525342e-14
8.425345968499875e-11
1.5822687621650322e-12
3.696772226735531e-14
2.0250587990872775e-16
3.9951692665036865e-9
1.2156508714668065e-9
1.0013408827987624e-15
1.282566443114339e-7
1.1042963213709897e-14
1.8993841855426205e-15
7.156992037109092e-13
5.120391704046126e-13
1.2702603015751093e-12
3.3644138988516793e-14
1.820610858687409e-12
5.015879368909806e-13
3.413297068238414e-14
2.8647091670033464e-17
4.4149827831886774e-11
1.4158017224877523e-9
3.574015966438028e-16
8.6418557743092e-7
6.465213410344844e-15
7.966706804406305e-7
2.1297111836011845e-14
6.729510976708374e-9
2.8053886877663663e-13
2.683003328574658e-16
1.2435772726244977e-9
5.4378930251776445e-14
4.53087715211713e-13
3.322771067834735e-11
5.6488001882915345e-15
1.5784951126026757e-14
6.014317903691457e-13
3.7366511440025534e-18
1.7967872016518622e-12
9.2969276662219e-19
4.8909970076332587e-11
7.109616543076584e-6
2.355957511539357e-13
3.619009744344399e-16
1.0681084245903678e-12
2.4483818698989066e-11
8.637880545102482e-9
2.99617709867147e-15
6.186440531710239e-10
0.0005380159794164487
1.1091435797966901e-16
2.9333964924117023e-9
4.928429089012672e-12
3.018879751894376e-11
1.157299326675991e-15
2.010616009061325e-11
8.344707472523219e-12
4.153150859022812e-12
4.443823178331153e-11
6.555096467385811e-11
3.3440534021596765e-15
1.6472230990017183e-14
2.7757159260530405e-18
3.5807322881340376e-15
6.066744485934795e-15
8.107987870302656e-19
1.215729644948378e-10
6.550977715245319e-12
2.5074065267178165e-15
2.1194879257056076e-13
8.746369322756534e-11
1.681829223678815e-11
8.127485910539536e-13
3.279960746972494e-5
3.2765712465732956e-14
4.1031990392211854e-11
2.0379244847126866e-13
7.342883822199478e-14
1.4813520596987784e-13
1.5875230190461817e-16
1.276807583204576e-12
8.017034579831994e-6
1.7883539821419657e-9
8.762754156638772e-15
5.688542383289478e-10
3.6182935004101987e-12
3.5972788074888634e-15
1.0151359678838559e-10
7.023603780627659e-14
1.017624644913446e-14
6.2096775814350985e-12
6.288725408277456e-15
1.6768391857663366e-13
6.587409719298784e-14
2.4782165813894395e-10
2.0486660919518057e-16
4.7365935023432025e-9
4.2751943762001606e-17
7.4032485778896786e-6
4.034229284368476e-15
6.988080784582059e-13
5.323282635746827e-15
4.59600074706443e-14
1.2514986794671518e-11
3.3594814762484855e-13
2.2012958425568106e-8
3.625816856837756e-13
5.3203443738792206e-17
9.53661102880638e-13
1.3360583370056168e-13
1.3912841708894871e-11
1.1774854178876748e-15
2.1483155630520604e-10
5.1443785767143224e-14
6.343739625089442e-15
3.2456323021315035e-14
3.2128507082503934e-14
1.3879698560868328e-8
8.004488892805371e-13
4.557710279195069e-16
2.0293677311402753e-16
3.249034300117189e-9
1.442506345159394e-12
9.660669252542142e-13
1.923037685109075e-7
2.616116937112096e-14
2.9754076439775245e-13
1.5609033670126487e-14
3.3330527800554046e-8
1.6116366851951684e-15
5.7484378098313226e-11
5.7900516069176535e-9
9.340129442593343e-13
1.558505806495123e-10
2.2190876638322162e-18
3.6705356143647994e-9
1.4314998383939007e-11
5.473570779847653e-12
2.2975271317836873e-15
3.228911284992789e-10
2.656128466943077e-7
1.6110121370331807e-9
3.91687505600418e-13
9.459218856227961e-13
2.8511715703893825e-8
8.42529118425245e-9
6.197081301921195e-16
1.4700412092308963e-13
1.9956519075330864e-12
2.988844575747488e-13
7.574344744578188e-14
2.2737499614987222e-17
8.369007398588681e-15
1.7810779659224237e-11
9.123452211141643e-15
1.6821064217931037e-10
2.5634676758938884e-8
1.7104454589442417e-6
1.6096306080714898e-13
0.004793725700994428
1.4964563844930865e-13
3.4257275036607104e-13
8.873952225382565e-11
2.8027464770684393e-9
3.762490779881391e-10
9.602331872761118e-12
7.614540245724872e-14
9.403753972936874e-18
4.12234052907592e-6
3.512307329671887e-11
4.27701309710297e-15
9.696920626948972e-10
5.72312501417037e-12
8.702794201339372e-13
6.152244256872349e-11
5.448480899535853e-16
3.668212756387635e-10
2.2110770400784833e-11
1.1509403039963907e-15
2.507794546441494e-8
7.110779284085296e-13
3.0228984478785207e-12
6.948817093232297e-13
4.5647187015505214e-10
1.8569384828900376e-9
1.0183359521609514e-10
8.127605588881807e-14
1.2910960535325991e-16
1.5881167275492464e-14
2.2189447813476606e-10
3.843559627333117e-12
4.2795012044435373e-11
8.961925443711097e-19
2.9921513563993663e-16
1.4044622264379956e-14
1.312075286074956e-16
1.971250048948105e-7
2.5665498291763485e-17
2.101252918810008e-15
1.1693633625049222e-11
0.0005431942642531071
1.456830104987882e-13
6.606550687078254e-11
3.1037091749070137e-13
1.432205326850701e-7
1.8096158232595474e-7
3.22628924756038e-14
1.5388196947965565e-10
1.6775151925507906e-12
4.5322113830631956e-12
1.016455861039543e-13
7.4092187917041e-17
1.464596187790114e-15
1.582546780776712e-16
3.403604430878039e-14
9.993393314336467e-13
9.47701120957045e-14
3.904134171570694e-15
1.7084716622218118e-7
7.23493563550883e-14
3.661239160867606e-10
1.0014972473606673e-9
2.9502183972127303e-12
6.222592590321989e-10
4.92330722440519e-9
9.579845722853193e-14
3.1774493949055263e-13
2.8352865204011836e-11
3.104047393826849e-14
2.820504178733928e-13
3.2313252696544376e-12
1.2587702769094007e-9
5.078865026917368e-13
3.1556504927997684e-7
3.30286433682222e-15
9.404444076856524e-9
1.926409564822337e-11
3.8479764444958087e-13
2.8535537557426318e-11
2.0814449109045471e-10
1.2677467215289014e-12
3.1919890215153783e-12
9.382198466496685e-14
4.456347517365338e-12
1.8415044092872828e-10
5.806696433157296e-13
6.687103985637403e-12
5.415104672403818e-12
6.589557267805846e-16
1.2422048987079104e-7
5.70321966810955e-13
1.2223468618497592e-13
4.1727522758289114e-13
2.6733013373077037e-15
1.7666918237316622e-14
2.780724721457875e-13
4.024363670167643e-13
1.2229614205854783e-12
6.9530951032744345e-6
3.4189360673766556e-13
2.561520194801914e-15
3.147024495146857e-11
5.446962922234058e-17
8.69844615241179e-15
1.6573881568983306e-14
5.340582618516046e-14
5.138502738556165e-13
7.154528342889977e-10
8.011758794611153e-12
6.529079197429556e-15
1.4410349727455607e-13
3.950579013424329e-14
6.056635483731418e-11
4.0891523132285254e-15
0.0010154025241966471
1.4076344277427277e-15
3.2021372231840636e-15
1.9018976228637724e-16
3.236328597697403e-14
2.9227817930853945e-9
1.0332995679453666e-10
2.2687231599118797e-14
3.605765666705195e-11
1.1097549197410895e-11
3.908000010874193e-14
7.379232862061123e-15
2.7576232548401395e-15
1.5158320326598043e-13
2.886898822624077e-7
2.7900932389506475e-12
3.861649477702343e-7
1.8562629999187942e-7
1.0465768511407022e-8
2.6796710113855632e-11
2.933730585701564e-15
2.1496659716064887e-10
3.321959540569425e-7
3.17416436510805e-18
5.3027230957845933e-11
5.766033158886138e-13
1.0506999972456521e-13
1.1084383993639357e-16
2.6976982572074235e-8
4.017826943030428e-15
2.3139837071874008e-15
9.743857053194373e-15
9.14602543539217e-15
3.3531407378698953e-10
3.2517548115409905e-13
4.0820916901140347e-10
1.2392376294206912e-11
1.3117189663548832e-12
1.656435355881507e-10
3.029067047935234e-8
2.7553236878499155e-15
3.208513584754343e-16
2.347023066783998e-15
2.761550044425265e-10
1.63464016049713e-14
2.3096767682300813e-12
4.1289979229708567e-10
1.1765817358136768e-12
2.37272758425294e-9
1.5708718512762044e-14
5.355757342935789e-14
5.673164399539201e-5
2.959140135947559e-12
3.354826552294175e-11
4.2795718169905483e-13
5.4277520636204015e-14
4.6178201606538584e-10
2.7836473680367785e-13
1.3035443009971018e-12
5.45671849503411e-12
1.0047519234313239e-6
5.1804622848945915e-14
1.4025218012686237e-15
1.4748178349040242e-13
2.611077347310422e-14
6.818513517429155e-13
2.662423386924369e-13
1.655875031059515e-10
7.389475484005945e-15
1.0668874795385434e-17
1.9472776799437676e-10
8.592840821434341e-13
2.533299219184306e-13
1.951271401993454e-13
2.0794935021492465e-13
2.3064648369613764e-14
