2.0102814921134945e-23
9.136752483108492e-23
6.5848964214779e-21
1.2050862352321245e-22
2.6604988026922228e-20
1.9176269405108887e-24
2.2656723884843545e-22
4.964884357697674e-24
7.55407336384229e-22
1.715075382313072e-26
1.1142725519249508e-19
9.468989181061774e-23
7.536565635995518e-28
9.192103930702689e-20
2.5241688436483905e-22
6.041139484836492e-27
2.0226331574272519e-26
6.887170746474433e-20
3.1229142838233287e-25
2.1778078964525918e-24
2.3104252444792608e-27
9.618325156958413e-21
3.2421483965895575e-26
2.652681720550169e-23
9.482885645006375e-24
7.917569936640656e-22
2.4762394761845903e-26
1.9847284428356947e-27
6.734356051092203e-26
3.9829130477645766e-26
1.964894214237966e-19
1.2761579885004005e-27
1.3004241551392205e-23
4.37979511937028e-26
2.935393230462664e-25
9.193440534114407e-24
5.3087818751085835e-22
4.0670182146339096e-25
4.021146376197708e-23
3.971851873899808e-23
2.9027462494817887e-23
5.721058094129232e-21
1.5182363943570508e-23
2.175321289099677e-26
2.968610675438168e-26
6.374682621566917e-24
3.5442983252110006e-29
4.0669069850675544e-26
2.3180526396031012e-27
1.0728241509037837e-26
4.356753978568297e-22
7.230678072287912e-29
2.171182626317921e-26
8.294298427714083e-27
5.498515993515108e-25
2.7500367362245705e-25
6.925865842319184e-25
2.0411816199240758e-27
6.285905456372646e-24
5.65075552643687e-28
9.124635094870972e-29
1.173159477899719e-26
2.37990629547482e-23
1.1807450913934783e-26
1.1613157729577453e-24
2.2174755749707766e-26
4.565576652131343e-26
2.641212549653134e-26
1.7705648292666427e-28
6.1196374963737445e-24
3.5955383205268506e-21
2.297594942899465e-16
6.476868547096908e-24
5.733378064399265e-22
3.4493970012266955e-28
1.450864614662912e-29
3.234690335557662e-28
2.7967563757686336e-27
1.3746309334906861e-24
2.8779751283013795e-27
3.705298547618387e-23
1.1807008924068729e-27
2.2224944524106117e-27
1.5249839659130962e-27
1.0113843467313777e-24
1.086198076081044e-23
4.915834457815856e-24
6.713660599651209e-24
1.0501285377043482e-26
4.1020730737512736e-24
4.214795689338916e-29
1.6174637274078672e-25
1.7342160735814234e-26
5.941703807117812e-28
8.508088280696816e-26
1.930525776595453e-24
1.845399241348763e-25
1.3398841111203665e-28
3.164685643811164e-25
8.266879698657826e-28
5.082546181845276e-22
4.8490673066421716e-24
2.9970035750707243e-27
7.871894395194987e-26
2.0859483174882267e-24
7.709209742491752e-23
7.4262002159804035e-28
1.106207714813194e-22
3.652208011046795e-23
7.4042388787186465e-28
2.799573731754327e-22
1.6597835814720075e-26
3.7393527939924694e-27
1.089379195424639e-24
2.5687254161310106e-20
3.1217255122804875e-25
7.462749397311131e-28
2.749704136404048e-27
1.423826824627726e-27
5.972893759898756e-28
7.939788176404087e-24
1.2426355493389674e-25
4.936957887394655e-29
5.992319776353259e-24
2.173481357493326e-26
7.296931990361685e-25
5.351465435697921e-28
5.1571157324170824e-21
5.660173362914725e-22
1.0840721276063892e-27
3.619717874762775e-26
2.94209615808659e-24
1.7444906829598447e-23
7.296087279130136e-27
1.928539690825295e-26
1.8415629108051723e-28
4.4418968595112176e-23
3.162336089013516e-26
3.925319262695376e-27
5.169490544190046e-28
1.3895892605252564e-25
7.691934844233291e-20
1.429076757864786e-18
9.372816944198331e-27
4.9828420056672605e-28
2.005272075599564e-27
7.926414785553971e-22
3.511755254954713e-23
3.760770075867785e-24
7.38871803074059e-29
1.719645887767211e-22
1.2852225471831793e-18
4.8845211409872105e-27
6.1864506016996664e-27
6.518255705230622e-26
1.974657307823559e-24
4.20433692499465e-24
1.2471243953419027e-30
1.8133888870541224e-24
1.2227900198413628e-25
3.5718276246428785e-25
8.829335234070781e-26
2.2123993851810488e-23
1.0336182445264337e-26
1.0299894340252216e-23
6.30379648007728e-27
1.6051231069749483e-28
3.72289663373652e-27
9.24440889584134e-25
8.226113794859293e-26
6.860396427385282e-23
1.0207844071896307e-28
1.5741187973071221e-23
2.197469220683722e-25
9.060391353844598e-28
2.493443072450431e-16
2.898800017017259e-17
2.5739169523696615e-26
5.732782457615587e-23
1.3286129540703641e-28
3.334295583715575e-30
8.094462088157022e-22
4.096758116380838e-25
4.160559637218052e-25
1.1580616438441575e-15
2.0355515410338558e-26
5.450611390198849e-28
1.7255527418778066e-27
8.660231450800779e-25
1.7764468992110353e-25
2.419652582138961e-28
7.333197427049378e-23
2.023972458246918e-23
1.5079533178358742e-21
1.6783057419904782e-26
1.007951993472742e-24
2.4431269618432454e-26
3.8440616622111386e-25
1.7836146166198644e-27
1.9165089480555244e-19
5.968296824859982e-22
1.0555687552622447e-26
1.1805851119614197e-26
1.61451478036939e-21
8.316423099358562e-24
4.974675795980922e-25
1.0782787507727103e-22
7.817995927029633e-24
1.2913741497839382e-26
1.253384628488862e-25
6.923354794452827e-24
2.4722939580264723e-26
3.5270939214699435e-25
2.6163051384146803e-26
2.1795282660550324e-25
4.711568854845807e-27
1.1145701496507339e-20
1.4629678116943077e-20
5.851498353717552e-25
1.7369032073839268e-27
1.9680539515899125e-19
2.936270177596193e-25
3.011230658629153e-27
2.281565171241882e-28
7.098220988293545e-30
4.2683152651325225e-24
5.067298795059873e-20
1.6350132887009627e-22
2.329585216152129e-25
4.770459235131081e-22
2.3753523345647916e-23
1.8699200613916815e-28
5.948899847516218e-28
1.473754721488817e-26
2.748547539324057e-23
4.5029725802505204e-23
5.093196710541967e-25
4.477535571250375e-26
2.946790520021082e-27
3.0543859208288684e-26
7.705004319097488e-19
2.5341320005153223e-25
1.2023506002020511e-28
2.1185138156560916e-29
1.01435942933533e-27
1.5819525760361411e-28
3.9974089666974054e-23
8.415742579798646e-24
1.4109887716119728e-29
2.3177990761772094e-24
1.4356109682405612e-29
2.0067686208132564e-26
1.2235793787152562e-22
1.1281125316063504e-26
3.66402839235355e-23
4.4204751398116436e-26
2.3396753694904318e-26
2.4639352603478295e-18
6.791715865052718e-19
1.1675658515527505e-23
1.2359122413379487e-27
9.043207389081444e-21
6.449093831369618e-25
9.132524844543959e-24
1.391114028074734e-22
7.576765381179695e-28
1.6409242104362195e-23
2.6357172088030295e-27
4.65455757565526e-21
1.5354733414031394e-25
9.757379591276163e-26
2.6827709237191616e-24
3.969409436177296e-21
3.2785398561148865e-23
4.972718033686027e-25
4.78488885408127e-22
2.121915768754514e-20
3.1841197297294463e-24
2.2409946830802727e-26
6.391080693987336e-20
6.416090322618049e-24
2.455507644196795e-25
1.1612479483212044e-24
1.2028730098969417e-24
2.4956435193483366e-17
8.851192931207153e-25
6.017580531506885e-28
2.5843538664752275e-25
7.429953109191533e-26
1.1805684483188052e-25
7.039778643365781e-28
7.570208338670223e-25
3.2005536699550175e-22
1.378432821410914e-24
1.249941193541571e-26
3.24416473864003e-27
2.8725362068642305e-22
2.175122662532399e-24
4.979961621326822e-25
1.6626083973620786e-26
3.9862494146827185e-24
2.6748189532027e-23
9.768542013931807e-20
6.976663959045155e-27
6.189795639520911e-20
4.899378993068107e-28
3.594791346289449e-28
3.0054595481247756e-23
1.7562809792875954e-27
3.9385369421761715e-24
7.806784470884221e-26
1.5609941563791679e-25
8.826841651658666e-28
1.0850087493126765e-27
1.1273442176635003e-26
2.469654449877592e-22
1.3274235917826124e-25
1.7044443241707363e-27
5.44871422779832e-26
1.1335619281110948e-25
4.803608833921401e-25
2.473980695606313e-23
7.00127383129907e-21
1.0712951315476239e-23
4.332541455681713e-22
1.2735942461495827e-26
1.0313684899944021e-23
1.4737678520208743e-23
1.1124072034744975e-24
4.0573398374922967e-19
2.1192692666992157e-22
9.1238082320111e-27
2.5382465865301445e-23
1.887169336363875e-23
4.178619194162832e-25
1.0318038581587459e-17
1.624800570836399e-25
2.774561798722678e-26
6.956839276444946e-23
2.2755594166237223e-28
8.512339151435916e-25
2.3884362218127675e-24
1.8241673025890544e-23
1.8739504335226478e-27
6.0258219239397325e-27
9.007134893562132e-28
9.231928939089374e-25
1.091405850828924e-27
2.6017811529354344e-26
4.8366015241228065e-22
6.4414854167782355e-22
5.601156523790648e-26
1.0649889360916129e-27
7.554846267900991e-26
2.6281747721946657e-23
2.365179601598504e-25
1.3225453770351643e-24
5.602680307980721e-24
2.9041313764694137e-27
2.3756444544852657e-21
2.6300304759037877e-23
5.160295102623407e-25
1.2924125561170469e-26
4.190136402575893e-28
1.1096206010220519e-27
3.8349725954595964e-25
7.2810235462849155e-28
2.4886973011469713e-26
1.8480546931600395e-21
2.6335203154807143e-27
5.8040241592414545e-22
1.6645157371597712e-26
8.906005869360786e-23
2.403817903596192e-23
1.6815575688331216e-21
7.975355247382994e-27
3.606302876100055e-23
5.536816652944582e-22
6.304775288478005e-25
1.0631257629062296e-28
1.165584960254574e-20
5.672492792256851e-27
2.8652305158763745e-26
3.589021085637683e-29
2.967990846380415e-28
2.4437256551106132e-23
7.538239945978459e-25
3.343274510942381e-24
4.735966458920316e-26
5.336591930596001e-22
3.3176356737659816e-17
1.9435814296513474e-25
2.660112637933531e-24
1.1357596205170143e-26
3.1074045541326265e-23
6.499449196018085e-24
9.614045543995995e-26
6.72937994757875e-26
4.736775296186461e-26
2.3107238934737834e-26
5.111846721224406e-26
1.609714205443767e-29
6.232989492537005e-25
8.340538758241204e-26
5.922584258146834e-28
6.681027564238272e-24
6.366086945141295e-28
1.126056223464776e-23
4.248916252706659e-26
2.5775933125437224e-25
1.2512849418150395e-25
1.727408711900019e-28
3.816322717855822e-28
5.044152352986964e-23
2.3940706270096484e-27
2.687882223542853e-26
1.3327633159173845e-24
6.945582045539651e-24
5.1148115059234346e-24
1.3682276762415331e-25
4.424285645849028e-19
1.3134316258614186e-24
1.6417724352014607e-27
1.1355117005085101e-29
2.2348929104495822e-29
2.875095033267808e-25
4.7629160704557135e-24
3.0515464371400956e-26
9.174623553294186e-23
1.0583839034356446e-28
1.4502308271363193e-21
9.18246588167687e-27
1.6938692841578576e-25
2.212907463310355e-26
1.848303306329361e-21
4.826853088800478e-29
5.0247769403818365e-26
6.830185185989586e-22
7.675333306432507e-29
1.3016915325889007e-26
5.464977841710739e-24
6.268284913377494e-29
6.4771283629242974e-24
1.0851705862291764e-27
2.867190009913092e-18
1.2627865083644457e-23
3.6058745032210415e-29
5.128519730016644e-23
1.975933765747054e-24
4.204904291400204e-25
9.769151040911048e-22
1.3782574558138401e-27
3.9312125399139614e-28
1.2527366181473007e-22
1.737407540525334e-25
3.3615508302361275e-29
2.0314433629386771e-26
2.1678223098013754e-25
5.549666741028827e-29
1.5791436573605653e-25
2.8982253904652026e-21
1.4328862281440745e-23
1.1942112668466244e-25
2.5113431273297942e-29
8.909676973177442e-27
1.0231381073248895e-28
7.739996008133576e-27
1.4162667699039778e-23
2.1453870092595977e-25
1.0777214968555325e-23
9.569310597091469e-22
9.205561555630233e-27
1.1361172398488264e-23
8.675576123839955e-27
5.300913297721875e-22
1.3120969094650442e-24
6.5170043534790146e-21
9.173555928756686e-26
1.4343183281805113e-27
6.516597428073059e-27
4.641399092322442e-25
1.949497649818128e-21
1.7812870480180032e-24
2.4630279666154132e-20
4.969152261907162e-27
1.5406209605476144e-22
5.641883211889711e-23
4.389448875115376e-21
2.8788220342379335e-26
1.4864244288525638e-27
1.3463105765849463e-25
7.909927657362588e-28
1.8913387991079386e-23
5.576003521074984e-22
3.3647673958161797e-22
3.717684080141034e-23
2.395910368847703e-27
6.024552100360859e-26
5.597728964401796e-21
3.800833138414447e-21
3.150079552906809e-26
4.6669437010114875e-26
1.6912673599428428e-30
3.156038685569546e-26
3.810446733888065e-27
2.7332920273418036e-28
4.450491686936967e-25
3.62722633006566e-27
2.610970861777802e-26
3.7922221535034223e-25
3.6350742024105663e-28
4.127793438506791e-24
3.071463949832694e-25
2.2640811074456126e-25
1.3740603205821566e-21
1.2693171647189787e-20
2.9340589257871687e-27
7.837560685935704e-27
7.04695591747737e-23
2.338801802116279e-26
2.972581740815258e-26
3.121620690462231e-27
5.560289451865135e-24
6.783194976504797e-22
6.637359831171112e-24
3.028327695823815e-21
4.3873421473546856e-29
6.801025873582223e-27
2.66033676314069e-27
1.310449488035641e-25
1.5791309133784806e-27
3.8440657899944677e-22
1.1443826529502868e-27
4.067744440372337e-29
1.4898894432619103e-23
1.865777554220994e-27
3.2189562507693243e-25
1.9118553806861935e-26
1.4061437141048357e-25
8.677888400124646e-29
5.493083138622707e-26
1.708612757313831e-25
3.0955759160042415e-24
2.6392395294477014e-23
7.447759327442792e-30
6.719551013282703e-29
1.0297965021429929e-26
1.7822243822773317e-23
1.3724962544578845e-25
1.02677341079594e-24
3.423025275223922e-24
4.681439333969843e-22
1.7555875423709616e-30
6.0695915049825506e-30
5.268494383338205e-25
7.253557305953537e-28
1.1988081407748346e-22
4.9411335962154955e-29
2.0091303357893504e-29
2.1244848620832067e-27
8.543367061062872e-28
6.838008254056603e-21
3.0189397785388966e-25
2.0556325442586585e-21
2.9087329721232064e-17
1.185621747011492e-20
3.3691631013886747e-23
3.937429892685289e-24
3.2914536715734516e-26
8.476684307423296e-25
9.3731176559113e-20
1.217983692726173e-23
3.8974066206506197e-28
2.8093409908138884e-23
8.4897032696936e-22
1.3393057595093147e-26
3.308017073300147e-27
9.575361013144778e-24
2.9710868626235454e-25
1.0219283888207216e-25
1.89037959983065e-26
8.344777408228564e-28
2.957471314605812e-28
1.7699071528872313e-27
3.2553568748484363e-28
2.6340138344900614e-25
2.273872101587447e-26
1.167540793549744e-19
8.293475453564365e-27
9.787860940831696e-29
2.6401848884129483e-22
9.415885040879146e-22
2.1126382597693028e-28
2.123368125504121e-27
3.8343382241416027e-26
1.723983711188146e-24
6.641217177202864e-28
3.4133286494500413e-29
9.628628401720347e-25
6.05254361945706e-20
1.920733128462783e-29
7.037291784578748e-27
1.4228747075798733e-21
1.3978250883486014e-18
1.8377462535140898e-19
2.4205109629163973e-29
1.666706893443564e-27
4.139419531036385e-26
6.535174705415887e-28
1.4280402443750058e-25
3.139573416558046e-16
6.10975800863123e-30
2.8991401487018653e-28
9.857545726381465e-24
1.919327203362066e-19
4.988056009265049e-24
4.183755109441605e-23
1.8134676181684445e-22
1.1872727581611696e-22
3.0877434558214056e-26
2.495719639532366e-18
1.2161119419473987e-29
1.0347173841992861e-27
3.5973323077082775e-23
1.790745463900718e-25
2.3517300731482907e-19
2.2580877953914727e-27
6.082992546829251e-25
4.794644781222196e-25
2.316386820115672e-25
1.6486102014187708e-24
1.4443361284100046e-28
1.6177689832074861e-28
1.2228117051253476e-25
4.168074700546875e-26
1.342816609585094e-22
8.092051346726061e-23
1.1953322852798929e-26
2.576154071464119e-25
1.6137284017960362e-23
7.699823369648392e-22
8.472578549242672e-24
3.35963318782388e-26
7.493528180889993e-28
8.192513838154057e-23
1.1039502290728647e-27
2.1882082599512694e-27
3.5171018174979685e-29
1.5029600117166536e-20
1.756286247115191e-24
1.6930268791313018e-21
1.438880371143564e-27
8.619813613019046e-20
2.721517250573611e-23
7.267333078986381e-29
1.2064408920865602e-27
6.308510791511763e-29
7.519772354144434e-22
3.709686830607877e-27
1.2564490495975883e-25
5.835984446547679e-22
1.1573181056864248e-19
9.717355095321065e-18
3.2811002610246875e-29
8.634903564810121e-27
4.805886535798628e-30
1.2556026900120286e-29
1.0457947078937673e-20
1.1311581618651598e-25
3.6270038402610205e-22
1.5652726430930991e-27
4.55364742598707e-27
6.694415963639598e-24
2.968423505628232e-20
1.3044694950610048e-23
3.249892206782746e-21
1.7587118785846502e-28
6.329047296739188e-28
1.2818683664498392e-25
4.989392146233782e-22
1.3264147275389997e-19
2.6939064596756508e-20
1.5516460129117334e-19
9.812892488433886e-20
2.8266939483112903e-27
7.547119561192024e-25
1.9185649640710838e-26
3.7384629091350974e-24
1.29082551777879e-25
1.5688380429123918e-20
3.994163643518461e-26
1.283836700894855e-29
1.0837063641131736e-29
7.848840705626706e-26
8.152346382019831e-25
2.3417640174226533e-24
1.8278146771042199e-23
2.602561835090133e-29
1.2865532349449992e-24
1.246074650406302e-23
9.894737320764317e-24
7.6608114234364e-25
4.900443089931748e-21
1.0341122491803393e-15
6.4957664067685016e-21
4.639644915487384e-19
4.235861953111627e-28
1.0029639684561768e-21
3.2556513194931573e-26
9.443859847463947e-18
2.4165684416226557e-23
4.474020738499677e-30
3.322313763687589e-24
2.5779804548741792e-23
6.681957600608874e-22
7.212395379693289e-22
1.6925263123206808e-23
1.7076922762557585e-25
7.146550037736076e-25
1.922987376961761e-23
7.208942539986048e-27
2.907844561969265e-23
5.108355125623243e-26
1.9005487810569973e-24
3.4384931049513134e-19
1.0343942028758946e-17
2.5211215130916697e-23
1.7628702384652172e-26
8.11133122447007e-24
1.6896298589635865e-22
9.236624846498707e-31
7.3399920414710085e-28
3.215445898671669e-27
9.648388050922436e-28
5.435150198962673e-28
1.7641645346713393e-22
9.725513385367037e-25
1.0601955119685387e-22
2.5232676093185597e-25
1.0615977652328036e-26
1.6853198115666485e-27
2.0221889754929374e-24
3.141704629858847e-23
7.381317575234352e-25
