0.00022837768170946558
3.3324327498967076e-7
1.1294629176173638e-6
2.7410472132808987e-7
1.8467081517895387e-6
9.606557409768015e-7
8.092913979370821e-8
1.2266721012828451e-5
2.1052388478100597e-5
3.0623871127041363e-7
7.644097466770305e-7
6.261120582419837e-7
1.7678060923260908e-7
1.4214095154934306e-5
1.7517529539760225e-8
3.15446077365087e-8
1.7296019946437124e-6
4.001705612374243e-6
2.1462297672759896e-6
2.1841390289825532e-6
2.3928710914498634e-5
1.8582870790754438e-7
8.793087969099661e-8
6.265904414895247e-8
9.296486220001705e-6
6.058028043062479e-6
3.048345765935281e-6
1.5085624565870944e-7
3.984194944720449e-6
1.5279510866288574e-6
1.907335628613547e-7
2.1307822625420427e-7
5.602891799209384e-7
4.336930225968353e-6
8.199948210624952e-8
6.416334232983273e-9
1.416039392017978e-7
5.326734709189402e-8
1.1608462200287743e-7
9.667762586898586e-7
1.010950763587231e-6
2.706594138119115e-5
1.1962736444607464e-7
1.3286754271107847e-7
4.90975721610758e-7
2.2448287529517445e-7
1.4583318500089565e-7
0.0001538247537659622
5.231617729884516e-6
7.090504633564433e-7
2.0212709899920646e-8
9.851769608445113e-7
2.0462049045867654e-7
6.256288005494506e-8
1.8685512611041534e-6
1.206941977789849e-6
0.0001653436098665151
1.5006591448990273e-5
1.170705631876454e-6
2.8288093434761816e-6
3.916507795859495e-5
1.20162335723092e-7
4.9381612857902624e-8
0.00012393284442766548
7.941472227650955e-8
1.2771817009163397e-7
3.96659308731357e-5
1.2792402907241206e-6
1.553794928513126e-6
1.2112336254806131e-6
1.1017480817975686e-6
0.00021342097779415654
1.165605758344763e-6
2.943355856139715e-8
4.367625826975714e-6
1.8903038264965684e-6
5.010770755758667e-6
3.705244179374684e-8
6.791249495843018e-8
6.12114209312093e-6
2.5875414289080332e-8
1.0040057925982861e-7
1.557038939224188e-5
9.59359830786905e-6
4.776964200267289e-8
2.1770184947592763e-8
3.415081503422528e-9
1.1244635134689328e-5
6.523271625412358e-7
8.751311119293334e-8
1.0245988285841168e-6
7.463660577692119e-8
7.379942317553314e-5
2.0539168311466365e-9
6.102587392728145e-7
7.105969326499079e-6
4.641288381505411e-5
3.9091263756415526e-7
1.0995139499705785e-9
8.823206797825422e-9
1.1324735838430954e-8
3.020642158145281e-8
3.2073569887756203e-5
2.717529954024077e-6
1.0362554607924286e-7
1.150455848824874e-6
1.7238893890469187e-6
3.919429716406092e-8
4.5018128464346475e-9
6.958335567322724e-7
8.33279564836806e-7
1.0809216232492565e-7
1.9022433260757947e-7
9.473458157774071e-8
3.7620282062671534e-7
4.8850951356737706e-8
2.1979555151437926e-7
2.1106492124334467e-7
1.6887716041690184e-7
2.197842519473521e-8
4.469630194660209e-8
1.9049619814213733e-7
1.7787496310489944e-7
3.195538201545955e-6
3.581142106795835e-7
7.056832122799171e-5
1.7067155680141216e-6
4.825355899720999e-5
0.00011683422460556094
6.533617030189711e-5
7.310108139899199e-8
1.015879166805225e-6
6.817982437262329e-6
4.455328342879881e-7
2.6907102324833387e-8
2.040635749720554e-7
2.225248037418493e-6
1.610935530138835e-5
3.3892627762607246e-7
2.9658354472048534e-7
2.8985416103802853e-8
1.6155353344022112e-5
1.6751811659412751e-6
6.909256234916434e-6
1.1020188531087108e-6
1.8809033634176762e-5
3.6983537349945655e-6
3.570480076472574e-6
2.4561219418065996e-5
1.4868749369619726e-5
2.1397862216458397e-7
1.848355198166793e-8
2.837499501218072e-7
1.5051671109556706e-8
0.00257396975776902
6.9412483120257e-8
7.379188273991384e-8
4.834191275596284e-8
1.3743940027140049e-5
2.8682732355900168e-5
6.543453494119681e-8
4.3014270441687317e-7
8.416891465142571e-5
7.962107746713198e-8
1.811354644168384e-7
2.3120272922203234e-6
7.275381212048308e-8
4.0316139136751434e-7
8.612383849976146e-8
2.465775784064833e-9
4.056593512303736e-5
5.576920345574427e-7
1.8323279639086443e-6
1.7818498478303302e-6
5.272822120424665e-6
1.122177721953177e-5
1.644598315511852e-6
5.078403036090133e-5
2.447073261168401e-8
3.954208128074555e-6
3.004940645889151e-6
8.349482994105781e-6
5.746036391896708e-7
2.5376648212068717e-6
2.5711241491848833e-8
0.00013581395271269905
1.7944390426038304e-6
4.944892485458601e-5
5.7592619542600895e-8
5.395404614064784e-7
1.909777656133059e-8
4.6712275010887465e-9
9.265027648183417e-6
1.4161493417883033e-5
8.30226996913949e-7
9.025288482927777e-6
7.898071531951973e-7
6.303385148406564e-8
1.0550047258085103e-8
4.078423391431665e-6
7.54617680575545e-9
6.371469857675093e-6
1.7888488858501876e-7
7.338763987093001e-7
1.802544831064993e-7
1.793073637940015e-7
9.612326068647311e-6
1.1469440641133921e-7
2.6868458477357534e-6
2.726307920972084e-8
8.709138984465731e-8
7.154882821595232e-8
1.7586389735793373e-6
0.0001390603799459178
9.642410658227806e-6
2.950423745005009e-7
7.567116055758492e-7
2.958476001680592e-7
2.316817271683295e-7
2.979568704475693e-8
2.5422476219209656e-8
3.290053642045782e-6
9.442682983847445e-5
6.750671350646794e-5
1.3698417326547993e-8
6.094114212030166e-8
1.9132569580483933e-5
7.011845530263097e-9
1.6212935231020162e-6
9.560034448023398e-6
1.218596286875549e-8
1.225565023250046e-9
1.7454503960675182e-7
0.0002744945235878498
4.040471348598647e-6
2.2751825780488635e-7
1.1581498921035448e-6
3.353348234228699e-8
5.6630102265527526e-5
5.933258705463563e-6
1.3544612074941245e-7
4.085687657382081e-6
4.2332401626723447e-7
1.043017133260924e-6
1.530075630571321e-5
1.172103454319362e-5
1.9416393013922157e-7
1.616788658670758e-5
5.041287640095181e-8
3.5922159557082128e-6
5.048246474653374e-6
1.4247855123910252e-5
1.082693091673985e-5
2.481035647798906e-7
1.1167325723114528e-6
8.091262205211613e-6
2.848570509399655e-7
1.0668643827785351e-8
2.3545628990813463e-9
1.004393490961483e-6
2.3594568321934223e-5
1.7994332785264418e-7
1.6944972276211445e-7
5.1363549764990194e-5
1.0774853422970912e-9
5.823041692237077e-6
9.838289128061787e-6
3.092337500295576e-6
1.1297515427968663e-6
5.338608857375567e-7
2.054381257248758e-6
6.487351589334921e-6
1.8799990295243818e-6
4.163146044792792e-9
2.1772018651139983e-6
1.9649338787394415e-7
2.0882040598812103e-8
2.319849625954989e-9
9.433038766171839e-7
1.4973263655902304e-7
0.0002360121146835281
2.0694335032849584e-7
2.919589682228016e-7
5.578597318479812e-7
1.1277117183254435e-7
4.804142146040253e-8
5.93739125866171e-6
5.221483911142508e-9
1.82155879400303e-8
1.2586233489881405e-6
1.4295734249291817e-5
2.3317705420465156e-9
5.91958087505241e-6
1.516733953075712e-5
6.033735843405981e-9
2.9560501461070304e-9
2.342114622824287e-5
8.1810490939744e-6
2.7954077507701077e-5
4.811683793694112e-7
5.781964929898869e-5
8.112255086152956e-9
7.961096621868269e-6
2.18805161157586e-6
1.5015264162237362e-5
5.1664330876741666e-8
4.176986205156683e-9
8.424201247087486e-7
3.2279351341188865e-8
4.895075837984657e-6
2.6138231604183724e-5
1.0426642350014126e-8
2.256014319905235e-8
1.4297600820472185e-7
1.78975999395823e-6
0.00011468653458516855
1.300966116465031e-6
2.9922895823702794e-6
1.1005816945034438e-5
6.9927951209835165e-6
1.0055071306187679e-7
1.211135552274844e-6
7.54377260758922e-9
9.281811994260064e-8
2.0676354547248533e-7
3.1119431277670125e-7
1.477427495401992e-6
1.4306607420073062e-8
2.807691540347617e-7
5.503331063049415e-7
1.4391180964914825e-6
7.742958768712086e-9
2.985920226410206e-7
2.8531495085041395e-7
1.7055892569739151e-6
1.6297263862386302e-6
5.980064049843384e-7
1.81016267362203e-5
1.6009410504276474e-5
1.3921946618361763e-6
2.260030428179961e-8
9.053238521692296e-6
2.3852364765962374e-9
4.73150512452544e-9
1.4423265923133424e-8
8.073340172778e-9
5.897922019568395e-5
2.0604412594826812e-8
4.1735550533325646e-7
2.9574767177499815e-7
1.6227336099000403e-7
4.768207778015556e-10
1.672111059966501e-6
3.098325794732346e-5
5.451181361008097e-6
9.505802680272605e-7
8.39659488470109e-5
3.451213223618766e-8
1.2960101631900285e-6
5.987479698968386e-8
1.57655935777776e-9
1.8280161460228374e-5
1.990532849666569e-9
4.76827900233879e-6
5.759316110542747e-8
1.3436820370452393e-6
3.3635896681655365e-5
1.1113204761477325e-5
2.0643008560910043e-8
9.16459592335719e-7
3.4780607193384033e-6
1.3065471114170656e-8
7.036748577367662e-7
1.5275557516694884e-8
3.3372633177160944e-6
3.5078265343512327e-7
8.844025461399454e-8
2.4256404323095928e-5
2.2423774038840173e-8
9.182251734507694e-8
6.583228658344322e-5
6.42036713160904e-8
1.4753619909646847e-5
1.694842871382235e-6
2.7078861986552667e-8
1.1511567702187923e-8
4.992017698011195e-7
1.3493958656662336e-6
3.028604440284503e-6
1.6586284326317602e-7
7.136102349039464e-7
2.62957840947195e-7
5.472635428245952e-5
1.1589969938609982e-6
3.2554668550154456e-7
2.50456584440626e-7
8.016973251016493e-8
4.445487590917194e-6
1.0736080832165306e-6
2.3846216036879085e-5
2.671202380620375e-5
8.268159910313797e-7
0.0004494441405751429
9.231300581599051e-7
2.2011428506932714e-8
1.710674193642987e-9
3.66638996495938e-8
2.013699231811676e-6
4.5805612093806795e-6
3.0655684275689733e-9
1.5195986346617197e-6
9.534338251626035e-10
7.140106881112481e-8
2.1035883860326087e-6
4.4875019746301626e-5
3.3686711382218614e-6
6.49207502657442e-8
1.3535832869907708e-7
1.4588479543647411e-8
3.143002702126553e-8
5.7030556174014935e-6
8.467806243905268e-7
3.1402021657352666e-8
5.232647593082581e-6
3.585435674712862e-8
1.1538474095271152e-5
1.4733883248381976e-7
9.329558807469212e-9
2.079480033659598e-9
2.998047868949087e-8
3.3923097638551704e-9
1.7033652696480658e-9
8.10799711441565e-6
1.4561297527999546e-7
9.441256992776887e-6
4.832108244584065e-7
3.4738915407548146e-10
6.062984974411149e-5
2.5580090032578198e-8
7.331118409060559e-6
2.1451929965759128e-6
7.753594560111969e-9
5.289512098602648e-8
3.957868693715317e-6
2.9847461773675415e-8
1.6226275666801714e-8
6.905045661726501e-6
1.0048553331632251e-8
7.417768249476553e-8
2.1168537809976872e-5
3.8631436473648645e-6
9.661344373763994e-8
3.605584423145199e-7
3.501600941988938e-8
2.5548247755500546e-6
5.767848784414155e-9
4.961457283424598e-8
2.790915225608746e-6
2.82195540972394e-6
2.3599100283437096e-7
3.4461628445650607e-7
1.4541154839793677e-7
3.837289925190443e-9
0.00027552213885773835
9.380859729675521e-7
1.499621833133059e-8
3.942468165583213e-6
1.0189491012527912e-5
1.0267660873222575e-5
8.276753923369209e-8
7.731269382808794e-8
2.242648474983913e-7
2.109280912683064e-7
2.367356328887783e-6
5.8553191912084247e-5
9.440756169339078e-7
3.690920429457361e-6
1.0498993520038482e-6
8.260079598331624e-6
9.261727741749185e-6
5.30022575733191e-7
2.128545113662125e-8
1.603509616580925e-6
2.785586712324426e-6
4.705958880426087e-7
6.179361205691521e-5
2.2643251143424934e-5
1.8715684499045804e-6
2.9926645852786105e-7
8.362896442230777e-8
4.8882128712058864e-9
4.322643255115831e-5
3.863113029503326e-8
9.517129429607996e-6
1.8883376295069593e-5
5.364539912011261e-7
4.6057049118462216e-8
3.536816041622973e-5
8.939860277999116e-6
2.6650373008709393e-6
9.313462376763706e-9
2.3968034274449892e-8
7.64010819014328e-6
9.995359755223241e-8
3.539437565772826e-8
3.348923421775835e-5
9.856165726509265e-7
1.603696617291558e-5
2.1448068402526513e-7
1.338640941626206e-7
1.8903583405375873e-7
2.2719387723915425e-9
2.0197982538104303e-8
9.437927106665318e-6
1.6610545620736645e-9
6.87895710785167e-5
3.799123948090963e-5
1.269554059467058e-6
3.6898245338430402e-6
7.549681053937364e-8
7.449813554799462e-11
3.17695846077959e-7
4.723482679691877e-8
1.544915697181061e-6
5.9997890400292e-6
0.00018403916015095884
7.793530166333908e-6
4.8753773268479974e-5
9.190879342666649e-8
2.4695979888369027e-5
6.020737485796122e-5
3.622072222710855e-8
1.7698916872707646e-8
6.149624225294134e-8
4.297277973419658e-6
5.270374914351934e-9
5.4715011040651345e-8
4.7851438940645814e-8
8.132145978658029e-9
1.4829762920842826e-7
3.0599628962208065e-9
3.3517351653681785e-5
1.5805902614449939e-9
2.5978737683527294e-7
3.731478342565292e-9
1.443844889933038e-7
9.211983025760516e-5
3.849796780466626e-8
1.0891657647925347e-8
0.0008285380847661137
6.616639897715676e-7
6.422681542099214e-5
7.308456374605568e-9
1.458083933100589e-6
0.00012339330710752056
1.8149280787250367e-8
5.454286114677365e-8
3.213259003043018e-6
1.6343057214329332e-7
1.469151812830612e-6
2.2398502957837256e-9
5.598921966983621e-6
6.792291303618596e-8
1.5394549307963384e-8
2.1527082910486822e-7
1.0881472101639606e-5
2.6821175121294793e-6
7.576597487363084e-8
1.136093459999428e-5
2.8576833011213275e-8
5.892702680633339e-6
1.0269972751889163e-5
1.7236187342438376e-6
1.762669642383104e-5
4.140991910490695e-7
7.82299054999469e-7
2.676934818433106e-8
7.65804526465576e-8
2.239806265243532e-6
7.703467370637703e-8
9.192857125929789e-8
1.0604558620351087e-6
2.3200493880150072e-5
3.8160635283881146e-8
2.341650543588083e-8
5.129031882284286e-10
3.9979381075253295e-8
1.3997056240986622e-6
7.656723787451261e-6
8.443898259629452e-7
4.812169906911525e-7
3.6036934828492752e-6
6.878758112845675e-8
1.2474626002188466e-8
3.0952154369868295e-6
1.8363771688833842e-7
6.151995135475677e-8
1.952732767988581e-7
3.635329623851567e-6
2.6460635199414443e-10
6.3854615733209945e-6
1.5287446809246517e-5
2.9922497662444576e-7
1.6511689510744198e-6
3.277660786756888e-6
1.1921416235913009e-5
3.084172850190143e-10
2.952533442712676e-6
1.4686372131428778e-8
6.47270963377144e-6
8.890524247970904e-8
1.2104263891909016e-5
1.7583085965951904e-7
2.522488443019403e-5
6.894129001888939e-6
6.929611571671883e-8
2.0551292055248868e-5
8.008351279475532e-5
1.5854951265949102e-6
1.2699488513093437e-8
3.250268206846819e-7
1.754492396819458e-7
9.877139969086113e-9
1.8654779630357497e-5
0.00016040816833526493
6.408160843377954e-5
1.8540496536068462e-7
6.758883155546173e-6
1.2565833744663622e-7
4.399179255249661e-9
5.549313120941056e-8
6.923781884411848e-6
1.9226031230397953e-7
5.1405978711871265e-6
7.046989856194609e-5
4.294179365880717e-5
5.966122902360895e-6
1.0596273542656191e-7
2.3981685802964564e-5
4.819507131698798e-10
1.0500726749999248e-7
3.78241708742791e-6
2.983884266241782e-7
1.2271339895652092e-6
1.3967007673410087e-8
1.4578757753152677e-6
2.36655533350466e-6
1.2360734153217398e-5
6.8557706599018555e-6
7.124458885763609e-7
1.112433823002918e-7
3.0486326121538644e-6
6.906575277735535e-8
3.730599063129424e-8
3.730879231982411e-8
1.0635324361478532e-7
7.232707779124976e-7
7.093394559978583e-8
3.8105710923954176e-9
6.706143641395187e-8
5.864641456646612e-8
2.7517965430909074e-9
1.1742417096062394e-8
1.3780132266806802e-6
1.118054179958206e-5
1.01057161768137e-5
4.6512930983316553e-10
2.4716707191297186e-6
2.3909110571182518e-5
9.253934664298561e-6
2.929326259971212e-8
3.4866064018213495e-7
1.467673503850429e-6
1.69313375793577e-5
8.392632722915528e-9
4.6289182858637635e-6
1.0082537598820971e-8
9.410964383821609e-9
3.95269214401819e-5
1.0844576419618193e-7
6.401134218335154e-8
4.635752523765823e-6
8.842265569721498e-6
2.2366814298712113e-8
7.138307505634094e-9
2.538932410334235e-9
5.6406202190639985e-8
2.4276700806439244e-8
9.798859496895744e-8
3.661703940639471e-10
4.054535099874693e-9
3.5162277157441596e-9
1.0958796051814572e-5
4.961454152550715e-9
1.5196940271103013e-6
3.8201708790510123e-7
1.35015986563816e-9
3.8977573925280615e-5
0.0007069212812993075
1.0799795696475719e-6
3.4746262510083778e-6
1.6628592390008177e-7
1.215262494665554e-6
1.633133216384977e-6
1.0993510737355333e-8
2.1161591563331667e-6
0.00021682682112346847
1.5815811542329672e-6
1.4831732159677264e-6
1.8161142462292205e-6
9.472249749360195e-9
3.65341044454408e-8
1.0981425548987686e-7
1.3914370613041873e-7
3.544701934543607e-9
7.618413197320289e-7
1.5092895387877926e-6
4.596495613012871e-6
3.332658193954638e-8
1.6364407294251977e-8
5.50821038264147e-7
7.788223863658697e-9
6.024176048904017e-6
1.5421708896095529e-6
1.4806515028589747e-6
7.553088475595518e-7
1.153497947592262e-8
1.4484554736213207e-8
3.511713663461975e-7
6.686430400543927e-10
5.026084698017682e-8
1.5928838693044754e-6
3.2936944870482363e-7
8.51034910275174e-9
3.5132265980829742e-9
8.628238905223281e-7
7.929742751826875e-8
0.0004652833511296756
4.904786483001915e-7
4.151411974402977e-9
0.0003621473525071122
9.263647704623438e-9
5.87547394615244e-8
2.515965758650212e-7
6.760911888513832e-6
0.0001272791517267032
6.892966551368305e-7
6.234384245167772e-6
1.5841050997233582e-9
3.511137522207051e-7
1.2770169443311317e-6
1.259183958757616e-5
2.6364231141194454e-9
8.431588922812628e-5
3.5357149120660596e-7
1.6462176069624822e-6
2.4116874749423237e-5
6.9047094749982e-6
6.327161440228044e-9
8.483129505327611e-7
8.578663607832382e-7
1.0119157463347402e-6
1.0938283376676492e-5
1.0805743202090465e-7
2.914545364070481e-8
6.468712409836516e-7
2.127287027358823e-6
9.203442551640299e-6
2.804958835478178e-5
3.679431934105935e-7
8.283013374185667e-8
4.0548355416015586e-9
4.1506338851046355e-9
1.5882650180513725e-5
1.5186238786391174e-5
2.70873220594327e-11
1.1653336363493106e-5
5.365915268731645e-7
8.086207371795839e-5
3.63799135528948e-5
2.956938579035064e-8
4.236109494101769e-6
1.8009600818773925e-8
1.1142736796873098e-7
5.36480804219824e-5
9.440389088389672e-5
1.6492984116125272e-5
4.4127721774412186e-9
6.220787792410974e-10
7.491450980034152e-6
8.832141995064001e-5
1.203901080914045e-7
1.1084986351739015e-5
8.057145826066614e-7
1.8798957728798716e-7
5.025635016598435e-9
2.373631433271186e-10
8.42080740592027e-9
9.190833574905042e-7
0.0003033250962687168
4.369599055533831e-6
0.00021326965617941683
2.6976933198427545e-8
1.5001395237442395e-7
1.1252648438106775e-7
1.7963388763642935e-6
4.3430462584937035e-7
9.478424087488597e-7
4.26543313029838e-6
2.556238090257948e-7
1.6803562801314644e-8
1.064321155142519e-5
5.077416357100521e-9
7.533629728034776e-7
1.4107961804729637e-9
4.849612626825508e-6
2.5033477076900568e-6
1.967716487413387e-8
3.129413626673324e-10
2.5710745102910603e-7
3.964562134257999e-6
3.323865280711641e-5
6.218580110823036e-6
3.6909633661364254e-6
4.046505463135955e-6
8.492159641523279e-5
2.129386434000042e-7
1.748072374015977e-6
6.854880614093905e-7
1.2838218590089028e-6
1.8583729391278975e-5
1.27372605406563e-6
2.1055643785172345e-5
5.007831724893643e-10
1.7147416489157872e-6
1.5031602210993981e-6
2.3751050553569042e-7
4.52215910739827e-6
3.159150746282297e-8
0.00010752446357846667
1.9269540375988257e-7
8.121368278054419e-7
1.2147973383371e-5
2.4632823487254926e-5
4.290161198030997e-5
1.0455462759240898e-7
1.3284206716133367e-9
9.180013312935573e-7
5.026997776685775e-6
1.6828622534857803e-5
5.587714686178795e-7
