6.162965744912452e-6
9.559689090917023e-7
4.340070701055755e-8
4.458587780724857e-6
7.689508717541246e-6
9.168991169981938e-8
8.480899564404101e-5
3.5873921612516107e-6
0.00011036393527887433
1.3645572530080407e-5
1.485050843288635e-6
2.9709467706409455e-7
2.5029043563730226e-5
2.18791665342198e-6
6.779064428617782e-7
1.0125402131864018e-5
5.318189155064445e-8
0.0003370662587207122
1.4186732838011448e-6
1.5397591864401018e-6
8.541773218811806e-7
8.105703211507447e-5
7.750121736340369e-6
1.2653502908148345e-7
1.4357510010714833e-5
3.095085198717025e-8
1.7678947422981193e-7
8.32744798259385e-6
7.377564748906208e-6
2.4475746451774952e-6
6.150308900495008e-8
8.283914398185866e-7
1.5663886617921157e-8
5.87661152501973e-6
1.3334640843989152e-8
2.377154228614846e-8
1.0444665981244592e-5
6.064750307481285e-6
1.7877986258379807e-5
3.072780053715789e-6
1.3080865516058683e-6
2.1547391328258704e-7
2.7550221129032644e-8
1.5474942095669635e-6
2.91058944682025e-8
0.00012867229934349043
0.00012019529896851348
3.058402169020702e-7
4.982168157296362e-7
3.164864286806268e-8
5.4027917123997315e-6
1.4132935895726222e-6
3.565092427567613e-9
8.617573731341997e-6
2.064141621512163e-7
1.4958254660129977e-6
2.937523891113841e-7
4.7658532777188434e-7
4.817728117859393e-6
1.2316659235040136e-8
6.96326467648935e-7
1.7226117557461647e-6
4.220733176931784e-5
1.529662065706987e-6
1.0702755831752293e-7
6.191084278540452e-5
0.00014968924382527559
1.1705854228111937e-7
8.983416800277635e-7
1.1962058933030913e-7
2.3411883816960905e-5
1.5318339615792264e-5
2.5304474257666206e-5
9.59855743151572e-7
1.040771312349382e-5
0.004086448475480492
1.7412989678771273e-5
6.7019642957758484e-6
4.821520023083894e-6
3.0329937197507325e-5
0.00012746701398652069
1.0803849910526478e-5
0.0002146974136275771
4.79050104872424e-7
2.9086414712084773e-7
3.0558065493782684e-6
5.876541718523741e-7
7.824722301761879e-8
0.0008060973966138157
3.6250347957651445e-8
1.0286234666154487e-9
3.257302287857948e-6
6.889896722527365e-5
1.2741721050445316e-5
4.81142877865547e-6
2.1645963311297342e-8
2.3922520705136575e-9
2.8421587791169267e-6
8.42816521982656e-8
0.00019031313660619246
9.120612916578676e-8
2.83142114197745e-5
1.734864070887822e-6
0.00019636770794007546
3.2167143735703604e-8
6.385191997713069e-5
2.7176837433372678e-8
0.00015414943804498892
1.2178965527518146e-5
0.0002800244469935219
2.5049060263048458e-5
3.970010020780337e-6
1.9140568021389488e-6
3.581401878216277e-6
2.479682164279271e-8
1.5642451035040763e-7
3.203084337365549e-8
0.0003821488684650744
1.3914446090484713e-8
6.7344934256094715e-9
2.585640273320033e-6
2.61181621277693e-6
7.570888155925903e-6
8.312694450313832e-7
3.4008597081442946e-5
1.0369030913117947e-5
4.500183843812198e-8
3.4344816139595164e-6
7.759660509310303e-8
1.26886955604766e-5
1.0381205294333675e-5
7.124696667768567e-5
1.2830448028987104e-5
2.4488497054321178e-5
3.653279353035908e-5
3.77641649180006e-6
1.803951950008311e-5
1.0153759006504685e-5
8.602434396969406e-9
1.951526288694785e-5
2.3091399072961207e-5
7.059896744569988e-7
9.562929545925532e-8
6.684304044348555e-5
4.3962417082673274e-6
3.729100977089577e-5
1.5300168638220213e-7
4.970492326467434e-7
0.00010148849276700766
1.3093320173961792e-6
3.6326919075816252e-9
4.0070921688326955e-7
4.6418750940119605e-5
1.520899658842694e-5
5.2416056589015816e-5
1.479395538646384e-8
9.166269371582268e-5
4.2931106520281433e-7
2.668759724581803e-8
1.6203178982543158e-6
1.0218047351399795e-5
7.931419218984127e-8
2.4815267866788917e-6
6.066972399011968e-7
0.0026156177679457658
1.6682134534798768e-5
5.0587256835303087e-8
5.927229571538172e-7
3.3065928878177645e-5
6.554196702736563e-8
4.813710541459077e-5
3.5974552299085465e-5
1.2382944215522668e-6
3.545352030958486e-5
8.48571284444643e-8
6.674857589571858e-7
1.3820923443158764e-6
1.2275433560418676e-7
1.1265987931196446e-6
1.6547829652543307e-5
5.4892702466103535e-8
7.246870793523929e-8
1.0720220693910221e-7
2.7823481794665776e-5
1.729996764858341e-5
2.5057923569542737e-6
5.734495451160783e-7
2.982488479595689e-10
1.3588735876905958e-5
6.123661652570858e-8
4.708818198928113e-6
1.8478851820833744e-7
1.4771060253494577e-8
3.259689096059643e-5
5.080378988187749e-6
1.7418905412760152e-5
0.0009014017821083531
1.3843976358755311e-8
2.4402163331189652e-5
8.880293966016564e-7
5.537309107336145e-5
1.929943294451622e-7
1.5471839668266105e-5
1.5498089370665602e-5
2.9378823039818142e-6
1.5047434424876083e-6
1.0338476402898538e-5
4.626997741156892e-8
1.020991438368792e-7
2.85613030469543e-7
2.83906818321281e-7
5.954365858991518e-7
6.910964158704114e-8
0.0003902324642900124
1.0117501188414223e-6
1.0126184396467833e-5
1.4074372123964082e-6
2.754389144858259e-7
4.971844604270422e-5
1.952881205210784e-6
0.0003682125396200962
5.515474265821375e-7
7.818353731026607e-7
3.2235963050683706e-7
1.5940396721520731e-6
1.7855288101799383e-8
1.3694147436803413e-7
2.1182964805754312e-8
1.3029497528252681e-6
3.615003531647569e-8
5.377109887561465e-7
3.17317277335268e-5
1.4387795908531276e-7
0.00013390339117315514
7.854404597119199e-7
0.00022013536297664515
0.0005969611197996054
6.893829999489627e-6
3.534949996574685e-6
7.733287940308765e-6
0.0005872550069709242
1.4257964271147734e-7
8.180753588900623e-6
1.6565990283459372e-5
9.472108280780968e-6
7.891402633847083e-6
1.7366217185303113e-6
6.943945170394004e-7
4.623654588577221e-9
2.8594073282127887e-6
1.739238640456922e-5
6.219119386267431e-6
2.948722014484274e-7
3.004288820334139e-7
2.431448849297373e-5
7.544871977930374e-7
6.67064882957297e-7
5.966369640934124e-8
0.0001867185552402313
1.1616421269621058e-5
3.2729887770833253e-6
1.7148604903693202e-5
2.4438385492993276e-9
4.042241863640739e-5
1.6567826972077558e-6
1.544462382997677e-8
1.6909121883642531e-6
5.751868117601183e-7
0.00011282687235431576
2.0120788036675594e-5
5.997195249501632e-6
4.307082234506225e-5
0.00017497214999501916
5.9901712537744825e-6
1.1625002099106507e-7
0.00010176800932925015
2.221526256652845e-7
4.92252248952884e-7
1.2756184038382349e-6
5.7499437064573425e-6
2.388135461575568e-5
1.8822289079407532e-9
8.67325970240068e-7
0.00025561303753267875
7.214128941632714e-5
3.814282180928891e-6
7.435126766559021e-7
3.025725185895631e-6
4.3753805653388965e-5
1.378692781982049e-7
7.0807075469606e-8
1.47434417210165e-6
0.0002478836500704852
1.0340106814824487e-7
3.482811232348945e-8
3.5758037930426284e-6
5.925470062447363e-7
2.5508484966796173e-6
1.7253953202073412e-6
5.22013383000325e-5
0.0008162083621597129
8.480287378934087e-7
9.509974042974239e-5
8.545143400825577e-10
4.2379553521112575e-6
1.0124203127544819e-5
6.868016997879564e-8
0.0002864505364715728
7.37933511134698e-8
1.1794728599954316e-6
2.8108115621136377e-7
2.334671821121176e-8
1.5704830297557607e-6
6.394724146024549e-6
0.00010298630092570628
4.808683247035389e-8
2.0958750665174123e-6
1.0353489478862672e-5
2.6985746857351334e-7
1.6592012959158794e-5
6.938255201231305e-5
1.708582315370251e-8
4.643306028391266e-6
1.0191203337631355e-6
1.6265400293778679e-7
0.0019985606128832527
1.0510442206199869e-9
4.466577170726851e-7
3.2357054676247174e-5
2.981520041042991e-8
1.943818488901943e-5
4.516644004041359e-8
1.8044664214372802e-7
3.4415480647029666e-5
0.0001428478278948601
3.282293903100903e-8
6.555345669578112e-8
2.8794574410531884e-6
8.492694169469805e-7
1.58739950810966e-6
3.1827802511791397e-6
7.072173757723279e-10
2.7782514018891715e-6
6.827309497564905e-8
2.5813124894703416e-8
2.0630092098474237e-5
1.1451614102313781e-6
4.381869212101236e-8
9.438303971790283e-6
1.577619774606374e-5
4.779444904889664e-7
1.274558598239506e-6
6.309162933719855e-7
1.6953384793705453e-8
1.7146891957960323e-5
9.688479725555829e-6
1.2232469433542266e-6
4.317503993256133e-6
1.9719373156078555e-8
0.0009032510093791263
6.225520522916336e-6
5.825409563115657e-7
2.1001336790403966e-6
4.675712633394078e-6
3.053182175825826e-7
3.469936022446019e-9
1.6522146295926754e-6
7.686669185062591e-7
0.0022311105481771175
3.922425093869351e-9
9.98690080791379e-8
2.416631902005779e-7
6.555138603164579e-7
1.1239843666465779e-9
7.948212303410722e-5
3.3202202047884623e-6
3.7433308306244506e-5
6.324820684168445e-5
4.6492958558927796e-7
1.3462658025146285e-5
1.9396501576187988e-5
8.108012709940181e-7
7.110745690833825e-7
2.135157208591164e-6
3.168666981186567e-7
2.1464607716853672e-9
3.7643282759265463e-8
2.3219441458964947e-5
4.196859445075671e-11
1.2602139243695982e-7
1.2370539223995954e-8
4.878372578028933e-10
2.066662930626483e-5
3.145352047455801e-5
8.51156473768269e-6
1.5588832093426013e-7
2.5401173798429515e-5
7.359195917556064e-8
1.5789906722281055e-9
3.2160427309682103e-9
3.235533120437473e-8
9.961172936944015e-6
1.0193332743473504e-9
2.2173052941134294e-9
4.797499349990482e-8
5.55463407185086e-7
1.2213478575050215e-7
3.0719754237366454e-6
6.284297246128961e-7
8.103184049696871e-5
3.8895820682499946e-7
2.1542019916088895e-7
5.114487859497252e-5
4.3444961323631545e-5
2.1354724214346977e-6
3.269028177849433e-7
3.7685356477728544e-5
1.7869901193932019e-6
3.76537706577806e-8
2.62834984531065e-6
2.2421365967422756e-8
0.0004359704840485432
2.3407057895108227e-6
0.00017214062053757005
1.1566071002401606e-7
2.5174685430582582e-8
1.0093081907290893e-7
6.356361558481742e-10
2.0896645098422154e-6
2.14765677542788e-5
4.042897723622438e-6
1.078645910017559e-6
1.5002063048663054e-7
4.126231889952699e-5
6.458839969271084e-8
1.2495063579620583e-7
9.851148647847367e-8
6.935876591739386e-5
1.042098506086112e-6
2.8253527588297266e-7
9.058156912750724e-8
1.200355935281467e-6
5.003223668500629e-6
6.607445549013045e-7
0.0001664518258300777
5.404522607785027e-9
1.2586451697971044e-8
1.2427676854965336e-6
6.54343571138646e-7
2.0364559787314698e-6
3.1556242047496843e-6
2.0713437014978963e-5
1.2910081829240232e-6
6.525235226514778e-8
7.768722291320389e-10
0.00026989913446020267
4.834495974034227e-9
2.8809184068243554e-8
1.6028863096938122e-6
1.8967837874840068e-6
6.402305686490312e-5
0.002354335537386504
3.5654902653044725e-6
1.504196512125881e-8
0.0024310806484019085
2.629096560162766e-6
1.0761692494252473e-8
4.827714607933947e-6
8.775316432943205e-7
2.9772755370748855e-8
3.81478261104368e-9
0.00024164880943745862
1.885114980945567e-10
1.0970988752383323e-6
4.2040311556899523e-7
8.977085220683208e-6
1.0842639887299052e-6
7.610384550056886e-9
1.0783612991417684e-5
3.893069408575639e-6
1.6406072680452283e-8
2.5625653168210873e-6
0.0001832245296774033
7.834496706141754e-7
3.122355514593483e-7
4.1870171422079286e-8
4.571740207396999e-7
8.178560501671227e-6
2.628190796586342e-7
3.0781824184890503e-7
9.456513657303651e-6
1.6874858606049763e-8
2.142720616454771e-8
0.0001769451030232394
1.8555393724331032e-7
1.028989281411712e-5
9.710113319244382e-8
6.270616838910587e-5
4.80875646639775e-5
7.802996195376606e-7
5.4132280950079156e-5
6.861413233339324e-6
0.00011757278915857343
2.6281415871804016e-6
5.193114158481313e-7
4.171481662119025e-5
1.4507870332446186e-5
8.594818793976196e-6
1.1523569047424324e-5
2.901549867169278e-8
4.248043934800608e-6
2.3565928352521697e-7
2.1401806411062713e-5
3.031704356411254e-7
4.977867414684355e-7
6.893852998232982e-7
3.408723026180996e-7
1.02932693633767e-5
3.818031746753942e-6
1.1085149261526141e-5
2.763260688131479e-9
2.7054758409933484e-6
7.035650346893556e-6
3.7514538086260956e-7
2.373818164658493e-10
2.1586250906330282e-8
2.876481965207301e-5
4.816873795239384e-6
4.62541949644096e-8
1.0716209394226998e-6
1.511009128240628e-5
0.00013341093048878928
1.3347204353044399e-5
4.808935281693381e-9
1.8680264842431381e-6
9.634043807354931e-5
4.283653476489589e-7
1.7255962775344892e-6
5.271076941868239e-7
2.764908279181418e-6
1.3857777032072533e-8
4.3154028934008055e-7
1.1890161173815722e-7
3.695777284311029e-6
5.897518851607899e-7
0.0001751055304937873
2.826238679710375e-8
9.03219785608204e-5
2.4199733125535643e-6
0.00011089868871345812
7.270739543958727e-6
4.6845818167194225e-6
2.3202319160601175e-7
1.0410780510200445e-10
9.776349861425178e-6
8.443253507007188e-5
6.313636873893185e-9
3.927631546122734e-6
2.2144446286020465e-5
6.628807570548108e-9
1.269885021328002e-5
3.366125238901013e-7
1.5604287156125384e-6
8.117041354875551e-5
5.6104344364765965e-8
5.83263772746321e-6
2.8579744550168883e-6
0.0002974472751829973
3.281106913701449e-5
2.4752288157173973e-8
6.185391448717078e-6
5.874607086739757e-7
3.707098868630495e-5
1.5751511993233498e-9
1.6197721702558757e-9
4.710549011014623e-8
0.00035293408034966177
1.9674745553701887e-9
3.958663879407747e-8
1.173556051451417e-5
1.2803830189577417e-6
7.4814257373306e-7
6.243298059930708e-7
2.4958702003505085e-7
0.00012432226589915765
8.644808032769029e-9
5.130004029022065e-8
9.267072465265772e-10
2.987714401019915e-6
1.2913181546784862e-8
9.68696732424931e-7
1.0796433911731425e-5
6.019467480263222e-6
2.2520186180170052e-6
9.485735550166227e-7
1.7676292848977387e-8
3.891204062783231e-5
3.6005612072673245e-9
2.121198889444292e-7
7.647020552787775e-6
7.628515481844411e-6
1.0724231844012556e-7
5.260566149878805e-5
1.8413763208296146e-9
4.475426545576733e-7
0.0007019190574806625
7.130785965863453e-6
4.7218181530932434e-6
6.07222428763314e-9
3.784899273141144e-7
1.0552198156978942e-6
4.085642562198299e-8
1.4947587627687396e-6
8.30660137323434e-9
1.8912590891714112e-6
6.361677778636429e-6
5.93983541897034e-9
4.0109965745783876e-7
1.3405612579466215e-5
9.39162906165574e-8
7.089344136752522e-7
3.5649789735514816e-10
4.165528954084429e-7
9.955373803756367e-8
9.375785972932935e-11
7.272208938907746e-7
9.248757409814059e-5
7.029995985386527e-8
6.87384781969405e-8
7.099501497210188e-7
1.5265481318108547e-9
7.346260694953435e-11
2.578610094977488e-7
1.4550447589760543e-6
7.158657845851796e-6
3.119266573029751e-6
7.511650034294858e-9
8.028130078094095e-5
8.713927887905887e-7
2.576600418562095e-7
5.823504392677446e-9
1.7594087467080033e-8
3.0791725850853065e-6
1.4749899918007858e-7
2.1812948259179987e-5
3.134689290924586e-5
2.1980749885394735e-8
1.5202312217672892e-6
1.732507514723308e-5
7.850183541056091e-7
1.1232770765768647e-7
5.060927698280153e-6
9.532158724027665e-6
2.881696377154041e-6
5.79448830501578e-9
1.973873260720888e-5
0.00012967970816416528
1.516167663761108e-5
1.066131672651115e-6
2.9012177178562386e-8
6.013941118674027e-8
2.8170491937910265e-9
7.698598929571237e-7
1.35392550406572e-6
9.439982218515111e-7
8.58106590857157e-5
4.696528327621304e-11
2.2404698079735524e-6
2.464408929460957e-6
0.0006454213906128112
2.0403029901340537e-9
4.602025298416188e-6
1.0532169280963844e-6
9.527073928887826e-7
4.543200393310537e-6
9.347423350148973e-6
2.6313214326099917e-7
9.07779830388503e-5
0.00014090285405166567
2.3488173911074255e-5
3.1978485442935165e-11
4.2896455457407367e-7
8.327918963984078e-5
2.360654716329776e-10
1.0754822657240968e-7
5.381969461138287e-5
1.1421987087618799e-5
0.00010441469841554928
9.726162510357746e-7
3.2043379532097484e-7
3.471955944157496e-6
2.9514114007874404e-8
0.0021530344196620164
2.066872794813695e-5
3.140395177085974e-8
2.7806303950604025e-7
6.459141385387057e-8
1.7963467954686602e-6
5.3969575855799234e-5
4.146962956076365e-5
9.432147730993429e-7
0.0001658193444949879
5.060500971611384e-9
5.801261048552688e-7
2.7735016325648426e-7
1.5585931782222047e-7
9.442306992170701e-8
0.00011597403176576195
1.7851742621173165e-7
1.4637600256591323e-8
2.4226582105118302e-8
1.6512726297412698e-6
9.019599540028226e-8
1.0248092733333605e-5
8.036919106300992e-7
3.264304143102438e-7
8.346972092495206e-8
1.485403055091518e-6
6.933488074615618e-5
9.820510949742027e-9
4.646258997555092e-7
2.7801891614644567e-5
5.3530140452801446e-6
2.671154149803574e-9
1.0771748023272058e-6
8.408717874585516e-6
3.8148733098281215e-9
0.0001559472721224932
1.7735399430542622e-5
1.2181808751114725e-6
7.732823447771497e-7
4.072024655567311e-5
0.0002024770002107451
5.849571232940588e-6
2.7398765638451034e-9
3.7674272037510343e-6
2.5445763108863148e-8
2.2470827295760553e-8
4.562435926460149e-5
2.4614598303216196e-10
2.5457263839997088e-5
3.845750027494148e-5
1.5953050459506078e-5
7.093538214029261e-8
1.842178364199361e-6
2.511228527554067e-9
6.588023668033533e-10
6.541608770572408e-7
8.25742707124129e-5
0.00016994937401167465
2.4279417043310434e-10
2.693344014254605e-6
1.9061185958456073e-7
4.529168687195566e-9
6.377357420127841e-6
9.241192089118895e-6
2.4181104540111247e-8
1.4146576949600398e-8
4.1832816464068814e-8
6.035886019363119e-7
3.225027711753799e-8
2.7161833067128965e-6
7.449666784251559e-8
2.8218767301852653e-6
1.1084938529189191e-6
1.3894433679681843e-5
1.060207079272421e-8
8.860798555934601e-9
9.026264617936291e-7
6.09973355141749e-10
2.029654863658623e-6
2.825171878127017e-7
1.530546159678085e-5
2.2252409387670315e-6
1.1729861552058812e-8
5.215901154791954e-7
1.7761403659998777e-6
7.693879256479967e-6
3.729571088666164e-6
6.023870125058129e-6
3.020009267228994e-7
0.0009440403558210235
2.5857890716893276e-9
2.1429625791056673e-8
5.212594968010173e-6
2.418721741049641e-7
2.7270757486707852e-9
1.5798376106361177e-5
0.0011588909466510775
4.893520533538209e-7
2.7799185237561788e-8
1.293676720548426e-6
1.2226379357634437e-9
4.809319300583356e-7
5.515598465896082e-7
1.829059034922914e-10
3.030197299424685e-7
6.493956694082249e-7
4.1557698756147797e-7
7.10368857080219e-10
4.269810121946423e-6
6.846042858227661e-5
1.634061654734379e-8
1.6486443062495027e-9
4.7663143855308406e-7
2.534118977828654e-8
4.418980169671513e-9
3.974609116993595e-8
7.585417850196686e-8
1.462888036778979e-9
1.0441896786587566e-7
9.741806493030792e-9
8.73229149555896e-9
1.9182708057853725e-7
4.127687101915022e-9
6.545497796065387e-7
1.4921749039238258e-8
1.3657606060922683e-7
6.272775902864328e-5
7.654108794770296e-7
1.1722116215005535e-7
0.00023468814911739366
5.234535793797308e-6
1.5696740887888301e-6
2.2787789186671023e-9
2.105132608858558e-5
7.133720734964158e-10
5.670873549237953e-9
1.142218265150505e-6
8.463193844686938e-5
0.00024018117548605904
1.713770396384203e-8
4.6166240550842366e-5
5.6100580234826733e-5
1.4983989663920342e-7
8.140965712505318e-6
1.1380423709926475e-7
1.689454250768089e-8
0.00031664408628038777
3.227350317863332e-6
8.294606605675373e-8
4.7551100836185836e-5
0.0009687924733558244
3.464934751017365e-8
1.6486484165937825e-5
3.899556978585167e-6
2.196063477124334e-5
1.308514384353926e-9
1.666964738305671e-6
2.9047198690526406e-7
1.539801084848983e-9
6.818421464077223e-5
0.0011658370699578508
1.912413564073617e-6
9.584885824691106e-6
4.260178384631073e-6
2.7344133927155705e-8
8.656784497317852e-6
8.44082158128279e-10
6.938527264506958e-8
1.1058333296220184e-6
0.0003249791189178464
4.393064421259737e-5
7.150989617151202e-5
5.537953785757165e-7
5.31718673355065e-6
2.3193624537823414e-5
3.1114032644137086e-6
1.3046687941576865e-6
2.611576276815865e-8
8.906032199433321e-6
0.00026033239295730396
2.8997349177738323e-8
1.870112115086216e-7
2.683025491012767e-5
4.6745964951079695e-7
2.919566986128635e-6
1.4121638788044962e-8
0.0006189143926604031
6.280552092340435e-6
4.933357339275921e-9
6.180199434082543e-8
7.792492548158098e-8
2.4634691197780163e-10
1.4848917289163407e-9
0.00011141187291836592
0.00013450643720790104
3.0150715792022893e-6
0.00029967835316392193
4.1140084274988814e-7
3.527438040686204e-6
2.7554862648249032e-6
1.7941720422094666e-9
3.3609019210027156e-8
1.72170493438717e-6
1.289974155940249e-9
8.480438073785816e-6
8.270013163015188e-6
1.2835013252678997e-7
0.00011606434529359818
1.393995811013167e-8
1.2756888086184531e-7
2.484295194687243e-6
4.834747246767273e-7
2.210573503250447e-6
3.3589477873898906e-5
0.0004177875186286417
4.482704000410046e-6
3.5907458393782535e-7
9.89185582541667e-6
1.0196497168510038e-7
3.4784234518809586e-9
3.4141469933932e-7
4.741122889637241e-5
1.9721925508054255e-5
1.7618541367482208e-5
2.6974425759428393e-8
1.0811964670440197e-5
1.795993725060813e-8
6.683881747929288e-8
3.606860078322629e-7
0.0009567039410513253
5.188559418240073e-9
0.0003221654845365566
3.482603268736084e-7
6.219690902481524e-8
2.462305883586931e-5
6.213160339165522e-7
5.171932231643928e-8
7.903986977263767e-6
4.642598117874433e-5
5.220639703975483e-8
4.048781426624778e-6
7.422428251400789e-6
1.450981540572581e-7
2.6999465336131247e-6
1.286784066659394e-7
2.4173784690293185e-5
1.4042113338906201e-8
4.245818047470037e-6
5.8386070656199574e-8
2.125905873184778e-7
1.083943844083012e-9
1.0156412005658183e-7
3.0174258794865027e-9
1.6105546200162426e-7
1.1070492372219353e-6
3.599355426262731e-7
1.2104201400548843e-9
6.124342580972048e-7
8.054826933145663e-9
3.769965977726383e-8
6.833644476349863e-7
8.070371017916017e-11
1.2262363222016508e-7
2.8664859653405185e-6
5.985042456142687e-11
1.031873666774073e-7
2.15390936405509e-6
2.4073023492156247e-6
1.749156600303902e-8
4.7072477108186093e-7
1.6652991674089875e-6
2.0237989712144312e-8
1.5188899330918121e-9
6.836424511045915e-6
0.0002855770066316915
2.2727519305546423e-7
4.036077534954714e-7
3.2451966810258165e-5
5.439781396379374e-6
8.430237121142839e-8
9.081157348542695e-6
1.2739800827662573e-6
3.6324179217249073e-9
2.2370897578805293e-8
0.0005178006644353379
2.524273277176958e-7
2.2723067417743788e-7
1.5506932444772894e-6
0.00013605259569091292
2.4707371859383054e-7
3.654674079751958e-6
5.578813944162149e-8
8.05442056378038e-9
3.7778266215384676e-7
1.2874924648323301e-7
8.853094280601548e-9
5.993940851449135e-7
6.886514236769179e-7
2.01455299871346e-8
1.6144713262679917e-7
6.102703366065839e-7
1.6254098358003017e-5
2.91530597004112e-7
1.3928160845572445e-7
2.6989410827509695e-11
1.0419428209808176e-6
1.2412809826238757e-8
1.4094890589571217e-6
1.230506840379839e-7
6.772600262981931e-10
5.762846176368301e-10
0.00016024484937551462
1.7579106120754297e-6
5.130037702005673e-9
0.00040052215446495737
1.857523280200079e-6
2.5998027942087526e-10
0.008746127601185604
0.0003838297407780072
2.6022512255104136e-9
1.1926999656872833e-5
1.0816328105216278e-5
4.26672939627545e-8
4.879387838739271e-5
0.00020021815578077858
3.048189753515231e-5
1.2784509015667425e-5
4.793838435457231e-8
1.5387919309515112e-9
1.5884331376332247e-5
7.104760180491658e-7
1.3235650186298379e-5
0.0002840824675980601
2.2061556134610095e-6
4.968054578107101e-9
0.00014391474612399587
0.0001387332553411323
5.3195313087777976e-8
6.804643934270061e-5
3.413312891617895e-5
4.328686147978222e-6
2.693246464662962e-7
3.948112109025644e-6
1.1658567348900252e-7
1.5013805033979742e-6
2.0247959004844248e-10
5.96593812562229e-7
0.00020619540635213022
4.913584258908648e-7
5.791849563102847e-6
1.5103936329324537e-8
2.12580397904655e-6
2.1656374317209763e-5
8.447907496210349e-10
4.544762709527463e-5
1.3744055021235935e-9
2.177679065838167e-7
1.0334313440940106e-7
0.00013463514199903083
8.49835835029595e-6
4.784253060359047e-9
6.523566917471297e-7
0.00524540174888506
8.135940569057509e-7
1.2429717178425017e-9
0.00010263285405541306
5.409769286615393e-6
7.448983071220038e-8
2.2339918006450878e-10
1.7734904372550463e-6
1.245577197732343e-9
1.2875699386017558e-5
8.817736371744793e-7
3.088445186469173e-7
1.2738433474674675e-9
4.710711319849461e-7
1.7216932159735676e-8
1.291584859079657e-9
1.333481848591148e-7
5.656336884539069e-10
0.0001264418696057399
1.5731287656840042e-10
3.609659279369315e-8
7.571700428960882e-6
3.210327426115397e-6
4.7748873293024195e-6
1.405551071375527e-7
3.509264186366499e-10
6.114313884872505e-7
2.1265871053148478e-7
1.7824312051041955e-8
1.4474634065540557e-7
4.500981977369589e-5
0.0003252939926889215
1.9724099272435915e-8
1.0364644461142099e-7
2.1260926402887715e-10
0.00032836486986516784
6.236226056258898e-8
1.010253815365647e-6
2.1346810710271374e-7
6.469034923422821e-5
8.795582913624221e-7
3.2812941565633402e-6
1.1964579797747178e-5
1.2173302999539826e-5
2.2758552824348266e-7
9.60793186716061e-8
0.00014385189223106644
1.394277947975317e-6
8.21256023124791e-6
4.3291583516486764e-10
7.5158282437007726e-6
4.421675194118712e-7
0.0005756706160229355
1.9492604394751546e-7
1.8160701921320156e-7
1.0750093797823783e-8
2.476454638690975e-6
2.8064420212016676e-7
0.0003512910471651262
2.968896803544981e-6
3.084573284238925e-5
0.00012197820228968606
1.0927313192369896e-7
1.1772658621657455e-7
9.977602042149007e-8
1.2359873783245268e-6
8.200296498478816e-9
1.1594721773384165e-8
5.673575104261214e-7
6.26974128205381e-5
2.8743171445236257e-6
2.231835360611674e-8
0.00030107988477379285
0.006842255340597943
1.3089331972095946e-5
4.221172198773256e-6
2.6178648620234792e-5
3.761282132954415e-7
6.861787277137933e-5
0.00022759839791339673
8.711255254931527e-9
2.6896737930387043e-6
2.4512770710726684e-7
1.199031025660683e-7
4.476646848338423e-8
9.943674407430224e-5
5.304160292999023e-7
0.0009857391215572031
2.0523584594989242e-10
2.3397810465366185e-7
6.4019114608136464e-6
1.9150435667150737e-8
1.5539804509005183e-6
3.1129473851696274e-6
5.802064157428786e-9
3.220253930413412e-7
5.094268086046261e-8
3.900092751350954e-8
8.402375334441014e-6
4.798162296088343e-7
4.931414827020429e-7
1.1333046503666555e-6
6.282279804972365e-5
5.567283797548916e-11
1.7523998438070012e-5
6.836601761037391e-8
7.776000568889676e-9
3.015418023993181e-8
0.00010360061897554668
2.597541464393358e-7
4.0260612734684975e-5
0.0001964855474692711
1.2304201796378086e-8
2.904461305244273e-5
6.958577238096735e-6
8.057976021588153e-5
