5.69734889848005e-17
9.902386127777148e-18
1.2019932286493917e-14
1.0280904256898705e-15
4.741832474386983e-10
1.0859753112521534e-16
9.072152705476051e-18
4.698980785894157e-13
8.755194849621978e-9
9.289528743498117e-16
3.030866503142922e-13
4.8072931057632155e-11
6.948434920375607e-13
7.315023706789363e-15
1.0564198467464059e-15
9.39757085587742e-16
8.009939447734475e-14
2.9643273449563826e-13
4.179974910961065e-16
9.38734727334352e-12
2.079127384936896e-14
9.906265840772614e-15
1.1716041239794279e-12
1.4319880973096958e-12
3.771968128675917e-10
1.4370971884831942e-14
5.615343152562366e-16
3.145157306190909e-17
7.994239590889721e-13
3.2554582709315948e-15
5.725052496182564e-14
5.227874490137124e-13
6.513271488003955e-17
2.3329842815561086e-16
2.578281303093041e-18
9.98877759135242e-12
7.042594439507426e-15
2.988357829066333e-16
3.078166244401393e-15
1.3625670799346425e-19
3.544028165123599e-16
5.76298412400223e-17
5.002492996281182e-16
4.085264239491816e-12
1.6520691678996687e-15
5.57340728770248e-15
1.2205946187286283e-16
4.170167312750649e-22
1.171821190486223e-19
1.9877778179093738e-16
1.137839099184338e-12
2.4129078526920594e-13
2.9814788296335614e-13
6.013502926338255e-21
4.1267438498266546e-20
2.1869708987215707e-13
4.30098726914447e-9
1.4364019120053276e-19
4.487417438258236e-20
4.12065199716375e-19
3.0820776262085283e-19
6.729650503119066e-13
1.8051343721745398e-11
2.3732589494309584e-14
6.886983934985435e-18
1.0107878418772468e-17
3.1393795735833933e-19
3.760145293418758e-15
1.3203037803743643e-17
6.79047913379729e-21
1.8710869276175084e-16
3.431210204602672e-8
1.5873495677467378e-17
1.5515398395791e-21
6.286598583875941e-17
1.2314515638261405e-10
1.0102542240835653e-23
1.2505996822737855e-14
2.713572457663142e-20
1.3614898446911861e-18
5.753141739466608e-11
4.1527778350430545e-15
5.250719228266278e-22
1.701869073166989e-15
1.9312429378113153e-21
1.959173317027895e-15
1.719691538864665e-14
6.5040260980505054e-15
3.870435150042975e-15
4.819371993186313e-13
3.1297437772927486e-25
7.54224474322628e-15
7.8715765863007e-21
4.843734285628625e-16
8.100641927827339e-17
5.412757472318065e-21
2.2704487810807996e-21
2.7846438105999886e-19
1.2269741362114943e-15
2.9205730493269e-18
1.427479230980788e-22
7.388984706255354e-21
1.9532230836692894e-16
7.059264782018174e-25
3.770208703856239e-24
1.2405613477301793e-18
1.450921821890575e-23
4.465961907911415e-22
3.280467843720434e-17
2.830018254882967e-20
4.732552042018181e-23
7.055096447234135e-18
9.619785229616494e-20
4.942082288387335e-25
2.1254902346660864e-19
1.1540720824921466e-24
3.825586604981743e-16
6.402689756457745e-16
5.5324397964565674e-17
5.0699386801794955e-17
6.0313458968606496e-24
3.2514315687490863e-24
1.1112169954467247e-20
2.0515632063333433e-16
5.0747707397779367e-20
1.3612500587613206e-20
3.650356365339903e-23
2.06838929732783e-26
2.281987518809014e-22
1.0458781441379884e-18
7.040066905618432e-20
3.637917217283754e-25
2.5805622631615327e-16
3.665467620743896e-15
1.3755085851564776e-24
1.0269952714020747e-17
1.7713753361493018e-18
1.8785982761707605e-22
1.658020382629037e-18
3.6298359523865285e-14
1.7068397333890031e-19
4.828387607244186e-27
1.960365738819476e-12
1.38566299413819e-15
1.0635343261439492e-17
1.9365946731920697e-12
8.111148048369203e-17
6.5686178067771165e-16
6.12319835016283e-20
4.756434744339947e-20
1.9792179812713863e-9
2.0995181052735224e-24
1.287917386532357e-15
8.027849508412776e-18
2.3159513012848984e-23
8.626087522214233e-14
3.682866261312927e-16
2.0305884053206936e-20
8.451156263890443e-17
1.0750959524324977e-20
1.543309701937102e-18
1.5461032194022185e-19
9.626836494403754e-27
1.3734631509694423e-22
1.8161357366915874e-24
2.1215041037647548e-24
5.0320832314201595e-17
1.3391174874352877e-22
8.955108063921527e-17
3.19434159829341e-13
2.6943133445325165e-20
2.313557816422699e-19
1.2807484132434396e-22
1.6559143486518789e-18
2.2805330212637723e-17
7.200452913484933e-24
7.501274238311644e-17
8.344860274326471e-15
2.261183804990011e-21
3.7541619912693455e-23
1.6141004387764438e-27
3.0329311289778674e-26
2.327898728421156e-8
1.0726665997595125e-11
9.696144782007684e-24
2.4984064902146265e-23
1.617704047085282e-17
1.4586082912361393e-17
9.490493160405542e-23
3.925868242169931e-25
1.1001172741466674e-19
7.851409743032526e-17
1.4542313002402706e-20
2.7945400774625977e-19
1.8416697864946627e-22
3.2301547695739378e-25
7.680293082444933e-21
1.742778527589508e-26
6.439205378315759e-22
1.9120127619301855e-19
1.2237263302552094e-24
3.07312938723819e-17
1.9722922542219325e-13
2.190688328716479e-24
1.083437961532193e-18
2.5294892714240743e-12
1.1138570606955615e-25
2.374363444151203e-26
8.668240724371595e-22
9.275773050479539e-12
1.902787392815709e-18
3.3214957006247876e-17
2.293799465601469e-22
6.125420285292388e-18
7.926912205792674e-24
2.6595851291627464e-20
1.3247716791083175e-20
7.849795099680308e-21
2.1204552994756336e-23
9.137822479991716e-21
2.5253237619127394e-18
1.3277354730753018e-20
1.970127895339173e-9
9.26536763052523e-21
2.4394688238611502e-9
2.1585861976115494e-15
2.823257417977552e-22
4.3576836312184503e-20
4.421062315159973e-18
1.2329348286001479e-16
7.444266701317459e-18
9.308192052633299e-24
1.2503292321022425e-24
1.0533827107379978e-26
1.4277337802070528e-11
4.398913415083667e-14
1.7878062260198304e-22
1.0411112966536847e-21
8.620499969716058e-17
2.658719877248999e-22
1.3067010228253966e-23
5.078952369994446e-23
7.875215811469537e-12
5.050546407769706e-16
1.1903820605774892e-17
2.7214818625817424e-19
1.3142418197326466e-21
3.2309427373847052e-21
5.827165438854202e-17
5.430188462530642e-29
6.16211844507806e-20
6.598916174529032e-23
1.4637087298483542e-18
1.6365003966180072e-24
6.695775677141965e-23
1.239291602075512e-27
5.996720712253977e-19
7.663160467892403e-23
6.772687367975389e-23
6.443081145687445e-23
4.808872205366511e-22
7.52217513780153e-16
3.1154350661065423e-16
1.3526001479784632e-14
1.9031030219485992e-19
5.103806220868049e-21
3.1006816960027855e-26
2.2297461726638993e-22
6.650017221039217e-16
2.9413781704759334e-24
7.611610738179523e-20
8.559065784291312e-17
7.251844785405538e-19
3.1250357349657426e-26
1.5980297317249175e-17
1.3794519969501263e-11
3.2081337926775616e-20
7.678367969154711e-25
1.7250183920790864e-16
4.336791102208741e-24
5.4865338106545535e-25
1.0655852238560134e-26
1.161071105527407e-9
1.269666251011139e-19
2.994269180908272e-16
4.0210634967557565e-26
1.990343951637135e-18
1.1569758438115102e-23
1.5021384247832626e-17
1.6918002546222835e-26
1.7124815228903815e-20
2.5146821458365066e-22
1.1505383678019079e-26
8.663346007386102e-19
4.045514279415697e-15
1.1349806719675635e-26
1.537846944350959e-20
8.60469081568436e-25
1.0237901525965732e-23
1.0387323863819629e-13
3.338662469945042e-27
3.557763152133418e-24
5.865879921259204e-15
2.192396007928819e-28
1.6131383607701985e-21
5.602949280428271e-16
8.538776972970385e-17
1.5990301859992263e-20
8.39127760085182e-12
8.196709627032429e-26
3.1351676585595237e-18
1.93240414808031e-23
2.341907661466611e-22
2.078748307985197e-21
9.599946546049104e-20
7.089517327898375e-25
5.934896002808897e-24
1.3654012042472399e-28
2.7493152846006075e-18
4.490377036099216e-19
3.2883479391649818e-25
5.908905658064834e-15
2.691449611565826e-15
6.227348031717145e-9
4.143058126221256e-26
3.3682206664312225e-19
1.3904417155902985e-22
7.105233748490637e-17
4.890576595080204e-19
6.621903574851944e-16
5.723908719429017e-19
4.135895422529401e-21
1.0935622368078564e-17
3.2760419690490567e-28
9.35068057901675e-24
2.980656532618485e-23
1.0564287421373756e-24
3.024729131991692e-18
2.254689551710843e-21
1.0821805583339273e-14
8.307659841643995e-17
9.629312788953427e-15
9.062408088513842e-17
7.623984168720142e-24
6.681077019009506e-27
7.05284422257996e-14
1.4617899771292007e-19
9.007398443711615e-27
1.4058727101828034e-17
2.6749372184194442e-22
2.1433444009491544e-19
8.133362491625062e-18
8.247464998077223e-24
1.022858065677398e-18
1.6083710001668727e-20
5.563706008931374e-23
1.4786093447247683e-22
6.088146858621221e-16
8.802538005305332e-17
5.336874048955349e-26
1.1423217939082292e-20
3.43603854360829e-18
1.9399022100069605e-16
4.05466744304263e-26
1.2791756478560533e-26
1.1972448561767067e-23
3.0341254471519725e-22
8.746330975762945e-22
2.3588105231880176e-14
6.3411336196734864e-18
1.2560945335822568e-16
4.866690674246977e-17
5.076690209410116e-16
4.959022371769188e-25
5.977629181915442e-18
1.5012067216546017e-23
8.675119838212355e-27
2.9754417812582534e-26
5.659899987796864e-19
4.848092767093019e-16
6.549788304298691e-28
2.4454883511545693e-29
5.725115875707216e-27
8.264475460764807e-18
1.3915759031990414e-22
5.285765989720463e-23
9.8625837557548e-17
1.0751565672440638e-25
1.604478812598145e-20
3.323237659929997e-19
4.549576104103264e-25
6.381177727465178e-27
6.333351689172472e-26
1.3250037502172324e-25
1.290597780872592e-14
3.384301766247103e-23
1.5405753807306778e-28
1.7229987265778074e-26
1.4987832591095301e-27
2.5682782066259864e-19
1.2968790359164951e-21
5.532273287578678e-22
2.6154104500460883e-17
1.2485346117886824e-23
4.7928785839148023e-20
1.0585960642721655e-17
5.804100740746543e-20
8.0535695243179e-15
4.364158189812347e-27
2.3530123682966695e-26
6.623453711540103e-23
8.1142013946004e-17
3.1309827349841295e-20
5.346948673328177e-21
8.575721066213861e-16
1.177185363734068e-23
1.4308498408605186e-25
1.1859680398324226e-16
1.7076336008104476e-26
1.3570196301012595e-21
8.996256133250297e-14
1.2326395536298027e-21
2.2460467052170353e-23
4.290914220864248e-20
8.783705016790081e-27
2.5079570409961877e-22
3.498351581892164e-26
7.167850878260662e-23
1.789578907889315e-25
5.020659317007118e-13
1.447263283768931e-16
6.151944559016949e-18
9.588971339622222e-17
2.1744765572963744e-17
8.677959650833531e-26
1.1652251588403636e-23
7.222793531091144e-28
1.74551150572634e-17
4.2867738142488514e-18
1.7427057416211666e-24
7.990564444040097e-24
3.909056252314366e-17
1.2347901809759723e-21
2.311836802683046e-18
7.347958824871842e-20
2.1166954664213415e-25
2.3773545649467067e-26
1.1254630509491133e-15
1.5357947089172334e-13
6.03652680094393e-23
1.5907761248791578e-23
4.353675700998271e-26
1.2907019514741123e-17
4.315220506981742e-22
2.208077116762525e-24
6.345654466584284e-30
1.4472093398598949e-21
2.5196408904592593e-21
9.478409127642223e-25
3.8003462085925856e-15
2.939212262348324e-20
3.9594155208193634e-25
6.994400436803178e-27
8.307833068950806e-14
1.2971272110429784e-24
1.0567386276480874e-26
1.3796093533911646e-19
4.937848951988794e-14
1.372862709406029e-27
2.858729158948173e-19
4.987477598160154e-13
2.0370375266242967e-27
3.148703915717533e-17
3.662947008089855e-18
2.213977200912209e-22
1.9612999704420076e-19
1.5628697269456924e-24
6.99710135549436e-28
8.746837698664503e-19
4.499532870672229e-24
4.925947793459809e-15
7.434959204290967e-27
2.7439489851417005e-18
7.309019906642363e-24
2.7520687300172647e-24
1.9177330520286667e-25
5.081450778120026e-23
2.6551064393815786e-19
1.2057213413582496e-24
1.3749782603000958e-19
6.839437772973321e-16
5.230348784149736e-18
4.714295278384387e-26
1.3533898778557633e-26
2.3598429309665182e-29
9.809187471281793e-22
3.8604825277473416e-19
2.4058889311208514e-29
2.785259278606774e-26
2.5921943812825855e-19
1.5080904499940823e-24
6.903545581735907e-15
1.6948633391025338e-28
3.582271885145375e-28
9.426420167674662e-25
7.124255001115646e-25
8.584927939385407e-12
2.644715879869376e-21
2.9207581158322367e-25
4.553129832945663e-21
1.2281246570666499e-28
3.429981256724981e-26
1.6254286499500966e-15
1.3171329258111036e-17
2.0865150617272134e-28
1.7422093746110485e-16
2.0492879301480044e-26
1.402722497627002e-27
1.836804194908888e-27
1.1492008084511474e-17
1.7153410148739562e-26
3.2067206284707727e-15
2.3548532752751067e-18
5.2108231493341706e-21
3.1107670759149295e-21
4.76904025464421e-25
7.387436254309036e-24
7.259148108786212e-26
3.60456181094065e-23
2.6027960985091123e-25
3.0187600717026557e-19
1.4274903511748893e-13
2.1192909874542045e-22
5.813404760789913e-24
6.451466507891836e-17
1.6103874255687862e-22
1.626194967324025e-24
2.0349797906873135e-19
2.0856272005147154e-19
2.6308722727794043e-30
2.5819550913080487e-23
2.914016784334085e-23
6.875553601989177e-28
1.0779915167941137e-21
1.1827915206532437e-19
2.9662746706822486e-26
2.3685289980335996e-27
2.396737583115932e-21
2.9560301700936108e-27
5.390029717550893e-17
3.1773910791201885e-23
4.907468583227095e-20
4.3962383869174605e-18
2.242859510331016e-29
1.72337780201008e-26
7.98127381293397e-24
2.202680749050845e-24
1.5000157985540422e-23
2.6493348392975788e-20
8.449946244034905e-25
8.097346517946797e-22
1.2305627438627049e-28
1.8862944479036416e-23
5.798300370054778e-25
2.3946742108271418e-23
8.816805068354001e-13
5.073826000088036e-24
2.076068686653209e-25
3.491957033294563e-24
1.2267310009243158e-25
8.858347325877053e-28
2.123636145270242e-25
2.8214721378372836e-18
7.921755467387874e-28
1.925515497810016e-15
6.559727257564444e-24
2.2579895140189843e-15
4.306225404206481e-16
1.2866518300510613e-24
9.719835019683303e-13
4.4245159325749995e-23
1.4430182479110827e-17
5.903596698022108e-28
1.346134655063081e-24
3.4329334290044286e-26
3.5028134910955063e-19
2.061338986825761e-27
5.487088725694784e-26
3.1976444049361433e-28
1.6526701480568215e-21
3.880963040138417e-30
2.7150196475503064e-27
1.0254642742066544e-25
6.00244562572409e-19
7.781276100716201e-25
3.447925993570917e-27
2.3789645545388116e-25
4.792326886633857e-25
1.395587623317615e-24
4.2466516826676717e-16
1.3056552775153382e-24
3.3752157914198116e-18
1.198648655400109e-24
2.4276351670129604e-18
5.525737963380256e-18
4.6114761870532233e-29
1.0144395753442903e-19
2.4155312843408667e-25
2.2170894077516344e-25
4.060264948697029e-13
2.381922225875439e-24
3.5640124461788666e-28
1.3150779250002612e-22
9.93845438741428e-27
8.958365172702359e-27
5.688783158216913e-19
6.524879034571817e-26
2.71743496447976e-21
5.965140524871774e-22
3.783579079462082e-24
4.808111515888339e-29
3.4546225614760044e-20
2.327781652901181e-27
2.921589936876062e-29
3.883750458412324e-18
6.495891035491912e-25
2.335754524350932e-18
1.9024581779482503e-28
3.0368131860164946e-15
6.472970541325991e-16
1.779227922281231e-28
1.5407597534576655e-25
1.1849638101839867e-26
6.211377381520524e-18
2.2794262543119318e-27
9.679990709130119e-21
1.1835387675951437e-22
8.119347034566014e-28
1.8985503959890463e-25
6.998428212844895e-27
3.8664363726811886e-23
7.545703005009865e-26
1.2194705380925081e-27
1.18453528458484e-25
5.509762783585383e-30
4.774594131439104e-19
4.667048360637426e-29
2.2860579130075478e-26
3.432664763971695e-25
1.3596181460029419e-17
6.249200232321117e-27
4.340232445172245e-27
4.2964244873796226e-27
9.3983290760716e-28
1.1052072637684554e-16
4.093928985258994e-29
9.107570932612785e-27
3.534184294933451e-24
2.2477695851580603e-27
6.994035620225903e-17
3.062987087027449e-23
8.683240995430642e-24
2.2272325929823275e-28
3.5707510555937524e-15
4.141578254231925e-21
5.07801931030275e-27
1.4253123821542335e-22
1.1354275575618655e-27
3.4779263357704844e-23
1.8725205238621055e-25
1.40009395357806e-23
1.605073058535332e-25
3.592924640748661e-15
1.1210013491652697e-25
3.232649197889277e-20
1.9363082438480766e-21
1.2233395797954759e-17
1.3167942449575035e-16
8.594752087272347e-26
3.7069385972011117e-23
3.1681586938630646e-24
2.4671109868915907e-21
1.2401831885746505e-20
2.0549852177971837e-27
1.806611417473517e-16
4.2729413565683285e-28
2.0819538248255446e-21
1.1660935349017043e-26
2.1589290562416686e-22
8.121348543356744e-19
1.43628653053445e-24
3.719284519082933e-27
9.443519545940667e-25
3.280119797899662e-19
1.0794836764600945e-27
1.7048864034019845e-23
8.404922796298676e-27
6.687687874526768e-18
1.431423017400789e-18
3.548703078512403e-17
4.9881038565420245e-20
2.5555523838486048e-26
1.2542077371870817e-30
2.793757129720821e-20
4.611153596012804e-22
1.5054536339772157e-19
9.884832453641767e-21
1.0856164802928743e-27
1.8974227780234202e-27
5.355140392390983e-26
3.5655441432724994e-22
7.310893048904058e-18
1.116978310268512e-18
8.331857038218827e-28
1.137357428342155e-21
6.376783343709324e-26
4.422514233141045e-18
9.96798611124673e-28
5.735865724905951e-26
1.4169911578034208e-21
1.0051227231805495e-25
9.679702731065072e-28
1.631520147769142e-28
1.2165963364321689e-14
6.386505756654261e-26
4.469475372177307e-21
2.0700248726729044e-18
6.059371073651261e-19
1.141910385632042e-20
3.349378075674812e-25
2.864239492204589e-14
3.4239214066392623e-25
6.61769292375518e-28
1.240461871941932e-16
1.7275590023884527e-26
6.332397420615286e-29
2.6403989376570394e-23
8.49636715388245e-25
1.3653369019173484e-26
3.654223876447188e-25
2.110260323145305e-28
1.4008970117268796e-20
2.4082052478257373e-28
8.77878449168093e-19
2.1678416586772042e-24
8.737615128385694e-29
1.796181201078852e-25
5.230286208101071e-25
4.0297998988703385e-26
2.12535494712089e-23
5.090203371161441e-23
7.54929336282292e-24
1.2690763357330326e-27
3.622382055749337e-26
1.4782466027350555e-21
2.0622246573451258e-25
6.861526405032162e-22
1.3779007874517908e-29
8.510753867660158e-24
1.692036483451375e-27
7.950017279052672e-13
1.2834862788221973e-18
7.727659775627231e-26
6.5901408015287175e-28
5.93724692035313e-15
2.0956927931548368e-22
7.081506374633064e-27
5.722999291335021e-20
1.1022152127213522e-12
8.6225948982166e-22
1.257370223727162e-28
4.055326882155056e-24
2.4667691647430486e-26
7.818356198218363e-26
1.0621258338342627e-27
5.4459708507589626e-18
3.754848640911641e-24
1.1098427679226923e-21
2.822645436999445e-23
3.141680671857795e-20
2.5813346935900933e-23
5.860123945552094e-22
6.390824648133344e-23
1.3963285994032224e-24
1.514828397893384e-29
1.7699668435990724e-18
1.5244354820130715e-25
1.1919053546700119e-17
3.841437604978477e-24
4.763768039838931e-19
1.5164643591552494e-18
1.4613597936326835e-27
1.9806867970187121e-25
4.7679616805545255e-20
2.9202494666367056e-19
6.288928070395566e-25
6.782702812006699e-29
2.071849698191263e-27
5.090302709850605e-9
8.316723258037767e-19
5.464334647796742e-20
6.854617808193955e-24
3.6701684965996584e-25
6.341013523392237e-29
2.950774829599702e-29
1.2965050987035408e-23
2.0320646914597267e-20
1.4321373970862426e-26
2.3206312013346842e-18
5.316878451753782e-28
1.6764795887722686e-19
2.422166778742419e-28
2.8858622234279216e-28
1.5614280863335418e-25
7.447524965919251e-26
6.967211112811023e-21
1.3704566971519728e-21
2.3358554884389115e-24
1.080584076638198e-27
7.497212768193993e-22
4.029036358999141e-27
7.376353497672872e-23
4.236766825824853e-28
2.8214799340415084e-23
4.785229506458749e-21
5.452613082848116e-25
2.384029585129933e-17
1.617003841441396e-22
9.358011569712055e-28
1.407842447819822e-23
4.979753847033476e-25
1.5192989543881174e-28
7.003015678014107e-28
3.7967835942074165e-20
2.3045459711412922e-27
2.908695170016358e-21
1.5549336703490612e-21
5.149964785495223e-18
1.5492954681452518e-13
1.357094055834086e-21
1.0542018817333291e-20
6.950330707608588e-27
7.31415885225204e-24
4.427888690814035e-17
3.734815998746096e-28
8.023657240648828e-14
6.89185786262471e-21
8.338667080820824e-20
1.5871187234061113e-20
7.221410810644142e-24
5.001939205852777e-17
6.073360074183953e-22
3.338828625276479e-27
2.0572672236915338e-22
2.939398532908036e-21
4.8710543772212123e-20
4.40623818870812e-20
2.4804305630879796e-24
6.512965151939294e-29
5.9492695320467336e-21
1.1547514202040309e-27
2.2535091249387673e-27
2.1906865734336176e-22
1.6311854339101753e-26
7.547610914862536e-25
3.665730781785576e-23
5.859542368535241e-25
1.1269589326498794e-21
4.601388565467023e-24
3.404469357240467e-24
3.4089579269130126e-25
2.1033618383148405e-19
8.81865925180908e-19
3.8588847357315633e-22
2.9684454134143265e-20
3.4385329703558187e-25
7.311271446184157e-28
1.185101171692526e-25
1.1239846592580238e-25
2.2640756917614522e-26
1.8877337442453852e-28
1.293932557724808e-27
1.7167431102113514e-21
3.950737632169847e-27
5.42365091735377e-22
9.036839229539413e-24
4.715027265774955e-16
7.425437300536076e-30
7.803883518292098e-29
1.0319721620447399e-26
3.639964220351627e-24
3.1614644630095307e-22
5.0569790374654086e-23
6.527454361756309e-22
4.166495029701357e-18
1.0148192384519989e-26
8.698990555576343e-19
8.828251368548881e-25
9.549626081989418e-24
5.524239259323398e-26
4.69204169525968e-26
3.586614570166206e-17
3.7582327010622754e-29
1.1624843593213413e-25
1.1346902896798264e-22
2.3220369618105805e-28
5.366183429329868e-28
1.2152335453901935e-21
1.9362916657142703e-27
8.562920086519574e-26
6.584311489319928e-30
1.0561534889630744e-19
1.1925222022649485e-24
3.5165255596582837e-17
9.399298776366432e-25
1.923732542135844e-27
1.944502065977045e-27
3.4379977152447596e-18
1.6483107846859172e-27
9.098997867128277e-16
4.357934223682487e-28
1.751401489644034e-16
1.2491466456354808e-24
8.529511882108481e-29
1.0593183367941271e-29
2.885177744149267e-29
3.3503279381985164e-23
3.9311913771177984e-28
1.1323797421000824e-25
1.2394528659769163e-24
5.0597763357149265e-26
7.986160072289653e-15
1.2472397065639963e-12
8.371011659705058e-25
1.9152729758258554e-18
2.1774127713794335e-27
8.873768350891607e-26
4.333890570757873e-26
7.519051844885774e-20
4.342574272274144e-16
3.750342343799087e-24
6.112396276180355e-24
5.999285529631325e-26
1.6773056023954916e-23
6.875348684790911e-24
1.819264366111808e-19
1.0934537485195493e-25
5.30111008643808e-30
5.9069282820455216e-27
2.859031962038778e-27
3.0938971670023664e-27
2.608058455397292e-25
3.4103269799435014e-27
3.5040570619275554e-18
2.1802892391550457e-27
1.8169887468650578e-22
5.64743056480038e-32
6.767667497008474e-23
6.299214488762691e-27
1.2436528943459094e-24
6.308117447277253e-29
7.876052355500494e-19
5.021398199587619e-13
2.9524850833340104e-30
3.109447631789008e-21
4.3256990724075016e-21
5.743400702991501e-12
3.428308268448741e-27
8.573419421479333e-19
7.945898656359313e-18
5.637048633408377e-27
3.94232394825978e-26
8.171204056857269e-30
8.171271186510629e-25
6.218781202394641e-16
9.707660703215885e-31
1.636368694833382e-12
8.563115236500675e-22
1.0115320485126754e-24
7.718928766860705e-28
6.159026121071299e-18
6.437145932213911e-18
3.6643323170775284e-22
2.587399046018234e-26
6.559856675791051e-24
4.329892981209045e-30
4.1356872697934705e-27
1.3235068277752223e-28
4.914814647803336e-25
1.9617216147778937e-21
1.079398653728674e-27
9.215968985774759e-24
1.8334662156690628e-19
1.9100025052606336e-25
3.2669366943361985e-30
5.225113294799957e-23
4.7364341822616356e-27
2.6534188190419908e-27
4.255568040708929e-25
7.395341129959883e-28
6.334339961485753e-13
1.1092921193848166e-18
8.729327394305069e-28
1.1846396799420258e-20
9.518720817041201e-27
4.0723389116842727e-26
6.12486652821456e-24
4.2632135595173344e-18
5.356063489341703e-28
2.5913452527547715e-20
1.5796340101122381e-27
4.9021304045220095e-27
2.8344253552023866e-26
4.530369313655021e-17
8.590974868940064e-26
9.089669270952596e-29
6.672082269155817e-24
3.2671929326040187e-25
4.850144177600555e-22
1.4227707587715768e-15
4.684896820409265e-28
3.234136952083557e-29
6.807313448490673e-24
1.3240989766066582e-27
3.2360049963727204e-29
8.548643289136093e-21
1.4529066729901942e-28
1.9310615190907834e-15
8.676159633955945e-31
1.531967446106336e-22
2.3917410388021468e-18
2.2905941274212087e-29
5.071062468525412e-28
1.0186077979516557e-23
4.034286248407758e-26
1.2544952071624078e-28
1.6229572781372227e-23
2.0996348987995007e-30
6.4750207818129515e-28
6.296192235739262e-20
4.7161137796156884e-23
2.09408233639145e-18
1.1617758985381749e-26
2.4322146504213507e-29
2.1250758622191787e-25
8.364933794511959e-27
1.188809173357706e-22
4.77797566925095e-22
2.1184906750782447e-25
1.9704909198908503e-26
1.3599062544243755e-14
4.9363899343105326e-26
1.3136200322131225e-17
6.981493874462429e-25
2.2207357494219012e-27
4.302074124439397e-29
4.6570676276000475e-28
9.999516294457997e-23
2.556046902858166e-19
2.030573015799289e-13
5.864870113781865e-29
1.0167095653140142e-30
2.6659668367945504e-25
7.193976066260544e-24
2.140579553913444e-15
2.2757023100119432e-23
1.821151778869206e-28
1.1207626597663386e-28
9.494331136465751e-24
1.7186398965764497e-23
1.0471241404045958e-28
8.46068666619709e-25
2.380784053977396e-28
1.932840831125629e-27
6.06713772045809e-18
1.977605529339473e-18
2.0844125211991305e-28
2.0482765914387023e-19
8.50435242072298e-26
1.989778720411727e-26
4.8177068063864026e-24
4.613293031213162e-21
4.3997437969009525e-21
1.7932675893920105e-26
2.429587378090672e-29
1.4462235416878503e-20
7.261421202977904e-26
7.168793427679653e-30
1.6986448027417238e-28
4.9173030441872085e-25
8.861523199322968e-28
6.853756213673019e-29
1.2700498018111938e-28
7.472243629570192e-26
2.2937291357133343e-24
8.24070145668676e-31
2.6240948844195375e-15
6.836625532586146e-20
3.100306158947856e-23
9.159734648844867e-25
3.314858362019737e-29
3.238563635002413e-26
2.1744145852510658e-29
5.364901424934158e-30
9.251693006377096e-30
1.3648131382729785e-23
1.4403933754953883e-24
1.6493814185334714e-24
6.57026915438537e-25
7.683855355179712e-19
1.2665948103524106e-24
3.7606837984043794e-28
1.93955992531585e-17
1.7108069516178347e-27
2.8289449513307137e-28
9.163131900091842e-26
9.855409510846785e-26
9.23345920947709e-27
4.266849532945804e-27
4.581262470960464e-25
1.430005094437179e-19
7.73379009683327e-14
2.4670005719309726e-26
1.4857674865667245e-25
1.6188166807649475e-19
6.386054205087377e-22
4.718410872060142e-18
4.139586111993263e-25
6.573337873697853e-19
2.5772357159373742e-23
5.947601926353817e-24
1.2849143595478005e-29
1.1800322361463609e-29
4.4766239931424015e-25
6.559591795673267e-18
2.9294509698660096e-26
5.637194380835308e-29
2.965003070576583e-21
3.597752371931485e-24
5.607353550659449e-28
7.898485342555992e-22
1.2919369343307198e-27
5.8486822859648035e-28
2.7459797540686507e-29
2.1336759713586473e-24
3.328412235065729e-18
8.56938256080099e-27
3.840970263618847e-11
4.5474312475407506e-30
7.313796478546241e-25
2.228210184212113e-15
2.1535294388381496e-25
4.303394650287223e-26
4.789576040559398e-28
5.2412196118411583e-20
1.902920960386935e-14
6.731235529122354e-26
2.9856969467687804e-26
3.3650144667208396e-27
4.217725769442532e-25
2.6601988079720353e-24
1.4529115646439138e-28
6.36387855670781e-30
3.976585612469897e-30
3.4337206532596684e-24
1.2431658104547663e-18
4.1730437185742214e-20
1.8742021431082134e-25
2.2536386218718573e-10
2.6832692212813205e-29
2.949674483567703e-25
2.4801111863380494e-23
4.48191064614552e-26
2.137826609833672e-28
1.529471977274256e-23
8.263935683614167e-25
2.5011944086130787e-29
2.416286256375248e-27
2.075448614413557e-15
1.0235183283334755e-27
3.6720716328224083e-25
8.843630937245649e-25
1.0417752738339095e-17
7.010892887246046e-26
1.7182180228596875e-25
2.8509392370900454e-22
5.725023433364172e-25
7.685875426543487e-14
6.69015714831609e-24
6.259023508761196e-29
1.073408131199573e-22
1.144026624752285e-25
2.410067985503605e-25
2.4170192367821817e-24
2.4576295511045044e-24
1.0081048273127952e-27
1.9878227047862714e-19
3.642100605450544e-28
2.024182473130213e-29
1.057593080455786e-20
1.553796120105544e-29
3.247212728441934e-24
2.8735368069277723e-27
9.663779960050462e-29
3.80793414402647e-30
9.147694018345271e-29
1.3344193051383054e-23
1.446870332666084e-25
3.3361095510652807e-25
1.9046495021859182e-25
3.9729208401092248e-25
4.868550602308576e-13
5.055981936601599e-25
1.4231486979155523e-25
1.498684345286392e-26
3.239933644481648e-20
2.7429196187494083e-19
9.968201367271249e-24
2.1726624286605513e-27
4.101367439871149e-27
7.978945000953245e-30
3.48817568828812e-21
3.530381754740175e-30
5.0665971965721325e-25
4.8667861204143246e-26
1.1690473500418581e-27
1.6760326055262257e-15
2.0472132889978812e-27
3.699133077658252e-28
1.373894614589223e-29
3.3942551788091457e-26
8.034899661788937e-13
1.0335573338398773e-27
3.275114035284684e-25
3.3377349250433507e-25
1.807392475347333e-16
4.4953727944322085e-24
4.518318015745633e-26
1.8421438833203808e-30
3.77977049721621e-28
1.7101073591355205e-30
2.7716610543604957e-30
6.751337246479606e-26
3.226138235083957e-29
1.861219113090031e-27
1.891564215714276e-20
7.38223733748861e-30
4.349064779703075e-27
1.0263547991470855e-29
5.601545316670056e-29
1.2502146128512744e-23
1.4851003409788834e-20
3.9053232866852805e-31
1.4509780782604623e-23
9.894231198421718e-30
9.086880057307613e-26
2.4622717679809364e-27
1.7479159135781331e-28
7.001494744337654e-31
2.4603790456970373e-26
3.844152237237782e-26
9.084437071772129e-29
2.005633380360213e-29
2.4377637427322596e-28
5.3786004246569935e-24
1.3146065289875188e-24
1.8392341041348747e-30
1.082350530690506e-28
5.60276752456953e-30
3.679578226408948e-27
1.570277136893332e-28
8.206970049403947e-29
5.216108504978334e-26
1.228698185293942e-24
5.6016007565654944e-27
2.367725038213162e-29
8.666422669805358e-24
4.156840370385888e-18
7.649707622317446e-23
3.369025597645691e-27
1.827448891855663e-24
3.5757513937192657e-16
2.3059114245255347e-31
1.9347097660813907e-23
1.112466638369447e-25
1.0194566162498927e-28
1.0494662360194684e-26
2.635118346073341e-29
2.5856723012317383e-23
2.1442926846515918e-26
5.361191403287586e-24
1.7910794034735732e-28
2.758180857763997e-11
8.830271128252287e-29
1.5046249592767335e-27
3.1383196397925834e-27
1.7523099686024687e-29
1.7579266149612833e-28
2.2445412678176297e-18
3.4713899152217283e-25
1.5197044734874916e-30
3.5369169752178724e-30
1.2262591541178768e-27
7.544117531963616e-15
7.345708107237924e-20
8.543115247837713e-18
4.39886787057932e-22
8.27830385971398e-21
6.75204614533204e-22
3.073529485376795e-27
7.15180825676067e-27
5.101353888221212e-30
9.01502448372462e-25
5.991380204836189e-21
1.5723310974813695e-24
2.4465769436648744e-29
2.876426437011109e-29
1.3252537382877274e-28
7.677576792264747e-23
8.153748046238631e-30
9.221627876645171e-22
8.852980256775041e-30
1.0366722516497904e-29
4.9454425057331205e-30
5.022635874866605e-19
2.183321486230623e-18
8.437749371864083e-14
5.940023950223201e-20
1.737325092788447e-23
2.4857732625251977e-23
8.04205139029904e-25
4.0777145486634794e-26
1.0652163757296445e-23
3.597337474393397e-28
1.4330205450923883e-28
3.134559959376239e-20
2.1251347966713973e-24
1.0062520918266042e-28
4.7530849737339714e-23
2.3377911557828857e-25
4.284448098810196e-28
4.027554951247257e-24
1.4893339044179531e-24
1.7360973445043595e-27
5.278313389055713e-27
1.850329346912393e-26
1.4573707888947084e-23
4.5999749088563993e-29
2.865321987908212e-13
1.4331923183101866e-17
1.93825882398017e-26
1.7375410704220398e-19
3.2110204399531456e-29
1.4621691289782667e-25
9.962951514334737e-30
3.770231613389514e-24
2.2023183490318467e-20
9.050458580887596e-24
3.3643809099852635e-30
3.8331407936925983e-25
1.0109185826243888e-23
4.4173153285301904e-26
1.9610834386626917e-30
2.018743760152405e-21
1.7286415861196175e-28
3.7638699298681813e-29
3.5431432407832503e-31
7.947634203675534e-27
1.7983491365212694e-28
5.639747495025794e-27
1.2278086190691632e-27
8.984811282134729e-21
8.029474082328562e-27
4.215531939951315e-11
3.477314105132051e-30
1.6080879390667807e-20
3.2378628283647594e-27
1.5818844389241146e-30
1.418044142279705e-29
4.846507148321741e-27
2.221514109933286e-25
9.559970923829614e-28
1.1093998644621488e-20
3.3895782494275516e-23
8.514674122130018e-21
7.335233771828838e-30
2.921897459543139e-21
7.096247423851468e-28
1.7004369644273408e-27
8.204990951549655e-26
2.7760378345519955e-23
1.4691278283381484e-23
5.426128802193234e-29
1.1024942898838795e-25
1.2220359980694649e-26
9.67558236335355e-30
1.4780000616539077e-19
3.5257161607567425e-22
2.6838782315293886e-27
1.6029052577110446e-23
5.401209098072849e-20
1.085363335835789e-28
3.4211862235633855e-21
1.721653438316509e-25
2.695654557728672e-28
1.4879112784737456e-26
3.607112420128396e-29
1.491494610860465e-17
1.0905895942325787e-28
8.215909715888584e-28
1.2044596415260397e-16
3.769240176801829e-22
4.529861221889487e-26
3.172135827485873e-25
2.3742667122449297e-25
1.5562076029314833e-23
1.4718450125853113e-31
4.5782954176859886e-26
1.6978345123080846e-25
1.4502652411675647e-13
8.131396223137546e-29
6.483697498358348e-26
8.760991536343674e-26
1.0368019559769225e-22
4.83609400513808e-22
1.1395954634830794e-29
1.5263028357025803e-30
6.3605538059818164e-27
5.944487721103637e-28
5.866197007979556e-28
2.4211842768170852e-18
1.683492611320009e-16
1.3133908677668447e-28
4.5151661872282726e-27
5.835223939687567e-29
2.294544874786164e-23
4.1469451609481177e-23
5.176913153459996e-28
4.4203049823033656e-18
5.0042524559083853e-23
2.320675328551035e-25
3.9401169438165824e-26
7.447853368182776e-29
2.1612753953119417e-21
4.558447568636161e-28
4.9847742184602046e-27
3.421587081781836e-28
4.808980402337133e-23
5.384113312147445e-25
3.455445663273266e-26
2.5835460137531563e-19
2.0876790313479057e-20
1.87825545123011e-28
2.400586074566692e-16
1.8561692288723656e-19
1.1993873183533506e-27
1.1924771188444816e-28
3.2624219597514436e-27
5.5894407681295985e-18
8.96623839160877e-16
2.0765344332742344e-30
1.421307906639126e-20
1.4746060708184836e-25
1.472343110387873e-28
2.8862907187242545e-28
9.29037882395139e-25
9.126481708954173e-25
2.8867064009538718e-27
3.2015888507954164e-14
1.9113363676624433e-22
3.4172130035558025e-20
2.9588488757378485e-20
1.033936793073795e-28
1.4243428072516515e-25
1.4562574887277772e-27
9.065941621723144e-22
4.542679042945195e-29
7.989681888277178e-23
4.181549228495808e-28
7.731864240705926e-26
2.5558461429329174e-22
4.7935254200969255e-30
1.5266341031185838e-21
3.674192552749247e-25
5.2596093010400594e-27
8.101606149916733e-32
2.616255057808072e-17
8.276106689040058e-30
3.830488437895801e-27
4.856179769862719e-24
4.0324439370934533e-28
5.470319987691715e-26
3.343611493683001e-27
2.813409438337664e-26
4.6306737055140087e-29
2.491415343384644e-25
1.9819863257695035e-26
9.969210432624716e-26
1.7149378952469683e-27
3.8061584763838552e-19
2.3207986969319874e-25
7.004050733473225e-30
8.505265025082279e-29
8.764012856207954e-27
1.1496100733032085e-22
3.032424841791107e-16
1.398663693960341e-18
1.0821445523503298e-24
2.8477053402904784e-29
2.393574245446024e-18
1.4514291182899097e-18
5.16162239135465e-27
2.007294460776843e-25
5.622645510084619e-30
1.834821189249772e-22
2.8200919808003046e-15
1.1737465850813253e-24
4.047334096900618e-15
2.548948503337967e-22
5.3471499004080854e-30
8.133786506367259e-25
1.5120797705335835e-30
3.8005252517991626e-30
3.3073526464857066e-30
1.4100529606262616e-26
1.1897625009924996e-17
4.7997767663635326e-26
2.521006189477715e-27
2.2574017532670066e-27
8.323601152641485e-24
2.367108137836675e-28
5.224089110258504e-27
9.451275411367244e-29
8.791916118852093e-28
4.008558011524289e-24
1.6140403640030664e-21
4.495010650899341e-28
8.88935855244034e-16
3.3913074540095606e-28
6.626380500686319e-23
1.4359862239517222e-15
2.339771361340033e-19
2.166513679116701e-25
5.7441141699845394e-27
2.6429196786584683e-26
1.409095480979339e-22
1.6210696506723612e-24
2.171996355337389e-26
4.213001733833493e-23
2.3953260070190168e-24
6.05945611605262e-23
1.1354284590182741e-30
1.6956852216629605e-19
3.9292997037555975e-27
2.702007274305331e-29
3.889525472936787e-13
3.1010030617749975e-29
5.095527138798061e-20
3.744715334984072e-32
1.5246528371158178e-28
2.5983377670120584e-31
1.0168576914027746e-29
9.52648757866946e-31
4.964564135459157e-19
3.133438935511996e-19
1.8690648361462438e-25
4.193674978188723e-28
2.9556134080450215e-31
3.1955452714774644e-26
8.268548764589732e-24
1.8997522167976513e-24
2.660439640519088e-29
3.815579769991931e-30
9.425024906250197e-23
2.321749338912439e-25
1.364350600870811e-29
3.2260335190042207e-27
1.7421876225732972e-28
6.248278279374399e-11
3.590246717298158e-26
1.6595091137015594e-28
1.2216452818354658e-29
3.90203699263336e-26
4.958841807121931e-15
1.4331073650809366e-29
1.1955613190196746e-25
1.421486843210814e-29
5.356594000949009e-26
1.6057689260354245e-22
8.688891387667681e-28
4.328606156460298e-29
3.7901676225456797e-17
1.3237515528995725e-23
4.635166811608433e-26
5.391544182289917e-29
3.962857799680059e-26
3.504018944845651e-26
1.4349618119547155e-27
3.689171283524258e-21
1.0607797569499146e-25
6.000421381634858e-17
5.96057666534892e-29
2.2994167455986143e-28
8.445838673905117e-19
4.58008395763188e-23
1.5224677912977375e-31
1.8025262038513212e-17
8.471961784984283e-27
1.2785039806010824e-19
1.0579075701704473e-29
7.371686851170476e-29
3.0749172411935675e-25
2.0116746705954747e-14
4.195447364404995e-22
1.1166247440700272e-27
3.140982094128989e-24
1.9284153788910645e-20
1.3561721790330937e-22
1.2274161192019256e-17
8.201028264216339e-25
1.743705639069005e-27
3.3448136555101716e-10
1.2187797097992688e-24
6.44605449259359e-30
1.6130230082540716e-28
4.342480482920276e-28
5.0996249903111623e-23
5.465196058336934e-25
4.01619608842959e-19
4.8418568971890566e-15
5.9018119343568995e-21
3.4425777255272593e-15
3.522141010742971e-29
7.604837525995154e-23
2.8442513624527407e-25
5.155620292040781e-30
8.753579841126197e-30
1.4205705137962768e-21
7.581042015698827e-30
9.314792528544635e-24
3.6804463098215114e-28
1.3592855763631507e-19
2.0255892573745134e-28
2.95996515401114e-18
9.482902761044076e-29
1.7024600299761017e-28
6.295243392582354e-27
4.8840044658922545e-27
1.8993264260773136e-28
3.511285228887243e-29
6.606854405016655e-23
4.4745699492684174e-23
1.1619026372543362e-26
2.1413148533516275e-25
2.2386468261615335e-25
1.1825078141544682e-27
9.000708895665456e-29
3.7763086354532665e-19
3.455096173811479e-12
1.711565074653493e-22
2.475230552862293e-19
5.1086764353625024e-27
4.0720054508116654e-19
1.7181523934434175e-28
1.9131234924361984e-27
5.870383147211908e-22
2.120946817160102e-26
3.4655414367147506e-25
4.141223342486074e-28
2.7759774468796993e-25
4.531680008574255e-27
9.54164083306134e-29
8.695004292087811e-30
3.7053632347044827e-28
1.6238078792544345e-30
7.6743624796136e-28
3.6332718207872225e-26
1.496950837387952e-25
8.490572437279325e-18
8.896444135421575e-28
1.8545090036360148e-23
2.2770306026454133e-30
4.2302242524684404e-21
1.096632042906712e-26
1.7380269804918396e-13
2.256432906688119e-25
3.681895012599039e-17
2.1552017808869904e-28
1.175552763781191e-27
5.694526176791839e-26
2.4753196416947548e-17
2.549661843106993e-29
3.046628175245631e-24
9.437814931563056e-29
2.5336470856495992e-26
8.960567841764013e-27
3.667601009877858e-30
2.183919560219531e-18
5.0014600767599275e-17
1.4811615361392603e-30
4.5490085601606206e-29
2.2620939588244792e-26
2.738077774877685e-27
1.0685820499481116e-22
2.7569645972823874e-21
1.090888501354953e-25
8.23943007420084e-14
5.69226310605748e-26
3.9062436774056466e-25
5.88659958181828e-27
2.0619343000972028e-23
1.7097382641087493e-20
2.328027965373974e-22
1.3039724860763295e-28
1.9186866545041544e-28
7.538813638051153e-19
4.6860586187235815e-30
7.800541335868576e-28
1.2099029466325422e-23
8.0886958865555085e-25
3.316714620199713e-29
1.256859473790151e-25
2.5070003686891727e-28
9.498411364803491e-29
4.7189459785191055e-24
4.1130095615857335e-19
7.132968887683008e-26
2.4799474306762866e-15
1.40910107948114e-26
6.304093858053871e-26
1.3927077006029666e-27
4.90321497818155e-31
5.688386523631238e-23
1.123306194211256e-14
7.528364141233205e-26
1.0101936159940456e-23
1.430995016481795e-30
5.8623492175358175e-19
5.1741684763354195e-20
4.144341804223562e-18
8.791470503348157e-21
1.620537131880359e-25
6.071970632870732e-23
2.180606843823659e-27
7.00184056646969e-21
9.659364295386212e-26
4.151334745954547e-28
1.5151522285151354e-28
1.1223569106360034e-16
5.523442575940322e-28
9.9941570128431e-24
5.101249434939648e-27
2.9019224415453735e-28
3.4006927542245615e-28
6.944151513973241e-18
2.7690614201172253e-28
2.467556259113499e-19
4.874549767796413e-28
3.10540482325124e-28
6.924554690608334e-21
9.989982166168944e-23
1.3074818380888775e-21
1.9469795735254698e-27
3.2949281818720726e-18
1.1164201622234422e-23
7.706784116989729e-19
1.0880257661434118e-23
1.111877405697005e-19
1.2077017998101314e-28
1.09958248283108e-10
1.8927153834958072e-28
7.776566412724746e-31
4.336697695733907e-25
3.4537526692719173e-23
1.307447294869376e-29
4.240092694259032e-23
8.192227852731576e-29
2.3541328737593664e-18
6.595694208695442e-26
4.354549065008604e-31
7.018055000062675e-30
3.396125585801922e-28
8.367861258305828e-27
4.684687011994128e-29
1.266888617989252e-18
4.199349708178635e-17
4.0800473393920795e-28
6.510727512113499e-28
8.163966713129793e-25
3.773070829345935e-21
3.87326550711476e-16
4.015516827307415e-29
5.039549811358156e-22
1.6890096531316354e-22
3.6135315778112245e-19
1.018446539990682e-21
2.2278722756446648e-23
5.3723807761527025e-22
3.8620412748286005e-29
1.5808036862567974e-27
1.924753583848227e-30
8.539559123440491e-30
5.310601090507231e-30
1.948890821547524e-29
1.0165781574304568e-26
2.158465218883546e-24
1.1164652812149998e-27
8.019149899854788e-16
2.4289445923457178e-29
2.971474133552833e-28
1.626795664779537e-15
1.0933191837415306e-16
3.049026598925411e-28
2.7840671419732867e-13
6.0970389123543464e-30
4.182222556646805e-30
7.637312692212794e-28
7.6585560707324285e-28
3.519445454158081e-26
2.0595572794588297e-30
1.2518418754756277e-28
1.0937069435375094e-25
1.0554307753133644e-24
5.3336017155961425e-25
2.1888980737896817e-21
5.258153684982636e-29
1.440625221322859e-17
2.12721630013615e-31
1.7397505262065044e-25
3.297719943971831e-15
2.2152017421863607e-26
7.549551366776623e-20
2.4645529454039874e-26
3.6382070005970772e-28
2.0678246625612714e-22
1.9927442294808722e-25
2.7252849927659618e-30
1.1042240888226908e-26
3.909939277371538e-18
2.1937033485007222e-30
4.751062835380574e-27
1.3914003815715054e-22
6.864201831124348e-19
7.864074117955799e-29
1.2059495224205849e-27
2.6304808858246207e-31
2.1374131101865094e-16
8.853752203140216e-23
2.5320804596128418e-26
1.100878981536034e-26
1.8283248592519878e-28
2.6962423354766033e-26
1.5377349811525529e-27
7.191297125567483e-24
1.7805073572431664e-27
6.815049670530392e-27
4.502278930791065e-21
2.0510326391934978e-23
5.410496696213475e-14
1.737543040382995e-22
2.6401378309603545e-26
2.4167697993928904e-25
5.297532905833701e-20
2.4298859832871883e-26
5.837898078108021e-18
8.6642184644387e-25
1.3077657473979343e-28
3.444137295027715e-26
3.990697186063168e-22
4.507358383187951e-29
1.4747437412348218e-21
9.193760104125776e-29
1.5468074291507159e-25
1.8400269285010758e-27
2.4308827120387427e-25
5.342282120533693e-27
1.2841775164829493e-27
4.416137040120444e-23
2.3135133525253833e-19
5.3155020826918e-13
2.6119727653541732e-21
1.3450471687728168e-26
7.415242662074525e-28
6.619896630303532e-26
2.054725713667538e-27
3.3414764543526057e-21
2.4669950440603596e-17
2.1005373036239272e-22
2.01081843107778e-30
4.825502463798363e-23
4.738481698004698e-26
2.6714793154092115e-28
4.665767996773255e-27
2.758032688501541e-27
1.3283883442691174e-26
1.5014742468874202e-21
4.789618139657849e-28
1.3765066976756186e-28
1.4225643746411187e-10
8.407275943392236e-17
2.1182983342645917e-25
2.6654810300252105e-25
2.0573843402288447e-26
1.2248185342445057e-24
9.007254243603768e-25
4.835694587306267e-14
1.0572902639686875e-30
4.9980292215779465e-24
3.690583167085807e-24
1.954764426448595e-21
1.9359324476420485e-25
3.132857191036277e-26
2.0717869592243666e-21
8.726010206518322e-20
3.143819494831553e-23
4.896456374979406e-26
1.6694444478750685e-18
8.1517376518869e-28
3.1443410263313287e-28
2.6190090335721165e-27
1.693658632080196e-26
1.3480015155971e-25
1.6372616115551067e-27
3.2889675205930187e-26
9.577929745574205e-25
4.658832833064906e-22
5.0619638986785284e-31
2.3351503745400974e-25
7.388876247983872e-25
8.3009249346388e-14
8.133051679328375e-29
1.2561641865091952e-28
1.216362846299086e-24
3.571331733491933e-27
8.513698884901039e-29
8.078167362537485e-25
3.2832790602511344e-26
5.448214033957717e-13
1.0339219919339032e-25
1.166971430048688e-28
3.0408798842942564e-25
1.0962968979529495e-28
5.462013470541365e-26
2.16385522462715e-28
4.774334576270394e-22
3.647081783703017e-26
5.194827509028463e-21
3.2111263003198217e-23
1.8535386324554197e-25
3.6571629556377925e-29
6.067807558424065e-23
2.228017419814758e-20
1.942266249249034e-24
1.521429683061407e-28
6.191697107351941e-28
1.4057240056974705e-25
9.982189502650537e-30
3.125445013910815e-17
1.9072716735152402e-28
1.2000107276702834e-21
8.696035808213767e-25
1.759465205776186e-29
1.4961979855231582e-17
1.0903250457954154e-24
3.870612618953697e-24
3.465656970315282e-28
4.924138788558262e-21
7.217100710315228e-27
1.0210469052879681e-30
3.151556033561009e-28
1.9130227991522938e-27
3.473606790795367e-31
2.9273876761631114e-29
1.4904622138871373e-26
1.3157766568279175e-29
1.081747303758633e-29
1.917910259940547e-22
3.326993951313248e-22
3.374957590828466e-25
3.36117403047605e-30
5.352207539771138e-28
8.919545809756e-31
7.470058420256813e-21
7.156813755349395e-26
2.4670592436329158e-29
7.171618354902636e-27
7.311217017319446e-26
2.9955441489798585e-28
3.4155133594176605e-28
1.7128975203192057e-27
3.7817401480154967e-29
1.4903736236064392e-18
4.651669652082732e-25
6.78329227005551e-30
2.5171841988288066e-31
2.8942377551601308e-15
4.272718222601649e-17
2.1630438505686558e-26
2.151350970473467e-31
3.023249212581193e-28
1.1243553014650029e-25
3.9313018949066865e-17
2.865029196456916e-28
1.438650929179113e-25
1.5071016939136013e-26
5.9420775213855106e-27
4.765817095020579e-27
1.9458214123979347e-15
5.5257234013803744e-15
3.6996100084144874e-30
3.0930821374974256e-23
1.588330238786357e-29
1.8936079711363763e-30
2.3241647533887616e-27
1.8948150593067268e-24
1.2574922604437582e-28
9.47763411637504e-24
7.047395112780524e-17
6.423704209361536e-22
4.015054084890202e-25
1.97634919085031e-27
1.2337266048497669e-25
1.6955821892800088e-23
1.4334684695875639e-19
7.545639545553602e-30
4.0873239747905787e-26
1.8531939311342886e-25
1.5287715440864388e-27
4.213259932047338e-26
1.712285384200562e-23
5.274178980338108e-27
1.1586186774850912e-27
1.963624877962121e-26
5.565446257639505e-25
1.466307021800852e-22
1.904786594975394e-16
1.6904892022611914e-11
1.859822939436262e-28
2.1404422802838455e-30
1.2401836889856248e-27
9.409351327582453e-27
5.50251448703629e-27
5.1136611944061885e-28
2.734040772953724e-28
2.6311167034382556e-26
9.833952521140917e-19
6.16895029872962e-28
5.46505904557541e-22
1.0222117672301453e-28
4.648414545788338e-15
9.268823545652841e-29
2.779513677799913e-25
7.07470642118976e-18
8.668455583717474e-26
1.4622082042327596e-25
8.714566572760307e-25
1.2048442323051117e-17
1.4942251718023154e-29
6.58777704955505e-28
1.0532492393430594e-26
3.7704773431858936e-31
3.0209234470256745e-28
3.1214496533184e-17
9.9314256013471e-20
1.7883027552342943e-26
1.2408451006618158e-26
2.5653040238353766e-23
3.3056333676142987e-24
2.596279298032852e-20
2.301679551649385e-26
4.124818132875614e-28
3.317686033348142e-22
4.1333578304537024e-21
1.9312427894908893e-18
7.397999732323093e-29
1.3858341339702075e-26
3.0396244599697825e-22
1.8908930751224124e-29
8.773922564067296e-25
6.632893385368229e-27
1.1491483703158983e-30
7.572253861316017e-16
3.6362342099952566e-27
2.0745932106814853e-26
9.255033684377819e-19
1.9849099638723883e-28
1.611632360424344e-29
2.934774664340263e-26
6.515049070687827e-29
1.7374101903795347e-24
2.88798592017736e-24
7.967007789808728e-19
3.755268949369254e-25
4.637806457638398e-29
4.1412854254514703e-29
1.115841178912233e-14
4.1760950935763396e-19
4.889078023650654e-19
3.815042016798417e-21
8.300464058998063e-27
1.1416084100949304e-29
3.679459724307067e-28
1.4674092799591273e-24
9.25222652206474e-30
1.7521151237267725e-17
1.646301836327078e-27
6.916917024715743e-22
1.5127051721949545e-26
4.919957221567728e-27
4.0397038420197714e-26
1.6116992995496878e-27
3.2439494629555263e-26
9.5044256116437e-23
9.69700229185541e-26
8.454513293540034e-25
2.0471878376877393e-30
3.4719057006221465e-21
5.215392392939584e-29
7.923227314783051e-18
4.362142445991095e-21
6.895806290801024e-21
8.239669917930114e-24
2.68527769608105e-14
1.2689823186756504e-24
7.5121209736077885e-28
7.877996144065062e-28
1.1595874829850425e-29
9.586447917109053e-29
6.457947202277564e-27
1.2144451385368238e-21
1.973422585034153e-24
4.2362113403000527e-26
7.335892436240027e-30
2.6071179877995732e-27
1.6072626829627842e-21
2.5825707544750613e-23
1.2524085038134086e-30
4.993724372070753e-32
5.261493707026815e-28
1.5641062145344217e-25
3.837846036801938e-25
5.384702122617714e-16
1.5151099490107424e-28
1.3484660407348797e-27
9.764573071014251e-20
5.238202460586483e-19
9.115498787356985e-26
1.608264473489232e-22
5.771909016943768e-27
2.6541823088667333e-19
9.039223435347393e-17
7.588107732287782e-27
4.980154657208717e-29
2.349284507855415e-29
8.512231875965269e-13
3.169347530993482e-24
2.6321594059932175e-29
3.801669130904062e-29
8.232639008642881e-22
3.8074469611335775e-26
2.3886395068583495e-24
3.247056871688308e-29
1.100823734871243e-27
9.446729251393916e-21
4.8333451765469286e-27
1.0481165013578749e-27
2.426965721503256e-25
1.1054135925489563e-19
7.996623760046828e-23
1.961196398094148e-18
4.431125210924446e-25
4.245986897374659e-27
1.0435187925518159e-22
9.55150779461443e-28
4.317541817534483e-26
1.5777245698867125e-27
6.226202984635604e-28
1.9612524381005745e-27
1.5015818193106124e-19
8.1082148367195e-29
4.90490012310826e-24
1.173461428104908e-23
3.516733330348506e-28
2.1929171764909276e-27
1.4686472110655106e-25
5.520736526069223e-29
1.9158893951130252e-23
2.448429539294116e-28
2.4382505676496874e-26
3.546720424902235e-26
3.5900055765169106e-30
1.99717980626872e-21
1.0604087066208675e-28
8.669028434856824e-24
1.0694356742724669e-19
2.3918927009800967e-27
3.2186646564923705e-29
1.2485780180286293e-27
6.04275634129627e-31
5.6397140184869215e-28
3.5582772346280276e-25
1.37650636465988e-19
6.438176135059136e-29
7.358379763421249e-16
2.996079883696214e-28
4.5543173355317755e-26
1.2500851171175682e-24
4.452769127297367e-23
1.8130943661580198e-27
4.643620532177964e-26
2.0434340576575965e-25
1.1990176472613106e-29
1.0109304114230457e-24
8.21964501722547e-26
6.425635945595841e-26
3.316856964683093e-22
2.241472494677453e-26
1.2684567210630552e-23
1.3349099980661137e-27
2.2831011881019322e-17
6.153713203788775e-28
9.77166904905876e-28
2.6485008141874616e-28
4.668189702995541e-29
8.471031399878368e-20
2.6167476120960713e-23
3.5929957120768235e-28
1.085602539871148e-14
5.1200728850160615e-27
3.211028422799035e-26
5.898620102854235e-28
1.2312379167223894e-26
2.4127375349137885e-28
5.945140102368598e-24
4.154085663143612e-15
7.478344391082978e-22
2.956061815972918e-22
1.2300392236349845e-22
4.3610722509762396e-23
3.1450432166671192e-15
7.076747567587636e-19
5.308333406619762e-25
3.246056939199352e-23
1.2801565416021287e-28
8.469190109117086e-26
4.800866510488399e-20
2.5924907065892413e-26
9.871080370517248e-29
9.430600771719106e-27
5.733167080678025e-29
2.0772619231295715e-24
2.597883782777898e-21
1.510537504042171e-25
5.859913472829993e-26
2.609682436159615e-24
5.545034150851255e-26
1.6966132117646944e-27
1.3873714788938358e-24
7.168859156062123e-26
8.251225072567662e-27
8.367123274441784e-30
2.2261255568840604e-27
6.238037191142666e-32
1.9729629458996734e-28
1.5838304824759383e-26
1.8858188910841179e-19
4.9319696366626654e-26
2.545750814816703e-26
1.0709099214323867e-19
4.16198842822693e-28
7.478496419674675e-26
5.278419205119554e-29
4.268307339842954e-20
9.594013568010078e-30
1.511896379186496e-26
8.230303950934279e-25
4.628437873946334e-28
4.147828412587626e-27
6.846466995792291e-27
1.5168708323638942e-23
8.661856034500653e-25
1.2504138195394978e-26
1.1982727356802508e-18
1.929588363672387e-27
1.5887637347695985e-31
1.0458480627361379e-26
1.358186170193295e-25
6.44279387382073e-20
1.0526720175563485e-18
2.4786048586535514e-23
8.674168673863457e-21
6.91952269817074e-27
1.595626558592233e-20
3.3118120116637185e-23
4.644651075991427e-22
1.2329952922110018e-20
8.387943047854e-28
4.689510975027306e-23
1.405746150058674e-29
7.526519978221433e-22
4.935263999950369e-25
2.32755597010996e-19
1.794120938413846e-24
5.787385644743148e-24
1.9655982553456827e-25
1.3073383108604643e-28
2.911854121109843e-27
8.066515616392908e-27
9.995193156185706e-25
4.820313548135534e-29
2.6217461485476073e-27
1.911625956750026e-24
2.24030644435463e-23
7.115931436567718e-28
5.633300328907614e-26
9.212355446265824e-24
6.229574297684742e-25
1.6362486030740661e-28
1.1287592848389135e-24
1.1312216838752649e-29
2.5095424514718134e-26
7.290509192341507e-24
1.2759561382199894e-23
2.0190031882371732e-28
8.667647777539033e-27
1.6175628554050345e-26
2.5075389082479405e-24
3.7406925243104103e-22
3.1025639419719475e-29
3.245325840925521e-27
9.663892323228713e-26
5.522005673361522e-27
5.355441998980813e-29
1.5915457012557437e-27
3.335806252893348e-31
2.7399145388679605e-25
1.2086225985117983e-26
3.563143594637949e-24
3.4754714128950084e-28
1.0405198974245818e-29
6.480294785040591e-22
6.414028514442037e-26
1.707583568322543e-27
4.334547539508665e-29
7.493150430555703e-25
1.4291585612069116e-19
3.3000760484993744e-27
4.5157295303904854e-29
1.3802656075377862e-27
3.2313698802118953e-22
7.409457774148543e-28
7.642485869909691e-28
4.560010980698041e-26
1.0015148299318445e-26
1.0648304622456728e-20
8.2783101538765315e-19
5.015511166186376e-29
1.587035888237767e-25
6.769581848521873e-23
3.860148574951983e-25
4.8871574820041694e-24
1.801181918841615e-24
5.275353926486785e-28
1.4134500764255563e-20
1.7814925576931478e-14
1.0785564428498141e-26
2.494283615380567e-22
4.392157492553521e-24
1.2950869004826143e-29
4.218718575603381e-26
8.621272608754526e-24
1.755472861059444e-22
8.796059813929696e-27
4.4461061051303963e-20
5.418708497914571e-28
1.527996374034836e-23
2.799500035376072e-26
1.9233910614155556e-24
1.7289343219569674e-28
1.0764234773492714e-24
3.1733270626333648e-24
5.786605020431871e-16
3.5353666818864527e-28
1.3920917049232844e-25
2.194624777930232e-25
3.375377012436325e-30
1.1778004087526468e-19
7.508968977207918e-29
2.256857366866676e-25
4.487771664628504e-15
4.251024774093059e-24
7.342059602184543e-29
4.480579394464102e-26
2.2326225942461224e-26
1.317854157456076e-25
1.8972937048801355e-24
6.562291167308194e-25
1.0816190905526943e-26
9.112992807306068e-17
2.3497874568964192e-27
3.8832116577358277e-31
4.616783449017425e-19
1.1983514687566224e-13
2.1928944657502113e-28
1.501157823621971e-19
3.123335567984895e-26
1.6082355305254674e-13
1.0692280288107629e-16
2.4267794872415018e-27
