1.3069972584867896e-6
5.28148022391147e-8
3.1351360273730583e-9
4.207290995453994e-9
5.646444078409505e-9
1.5324644810426474e-11
4.352045382114178e-8
5.313476670247222e-9
1.4659531109810344e-9
5.815221657398599e-9
3.5594643378106245e-10
2.875859378831064e-8
2.319366131071465e-9
5.073888159055466e-7
1.5503378095853644e-9
1.115388394339427e-9
8.323814998787981e-10
0.0001583967382485102
2.3463050918540996e-8
3.529723455467709e-8
6.022449968329929e-6
7.653427944845117e-10
5.5373172783125507e-8
5.817812795989775e-7
1.8957739909509997e-6
1.4896301293134093e-10
3.6341331719300212e-9
2.9260570974264425e-11
4.329605270945987e-7
1.3526244172363359e-9
3.101833986923766e-8
1.7056628629490728e-9
4.447139500753206e-9
1.7456497164486463e-7
2.355852054437866e-8
9.529990482338288e-5
1.3228024750621459e-9
6.766728896935928e-8
2.539727691474779e-9
4.6730872500554486e-8
1.626825633831161e-7
2.204175781721e-7
1.016350658915433e-8
7.182625641112226e-9
1.1629831559192289e-6
1.5951904050573282e-12
2.79261845416517e-6
1.6369681531964218e-5
4.177640864166057e-6
1.2463679287992934e-7
7.089358562011583e-11
7.895720787900954e-7
7.348824847112538e-7
6.889177226046809e-6
5.934828006849342e-10
5.38297837913472e-7
4.609551804257883e-7
2.0072809913411968e-5
3.3810964763357624e-7
6.151534368884354e-5
1.433120798925745e-5
3.795212883753483e-11
2.496421592435162e-9
2.6737879922867367e-9
2.6220451154982546e-10
1.1751622531365098e-8
1.419925220967057e-9
2.0167928022562796e-10
2.5434622271955988e-11
2.6449166749775475e-7
3.8242674113000246e-11
4.574919021534494e-6
1.1783861883767262e-7
1.6926908581169306e-5
1.596440024803812e-9
2.071247347018225e-11
9.658793710315247e-6
1.7212708702411134e-8
1.0087218817498149e-9
1.492958748176945e-5
1.2362736713064404e-6
1.641694892518886e-9
7.868592025080151e-7
2.326638260071298e-9
2.143771215901035e-10
7.841218008749682e-7
2.953483513321552e-11
8.281921975871462e-10
1.3310010127318254e-7
3.18823703066106e-11
5.3508935570447406e-11
1.626275853608243e-10
1.7729587266121254e-9
1.6032130686341455e-10
4.052499776469904e-11
3.7298799297499715e-11
1.1552555118316356e-5
6.583945386637179e-12
1.8737326892803584e-10
5.108083017982405e-6
9.184644164306965e-11
1.3403292161390192e-8
7.643668578522702e-6
1.7376739637224362e-8
1.0171525561979077e-10
1.4395179814605987e-8
7.955558098750614e-10
1.470955131601993e-10
1.1653422371990193e-9
1.914302267202964e-8
2.8032383835384655e-8
7.932944340279643e-12
3.6278319574150473e-7
9.93280899021454e-9
3.381731804974991e-9
5.769662698448838e-11
8.896961072817851e-12
2.5999970876189954e-6
1.495430798529384e-7
6.002846628819743e-9
0.00018988366388625905
1.343756747134442e-9
9.634196487025785e-9
2.225122867622314e-6
2.1582370525639633e-8
7.013309172831848e-12
2.559211705634591e-11
0.0001485431258287655
3.41435275885585e-10
3.1376112434824414e-10
2.6247405253893363e-7
5.4802631828192164e-8
9.254362753399336e-10
2.1998934846767442e-11
5.167228749072919e-12
4.1164524150190895e-7
2.228373763564592e-6
1.9024519549481154e-7
1.7563678013344888e-11
9.840636129847563e-8
7.2600929848292735e-9
3.218015702987323e-11
8.486052733619665e-9
1.028425600566534e-8
2.784346842552253e-8
4.607505365800562e-10
1.3647863720991808e-7
5.7011127665959004e-11
1.4893498019267909e-10
2.6481693294505763e-11
0.00026114759083972587
3.5138174258745513e-7
4.246745731327481e-6
8.9378191219574e-7
1.1752823531608138e-10
1.1644161705120938e-11
3.263384943701598e-11
3.212820266526827e-10
1.752692943515004e-8
1.2634154834049173e-8
1.411353657582848e-9
6.273662090285157e-7
6.443706789471346e-10
8.853555654955178e-7
2.4477232975313635e-9
1.2395424733272637e-11
7.084167400966031e-9
2.97068929511415e-8
3.83804637418853e-9
5.170180208544604e-9
2.5055520126818372e-11
1.6775559239962282e-6
2.3569797227998965e-7
2.8572332442535993e-11
1.3224371932713892e-8
1.9474397349642069e-10
1.604674515028118e-6
2.549948538840303e-7
1.4881899114055813e-5
7.033803200549678e-10
4.833731195654991e-9
2.167153028605364e-9
2.633427415126464e-9
9.100757199133197e-8
2.520662514071422e-9
2.8659995743727497e-8
7.353346979716345e-8
4.3657665574283805e-11
2.3735227511214145e-9
2.263900465937621e-8
3.79903696894799e-12
4.023982050702955e-8
4.1213004414446214e-9
7.944016325064862e-5
1.3833355985595382e-11
7.260260010405737e-10
6.308677632772452e-11
5.743482516067449e-5
6.237977422373669e-10
4.3655568715602486e-11
6.191061465641769e-7
6.267349439107606e-7
4.5533531196024763e-11
1.2583907697911183e-10
3.153323364471884e-11
2.7963712551724164e-8
6.460655272174987e-6
3.583416493682819e-8
5.685557357158349e-9
0.00019194263558293832
5.398166640771541e-10
7.2640406214842366e-9
1.6297417048154267e-8
1.3729287229894976e-11
2.0841518658727128e-8
3.008797564760764e-8
5.859067165103872e-6
5.69228092945802e-10
1.1745372107200304e-8
1.3268347230889104e-8
1.1472241787864108e-5
1.2537507611352107e-9
6.5531063888205164e-6
4.107518542347722e-6
8.968439780751865e-9
3.0325686632242043e-9
3.327286349534022e-6
2.4189989113475215e-6
2.768647993769151e-7
4.214330586092861e-8
9.270679235050645e-9
2.640606434099799e-10
1.0562589276526634e-7
1.832813495800624e-8
3.9061374913031493e-7
1.2707662833993379e-6
8.680299556617164e-6
3.024047083997974e-11
2.739204596251449e-11
9.408290674361169e-8
6.385931722871375e-11
1.5217484580321243e-7
2.1280115809689757e-11
6.324971940883491e-11
1.6568419714560298e-11
2.3315922832186538e-7
4.147631006202019e-6
4.828402930973855e-9
1.0050198066186989e-6
8.70491219623814e-11
6.056681284029361e-11
5.804716025069344e-8
3.3549032230640663e-10
5.289069184329087e-5
8.979123097068753e-9
3.804837206624717e-8
7.404090357907626e-8
0.0007118418402180916
5.694315109366951e-9
7.109895605697638e-7
4.7343216574119946e-11
1.5603933346697346e-11
7.873630560626322e-12
1.1731300752163137e-8
1.7098260938250655e-7
9.513631856027183e-9
2.083583405518914e-11
4.042490781856345e-12
3.7768589749298565e-7
1.4421088859851673e-5
0.00017994657473631288
7.107729111296864e-13
1.3420038790877129e-8
3.32635738827245e-8
4.6991580363876265e-6
0.0012548371955800302
8.88227726896638e-7
1.5389835047590706e-6
9.156281113834112e-7
1.8104094903429797e-7
3.4018925637571696e-11
2.904137578473182e-11
5.2493583048929916e-11
5.244792883567098e-12
9.041150951086597e-7
2.019134587126603e-13
5.709036990574084e-9
3.9801068779948427e-10
1.795463300930651e-8
1.3033232209483342e-8
8.583027418889501e-8
4.639847714897934e-10
5.886698484357866e-7
0.00010687467136317779
1.0749679923151244e-6
3.1173245868158615e-7
7.679167508640963e-12
4.226173508913662e-7
6.178734054624201e-12
4.629696248506121e-8
4.124666150365725e-6
2.972382847516854e-5
4.64809562220625e-5
3.8063211202292675e-6
1.7435150520622434e-8
4.712169786609456e-9
1.76336746357982e-6
3.992013993550542e-7
2.2636974647173719e-10
9.619932799856491e-11
0.0036618313667230234
4.966103694730361e-6
3.160902109229176e-6
2.830863474610349e-8
5.978805574543188e-8
2.945892115305291e-8
6.124329706939397e-10
1.0391745198842151e-7
1.5651151138966149e-7
3.5274647003413787e-12
1.0763896581232532e-10
9.936718195588847e-8
1.9171382366635276e-9
8.29883485256752e-7
9.440453024922535e-13
3.4232055558162524e-8
9.843216246202835e-11
1.8557076918751882e-7
4.160925665662005e-10
1.199738240839561e-10
2.2805249512299123e-11
2.8959379551883236e-11
1.7429792965719395e-9
3.154337005250974e-11
2.948325540185993e-7
7.101517873150298e-11
2.7452480966247783e-5
1.1083068136283886e-11
1.0340488656973318e-7
9.795416750395321e-11
8.186492234853857e-10
5.103350494810749e-13
1.6903542780739207e-11
2.053937022563774e-9
3.119959433813289e-7
5.343242324852826e-12
1.668198671976011e-5
1.520084468153307e-8
4.191693492643801e-8
1.0105892269949536e-12
8.737761734053124e-8
1.40367841252741e-13
1.6282243159300247e-9
4.064834546750224e-5
3.6696233205939645e-11
3.5353892776025843e-9
4.763087233503111e-11
7.655042285345607e-9
2.4263842932055207e-11
2.549715980112318e-7
3.057563239852612e-12
1.259005580306896e-9
9.015575497607271e-10
0.00035006370305431384
2.2817403938474487e-10
4.421643341082043e-8
1.8417087535014282e-6
2.885471889746993e-10
1.2711029843202677e-7
2.6451454024903092e-8
2.0033898206972505e-9
1.489737050922873e-9
6.338265052793059e-11
8.440234359117541e-8
3.5173735258664465e-6
4.358025999512388e-6
2.136365441037952e-6
8.49461231796356e-6
3.0706860565330693e-8
4.82768895425164e-10
7.917100363513483e-10
1.752966599602347e-10
5.770399260064328e-7
0.0001249892252039981
2.9117660385763644e-5
3.3859862885325754e-10
6.083255366622564e-8
6.817801291140607e-11
5.760300770347496e-9
6.203710562654734e-11
1.1401019735989467e-6
3.931382361990764e-9
1.4230830220158892e-8
3.6341546694069403e-9
4.3607258578927807e-8
6.1765803132203784e-9
3.6379717826413204e-10
7.220009522343867e-8
4.444724507401045e-10
1.9735223051543638e-8
5.3278977125221735e-11
2.0811140189245528e-12
3.87494344509858e-8
5.4206722461819516e-8
2.7460571995538476e-9
5.830328027962756e-9
0.015580889833007698
4.2664558379484944e-11
5.3838247028652486e-9
4.340843070443176e-10
5.20052478897495e-9
1.5929678479398504e-5
1.775540492335015e-11
8.892343939923073e-10
1.6274755277585337e-5
2.525793040349818e-10
5.118358899711266e-7
3.952695541728275e-13
8.452311427836975e-12
1.2897085812455715e-11
6.624674739535171e-10
1.2136202104794962e-5
5.28492990394534e-7
9.746868154982609e-7
1.0479252751624554e-9
5.1279612068849225e-12
4.860658104303256e-8
9.164722547884971e-10
2.088622678248854e-13
1.4400718993419626e-11
1.2482155477284241e-8
2.613043193433222e-7
9.114171590813016e-12
6.89982851920998e-12
1.9158291947077286e-7
1.0586764818659723e-10
4.78239783297492e-10
4.9339303128733336e-11
1.5455814583136306e-10
3.50058458927444e-11
9.928197710255923e-6
2.826587578217912e-13
6.097763240231983e-6
2.2004866278051074e-10
1.6669360660978658e-10
0.00011108066305012979
3.3067865299697855e-8
2.8327065125496184e-7
7.009149171133875e-11
2.4563039123848544e-8
9.711190783640722e-10
0.0001773687837847937
6.674678882163303e-10
1.1556048766692717e-7
9.438825703367096e-10
4.170572669376192e-9
1.0816897552673098e-10
6.426482435279737e-7
1.6446185860445568e-8
7.032833305674445e-6
1.855559883202131e-8
1.9930787856394397e-11
3.332102916569238e-6
6.652690755035953e-8
1.4877101076105824e-7
2.9517125268296254e-9
3.770484704788591e-9
1.1238241525748059e-11
8.882007803017126e-10
2.5941729075264017e-8
1.4563201447661038e-12
3.5028691119228244e-10
4.0851984155859886e-11
1.5112478549492197e-10
2.5307516699828672e-11
1.66684356188509e-7
1.1052470690716555e-9
6.0026545967042485e-9
1.8131373481671644e-9
1.710897614123131e-10
1.7197740039549567e-7
1.934289577091513e-10
1.7803928161453874e-10
4.737945559682965e-5
2.9154703887924205e-7
1.225458971949518e-7
1.696359720384441e-7
3.405472263315045e-9
2.3203080760633857e-6
2.1790910491503338e-13
2.2704637243519183e-6
0.00031944334580687026
1.225454148475469e-10
4.519889232623571e-8
2.2709033934675656e-9
2.2178498882983615e-8
5.0602094263353704e-11
3.133352643704545e-7
3.396627106459453e-8
1.3548083896171723e-10
1.2402368987617038e-8
2.9223139777097093e-10
1.419548040596597e-11
1.8567420302148206e-6
8.874949919423633e-6
1.6053446698833745e-8
2.487330624539336e-12
3.465584154510835e-12
4.558671102985676e-6
5.136219939806373e-10
1.661257407855519e-11
2.745409525270895e-11
5.703761513981722e-10
2.628504735027256e-10
7.2267340694723e-10
1.4843613142138279e-9
8.362258164859497e-9
1.5240544618181644e-9
5.30599823867237e-8
1.6214023711604355e-6
5.748391815245523e-10
1.9793229644893336e-12
9.526125314005016e-8
8.724262047492062e-10
4.245478569973602e-11
3.6675165863706243e-7
8.410377460455202e-7
1.8963535047750545e-5
2.054909742946684e-5
6.6138605753931065e-12
7.979344086116788e-6
8.503283941736815e-6
4.242625754735018e-9
9.615606049714687e-12
1.7777413892443036e-13
2.2059553260924913e-8
2.1847742618723637e-13
3.9505856607247375e-6
1.4180795087086245e-8
1.5467375464073088e-12
4.322802896502523e-9
1.2834715292689815e-9
8.916768520235375e-8
3.500204577422715e-8
7.72596907877244e-9
8.473266331082079e-9
4.3964014711955684e-11
3.0576848752933026e-9
2.061655746482238e-10
4.37614311986365e-6
4.860143637103148e-7
6.915961267421881e-6
1.3644477710200396e-8
2.6170783300967464e-11
2.2466294092218295e-7
1.8485197747754822e-8
2.3157917887445874e-11
2.204502892626468e-9
5.369118274530111e-9
2.732567780074239e-10
2.9214731368659837e-7
1.987380419442572e-10
9.737656567311786e-10
4.5170205204315976e-8
1.3077271055310216e-6
1.1963215603572233e-11
1.899193020182066e-11
1.2233883852426325e-11
1.7739775831884288e-7
2.781550023156341e-10
6.344280031104142e-13
1.5579940031975647e-10
9.487140142465983e-7
1.2832832036101412e-8
4.1438119556033553e-10
4.907692990332475e-13
1.7168664797901623e-7
2.73790514516058e-7
1.1422700159837343e-10
8.29017460511319e-10
8.057789995833184e-7
8.912468968068017e-12
1.0007135298497945e-6
1.101615373117832e-10
0.0002494545912893402
1.6323710048044198e-5
1.6384029605780944e-9
8.40363920761036e-7
7.082328711253998e-10
5.318630038688105e-5
4.748049137858284e-9
2.9725841985644994e-12
2.1854698409217884e-7
2.9316290336838355e-13
2.9992255479314834e-6
5.37394057987955e-10
7.304500185177341e-7
5.637309831090087e-8
4.6370785842818156e-11
1.686008445566404e-8
2.8306029884831322e-12
9.73255159665117e-9
3.377033530464535e-9
1.5261498099930065e-5
1.4550562155854248e-7
0.0001487462592882348
5.652572952276778e-7
2.711320771769729e-10
1.4166699211371636e-6
1.4991824642478457e-8
6.721773654459875e-6
1.0005519580476232e-5
1.14970775013193e-7
2.378997018700624e-7
2.510560222650828e-8
8.165700622575536e-9
1.2010485801364506e-7
3.7105602314653576e-7
2.9768533535439205e-8
3.2856781238646784e-5
1.2568579359152193e-11
1.9257336852532537e-9
4.2420220827135585e-9
1.2256859588810998e-5
1.0570032782701584e-11
5.405906378638408e-9
3.006176461709996e-9
5.728858311671359e-8
8.086852339763337e-9
1.5366379922838382e-6
1.1678869709731557e-13
4.026080731704319e-13
1.0953012570908198e-8
1.6852171239918968e-9
4.7296314921108424e-12
2.028460086634265e-5
8.134140039857061e-9
7.365728842759323e-5
8.802836484291997e-6
5.3921910255813796e-12
1.4119039354301724e-6
1.3390937634954576e-9
3.740727049721378e-9
3.146875411545938e-9
2.3300533473002196e-6
4.608937076600467e-6
9.690054101200043e-7
2.2137838186376532e-10
2.991989287814466e-8
3.1152216274616147e-9
1.088598716245615e-12
3.7050543886546494e-8
1.2082193847587322e-5
5.970477929835529e-6
1.289383349521153e-10
5.879543541916746e-10
1.2184137368145216e-8
3.4302082874597747e-8
8.48951715561048e-13
1.6979374089131367e-5
1.8495972080209424e-8
7.538895517971321e-7
1.0351685373579611e-11
2.4965146471340286e-6
1.6289673677412064e-7
4.048911216736082e-5
1.0021445028772863e-8
3.9452711612162755e-12
3.709108359927434e-8
2.7896856104353674e-7
7.233028399008906e-8
3.8476641497990855e-8
0.0001842402439174382
1.9384914657989745e-8
7.3268318210901974e-9
5.564703136973115e-12
4.6148357293702783e-7
2.3379812357370895e-6
4.4662866690081335e-7
1.704984276632294e-7
6.19254798674589e-9
6.111186037312158e-11
2.4622338647047737e-9
2.8641927570566127e-8
2.994975885769445e-10
5.970126006005492e-8
2.7473955014712474e-12
8.153624115200181e-10
9.210691518145865e-6
1.8134503556804677e-9
2.3684688290043023e-8
1.4288794579558613e-11
1.8348006255778108e-7
7.124782997215897e-10
1.7904567703478797e-8
1.1914479468109021e-5
3.3258977595320774e-5
6.41042201160098e-8
4.787704280483782e-7
2.028759564042951e-11
7.829051916176792e-13
0.00018880323530973136
0.00038716704210631903
1.6148472666514637e-8
3.764647595824527e-10
1.767107738848005e-11
1.2123699739831956e-8
1.6786800809861693e-9
2.949457208477209e-9
5.832563651996636e-6
1.7141935924231456e-12
6.267878931473108e-6
2.4534805765031127e-8
1.3823392747660513e-10
1.9549567722822298e-7
9.604029974856648e-9
6.557767464845929e-13
3.488689726535148e-13
3.495781788356484e-8
4.265980889754603e-9
5.422964457126259e-6
1.2954855763164523e-7
1.3187728663714585e-7
3.806344873771126e-10
1.811980274263204e-11
4.635556899873956e-7
6.503961402626923e-10
2.36964537008014e-6
1.009752538801248e-7
9.237384787560462e-8
5.203621395744807e-7
4.713132095222672e-10
7.176768055493539e-12
3.3621340111202565e-10
5.003432186794847e-10
1.4895741036239017e-6
5.349770623945842e-9
1.0293729771305179e-9
3.448012873267992e-5
2.4838464854839906e-9
1.0172450003163657e-6
2.404212147017921e-7
1.0611329572821688e-9
2.594741215168463e-7
1.6587146914992456e-6
2.750310946602166e-8
3.751957938970571e-9
1.525490390683155e-11
3.008603970692988e-8
1.3401202275383597e-11
8.99515098604558e-8
1.5264179635744589e-12
1.267557088292872e-8
2.0892223201154462e-9
1.8469501256655156e-6
1.1318514872242321e-11
3.656341707615445e-10
3.769695982222937e-7
3.2621855591620723e-12
1.741207912067069e-8
9.27291694348039e-8
2.5619543372773347e-5
6.766760359772335e-9
1.532876112004992e-8
7.265714669035515e-9
1.6968618042814827e-5
4.035238746618547e-9
2.907485012355963e-8
1.691452152182878e-10
3.934243638197967e-9
8.591308856793142e-8
2.2941400971302974e-7
1.0241249477472435e-11
4.132141475036465e-6
1.1525939141444962e-11
4.50716191128337e-10
2.0386443094054225e-13
4.493320730545153e-9
3.016042712147391e-7
2.269835621651534e-10
7.328586618622755e-8
8.111612862124791e-8
1.0940414026940064e-11
5.857852560841475e-11
3.484533733503898e-11
4.835384243561834e-6
1.9242653483988723e-5
1.537172993855121e-11
5.793059529634692e-5
8.837330388360343e-8
3.402239497181134e-7
2.931379460560301e-11
7.153211052890277e-10
2.549040335360483e-10
1.9518264707437202e-10
1.6849335195540873e-8
1.4446839057971382e-9
1.3315933954101383e-7
8.445764326405825e-9
1.6816979714090343e-8
3.222436490479574e-10
2.1311223950953564e-11
1.6105015089857406e-9
1.0690402647461797e-9
7.921753318046973e-11
5.632411631474472e-9
5.0078651840593e-7
3.9306967341383627e-10
1.0597944995265045e-6
5.418051688039372e-11
2.9456128877354985e-7
6.903393126873543e-11
2.051241609412415e-10
5.5076492647083697e-5
1.2852409710495074e-8
1.8635876080551803e-8
2.0459955258481278e-7
1.7759110167902184e-9
0.00025561023682070343
1.2109907153875854e-8
1.151769550157112e-8
1.3048412170569936e-8
9.718283674187074e-11
6.87092018272033e-13
7.070298505490275e-8
1.3402765794142377e-8
1.2703489255450355e-8
1.480193225445018e-6
1.1401134525715531e-9
3.1636553191218877e-6
0.00028629074937230474
6.317678339724292e-8
4.775626102890956e-8
0.00012726408955030866
0.008561306735676963
2.177869891877111e-12
0.0005112441688239727
2.458467257498988e-13
1.755161710817187e-7
1.0420361817414924e-13
1.2723466822609712e-8
9.038585122711803e-7
1.2789608192816948e-11
4.566120913867011e-6
1.6329972571420292e-9
3.4495830461801824e-7
4.476442033538083e-9
7.1524200893485e-12
1.2903468704527159e-9
6.01529989204846e-10
1.1478573302669617e-8
5.1608173407998585e-8
2.7024987134648643e-7
4.057035917458786e-7
6.807953694790863e-5
5.883019775901473e-9
1.0323289875228286e-6
5.7871597847326005e-8
6.211549957357219e-8
1.593566768948858e-5
4.1604982625672904e-5
2.782359638490939e-7
6.77865312059918e-11
4.007341258109776e-8
1.4309977192917077e-10
2.3087697144967723e-7
1.0723037467782287e-10
4.150084922263188e-6
1.2351920099735591e-8
9.001940571136218e-7
1.1696515427714928e-7
4.465685611712368e-11
2.3829173303398936e-5
1.5763637560294205e-6
3.018264384363899e-9
1.0318671593349682e-5
1.8185325139054671e-7
1.8259145248770667e-10
1.4807222253136864e-7
4.4617820499559006e-10
1.358259383629182e-7
7.598309849145286e-7
6.445754100816362e-8
3.929762209978023e-8
6.897688254974374e-10
3.1543392468029105e-10
1.0011729746396798e-6
3.73074111723054e-7
2.3782658751612601e-7
7.247698961414484e-12
4.7977247796029165e-8
2.7202124187794446e-12
4.611932657095711e-9
4.289208921671448e-9
8.118737231423206e-6
2.566374736953886e-9
4.375777554964217e-7
9.649863495942166e-9
4.746544030253009e-7
5.134734629160732e-10
5.8598325948178515e-8
2.4496108666482167e-9
5.5777577241088135e-9
6.395202241661965e-11
1.3384395472189848e-7
2.8612538156249366e-6
1.1325852418351174e-6
3.7359091424357207e-10
1.1809382641679479e-6
6.309243685945143e-11
2.971866457449257e-10
5.309504543243959e-7
0.00010252993831169537
8.862735946390385e-5
1.7341454007337533e-6
6.511402971697015e-9
2.220071281338722e-13
1.6101554976340117e-10
2.1577401785977397e-5
