4.382717602524481e-13
2.2113653121897248e-15
2.656323273286509e-14
6.15788410821058e-20
4.965763239919178e-18
6.5882909415149476e-18
1.0253255821440786e-21
2.696891593526865e-21
6.201920919214395e-19
1.623147772069026e-19
1.1116441734030018e-21
3.2141367727028586e-18
3.8149406130172375e-18
7.197550720086108e-20
1.8462725868552478e-16
1.4881893513541992e-19
2.822196477847075e-20
1.3907131407231104e-21
7.57797681641652e-19
1.04519053762751e-20
8.600105333503892e-19
1.294304184319943e-22
2.1580422954005265e-20
1.6776094295551607e-19
1.3496774636939812e-19
3.2663562386471004e-20
3.07447887675437e-14
2.1854853609279568e-21
2.2636209337079e-16
9.356323831611922e-21
1.17483912982613e-19
9.839982967363975e-19
2.9841632350663367e-21
5.358522668692985e-17
1.2199383903540565e-18
9.97850200341118e-18
7.243109608406763e-19
2.773970548918359e-20
4.684754262052449e-21
1.2260442104641408e-19
4.519666221334314e-21
2.061590236323764e-15
6.807156941489219e-19
4.466991595208746e-22
9.729925153380732e-18
3.745024084006216e-13
1.3513036037145783e-12
6.091554846583411e-7
4.691901728533305e-21
7.218377224694423e-17
2.0389957208150938e-21
5.238998182282657e-22
1.888581605025436e-23
2.222350454954078e-19
1.2886630266822024e-12
1.0794686272088666e-8
4.2111607059079886e-23
1.2980539760230447e-17
2.3663152696229256e-19
2.124180995550197e-20
2.6872759084501638e-17
1.0620180289256331e-19
1.0633499015973755e-21
9.893318341010532e-19
2.7558895369550317e-16
5.848387344059155e-17
1.7684865083868774e-17
2.298873199103004e-18
9.664228442993042e-20
1.3954887001260316e-16
1.4644382083358094e-14
4.248449822361075e-19
4.319630716358637e-18
7.898663043075684e-18
2.2364478857231655e-11
5.2115464072303835e-20
2.380662602563326e-17
3.511002266296549e-20
8.525147630189012e-21
2.3345152559955404e-21
5.808609023232394e-20
3.6535356833080234e-19
2.6177767687580742e-14
4.716996978687872e-18
2.028292083681361e-19
3.284737255025416e-19
3.0813865656248083e-16
1.1029730434934566e-19
1.437879281013781e-16
1.1663500288084531e-15
1.4832246058104006e-19
1.0034022032583712e-22
3.9251257569954553e-19
1.7870988828324575e-15
1.510840323906719e-17
4.32414094408771e-22
4.249108507935801e-20
8.125067528649138e-11
1.4010177596623184e-16
2.405912081166341e-18
8.415723722124194e-18
7.051131881738529e-19
1.6642150898957625e-21
9.631067453594944e-20
1.8749912356697522e-20
1.8806954425905924e-18
7.30204067741515e-18
7.700874398560713e-20
7.386306945419317e-19
7.22554794548135e-17
2.949308966118598e-14
1.6852877503744174e-10
2.3529712568989706e-15
3.278347612188796e-11
1.6317147640344879e-18
2.7069827925230496e-21
5.46615900767913e-21
3.792186558475144e-19
9.69552522604965e-15
3.1566861088295458e-21
1.4158506959084326e-16
5.403947511491213e-13
5.322745420716656e-16
1.4755053182518793e-21
9.73580398373686e-10
9.552869274638997e-20
6.564150179510694e-13
3.2242894123862153e-22
3.699794014144178e-18
1.8700033982510423e-17
3.0749292444467316e-14
1.1294498237767392e-21
2.0097632646493806e-17
1.2480695978513871e-21
2.3879263992555428e-20
6.805396786420816e-21
1.709168272164437e-22
4.627315539685084e-19
2.5172057989459796e-17
3.3670191491698177e-21
1.3677874823433383e-16
1.1195798142343032e-13
9.782371177503171e-19
1.0242876448958219e-16
5.1348434970144295e-22
6.385727312693681e-22
7.414136368531856e-21
2.54494482242183e-16
2.4175356408969134e-15
2.7169345572574e-16
2.0936993266615828e-20
1.498362053000732e-13
1.4012283811843894e-21
4.253314520105734e-18
6.049709669388937e-8
8.824351554124043e-20
4.915058392174495e-20
2.9664683399019664e-15
1.5797059331602375e-21
2.8994022479654617e-11
1.521420725239596e-17
7.268375451453959e-17
1.7561777048950867e-20
4.2550031414859104e-14
6.157726996494538e-18
9.994986838224839e-20
9.255847149719515e-17
6.189648082995457e-20
3.406955349337313e-21
4.438073405454766e-20
4.921678497591174e-20
2.679713420435778e-12
1.0367063487478085e-19
4.013554550043045e-19
5.322904359535421e-19
2.230988130803832e-19
1.9248652348417743e-18
6.151172102167245e-20
2.639396562343595e-18
1.2739497313446293e-19
6.3837810629036805e-24
4.3957390770955226e-13
1.1450080110500411e-20
3.4667769865373144e-18
9.090464700183773e-10
8.537720363381787e-14
5.195907356386062e-21
1.7030881683373988e-16
1.6534221453563182e-18
8.584673837942897e-17
5.6905528660493834e-15
4.185346038786655e-21
5.102602214369346e-18
7.355568258251448e-17
1.4237467368264784e-15
3.9961669451030364e-19
9.381920229184864e-14
2.056993479184093e-10
2.6876567538873366e-19
3.2126690040868187e-18
2.1090356231795246e-17
2.2163672690293964e-21
2.76650094668067e-20
5.439685118862907e-18
1.8233765051097143e-21
1.3519497362025595e-16
4.0667672203834174e-20
1.3973002261437333e-17
9.0212587842057e-14
1.517770253839922e-22
1.969887148994269e-17
5.782912997768016e-22
8.020865969142476e-21
3.863741101578826e-17
6.434747627147689e-20
1.5238933593058329e-19
6.077357205715988e-18
6.164386981538571e-20
6.930712852723732e-23
4.1589487215931915e-20
1.1211163093158714e-20
5.008305616761823e-21
3.9384384659857085e-19
5.459632389561975e-20
3.0050160255501425e-21
1.478630815848061e-19
2.50741962242629e-19
4.19465839554533e-21
7.832184404394105e-15
8.150923141643196e-21
1.1451122363452548e-21
3.935538098916526e-21
1.580691873486034e-20
7.282603953446122e-21
2.0935639326158207e-21
4.385648881716746e-17
2.339291565564451e-21
5.8202621792226494e-24
9.331480312386953e-22
9.766670816555494e-19
6.063131962692566e-20
6.647666795809394e-18
1.023512726010271e-18
5.0311619986776035e-20
3.3891481976821905e-21
6.2369688423889085e-19
2.2418976580657297e-15
2.4112430274415052e-20
2.34077500585112e-14
8.046403619903093e-20
2.806599043462681e-19
5.160385887692228e-21
1.0609069168846843e-20
1.4206307567572384e-11
2.89009712216187e-20
6.468780918358999e-17
6.802193933862534e-19
1.505740378914549e-17
2.7147402144926822e-14
5.083508575954049e-22
8.812860607061754e-19
7.776529970848183e-19
2.4219157517011356e-18
5.474852220112128e-14
8.70650260538887e-22
1.6240709819474203e-17
2.1114748687005456e-15
1.0780902285607497e-21
8.771340752476366e-14
6.701736575177191e-19
3.1025160769012384e-18
2.2522623886236973e-21
8.355667524451526e-21
3.2743627058859848e-15
4.5049052555193783e-20
6.737520698579325e-18
2.2446123384901832e-17
5.374795388492101e-18
2.977748370426177e-17
7.29554496372403e-18
4.763176524474536e-19
3.50450102345408e-14
4.6272857634987315e-19
4.529950365113631e-22
1.3733681634824845e-20
1.6931449998241428e-17
1.880490948770324e-19
2.5290217920192472e-17
7.64913376392028e-22
3.5631679599360855e-19
5.967755411212706e-22
1.429714028001404e-19
5.530453646540959e-19
8.268212217180228e-22
1.2460181738374678e-14
1.3431366012488868e-20
7.364717912815397e-11
3.1448267673318558e-18
2.378229910757098e-19
1.755297778145546e-18
1.2902122598167135e-21
5.655253903247172e-20
4.048644633284508e-18
2.0279400630917724e-21
9.617671595331308e-18
1.4626484350316087e-10
1.2487381080463962e-21
1.3779217633481585e-19
7.553462755985636e-22
1.1068906926772678e-21
3.1012900595116386e-15
2.891375718085847e-17
3.0000197385363916e-20
3.314285469760403e-18
1.8786724438917188e-20
1.2141363450141627e-14
1.6000777577171421e-18
1.6436139133376467e-19
1.7150378995185676e-16
5.793650076907213e-12
6.854734015210409e-19
2.5487465406555943e-6
1.433633214849577e-21
5.493793142549876e-19
7.597610128614066e-19
7.503015676150573e-14
5.27761076487869e-21
2.924308672468477e-15
5.573708867628016e-17
2.5761641041436736e-21
1.1536816370615375e-21
1.0089865085448263e-17
1.8234294499803955e-19
1.4383429497209678e-21
7.06540387188654e-22
2.4152300305638346e-18
4.989928248193907e-13
8.249735125090068e-17
6.073725713789416e-21
3.786023213762128e-13
1.0090472586818044e-15
2.493862021355347e-20
2.9223180874481232e-18
2.2221339124705238e-21
8.173315927925353e-19
3.03854271304017e-15
4.021848045901112e-8
1.0252509096688902e-19
9.794696905063846e-18
4.608256897244749e-21
2.134636333445157e-18
1.1574106026307098e-17
2.7296492517409104e-20
6.383029368568322e-14
2.913158940801437e-22
2.231939352136709e-19
1.0691324106542803e-20
1.734018064185023e-21
2.68711375500998e-20
2.5134838557613714e-13
7.912718801639512e-21
1.054602527846996e-14
1.270647221935456e-19
3.133828149381207e-22
1.086942848677028e-12
1.7139178598171416e-16
2.1975072845177987e-21
9.271305580406107e-12
4.5613547079494385e-20
1.1648313115344982e-18
2.0202402311701273e-18
6.35026960750492e-20
2.86511553485938e-20
1.435722649182731e-18
2.8956931539891943e-21
4.834320254744393e-9
1.9254457287896105e-19
1.0219153334201959e-16
7.895218406247107e-21
8.632063497456936e-21
2.213430187211855e-23
2.114602342556983e-21
3.7213822036559694e-18
3.229933784605979e-22
1.003161590567335e-14
1.2769089881108382e-20
5.188306269431294e-15
2.08134405441828e-21
8.025873212249724e-19
2.0419493486355847e-19
1.0986057716262507e-14
1.9883970276390215e-17
1.9042885207243276e-19
6.883002492577814e-21
6.425752304219022e-13
3.5456431672017426e-17
8.116719146391141e-18
2.517738893893233e-15
5.083606276984606e-19
3.2776942940186964e-23
4.909998040859201e-22
6.111851936543359e-22
1.0744365191582617e-17
2.2070162650255e-18
1.863610218390504e-17
3.552104925529623e-21
2.651382217074948e-21
1.3183809090133719e-20
1.934271304844576e-20
1.2114151278493813e-18
2.5180962983303338e-20
3.877349767564565e-10
6.0293323955772474e-15
1.1931212284887433e-18
3.0069200251003365e-19
1.4719379628552494e-19
9.963603379406145e-18
8.340151806502084e-15
9.823259700961023e-16
3.151932488283392e-13
3.098777133931832e-21
6.170148401427428e-17
1.510928791275001e-14
3.8566848993194586e-21
1.6238010915327195e-19
2.0270985176982834e-21
1.619892845136631e-5
4.89573977988001e-20
8.706526427781992e-19
2.3002150316144573e-21
5.349658941065044e-19
8.946021297319339e-20
1.2561890083538747e-19
1.47682384867872e-17
3.3246271780903123e-20
3.165153132075181e-14
5.26576430678356e-20
7.796320872745715e-19
1.9093775741014626e-16
1.0577414864053394e-15
4.952296021155362e-21
8.130650348289164e-21
2.6300469339213904e-20
3.2475620891373424e-21
3.0584252193135858e-22
1.4006381598782844e-16
8.874268236531847e-18
5.700942608726115e-19
4.041098434926363e-21
1.2980549245731696e-15
1.1360708758756631e-20
1.4348421953643503e-16
8.401718726577039e-19
9.006421190706022e-19
4.057795699931944e-21
4.633622430943884e-20
9.639257334329752e-19
1.2337869035673814e-20
1.5808416899865096e-21
3.591141103615902e-14
1.1234764901061867e-20
2.2370425442483393e-21
3.1939766876228094e-20
8.728559410340197e-22
1.2702666692754745e-21
4.290969539202417e-15
6.606892191374893e-24
7.18796721619377e-22
3.2648429586886617e-18
1.6755232078803412e-17
2.920941159218145e-19
2.907118191794676e-18
3.2514897970067393e-16
2.0581688892407678e-18
4.3052718549186853e-20
3.685300021995093e-21
2.642534685512635e-17
3.901268876806513e-22
4.062220905073161e-22
8.732439230004998e-19
6.229420950161567e-22
2.9045381810669496e-21
3.863378406548829e-19
1.8569438181213539e-22
5.521995757166298e-10
2.0574429366885416e-14
2.1698659593530312e-18
9.268185019227643e-16
1.9785923212358676e-18
2.810397422328799e-23
5.130018624503563e-8
1.5419487949779343e-19
2.7202596045330176e-19
6.790083254263544e-17
3.4405370995027547e-14
6.664601984041504e-20
3.911983500350946e-19
1.50534369132715e-20
2.2859019100466157e-17
1.700731481346702e-20
1.339670506929557e-18
2.0487013095245895e-23
9.835288761232332e-20
6.157640362638707e-21
4.535782229915869e-21
1.825016399775616e-21
2.837507200953771e-17
8.471621824974838e-18
1.1006909856600364e-21
2.3807465256458077e-22
1.1428337030857222e-22
1.4189328844528672e-16
7.550234625850362e-17
1.1373112941717403e-19
3.1201242986953623e-16
3.069753995872113e-21
1.994670652438818e-12
2.3223029569797765e-21
9.750374063466182e-19
6.401429689424156e-14
7.205035576320821e-22
1.3479850141907452e-22
1.782723608132649e-22
3.235224053082594e-20
8.375299994243518e-14
6.660575499442387e-23
7.52837963814151e-23
2.2327548783168585e-20
1.0040786733956288e-20
1.5503041928152303e-20
4.418438165279901e-14
1.5742247832394308e-16
1.04899253815987e-20
3.1079308233039384e-20
6.129248210216613e-17
4.269376008760289e-18
1.300482486364152e-21
2.8200145553714104e-21
2.03235857303166e-18
5.069517606993281e-16
7.830518671098464e-12
3.3153201211958145e-15
2.3372093619466837e-16
6.123497504482756e-12
1.0190154080784202e-16
2.539723069856455e-16
4.05918746769775e-16
1.25666407580688e-16
1.034146914317984e-16
3.310361363715317e-19
1.0789937744014178e-10
4.1202218922920735e-20
1.978228433169649e-18
1.7962545448518706e-12
1.0214622302676783e-23
1.9153889275083186e-17
1.8096970399476732e-21
2.8274126053787465e-23
5.189203466402866e-10
1.150746921086643e-13
5.194771285637449e-15
3.1675182364576257e-16
1.4865744776669624e-18
1.3272821030781115e-19
4.350743245903325e-20
3.7062193352274615e-17
2.7474843628638476e-17
1.502506766629127e-18
1.4238464071018316e-19
1.1359842986368833e-21
3.524026477321522e-18
9.589909016545649e-8
3.9478391320608514e-11
5.73124095866898e-23
7.584864966706038e-21
1.1637746947051226e-19
1.736408207430846e-17
5.123336059198242e-21
7.565216247692556e-22
7.705653589963715e-22
1.1097875981805331e-12
4.5620444651368275e-17
2.5451527552947508e-21
1.577772738334887e-19
3.2855091113477663e-19
2.7887991127576684e-20
8.786228843792643e-20
1.3092245364753786e-20
9.477180482165024e-20
3.4629958398385076e-21
6.426656071013988e-20
6.582796323043219e-16
2.9358201635630858e-22
3.0870535261662195e-18
2.512720465886583e-20
1.0566765482337466e-21
4.482270774273244e-22
1.800219738767618e-19
4.912283540173818e-23
1.127785288523849e-18
5.055807571374643e-16
2.5645821543687494e-21
5.477276968623823e-20
2.212180617323497e-18
3.4653095804944373e-18
1.2770032890059064e-16
5.070186157083129e-19
8.905097539360009e-20
1.0712529485733989e-20
8.294952786389191e-22
1.4803226847871783e-21
7.963931118451911e-17
5.376624600814938e-19
1.8740697003844122e-21
3.8192104330557545e-13
2.5784891992250865e-22
1.5822883481560197e-20
5.3239000038427225e-21
3.3167155557324034e-21
2.679030250364946e-23
6.323234138948951e-21
3.3139036431167085e-18
2.722836062343629e-19
2.7583748609041647e-21
4.741179399897885e-23
2.528700930568837e-22
1.743563579592091e-19
1.4467106074625826e-22
1.266243372738111e-22
7.514031444883225e-17
9.611944461900784e-17
4.986378911113056e-13
1.9004738401965854e-8
3.6636361868115664e-22
7.696363893871903e-20
1.0753499263303128e-16
1.0278810791335673e-18
3.5183334900890374e-19
7.488908526756322e-12
1.8898622555318103e-20
2.587157290651544e-18
1.4246810594921962e-17
1.1915885734897206e-24
1.6882916367966924e-22
2.0310512329764354e-24
2.4684146852297e-21
3.744966567025847e-24
4.0433638466789426e-22
5.2816308248432505e-18
5.998305011025197e-19
2.035982821013747e-15
6.659829688410687e-25
7.410419779297682e-20
3.2201313061784752e-18
1.497855809303028e-21
1.6285136286845594e-13
1.4944925270100492e-13
2.44821946884012e-11
2.428706788007941e-10
3.9202859009842626e-14
9.48530249262098e-19
1.3940057100134004e-20
1.7377183774614853e-18
1.1751487001327615e-19
1.6938736572943841e-19
7.761542809617739e-23
8.354813103190577e-23
8.545274495009059e-23
2.1287503240113685e-19
1.0329851717646489e-16
1.7898824142764972e-10
3.6869373776314865e-15
4.6959578988512374e-24
2.439496205914161e-15
3.2735726434396695e-19
4.383943326165412e-22
6.272353962223922e-19
6.9132475891800935e-19
1.9327034458279731e-19
6.558238827188386e-19
6.828705649634642e-18
1.742345404908564e-22
4.546981482096461e-18
2.9844991203780183e-14
1.1794757038033749e-15
1.378017392402291e-19
3.664264413278592e-21
2.572921931221144e-16
2.7505309090884688e-21
2.607760324978988e-18
8.244573628352212e-22
5.208458839295366e-24
9.460029642484907e-19
8.604300042635368e-20
