7.57447621019844e-9
1.3355648044239709e-6
5.813566107849363e-9
3.875716705870672e-8
2.469854401288605e-6
4.503004167058646e-6
4.379727674132622e-6
1.133427976453208e-5
4.071727008515945e-5
8.182524414313571e-6
5.073361415907951e-7
2.2886401089658884e-6
1.1671968398867464e-5
7.096661723078871e-8
6.356355218576577e-7
4.401783113692424e-6
1.3096219579156395e-6
2.0600743163658085e-6
1.374154724841904e-8
3.4107953433062737e-6
3.3595683246987897e-9
1.5467744767247132e-7
9.087858762509234e-6
2.2275503844502457e-8
7.410386741728719e-8
2.1902912415082543e-7
7.417418212846722e-9
8.164977188100316e-6
1.0866441305809684e-7
8.478039099699461e-10
5.047796203849084e-9
7.037474143638422e-7
1.0739805547642502e-7
8.496728014787662e-7
3.9487353226894735e-9
7.53640910716124e-8
9.289408248158981e-7
5.9240415944150295e-6
6.448383893246711e-6
6.075865910494332e-8
1.4847540180436995e-7
8.168550776908758e-6
7.793691503292922e-6
7.636401671044665e-7
2.8062545058184114e-5
2.3441649416527894e-7
1.8337179221995958e-8
1.4520815919862164e-6
6.070308381699557e-8
7.395856482989002e-8
4.0389698868101845e-7
2.905930416505957e-8
4.3598864457248105e-9
5.189947436410044e-6
5.453855099170396e-9
6.333640088613263e-7
2.946950119840989e-8
2.3470620060744597e-6
2.930078173357379e-8
5.453789597567755e-7
7.826288311729558e-8
3.4867693363174827e-6
2.0234302562284146e-8
9.364528345653665e-9
4.6092301128424996e-5
3.079972991171447e-7
2.1815220450517114e-6
7.008890207731635e-6
3.896756944123498e-7
2.564019028290559e-7
2.2846308856259508e-7
3.9366839820444485e-6
6.350144106042648e-5
1.6871810995163907e-7
1.5105719858511758e-9
2.2521143509799468e-7
4.052650070166074e-8
1.516938241935012e-8
4.611949605982512e-6
3.647693345489873e-8
0.00020047182996982247
5.188277314691596e-6
9.557533147608407e-9
2.589526092291424e-7
3.0851689788522202e-6
5.678560776222209e-7
2.5754378359568395e-5
8.37313590881917e-8
1.089785615705974e-8
8.834968165761188e-6
1.9837985542326444e-9
1.9662068849752104e-8
5.771835735324367e-10
4.159530085485377e-10
1.7304769725648635e-6
2.432203199137521e-10
7.851734166432678e-10
8.892336030533124e-7
2.835921066693286e-10
1.9631580777862635e-9
2.131509938144627e-8
3.3301583116930614e-8
1.971714897605237e-7
4.484347619099684e-7
2.332044659663412e-6
4.200385677117563e-8
6.969094439890311e-9
1.0046889251998802e-9
4.644532407404302e-6
1.2668857099333907e-5
1.7017987942920722e-6
8.378229068638259e-9
8.055022739749786e-7
1.0720639950703205e-6
1.4588223617480644e-7
8.12444817568702e-8
6.418222396621648e-8
4.133617963579093e-8
3.94811647421745e-6
2.7133578677067693e-6
1.4258843763781735e-7
2.6622460138975687e-6
4.1716523740309367e-5
4.603541268202415e-9
1.2711174257653481e-8
2.9488127374560777e-6
8.88301268587646e-9
1.204179134319608e-6
7.55648236390616e-7
1.5310144720046098e-6
2.8030364362789238e-8
4.139597467445871e-9
3.22912086923292e-9
4.6376962063584355e-8
7.000679674625691e-5
5.3520782306844974e-8
3.283923064098959e-7
9.598903533061473e-8
2.5868350163072132e-8
8.861592540417454e-6
3.466126804462772e-8
7.657606994466941e-9
0.0025343096825329223
5.156157462699651e-7
2.813849166914798e-8
1.2802849223366279e-5
1.1741152150926173e-8
1.054740375258767e-8
1.1957393021210292e-5
6.168115888156477e-8
8.204879305029393e-9
2.8874189518104364e-5
5.655137773629203e-7
9.732996710940313e-7
1.4689364578982122e-8
1.9836612051062187e-6
3.6047264134322083e-6
2.6881609865669044e-6
1.6954679040693186e-8
4.499295074367601e-6
8.216167216468244e-7
1.544501206380343e-5
5.9242259152971584e-5
4.817799352977265e-10
6.037411700812076e-10
3.758062251855464e-5
5.639306842622756e-9
1.6658464717898114e-8
2.8515582652216897e-5
3.9049176759307403e-10
4.259570975445974e-9
8.572925284985381e-6
2.361858577822248e-6
8.239589245133889e-10
3.715437261851265e-6
2.581007565740484e-8
6.407747870862459e-9
1.1057157545875402e-8
2.2857293704686413e-9
5.355389013374424e-7
7.064635345925668e-5
3.903125310194708e-6
1.7336686230318064e-7
1.5710898613031815e-7
5.953421392736996e-10
3.4142387878227256e-9
8.574875436827293e-9
6.434224064344566e-5
2.7442255835709147e-5
1.4995764664812737e-6
3.182433883607363e-6
1.695207017727293e-8
1.6940457180368243e-8
2.1517417771425358e-8
8.843498056931586e-8
3.9833707675349845e-10
8.222970770399814e-8
1.8157171604341221e-9
6.752654883030086e-7
7.970157820480979e-8
4.4605430808473735e-7
6.900696489255963e-9
9.77815305294241e-10
9.696802865856434e-8
2.1080938505234154e-7
3.499012231807351e-6
9.641135563546835e-7
1.3287237285756033e-5
1.467137367570888e-7
8.319000739831625e-6
1.4069434090670446e-8
0.0027259931866108105
3.2544143558459624e-9
7.969009622464006e-8
3.641789157879119e-6
1.1970075894945997e-7
2.8206016189169453e-9
1.1643605920102053e-9
3.046100643353254e-8
1.5238287829952255e-7
1.8760736756623964e-10
6.214318480457074e-7
5.682063445639966e-10
1.270355804469539e-6
5.326058309173227e-5
2.2296565875472657e-7
2.946844964151588e-9
4.851595171965867e-7
1.3355515456640782e-7
7.088762819412503e-5
3.1646779334271835e-6
1.1030461300110888e-7
1.8420786725165764e-9
1.1132207876545565e-9
1.5041229336111308e-8
4.257590869557216e-7
1.469627598857983e-8
2.2404537021589402e-7
1.5742830799254185e-6
4.6421909763965724e-9
1.4267299155931325e-6
4.62063792098972e-6
2.4770828459587184e-6
7.518199142927218e-8
1.0019142945483092e-7
5.781345164611294e-7
7.500348906304741e-5
5.9191978369567606e-8
9.084242317382458e-6
1.52645154755223e-5
1.0197811424222276e-8
7.18013559898938e-6
2.9002420106796408e-5
5.719050438911425e-6
3.4947776001814785e-6
1.5511558487616953e-7
2.912510728317111e-8
3.887072364134493e-8
1.4725380064486034e-7
4.268827025746449e-5
2.452894809908321e-6
6.012995014024557e-8
1.4301123732634115e-9
6.818461170780568e-7
5.551206913787948e-9
2.9476591381683816e-6
8.340269173822626e-9
1.518551338742181e-6
1.6866221502873085e-6
1.4560698452092412e-8
5.288890068142899e-5
6.885444236452025e-8
5.553298403072715e-7
9.872831580735343e-9
6.12879181340809e-8
3.3489163537317664e-5
1.7345885757254153e-10
4.794060682180264e-6
2.0833740894317506e-6
3.361270256487588e-5
8.688321525606561e-7
4.81822574203918e-7
7.989812956773529e-9
3.775028919351798e-7
8.690661864855353e-8
3.275879853675439e-8
2.843368088777668e-6
3.054203786666649e-8
8.683026212852932e-7
3.6596120723457455e-8
2.6115202075917284e-6
2.6134330381594636e-10
4.311939990366872e-8
1.424237449954203e-6
1.3647578138084266e-5
1.0485044443316342e-6
3.1457568983411253e-6
0.00011626976725361903
1.965517272729974e-8
2.455473783462145e-6
1.2294814095515002e-5
3.6089573081501314e-5
2.3601287548935838e-9
2.2772336026634865e-6
8.483480788581116e-6
