3.9377844078453284e-5
4.0785204674683285e-8
7.216921760836282e-7
1.4839178290293012e-5
0.00017852922315630577
7.12746533872113e-5
7.105243791678167e-6
0.00022559762041871905
3.615021012753868e-5
4.827492582936328e-6
2.2051500349510077e-5
3.120276395724846e-5
1.8561159421041102e-7
1.5771437449537004e-6
0.0001132606397658637
6.1149622331342314e-6
6.969656236569274e-7
0.00025984815661261656
5.364100654950177e-6
2.3252422472027146e-5
7.064596413473328e-5
0.003990339535533954
4.4617579489065914e-5
1.6288500020206125e-5
0.00015897902031598222
2.9155438659550362e-5
1.5702279991282526e-5
0.00015033431799020566
1.5623876405673987e-7
2.9688549986675688e-6
1.4542172239141469e-6
7.192794876153314e-6
1.6542727406714722e-5
3.927790369698806e-7
1.55929548663379e-5
2.4208207022873213e-6
0.00041789766958222704
5.12283787996578e-5
3.7948856778767274e-5
6.166908202352416e-5
5.66442821162419e-6
9.177652701704553e-5
1.4197403802431018e-5
4.333605058615213e-6
0.00043928057397906307
4.736228956487247e-6
0.0007318929504302845
1.0507785135850065e-5
1.546943300707008e-5
5.463146480588326e-6
0.00010110392880086057
4.208115872401864e-5
8.772238010073773e-5
3.342700107158501e-5
1.4337828155257882e-7
9.522234533801759e-5
4.621888138064178e-6
5.969959246622776e-5
4.552705907252835e-7
1.98786952430436e-6
6.331533947178538e-5
0.00014859076065060412
1.8784129361329456e-6
1.6277232008716177e-5
0.00010768500427572147
5.281507292550382e-6
5.612883478164668e-6
0.00039188761372996615
3.462196373657478e-5
1.134289297719428e-8
0.0002723247854066904
1.4414430120515903e-7
2.318427118292399e-6
5.7114418578955116e-5
3.664654297618968e-5
4.067313318671148e-5
0.0002359441174944456
3.6472096721331785e-6
6.69400540492235e-5
1.3811664384797014e-5
1.3632219620337424e-6
6.545849408215873e-5
5.4193359887279775e-5
1.55171926573647e-5
4.3611542010374306e-5
6.621319821501604e-6
0.0003051553079136973
0.0019336662814406988
6.813082169449641e-5
8.748294952320597e-5
0.0008234756414109549
0.00016432277684027953
2.7100094886023908e-6
0.0001866627376054469
4.591397099070823e-9
1.2027225211185547e-5
0.00034836630333085736
9.490088536355334e-7
2.3527863721569852e-5
0.00019921116586144743
4.575731745771873e-8
3.934414881816238e-7
8.889872612285319e-5
9.399778055923827e-5
8.681301933570326e-6
7.711868973503998e-6
6.376150645632828e-7
2.9838236963390575e-5
7.224892121747505e-7
0.0003252248065499895
4.292540988022253e-6
1.1942540568913053e-7
2.0349787290343091e-7
7.585111368569648e-5
1.4272373439147659e-5
2.667100588455907e-7
3.56428032131503e-5
5.051394280137367e-5
2.215046134715714e-5
0.00020053010068851865
4.636320588140903e-5
1.3042506352198863e-5
1.588577806603804e-5
1.4469974162246502e-5
0.0006544757678795329
3.881287336257523e-5
1.0515744590861851e-5
0.00019847139030272192
6.926635863700712e-5
2.9328177521459698e-5
4.776531331096527e-7
1.2654314656464595e-5
0.0006857877400770221
1.02186495518738e-5
5.329030315922656e-6
2.4217250798133323e-8
4.854480771962794e-5
5.859629082173047e-9
0.0002539790638748634
9.120999617333783e-8
2.042369379061943e-8
2.022844401121142e-6
4.631002535054826e-5
0.00011178449519076452
4.324033070701381e-5
7.681888619282374e-5
5.0053682663838534e-5
1.1400172833603213e-5
4.44079928857507e-7
7.671634030532799e-5
2.1547979101523155e-6
7.420934365848374e-9
1.7811140665326127e-5
5.428637224389132e-6
2.3054576965797412e-7
7.159520368958688e-5
2.5407440180599685e-5
7.935676814694338e-5
4.786166761396538e-6
8.073610292581949e-6
4.772580937592953e-5
1.1726690467950531e-7
3.684238231747409e-5
1.820774547473094e-7
5.509908244997888e-5
3.898453088091296e-5
0.001892041782970587
1.8615422206426024e-5
6.0286809804352277e-5
4.474933669927058e-6
7.143620734951817e-5
0.0007863911359935341
0.00013814446637968198
3.805341040113147e-5
4.287419615727105e-6
3.0179805625137837e-6
1.3370634463085602e-6
8.966916215777348e-6
0.00501215329758572
4.766991012749687e-5
4.887849003430388e-7
3.471765682153477e-5
7.049380920425955e-6
0.00010575925958263951
5.465800328430954e-5
5.856499091476101e-5
6.833089119722408e-5
4.243718894131825e-6
0.00018393808625178
1.2322517400384253e-7
5.774095096577889e-5
6.665873599359481e-7
1.3413740904879366e-7
1.4525395059837059e-6
4.770357976243719e-6
0.00015816692875317403
6.811609909694926e-5
2.0937744980399245e-5
1.4527000736770028e-6
1.1225863426044016e-5
1.5847631534671193e-6
0.0012299920668811142
2.9391885254376636e-6
1.0364151082604612e-5
1.7357692615503386e-5
9.792391634726233e-5
0.00014835512104692498
2.235930381143872e-8
2.8941148697001465e-7
5.234497815593353e-5
0.0007358765347631287
3.1091251963101524e-5
1.5957085125750825e-5
0.0006959334388575577
2.661262006455378e-6
4.0440319044516553e-5
1.7861541343463116e-5
4.8756219201280166e-5
0.001616714177643361
1.070981361092515e-5
0.00013585387655457547
3.569718228699088e-5
6.2041183149985e-5
0.002612661140201365
0.0005943278118693197
0.0003143560595989023
7.743549789543816e-5
4.4530079962357965e-5
0.00038850166497486583
8.967437013366763e-5
9.150317169246883e-5
0.00014911905732405148
1.690747825236946e-5
0.0003832818471522082
1.184840116943806e-5
4.020745927525925e-7
0.0003553248125160832
6.9627520594632545e-6
8.473822826423736e-8
5.629140949016814e-5
5.886446181713904e-6
1.1191190640859032e-7
6.07192229538651e-7
2.0522597173042177e-9
4.830902334229629e-5
2.9033368353879803e-5
0.00012137366382198769
2.7765602173822548e-5
7.39535796101589e-5
0.0002930710440748834
0.0002594105430954194
5.6521137036604344e-5
1.898692378068396e-5
2.16888457528699e-8
2.3174032384389274e-5
8.707322031097532e-7
2.6021601372245757e-5
2.8897645849569966e-6
6.67487500992402e-6
0.000531250067010633
1.4222531311412532e-6
2.659711611814802e-6
2.1595339638140683e-5
0.000328041266832492
8.04941815794826e-6
3.090712815730246e-8
3.048807972126289e-5
8.399029476030683e-5
6.690018102469473e-5
0.00048469791047092746
5.881350278659927e-6
1.1976756812646984e-5
0.00020298088627229176
1.6156327959190623e-5
1.3327621351325816e-6
4.503692010307937e-5
3.2822815018673247e-7
7.869723010837106e-9
4.093880250999103e-5
1.0553501999463863e-7
0.0290390627460355
5.736349656380699e-6
7.47925146762084e-7
1.0537278803568898e-5
9.892921071476325e-9
0.0133859806856024
5.180424482705216e-5
5.9604754028328485e-5
4.642197272015788e-8
2.637329798456229e-5
0.0008406450913978408
9.171871893686135e-7
2.1848411986405167e-5
1.0990359292716489e-5
2.198743356521711e-5
1.180695666369381e-5
5.005339570288979e-6
0.0004011856330248536
0.00016087866821236905
1.767742737191323e-7
5.8993789578528816e-5
0.0001023662138076213
1.7365486195055493e-5
1.3363250731858014e-5
1.3534369610021713e-5
9.217778844848105e-6
2.31687315492122e-6
1.932477507478925e-5
0.0002489014191095242
8.027929388743263e-5
7.236902509714145e-6
7.751524331578312e-7
3.367281586525902e-5
1.360245070898508e-6
3.0385398625287038e-6
1.4032892282526217e-5
4.253963825169704e-7
2.37776380977752e-5
8.307806254269697e-5
4.641749101187539e-6
0.00012557531345831782
0.00020450073101415132
1.2133655402800444e-8
9.303974940518053e-8
1.2510861307857484e-7
6.3689759072106345e-6
6.871011099090521e-8
7.134145109510118e-6
0.00027615170892878154
2.708932606257231e-6
6.523463952710118e-5
0.00018265528261400622
1.4944881039475111e-5
3.991405720061539e-7
1.5331183462794194e-5
0.00018555703051592232
3.0255848385279532e-6
3.862715073426052e-6
5.186320231952807e-5
0.00030285792862312264
1.950737281313781e-5
8.623622742063674e-7
1.2564782881481475e-5
1.921298096893074e-5
1.3464485543867003e-5
2.8252438475466224e-7
0.00022750026333868693
5.673145750448422e-6
1.065400751771963e-5
1.7357688428334955e-5
9.366956288359268e-5
1.3559449623823672e-6
0.000456297221763544
0.000543629866953097
1.5914403346392026e-5
1.1677217061322043e-5
4.6815920722043114e-5
0.0006587092617711043
4.703592618775122e-5
1.1240613489736709e-5
5.072844600256266e-5
7.271310948379896e-6
1.4218404847847482e-7
6.609330327580846e-8
0.000331992618347224
0.00018711286775892217
2.2472951778106128e-7
8.589692238018054e-6
0.000498497059882766
0.00042430346509462075
7.73596345002334e-6
0.00031512276660672757
0.0003974368748493177
6.783702127105184e-6
5.016341972094888e-6
4.43950328933295e-5
1.1581003587301681e-5
3.3055021762332784e-7
1.318140497713306e-5
4.1617372880112754e-7
0.00011370116417439557
5.374192446143784e-7
0.00028553946046158923
4.5873456559952275e-6
1.8622644639170215e-7
0.00014089431333957412
2.5169417094340412e-5
0.00011177315946933281
1.0097222471523584e-5
8.84965544045342e-5
0.0002114980506063406
6.064889502436893e-6
0.00015235770334310453
0.001520039967954554
0.00033437353007942833
0.00014818272917976403
0.0001077367649193996
4.403533674618015e-6
3.0395405034413237e-8
0.0004590535699442858
3.722382529915545e-5
3.918638049389005e-7
0.0007582560885030812
0.0003354518733093711
1.0089650985826208e-5
0.00017095408761381647
4.748246427959723e-8
9.446535717225023e-7
8.201343565718706e-5
1.514003650140068e-6
0.00014242818921400088
0.00019916471602315542
0.0023047781574873707
0.00012045133339763374
8.352983994698693e-5
0.00013931081071928407
4.468446374877434e-5
0.00010951559911026667
0.0006191955091097338
0.00010621287078318203
2.439801621087338e-7
2.1579257175625594e-5
1.3626977099328942e-5
0.0001827114458617985
1.1707750257635427e-5
1.4720908048045638e-5
6.129244134809859e-7
2.9079929417128285e-5
6.536873496374723e-6
2.018653475707014e-6
0.000359932201997184
7.09455531354908e-7
7.03240585735665e-7
5.046437215223856e-7
9.52581905566499e-5
0.00027212278131255
9.42964810005013e-5
0.00021567424622068139
0.0022890526492697766
7.421723101145873e-5
3.871307031937574e-5
1.1367382674418915e-5
0.00010998176477569459
0.00023998453814602004
0.00014726998971640782
0.00010668580553999713
1.6321944140605072e-6
0.0002873681857679133
2.5088336448196337e-5
1.072155666554006e-6
7.638615814044883e-6
9.718904177324032e-6
0.0002132311142261427
5.806629025949899e-6
5.032618468642791e-5
4.311488806326666e-5
4.9173897907799605e-5
3.578860867505442e-8
3.1678970991848155e-5
0.00020199934602972263
9.407357742391254e-5
2.7511864930748193e-6
1.333380064315997e-5
0.00041953797360068645
0.00018718201603699518
3.316117421476891e-5
4.716846645893179e-8
2.565146255101707e-6
7.411804622030277e-5
3.5355193822422375e-5
1.1291005634704909e-7
5.269771513469093e-5
3.227828412398462e-6
1.8954464084737696e-7
0.0003582084676494542
3.945961415669772e-6
7.838012189159968e-5
3.822474018791132e-5
0.00012518957141541986
6.434484197086943e-5
0.002197532219644158
6.580761661033037e-5
3.2054989355218215e-5
4.248626493979108e-5
2.5903771208486818e-5
4.557009878881366e-6
4.800678551214414e-6
4.2088232521981705e-5
7.315294605512726e-8
1.5492520865417695e-5
7.800041104021696e-6
5.0035635536456304e-5
4.2052556902995795e-5
8.963812758617948e-5
0.0022671523918381714
1.6139967720242612e-6
2.019818383560532e-5
2.21326858237375e-5
8.372485815783559e-5
9.957388323197482e-8
2.1603283928610177e-7
8.004715910183929e-7
0.0010251561329624032
2.1000649243386844e-5
0.00026134001544348686
3.750938191951757e-7
8.578898374587318e-7
0.0002154195366956775
1.6740060859472005e-5
1.470558438947339e-5
0.0005448490962806471
2.024865469858442e-5
0.00019347910044598067
0.001979711195444727
0.0001215522337353411
1.0970998957403002e-6
0.000117258929532098
2.864189177400355e-5
5.809010631631793e-5
2.6322150149832586e-5
0.000112236642596546
0.0001733526797616067
9.899299728405897e-6
0.0007008713046727101
4.962251246771627e-5
1.723245416565706e-5
3.479367117834005e-5
0.00015930582784420458
9.076083004779681e-6
6.883500368880623e-5
4.9539529262093705e-6
2.4720573014881418e-5
7.987549635054861e-7
2.9848739049918963e-5
0.00011781080279289593
0.00010228499712910534
0.0007814463035842625
3.045881408307881e-6
8.55792035643047e-6
0.00041026163492429265
9.83213414671646e-6
0.0006656217391524872
1.5562180408899591e-6
5.6843626044427254e-5
5.2546225986129686e-5
6.6349110276316e-6
6.401444602995257e-5
8.589550565945714e-5
2.772269140161025e-5
1.4766687480248484e-5
3.286036427319867e-5
1.1145944070540575e-5
0.00013640209496912584
1.696163860237376e-6
0.00010928720102361985
9.336629318660874e-5
9.229165595275772e-5
0.00010049911971076448
0.00011561074236659508
4.17439441190749e-5
2.5778666688223958e-5
5.462797805016558e-6
0.00037756607086676127
8.275312614995403e-5
1.2857056954466104e-6
7.046240654397761e-7
0.00012387791060548004
3.3369625061438924e-7
5.7035259865441135e-5
1.1035102698507239e-6
7.219979427430134e-5
2.0418027165556254e-6
9.355553238406183e-7
3.560042449778446e-5
0.0002866073064412963
1.970741313674802e-6
1.8002199726539695e-6
1.0701415909466589e-5
0.00011303129889806084
5.629035532634754e-7
6.666995484195704e-5
9.404416033713107e-6
9.516318291021178e-7
7.249107999635249e-5
1.1413126605118084e-6
1.118111185002327e-5
9.192828403516642e-5
3.108347532062825e-6
4.254920249770516e-5
7.165837985167354e-8
0.0002793296687991503
4.355594327121156e-5
1.3639910836511723e-5
0.002783607133667495
2.5967818784018426e-7
3.113479274289649e-5
0.00016567543396812858
9.709187444713979e-5
7.3509590916764155e-6
2.7457798687624517e-7
3.365093363681065e-6
0.0002829500396841423
2.4753058289058706e-6
8.799674503757736e-6
3.5104901743563466e-6
8.05779238292457e-5
1.1669205935117515e-7
0.00011960930254374156
0.001001135994117121
0.0001741259866907776
8.846030947891518e-6
0.00029181939775208135
3.4135795914381935e-7
0.00046797121012327395
5.9725150948139376e-6
2.408849187585543e-5
6.481437025071399e-6
1.5961202035450668e-5
0.00013633174825891084
4.953941040834163e-7
8.435689876034983e-9
0.001930591950174418
2.270513081805777e-5
0.0003382393171377279
0.00021646006742452977
6.06440462381819e-5
1.1087465197787344e-5
0.00010443734508177737
0.00019369265379055018
0.00043278179744363687
3.7924704685472225e-5
0.00020044366990178435
3.4012844224397555e-5
6.4584556535760765e-6
6.021387017720618e-6
5.6814725108636744e-5
7.485619954038351e-5
6.603023316972893e-8
1.9630445248267615e-7
0.00014958399548999814
2.9746645603729137e-5
3.2021299061285614e-5
8.92364684359786e-5
3.6486457558292037e-7
9.385806207861251e-7
5.722113595663937e-5
0.0002774948558633473
1.9610965852171267e-6
5.33617195073946e-7
0.00016168365110503453
3.292244280305486e-5
2.1157815296750085e-5
3.1248777103231843e-6
3.77658290168347e-5
6.351743575131654e-6
3.2511398034260236e-5
2.972638219273193e-5
1.3030048014885229e-6
6.141068629163459e-5
5.753556290333683e-5
2.759408485897743e-7
1.8044075519160697e-5
5.890561962454864e-6
3.1220637767705234e-5
0.00013525058956784808
1.0883692741282371e-5
0.0007372690912126402
0.0001288020839342234
0.002109854876023233
0.00035084692497267363
5.472581287287028e-5
1.1416219682836369e-5
3.651185657724705e-5
1.0652878627417871e-7
9.141419035861338e-7
1.1383973532447394e-7
0.0003764032149552375
0.00010856302004302433
1.9275017823936755e-5
0.002183107963255265
0.0004773261407309888
0.0009344630559887108
2.765693978356796e-7
6.843239748220748e-5
9.124927283049934e-6
3.594257013144482e-7
4.280003172060149e-8
0.0002377210302500209
1.870721502427829e-6
3.500849493394272e-7
1.6834257639133188e-5
3.28567364266654e-7
0.0006087111311750832
2.4472000148601128e-5
5.180635529829935e-5
1.9402393451141732e-6
8.41942429761477e-6
2.140980698261336e-5
5.613556234310513e-6
2.719780572794035e-5
1.2001426102532792e-5
2.9003212969503378e-5
7.405285464229153e-6
0.00023647523348039112
1.4315560166301612e-5
0.0003464952639317508
0.001971733742495819
4.7874127920325384e-5
5.831641530358223e-5
6.422798207153326e-5
7.671217992212232e-5
0.001492103222772663
1.2032149063495583e-6
0.0010763962261088381
8.896385351793534e-6
0.0003988704984136659
1.4386898243138994e-6
0.00015879634563747096
0.00020229764312040352
5.2152263838389055e-5
6.612452996670009e-6
5.6628798075086926e-5
4.165054249347374e-6
0.0008155528379565012
2.3811028396483988e-7
4.140668338489286e-6
6.751600719464108e-5
5.0970707917255626e-5
1.8183838479268247e-6
0.00015464259672746337
6.635764168255696e-5
1.1918768262057227e-6
1.9008920122741998e-5
7.771486572193316e-8
1.987456587695445e-6
4.352806612801375e-5
4.612124359726586e-6
0.00012055380992443407
2.3637621337822738e-6
5.992357940962862e-7
0.0006488716201942258
1.5439282362594764e-6
6.251967850759655e-6
0.00017036783007298974
7.012153804191922e-5
1.961284127260815e-7
4.616866864737426e-6
5.2027269401050595e-8
9.89900727707977e-5
0.0001090157715431653
0.00017553039163157005
2.148127486426268e-5
2.662124704899503e-6
3.56849646202965e-7
5.006615613580619e-7
0.00012872473604822374
1.5621277960082324e-5
2.3211427057768447e-6
5.310510822989804e-5
4.193026551059606e-5
2.3163737530140886e-6
1.1175349951925112e-6
5.236087030094891e-7
2.1795231467597605e-5
0.0002363709007304502
2.6744939887978654e-6
0.00013601030603824197
4.410180202350843e-5
3.085676154200875e-5
6.365144759275765e-7
2.1249436464778514e-6
0.0002061728771592075
8.065049441831432e-6
4.890437123769188e-5
2.2062417716165883e-5
1.0340321153499545e-6
1.8731823910601505e-5
4.302940072180643e-5
0.00021629599282696493
2.5143527870136993e-8
0.0005621739623947524
2.787901145690851e-5
3.249052779278621e-7
8.707893253188985e-5
8.119534456208793e-5
4.200213060610297e-5
5.063130811499289e-5
0.00011522356321697304
3.535695365522773e-5
1.5043800494786837e-5
0.0003416275167060892
0.00016806306655858756
8.080230989470062e-5
4.221156804999046e-5
3.23188016556078e-5
1.0929058669306695e-6
1.0191688073590092e-5
3.248867682314229e-7
6.493259105897854e-5
1.254308447971152e-6
8.645352775456961e-5
0.00011489332881415409
5.314565624894036e-7
0.00021372012694896353
6.363354677643213e-5
6.383305637936786e-6
1.517534905367976e-8
0.000515819917557531
0.000954736329444511
0.0011301945860189766
1.6073803655725186e-5
0.00015733205135762702
0.0002038224103088809
0.00021997864314882674
5.27874052085867e-7
2.0041747763768846e-5
1.149317677982661e-5
1.4757986493519451e-6
2.3563174903243437e-6
2.5351106828459797e-5
0.00035338461649615316
0.00016117977035178614
2.4353868854149572e-5
4.0157327805618115e-5
0.0007618278825841107
9.490758747452556e-6
5.734238930354684e-5
2.8940210132881717e-7
6.328158014224433e-6
0.002048035398673967
4.1024401024745606e-7
1.70457388278001e-5
1.595730217713098e-5
6.23087897244378e-5
1.7637868624319595e-5
0.00010051978504103751
1.5196492255501347e-7
0.0005815242245638878
0.00011641295439471985
5.8526739598180796e-5
2.0524151131716796e-5
5.770547683294181e-6
5.0558109923799236e-5
4.089076511131322e-5
2.9012466385349583e-6
8.208305537075519e-7
0.00012168136792496181
0.0001721454493898046
0.0019917336241738145
1.19869623490794e-5
4.478102900813531e-5
2.431838777603105e-5
0.00016143055736006544
4.420285913295799e-5
9.5798266304391e-6
1.7319325722063265e-6
5.50347457704342e-5
0.0001472281834441938
2.2218962762670388e-5
2.0047453944583593e-5
0.00013599922808958298
1.9041980089900602e-8
5.373823337882589e-6
0.0008573350972167818
4.379555985837326e-6
0.00010739583313137185
0.00018010936633409174
8.43304533018563e-5
0.00039508143948110524
1.6205185947248103e-5
7.109397722742888e-5
3.987144584145852e-6
3.911190928385221e-7
5.490374248799617e-5
4.690455930096118e-5
1.7931125619016777e-5
4.387096920489064e-8
3.763642336257528e-6
0.00017244718826444578
0.00018430943240095097
6.986587323423825e-5
2.3387027937766377e-5
1.0784918991413613e-5
4.543003213752438e-6
2.8807260483624335e-5
0.0001931654604403834
1.2899998164048847e-5
6.132735035570378e-6
4.22562299931906e-5
5.357031791263007e-6
3.0593025496212673e-7
3.139872431056405e-5
7.777751295942219e-6
3.367240766767462e-7
7.610818810138757e-7
7.69772446746441e-7
6.376304515613383e-7
4.7090944563793434e-6
0.0005100803807207802
2.912246624431115e-6
0.003129465967029337
0.0004481035538557238
0.0012879212358753603
1.644950942086081e-6
3.1140792344898563e-7
0.00041612073815408405
9.573508189506376e-5
4.290473748991386e-5
3.765639384862257e-5
0.00019059525951085123
0.0001199890035080025
0.0010789192269530566
0.004282505405011801
5.4144929173416914e-6
6.642293640805267e-5
0.000424131439092843
8.159983189784098e-5
6.772617360013113e-7
0.0001049280456647116
7.460789983264751e-5
2.6254239262246354e-5
5.215330447133427e-5
9.928873007315981e-6
0.00021347986560736363
8.259499322779719e-7
0.00028875449276002566
2.759201199889997e-6
0.0002748214855040458
0.0003742437876536658
4.1642067502966194e-5
4.833419372040043e-6
1.4790834685309155e-5
5.391215975659272e-7
0.00230348178662974
3.7396252754920195e-6
0.0005110474874571267
3.887516233981945e-6
0.000283195661507134
0.00010394247734319899
3.710016177452493e-7
1.0215770710112625e-5
0.00013300313337721108
7.069055038595642e-5
0.0006702877170319741
0.0005484352789542117
0.00033324696479165167
0.00047539383011322816
0.00014402969796396554
3.888408383618099e-6
1.7927095541254703e-5
0.0008660232003076912
3.309132939508647e-5
4.884828106662674e-5
1.6681704738889924e-5
5.7007409007219354e-5
1.3004063687435513e-5
1.0171896298382567e-5
2.144988814131494e-6
2.8341860068790776e-6
3.1694353942001784e-5
0.0006115465719228428
0.0011078227831484925
3.838560003869377e-5
6.162200658306616e-7
2.731196770825172e-7
7.360140563337307e-5
8.590940898371479e-8
1.6495476980731874e-7
1.0975226541715457e-5
1.7075448379733195e-5
6.288045194740179e-6
0.00010956958679029055
0.00020001953287814405
2.2152700521080475e-5
0.0003474200953861635
3.188848511712646e-5
7.908978388257199e-6
1.7272179179095489e-6
6.915374371234007e-6
7.522123140241077e-9
5.198956588859658e-7
0.0002720212523579053
8.473506386684842e-5
3.885743484066589e-5
3.948616468807302e-5
3.95483405728442e-5
9.573803905848951e-6
0.00034192466389227586
5.018664084358861e-6
1.883622219696825e-7
1.1135296006497948e-5
4.3761030696765744e-7
0.00012027201985084234
9.538265685411223e-8
4.115638166497137e-5
0.00033852526848723733
0.00017307498192944753
0.0010296621165992203
9.896641641301762e-5
0.0002842840116279379
0.00016576098459824109
0.00010793773437011183
0.0006412997325329253
6.666376043987099e-6
9.931014016157027e-5
2.8428581813111437e-6
3.5426892090794704e-5
2.5311008186480497e-5
4.981017569823304e-8
4.932114804861123e-6
9.686057554531926e-6
4.788585310776941e-7
2.4707970063827933e-5
0.00010773789986232112
1.6825821425712236e-6
2.2747389833026083e-5
7.642553252192076e-6
3.3743883328765926e-5
0.0002139846416319665
5.297844855523721e-5
0.0006509943260965523
2.4392405122559724e-6
2.4965555916266764e-6
0.00010635998732339778
7.639221097638122e-5
4.21825459532258e-6
9.066794647311057e-5
4.6741621132624086e-5
0.0003882954112953089
3.843344631505084e-6
0.000134915167126275
0.00030151101711260465
2.0103666326871687e-5
2.5635738313829806e-5
8.208320046532712e-5
0.0007929762950934625
0.00013674399971089533
2.6786452960103298e-5
0.0007655674889353388
1.3522309010508347e-5
0.00011424689152050555
0.00016240479658327045
0.00021037362247383807
5.065076871498114e-5
2.091968192476043e-5
2.984564988429532e-5
8.550162649688801e-5
1.3077289550656784e-5
7.79141527850939e-5
3.440109500688849e-5
2.0385828826164674e-7
5.310798057983589e-7
1.501030854266599e-5
2.492799825985058e-7
6.86508719831177e-6
4.231028730699426e-7
9.77761712780479e-7
9.701415121751005e-5
2.943650454670927e-5
0.00018526453726880495
7.855685979242652e-5
1.7291860731347115e-5
6.836903944663398e-6
0.0006039545916948824
0.00011292081084838537
0.00012909357136140593
3.401640221127806e-6
0.0004910609801752422
2.80902697640209e-6
3.3893020136143067e-6
9.3557704066368e-5
0.00017691694285937852
0.00018864751060868943
1.0292883042797811e-8
0.00011016447349185453
0.00029547239425119925
0.00022964677050137073
3.3322267288085705e-5
9.036277114994631e-5
0.0002109678667317337
1.1088321030787634e-5
0.00024459318151641944
1.9577506837610587e-6
7.155003938474673e-6
0.0003503938163168125
6.760486060586763e-5
1.3366997327857251e-5
0.00014463473731625095
9.04847440077782e-8
1.0486560258994485e-5
6.123483406562934e-8
0.0002753055282740609
0.00034902970899010864
6.613177589510808e-6
0.0013863913670720356
2.273765656582406e-5
0.00012155959899356732
5.722052448109705e-6
3.023036622008975e-6
4.231102195733774e-5
3.5466270220179886e-5
6.830820134265362e-7
1.3675992538181693e-5
7.637966658700323e-5
9.546859358363641e-5
8.087477733380029e-5
4.248187493614227e-6
1.8411585421957915e-6
3.0197585651535154e-5
0.00022063126230674907
9.591079810879888e-5
1.919344752385814e-8
5.8773085843703885e-5
4.4875478360646504e-5
6.748460422207586e-5
1.6140118126935326e-6
0.00017276006067256432
3.8186910857673734e-5
3.202003378989932e-7
1.0124431180085215e-7
0.00012233087177975145
7.321526644781508e-7
6.397285860094277e-6
1.25723599250995e-7
1.8574850879872158e-5
2.568211107057948e-7
6.121878993822092e-5
1.1735805788318794e-5
1.193137418683261e-5
7.043296436064497e-5
2.9804728881719678e-5
3.518965455838646e-5
8.242342263478487e-5
4.15703998957542e-7
6.837746616773308e-5
0.00010669106151189394
