2.823395184821088e-7
1.6244143460669085e-7
1.6734584991355597e-10
2.234692897327579e-5
1.0412709185214566e-6
3.6112123142947986e-6
4.934956846791759e-10
9.210904097986546e-8
2.044198641184216e-7
1.5698607778418e-5
1.5730805595126262e-5
1.728569314142506e-8
4.7765616960567896e-8
2.3392219177197e-6
1.2621246722791403e-7
1.5437737958826907e-7
9.468340068652516e-10
1.1694982614249806e-7
2.422578759362595e-9
3.548254929444852e-7
1.495128693534267e-7
1.0719717595163383e-8
7.0969615343756004e-9
1.0492764752113273e-7
1.6663659528494435e-8
3.588613522728654e-7
2.72759419994219e-8
2.33829223542486e-7
1.8593043170271995e-9
8.530587916010247e-7
2.865268391449357e-8
6.14561884041545e-7
1.3905816605849638e-8
3.2021996066022977e-6
1.217589452831324e-7
2.167835843789699e-9
1.1658167403098537e-5
3.2654837819081966e-8
1.3134748219212711e-8
5.740655874694624e-8
3.5784694710797683e-7
3.8087173048926263e-6
8.945744072212469e-8
2.0943900138339528e-7
2.007341901101572e-7
1.4527524591664247e-10
5.463706170261797e-7
3.734807546501392e-5
3.8322182381509055e-8
1.5277321793674783e-7
2.9236302800154813e-9
1.3439205333949539e-9
5.763090118498131e-6
9.659299200110547e-7
2.2497043672867545e-8
1.9954482958182147e-7
1.308039477239012e-7
8.563419581306631e-7
7.121427911591487e-9
3.795449312246765e-9
3.311355149993149e-5
5.9740711912563294e-6
2.235734741424706e-5
4.1482261788536e-8
7.514880123910022e-11
5.5781223076499925e-6
1.1639219216645232e-10
1.3669352311554055e-8
2.3336482290586377e-7
1.9949066481286416e-6
1.8190897173983666e-7
8.226480228902909e-10
2.8513871253390748e-8
1.8471609568924304e-7
5.042949317678309e-8
3.170985846699498e-7
1.5263796531877892e-7
3.52528935713757e-9
1.2148025300796613e-9
8.812905634225823e-8
2.678925294797739e-7
1.0384479316836604e-6
6.808015952409415e-7
3.482298450023064e-8
1.4755748673099197e-7
3.1074376515034716e-8
3.1836459146855912e-6
1.2177477010178358e-7
5.311329570039675e-9
8.928179019622681e-9
1.6355896176524358e-6
1.089276309036823e-6
7.545112531501981e-6
1.0572409314137366e-6
3.004109675925512e-7
4.386578977598872e-8
1.1595858610627482e-5
2.2480896267822564e-5
2.1906185961999237e-8
2.174239664024939e-6
2.9760111778749877e-6
2.8165925742580184e-8
3.143759990172554e-6
1.0826623064808175e-7
1.1127145401202214e-8
1.26872169942797e-5
0.00015925038311574577
3.9373234199538943e-7
3.962772077191922e-8
1.7479336607595583e-6
6.194457992153618e-8
2.4552351157876608e-11
1.4780104848981361e-6
1.3783319847040654e-9
1.2099246640606796e-8
1.6776911834100308e-6
8.351762545034704e-7
1.695425671157428e-8
5.873337122478958e-7
1.3637135616331878e-5
7.576769139348126e-9
4.416002724337971e-6
1.4753626948309328e-7
4.147174396057212e-6
2.4489498562027386e-8
1.6450910490666585e-7
9.13002183819755e-7
6.178775945328089e-6
7.769929437064017e-10
4.7432542447996564e-8
3.191921508760054e-7
3.3989271917995274e-8
6.580325652907988e-9
7.598153450393659e-8
0.0003085701835801782
3.7538856703519953e-7
2.3044703610054493e-7
1.0523035177859189e-7
1.8657750862534715e-9
4.969140679794565e-6
4.934456928397688e-9
1.3088669569517485e-7
4.622743836271369e-10
1.1141286574173674e-6
2.3835637743613532e-5
1.0375960658880531e-8
1.0880066704013895e-5
0.00011461210763312139
3.667928208442653e-8
2.5618936289866313e-7
1.444196867220802e-6
2.148074246279452e-7
9.014767705607432e-8
2.7225168649189564e-10
1.719290974058628e-6
2.3808160874263616e-8
1.2649479519207314e-5
8.10395862204851e-6
6.523590780620998e-7
5.556328552272294e-7
6.031809574049732e-10
5.330291289582129e-7
1.1912485664375608e-6
7.46278470537706e-6
1.4951586384433826e-5
9.864728609705185e-8
1.029363088919297e-7
9.081030496946232e-8
1.4440087503099825e-7
1.5469126687202058e-6
2.1522393184903178e-8
4.107971143895995e-8
8.49202405922833e-6
6.609787920595432e-7
3.6132060127694806e-10
1.5696312381887956e-9
3.0696232080420896e-9
1.4301521330995865e-6
4.627913310857189e-6
6.661173788029221e-8
1.2598528585875562e-7
7.705178664785829e-9
1.4021915739133016e-5
2.4786021588641376e-8
2.9994340486890675e-6
7.239282274460287e-7
3.2748644088506284e-6
7.573438558802032e-7
4.37534465864283e-9
6.846725009179752e-6
1.2099453189401146e-7
2.2746872574675586e-6
3.854284176466651e-7
5.013677441967932e-7
2.1474811003149116e-7
6.432186000669481e-9
1.2367854069488484e-7
4.2675711805478835e-10
7.3399414905916314e-9
8.108559973214148e-8
9.863014089610622e-7
2.374072760994288e-10
7.261602361698368e-7
2.583698818151978e-7
2.4503273219445815e-5
6.860683057917791e-7
9.0480057563116e-10
7.902098770863079e-7
5.4042839082365475e-11
1.3754108888129198e-10
7.725960572831748e-5
3.044623800502064e-7
1.158465736648531e-9
1.5425300916087652e-6
2.593104801294602e-8
9.292678127588144e-10
2.6984828885412538e-5
6.327364497032386e-6
4.393765772278121e-8
1.3647376285845265e-5
4.066254811341452e-9
3.033793038090868e-10
3.1621233362633643e-6
4.803263618736537e-8
1.4799229906023203e-9
1.2825443876557638e-6
5.4631327480704385e-6
1.50324767445795e-7
1.8012729712778223e-7
7.793015799919799e-9
2.9371890170714355e-7
2.7313189252590044e-9
2.9704860211760996e-6
2.5767108273063948e-9
1.0843950701174719e-7
1.2859861343597695e-8
9.901508871842615e-10
8.236610877244382e-9
5.503498652482047e-10
1.0487102086916757e-6
3.5947707679128857e-8
8.305707459819643e-11
1.140528937671583e-9
3.239536913914257e-8
1.8577525913614862e-6
6.847278866735715e-6
9.506748387761484e-8
1.789181441059118e-6
1.8349895342566685e-8
1.877879901036785e-5
6.140359724860402e-6
1.0632518531761808e-9
7.453099622225804e-8
1.157082107174809e-9
8.281734117250675e-6
4.5399370497120305e-7
4.665657429307714e-9
6.3597266759854e-8
9.81697045309836e-7
5.155950151177575e-7
2.3706597417963106e-10
4.0774434371777085e-9
2.3935513370933843e-6
4.2005946143226914e-8
1.3302365612914405e-5
3.212722643176417e-6
2.483311695804428e-6
3.3790503538155694e-9
1.032267380709122e-8
6.1362493181024585e-9
0.00011933891412900216
2.716523345792449e-7
1.80789647028362e-6
9.080414555154522e-7
2.724023529301339e-7
1.0862110092064984e-8
9.456908506055557e-7
4.448852385863175e-11
4.26428935609736e-6
3.520762541128103e-9
1.809944210498318e-6
1.0692394929760888e-6
7.671171577879346e-10
6.807139227551751e-8
1.5170788385413788e-9
3.9197534748676354e-10
2.098715156205104e-6
2.0903161030698626e-6
1.0657502413660325e-9
1.8977677310164373e-6
9.160660985519468e-8
1.001907656270343e-8
2.3779748612000934e-9
3.656620418403803e-8
3.602828979480923e-6
9.151338760930434e-6
2.4005099887836824e-5
3.4834029486714725e-5
9.720016287371653e-9
5.2870505419119546e-9
5.771295310195131e-6
8.231544080391537e-6
2.5346001525025085e-7
3.614011961121143e-8
5.607743269160873e-6
8.762140211444345e-7
3.318314270321665e-8
1.547132136098942e-7
1.8154025368652015e-6
6.606510069530998e-8
3.656368338701209e-8
6.420703402220145e-9
3.2162863157238155e-6
2.9883703996346598e-9
3.898445148917652e-6
1.886552092365668e-6
5.460165685611199e-8
7.478256059862825e-8
8.794684345310322e-7
3.921519981205398e-9
2.77064133791055e-6
5.94569240763679e-7
2.464952461978478e-6
1.1577154137367913e-7
1.3998598340756994e-5
3.4763284279163533e-8
5.432366447067697e-6
1.0921371415030795e-5
3.047574842400345e-7
2.7810489139073176e-6
1.6786614992820664e-8
5.401570886360563e-9
2.8916754813353817e-8
2.7652018968185975e-6
9.761290512586965e-7
1.7307621853920972e-7
2.0888619443057325e-9
3.1281386772887643e-6
1.1922431664203974e-7
2.3888813525802458e-5
3.483722670929064e-10
6.051775765826212e-6
7.49633869576366e-7
1.8469420051981606e-9
7.851484403195143e-7
1.8443644519840663e-9
5.312637120518036e-7
3.930979762485844e-9
3.892503196760426e-8
7.4343958246938396e-9
1.1214150593434401e-7
4.656020028450859e-6
8.11615060269284e-7
1.7717418852928463e-6
1.8460776706786288e-9
3.3171069937271634e-8
1.8254031356553085e-8
5.294222327824562e-7
9.904374488521226e-6
3.603727810855521e-9
4.772769871980027e-6
4.4749205870167396e-10
4.2432101480679854e-10
6.679068343729451e-5
1.5485723395722436e-6
1.386010531857971e-8
9.801441338554963e-8
6.848352470174492e-9
1.7108183046153985e-5
2.3609211653890473e-5
2.21115305517817e-5
5.4336472301110335e-8
2.1956660457848678e-8
7.726379846046271e-6
4.183396645801205e-10
7.09583180298227e-8
2.592839554968413e-8
4.0124920063246413e-7
3.980739707833907e-6
6.233679159739308e-7
1.9571844258332185e-6
6.180654916270695e-9
2.613173349056639e-9
5.1835341277659e-10
2.032388748365832e-11
2.7122313692419365e-8
3.789612553826301e-8
1.6034533944832292e-8
2.728524335122764e-8
8.50240621938786e-9
2.2924222307829903e-5
1.0676130531685692e-8
5.323449540358295e-10
3.550833358565732e-9
6.1028470392843e-8
7.933751398827825e-7
9.12116517483648e-10
4.660197487679636e-10
3.981391600875426e-7
4.517763442450339e-9
3.6473200710532876e-8
1.731176033518913e-7
4.493258971836129e-9
2.6664910094028167e-10
1.1502553461250266e-9
8.85289110928652e-11
8.939942032055171e-5
2.2485424710371443e-7
7.966374040648412e-7
4.110502471001528e-6
1.5724942552804954e-8
2.3073646833979417e-9
2.2322846653116622e-7
2.7650804095016667e-10
1.3913218614879395e-8
1.1638196686706725e-7
2.3997268949975453e-7
3.539112756433313e-7
1.1866384823371291e-6
7.973354714339365e-7
6.759250214915425e-5
1.1215881579490286e-5
3.0623277797546964e-9
8.497276834711322e-7
2.2372738394975753e-6
2.3023101863727926e-8
3.098972950364392e-7
8.363738931433307e-8
8.514143741344133e-6
7.103836311345298e-5
1.4111464451872442e-7
2.1657992008712288e-8
1.4082747212642699e-6
7.639501522181512e-9
2.377940214529932e-10
7.641098006214028e-8
6.891219461116806e-6
3.836143535253974e-7
6.423096016020524e-11
4.8447483711147987e-8
5.1715609831744965e-8
2.260465965414631e-5
1.7497581285067427e-8
2.825487275271636e-9
1.10770772880748e-10
6.404064186158774e-7
2.2511742841772102e-8
2.6242108280745564e-6
6.680524414928431e-8
2.0761452304988898e-8
1.729185594692054e-10
5.219608445987461e-5
2.091740424018397e-8
1.6046274254346496e-6
1.0618917105865813e-8
8.189211317849647e-6
3.4742105948753977e-9
1.7466588877211188e-7
1.9371376390631715e-7
1.7245347110719708e-9
5.75092308982614e-6
1.961376044678145e-8
2.6470432195533997e-6
4.9503128840526344e-11
7.123380072748591e-6
1.1932482069078451e-5
4.362067097559656e-6
5.714411931944462e-8
1.2958970072365367e-8
9.70962035507379e-7
2.7127246182663085e-9
7.237049372520962e-6
1.1925227079970362e-6
4.592596867999199e-5
4.191054979415233e-8
4.851076357911969e-9
4.194310266315896e-9
2.1861890322820544e-8
1.1682792418422963e-10
1.2950239566677634e-7
3.3349039797751023e-7
4.0519905113069046e-7
5.883127335600344e-8
9.308090560303813e-8
4.985495847255773e-9
1.0827681717242867e-6
5.123870759661336e-6
1.3929170001578207e-7
8.428562978288581e-7
8.451277110029524e-8
1.6433007009848452e-6
1.5096693685600353e-6
1.1872749523869368e-7
3.462069442321876e-8
1.725761438796089e-5
9.186780260869786e-8
2.620597116460943e-7
7.65630264897512e-5
6.63870342256786e-11
6.424469136808407e-9
4.1639833752900924e-10
9.14520722428412e-8
1.7439223497148537e-6
2.744619793917997e-10
3.957747420678903e-8
4.827238889285471e-9
9.175620685178003e-7
1.0469238171420202e-7
5.768124831192657e-8
2.1679962465897776e-6
5.91575084930673e-6
3.227358479518955e-7
9.708896567326644e-5
8.986914732459603e-9
7.678682372194681e-9
7.994045383242915e-7
1.9815732264954205e-6
4.4613258624829875e-6
4.483059961890078e-7
4.177761755136902e-5
6.9270613064634e-7
3.59210116449349e-8
4.208989620091673e-6
5.738204122570894e-11
8.663941520581463e-7
1.445213337825359e-5
2.0599809822442493e-8
1.2036879167038413e-5
1.2046936275637028e-5
6.991698502346628e-10
2.5634455222653737e-5
1.1891155638656237e-8
3.721536941395706e-8
2.623147257099661e-10
5.1712615949076415e-9
3.8242701659489785e-5
7.050211530006864e-9
6.266415223529124e-9
2.8710523746962266e-7
6.81180430237765e-6
1.661226353575454e-7
2.6099708913486644e-7
4.539706137286607e-8
8.918042053858403e-6
3.358891510716705e-10
5.26947403396576e-7
4.6507790501571424e-9
4.176017571661638e-8
1.0841223684121825e-9
5.009587276828712e-10
4.3237915217585965e-9
5.460917627240671e-8
1.9741572807099584e-8
3.46216734371383e-7
1.69469104276683e-6
2.483997795969076e-7
5.1922148776591736e-5
3.788170388965638e-5
3.3229485585610894e-10
9.727614759119081e-5
1.099091056770099e-6
1.6617439094460062e-8
1.5129629404654719e-9
8.259235241078089e-6
8.196536974212256e-8
2.1914222894019418e-7
3.866133121679534e-6
1.9802032842066834e-6
2.2169638496627532e-5
3.84546493434375e-8
3.205070586084688e-6
1.6651199265857802e-5
3.039882517851391e-8
2.746174673864836e-9
7.121414687093055e-11
3.810645233875777e-9
1.6704132026977e-10
1.4068159669187236e-8
1.373067905440823e-8
2.1309354394491508e-5
4.29849505475831e-5
1.7355104258052918e-9
7.693240396989448e-10
2.3232707394569185e-8
9.919455990803015e-9
6.172538752508244e-8
1.878494396834117e-7
1.130879267931311e-7
9.829096683633702e-7
8.462939151858701e-7
6.920583214499834e-9
4.337454143903991e-10
1.8503621767540285e-8
9.085663050736203e-9
7.979774343659122e-9
9.273836627117524e-10
2.548415876754381e-8
9.656019365423224e-9
1.8606523531786942e-11
2.1259009065117752e-9
1.5307847379677373e-6
5.289753159336744e-7
2.3055652893768977e-6
1.3490879937462866e-5
6.584884509592095e-6
7.604427041860923e-6
4.856015844089262e-11
1.0966320412177201e-5
2.8443117123152626e-10
1.4863986031584867e-9
5.114611774064932e-8
2.1231069702213868e-7
5.7107225213044865e-9
1.3241024358628893e-8
6.483700315293729e-9
1.1906012791938604e-7
8.578252235241924e-8
8.715397722029881e-9
5.787950944984835e-7
1.960586192589746e-9
2.2818268251598516e-8
5.704328200211316e-9
1.6078518548638817e-9
3.170333696541369e-9
9.242530778596634e-9
9.34762980758837e-8
1.7010947134191268e-6
3.442330193200009e-7
7.618466650381074e-10
3.146975662853293e-10
9.485316176724494e-6
1.2755600120524276e-6
8.406651880077494e-8
1.069512799134702e-10
4.401764199094206e-7
6.24875451350371e-7
4.3132278081536125e-6
3.4720858208773125e-9
5.056865229417602e-8
4.535508166140182e-8
2.5056325823979917e-8
9.457637784270566e-8
1.634643095711718e-9
1.631076057220013e-7
5.778762832661865e-8
3.5031042483544233e-10
1.7127231049926014e-8
4.378629400477382e-7
1.0781173660497665e-7
1.0882315968520108e-6
1.633863005053307e-7
1.317865887499951e-7
1.9462700646740914e-6
1.3417231261601143e-6
5.210908798507724e-9
9.504494967406233e-7
9.768615402599941e-11
8.024300483059933e-9
5.840156344255515e-9
2.850421067658961e-9
1.3672791237748074e-8
4.0501630449396595e-10
6.316489180275541e-11
1.5642991995500792e-7
6.612359874457715e-8
4.4857759141512936e-10
4.305010831868637e-9
4.2033410249698145e-7
8.170672053646267e-8
1.1716337080395427e-5
4.0482966452143625e-10
2.962291615537145e-6
1.1478588752060074e-7
7.601683176325859e-6
4.993032234751726e-7
1.2540943521072938e-7
1.9877357036758136e-7
2.726268907337324e-5
5.761391865326201e-8
6.072587568467116e-8
2.8684609045941058e-8
8.844053857622333e-6
5.681786744284957e-6
2.6615932898185538e-6
9.85719119229301e-5
2.0512192061831632e-8
4.018029300313956e-10
1.3407305898347013e-9
4.866231041369441e-8
3.7601780611574925e-8
2.082425238562505e-6
2.8122029369196893e-6
3.5430854216467007e-6
2.428600505174741e-9
1.5558041274406014e-6
8.220856217502845e-7
6.783896846370712e-8
9.867563842173908e-8
5.525631563315074e-7
1.0471790970422676e-8
2.795188462388004e-6
7.610060637358824e-7
0.00014268732885343093
4.511488857359469e-10
1.3089183305077362e-7
1.3286519344645894e-9
1.3291705516849438e-9
8.972241629126077e-10
9.130861714883845e-6
1.0177136058301095e-7
2.4526499657333835e-6
2.111124683952309e-9
1.5313886863555384e-9
2.1594118395826295e-7
1.5403269675544636e-10
9.952052280809869e-9
2.9085464800773026e-6
2.457012781323993e-5
5.716300492321737e-6
2.4635374043755257e-6
5.3620882186382e-10
4.610440523387251e-9
7.073457196402399e-6
1.0536649812968028e-9
4.028773500051488e-8
1.337673094456988e-5
2.02726612545673e-7
2.5820989679737605e-6
7.179466064930965e-11
1.4481798842209885e-9
2.1452565039035186e-8
1.933400372560633e-5
5.1819865152884305e-9
3.2005916769519995e-9
1.5898381049259122e-8
1.104109063021953e-8
3.3724521380620622e-6
4.8390261807766075e-5
1.693984302394817e-10
4.614154804941607e-8
3.905780224940342e-6
7.415190252143397e-6
2.5694088262529524e-8
5.503742904772622e-10
8.049140674147949e-9
7.713978060173803e-8
5.373846511435655e-9
6.406133261564082e-6
1.7654429923709706e-8
2.022406365283214e-7
1.6506190064448117e-8
1.0791333622297656e-6
7.3239480164466045e-9
2.6318356574525e-8
1.3524315283706452e-7
4.8499924353632505e-9
4.923742748951219e-6
1.991677569273923e-5
2.363364174407899e-8
3.763401227286702e-9
8.679188948922393e-7
4.703180009538154e-11
5.637257072493363e-9
1.2223370246074463e-6
7.460415459320844e-7
1.1561901581526819e-7
1.6143904276322614e-7
6.916198970489569e-7
5.677071459976047e-9
1.3360301344484795e-9
2.8544309529105993e-8
0.00013252693209489392
4.5273914808687256e-5
1.9686283219793324e-10
1.0134054813432804e-7
2.334729914925682e-8
1.4740854984481406e-7
8.778837533497812e-8
1.1918852557474056e-5
4.643894632596143e-6
5.060443473947517e-6
2.1505235790959852e-7
2.9928032959355795e-8
3.523208040373939e-9
9.763366049031133e-6
1.2184711936811442e-5
2.563209627043727e-8
4.189668623228488e-7
5.827752723151003e-10
2.7872214013616884e-9
3.718220578605726e-6
3.238365714330334e-9
1.510283208104095e-5
5.593051038097059e-9
9.449633971919073e-8
8.820605186420684e-9
7.128554651147864e-9
2.666876698151484e-10
0.00010211091737365672
2.693066596952984e-9
8.378700694505432e-6
5.09395357379297e-10
1.4017402185269405e-6
0.00021019426899015426
1.1766763463867809e-7
7.168300521001531e-6
9.849449368425676e-10
1.540210189303681e-9
5.1526025399304575e-5
9.028888957120255e-10
2.8122328084991134e-8
3.4351164868455915e-6
4.726491101811985e-5
1.2893865833483646e-8
1.5202314652356013e-8
7.230372033422662e-11
1.4776798437785653e-8
1.4171507613030133e-7
8.723042223997835e-8
1.5604858454530457e-8
0.002457295887983316
1.401200764924338e-7
3.8106950693880576e-6
4.456646286020382e-8
9.165013958951944e-7
7.761182561706914e-5
4.29967149433745e-5
1.7872147777315168e-7
3.2653327759052514e-7
4.726660885889506e-6
3.477987921763685e-7
2.4663379235002357e-9
8.071303454033422e-7
7.926224158502398e-9
4.76432819501213e-5
1.388847563745968e-9
2.53808727958616e-6
5.0360503100618727e-8
2.9956823352901973e-5
2.8509032001042328e-8
2.8202911505659457e-6
8.796993376748648e-8
3.9897389712626644e-8
1.5957477112369456e-6
1.5349856326050956e-10
3.949750550325904e-8
6.424722103090539e-10
6.3769271275553e-6
1.7363474066472553e-5
2.0987564596353355e-11
8.320098155251147e-8
7.643316977589128e-11
1.2619859901025266e-9
2.9313552542151505e-7
2.4029053641962625e-8
1.895351421164283e-7
1.1525793721613048e-6
3.977291019240764e-8
3.2783322644992144e-8
6.236409335139054e-5
2.077643607820464e-8
5.097268069496497e-10
4.719380099905956e-8
1.1302555195069794e-7
7.315248419532419e-11
1.1079498595470815e-8
1.2038115347322635e-5
4.375102179242335e-6
1.498242319936659e-8
7.057255077419909e-8
1.2213009678545244e-8
1.635766402998507e-8
2.2393795001995187e-7
2.2857083465091915e-8
4.260641938936039e-9
4.607265947213342e-10
2.5727807266819434e-5
1.3877349558646356e-5
5.585440808746554e-9
6.477521686692521e-6
2.451655458146593e-9
8.078481215952702e-6
1.0268495521629392e-5
4.982539625715554e-6
2.0279828650377924e-7
5.284856910340562e-6
1.6046609125617e-5
0.0004067871656373946
2.5308479641148597e-8
1.3094998913294838e-5
4.38708598153843e-8
4.1735383251527057e-7
1.358020183932424e-7
8.453866448375658e-10
1.8167405385324278e-6
1.3119523116058617e-9
2.002623515259777e-8
1.0833904774313487e-7
6.643753722043957e-6
3.08792648724755e-8
3.634887739425463e-7
3.997151341897762e-9
5.123488253793012e-8
3.5563337006461237e-7
1.715948232536468e-8
3.1930036800859594e-6
3.246555331394648e-9
1.8529516120192057e-6
1.9985820850747248e-6
0.00015315280925174495
1.3043622381999163e-8
3.9395450661317746e-7
1.0391357473639095e-7
7.796910685852407e-7
5.3155322690727746e-8
1.2526975344268815e-7
3.559756143635557e-7
1.7161452535685393e-8
1.2369751125023803e-8
1.2197880175971644e-6
2.0873420398805255e-6
3.902324571200736e-9
1.4704747212370417e-8
4.042849850669766e-11
4.2918031108367887e-10
2.2762120181494493e-5
2.8654946100937064e-10
2.034498974439463e-8
1.595343869213729e-5
3.510049415980891e-6
1.0589357995643491e-6
1.2560209345124361e-6
1.7183051045711713e-5
6.97523218688028e-7
7.027884946451684e-5
1.6656651416945905e-7
1.4963439058830085e-8
4.403876017920075e-7
1.0777670480071581e-8
1.3714611391447242e-10
1.869268904088605e-6
2.604140548911988e-9
8.542225491954816e-6
1.9443894806732933e-7
4.185940245651205e-8
1.39917393812849e-9
5.171741010719723e-6
2.8865234942231843e-7
2.8365404778205164e-8
8.674952227676436e-8
3.2970286916137408e-9
9.91911123481303e-6
4.256699098169801e-8
3.289544387109875e-7
5.402955890580642e-8
9.432365569277914e-10
9.15804581625037e-6
0.0001433020514362347
2.7043497829958483e-8
3.960499758479899e-9
2.7304376669235866e-7
5.576767899970531e-6
3.4290253605403753e-9
2.980500426862319e-7
4.987437725772052e-7
7.750312915908035e-8
6.3853217095122716e-9
2.0703856149696543e-6
1.1758638880795041e-6
4.1705361557905356e-7
1.6280329938839033e-6
5.729899411438171e-9
1.1803846106918044e-7
8.357892026492708e-10
3.9074381019140046e-6
4.477650490754983e-9
1.715630596201153e-10
9.556433595882196e-7
3.486717887948203e-8
2.096054709269438e-9
5.083445920655761e-6
7.60861970685421e-11
1.528755511021094e-8
3.495813939402255e-9
1.0163684561264096e-7
2.142564204694003e-9
5.135970642142491e-9
9.676575757368126e-7
9.428454181399593e-10
3.043808088195667e-7
2.854697058784188e-9
9.6706590979264e-9
5.850454984409229e-8
4.5522210587390357e-10
5.644535685255305e-6
3.397931781452165e-10
1.6537256704480376e-8
3.254335257762866e-9
1.3900361409145004e-6
5.926571353095127e-9
2.2064925210615098e-8
4.877493214318952e-10
2.4534838772244857e-7
6.120879027578359e-5
4.136463089088511e-8
1.4567003089626765e-6
3.8278060880118716e-7
5.538987522679789e-8
4.677056789534446e-7
1.8295534909581906e-10
0.0002777767942070476
0.00025966205709939777
2.726992104637345e-6
2.705837068857391e-7
1.6910683218091585e-8
1.2844382522897253e-8
6.018712889386417e-5
5.658878281530052e-7
2.6538532213307603e-11
7.390602809269607e-7
2.4895454335761645e-8
3.607475958231056e-10
6.722886660533165e-7
3.710608182260853e-9
2.801044290661521e-9
4.231949276350955e-9
4.9050833689118204e-9
1.7871415358232257e-7
1.1581510282547746e-6
3.868760483787265e-9
2.9782779937938693e-10
2.8626413191888968e-5
4.837687389729064e-8
3.803881407049099e-10
2.2440677215443507e-8
4.823190832953142e-6
3.2921941207315416e-8
6.081773121294073e-10
3.0231129372120637e-6
2.1155436367524952e-5
2.2572727192119795e-6
6.584081054191233e-6
8.261401990744003e-8
6.403945221874619e-5
2.823774383582758e-6
3.542576640740238e-7
8.538965987273424e-8
7.849723238133275e-8
1.3570413519949472e-6
1.0371051909867781e-7
4.045738239072778e-6
2.52762458512347e-7
6.764001291402037e-7
1.5576200606073516e-7
3.4879452838611726e-9
1.854744131414417e-5
3.7450834358715404e-7
2.071234274837893e-10
3.98441059140769e-6
1.2586838814599393e-6
1.252261488315074e-6
1.0273714259986498e-6
4.0462653196117355e-10
3.6107266679176e-6
2.2528457450274278e-9
3.859328850426051e-5
2.103485830281741e-6
1.1845244946756428e-10
5.151638217514932e-9
5.314770301154001e-11
1.9441726394407444e-8
1.949809996787849e-7
2.792676414323381e-8
3.293885941560504e-8
1.0721238582425058e-6
7.329148460266429e-7
8.605434139625193e-8
8.735830662838304e-7
5.550226140802456e-7
1.701780228759573e-8
2.880333242063957e-9
1.1900318025449114e-7
2.986531951272517e-10
3.787450501511203e-10
1.8737102325291792e-6
3.6232758855121308e-9
3.2423203520843497e-9
7.529844850830529e-9
3.793528819183345e-8
7.203525747519414e-8
4.67841007160909e-8
4.445214105907114e-9
1.1383233035893899e-9
1.2004407823942753e-7
2.0861803769946027e-7
9.493062145959106e-6
1.870874232915713e-5
1.1426105930362247e-6
6.857654210821385e-9
1.1129656003228023e-6
4.716768091941431e-11
4.7564736651127305e-5
1.9209182699066422e-6
5.385305257567694e-11
1.0627817842703046e-11
7.295104201072939e-10
3.614884077316916e-9
2.833165471639916e-9
2.156604245079498e-6
3.0491208083631597e-9
2.7073582897125307e-10
4.820881069607196e-5
8.821092436340454e-7
2.9290796344997293e-7
1.9768964220965452e-7
7.718919290782689e-11
2.2382855574586963e-8
1.7678374074432402e-7
5.515972629154393e-8
8.005603631836466e-7
1.9960529887222164e-8
9.682461337378019e-9
1.2597904637497402e-7
3.8918632707645e-6
4.670561808855245e-9
8.974156973933239e-6
2.7373525557694104e-8
8.305445021652088e-9
1.4621838108333195e-5
2.997914335590291e-8
3.011943527981324e-10
0.0001003999413784744
1.786461496717115e-7
1.1908271207841846e-6
8.253974464105014e-10
1.0168449206557254e-7
3.6621974749638687e-6
2.181619754543297e-7
8.207970624789765e-8
1.4353583259353766e-5
1.4430344044294492e-8
3.5060318155604234e-8
1.6422737615232058e-8
1.3543464514297146e-7
9.819735967487636e-9
7.430212929730387e-8
6.3655520217461465e-9
1.6298632948028024e-5
2.3326727262467298e-6
1.76777564115805e-6
9.771047286009471e-9
4.376414922304115e-8
3.665057951551393e-8
6.640595965318015e-6
4.228258458611888e-8
3.912450972842668e-7
2.969506509584689e-8
5.39650848413911e-7
6.801279283749689e-5
3.1859496758299576e-5
2.465902226483028e-10
8.92768286133857e-9
8.270384577403646e-8
1.0377604104913653e-6
3.172375512272866e-6
9.586119124022357e-6
8.795878071318802e-6
1.5039949193371174e-7
1.834548638920827e-6
3.5947368766165235e-6
7.425792009523832e-9
1.5690055730429936e-7
1.2383171856855594e-7
6.429313012599125e-9
9.912362587857065e-6
4.747951954405499e-9
1.910854396484561e-6
5.819900423160811e-8
5.2990831853514144e-11
5.5748884816806485e-8
1.0579772598653586e-6
6.66723058615384e-9
2.1376299432391352e-8
1.0028169390156716e-7
1.9418732302917359e-7
1.2574940942247432e-6
1.733948982391355e-5
2.2513902335804515e-5
1.7513562275708132e-8
6.9209820512223004e-9
8.955288840040826e-8
7.296800591689731e-9
3.2373709582721976e-9
5.610071169808078e-7
7.612446223968902e-8
4.649019778333961e-7
2.024043146106431e-7
7.46312482846655e-7
1.0010094363766748e-7
2.1247189650969194e-9
5.714782080734253e-11
1.7006541875215212e-10
1.4697105474525037e-8
7.84916576511418e-11
5.514732875746967e-7
0.0002949565226609649
4.105769096794062e-8
5.424182454748376e-8
8.899072586769981e-9
4.540635237051102e-10
4.334977516858862e-7
3.176753367521333e-8
1.1651922674879303e-8
1.3947862649725836e-7
1.9574028823600703e-9
1.9994039518341257e-9
1.3241074438960628e-6
2.1496759584309117e-6
5.423127217932359e-9
1.301612266563844e-9
5.622572596847137e-6
1.1323328280849072e-6
1.2498269640978006e-6
1.3240000091457782e-8
9.148612092405882e-6
1.1764997484072082e-8
7.720852162748847e-10
4.164852918479848e-10
8.74433390135088e-9
9.793546906802533e-7
7.497770380038951e-7
5.737695733523863e-6
2.043110756785651e-7
4.7087556202029824e-11
3.522318918256341e-7
1.106613441532857e-7
2.0598022390657318e-7
7.118941402180716e-6
2.6219561541208504e-10
1.3171570961894176e-6
5.508435552674475e-6
2.0791748703243844e-6
9.498079697499825e-10
5.107110936422986e-6
5.820393480241088e-8
1.5514819643946302e-9
1.3560775356619616e-9
3.6589276076175945e-7
2.737227625361757e-7
6.083859829326963e-6
1.244687624061367e-8
6.457355258693764e-10
2.7253272073154206e-7
1.6844048972900996e-7
1.6621386687744797e-6
3.3258842609558015e-7
4.2520604196773707e-7
7.2014859469441984e-9
1.5432290665056672e-9
5.770782764564176e-6
7.993240035138227e-9
6.700422879943625e-6
1.3057854422384993e-9
8.101838814562591e-8
6.742969742549716e-10
2.7858336027326683e-10
0.00015620441590476658
5.592685654701924e-8
2.2387550362589244e-6
1.1824652734711538e-10
2.7879000154051202e-11
3.329795963037844e-8
2.1320710045599577e-7
8.137028962343563e-10
2.791422737107248e-6
3.2912425457164577e-8
3.2168074026866314e-6
6.491689545444496e-8
3.01359913984302e-9
5.7629972239962235e-8
3.8046062638115096e-7
2.956285819949776e-9
4.209957738174631e-9
1.2358348399358979e-6
1.891776278889011e-8
2.2607282163480955e-9
1.5562039780361042e-6
7.679016697697633e-8
3.359927376279121e-8
2.2574243856391728e-6
6.95693071558324e-9
1.2382128956817515e-9
1.283842719818922e-8
6.134652764005053e-7
4.276922597296692e-10
1.9166607483123273e-7
1.616684177638138e-5
2.6136591732325754e-6
1.176331809705323e-9
4.1439728866829956e-10
4.0849741833374706e-7
3.846968798417829e-5
1.161106232388612e-9
3.5491020544298104e-5
1.2574362082299248e-6
1.0889697918987813e-8
4.145493162448496e-7
2.3944746623867915e-8
7.620970537232505e-7
6.71387912746733e-12
3.928468329235571e-6
1.0399449262151505e-6
4.263575028613217e-8
2.6284959856628935e-7
3.6741120027964217e-6
9.526301477810496e-6
1.7656318732262936e-8
1.619778690022517e-7
6.373129810373369e-7
1.626722229525111e-8
1.3521800173449926e-7
4.620427523302811e-5
1.462592774602139e-10
1.56787347691287e-6
0.0024852552894580643
1.910315510503084e-5
3.463460934933115e-7
5.478388454974923e-7
1.605004906222581e-7
1.1182626257391961e-6
2.12605986179284e-5
2.2141824061124333e-7
7.884265700143579e-8
6.600560632415385e-8
1.9964474954228315e-7
7.564058734550987e-8
2.829994973638971e-8
2.73590791650785e-6
1.7588776724688028e-5
5.899213941887758e-10
8.432850272672152e-9
2.1641825639386904e-10
4.985907449704507e-6
8.299398774522983e-6
2.639808382886325e-8
1.933999152448446e-7
5.822326813641433e-7
3.561212324235168e-10
2.998150502980052e-8
2.223517048040355e-5
6.147577055133601e-8
9.46574736821698e-11
4.701467107801978e-9
3.307821522788981e-6
1.445715106354427e-8
1.053425895637148e-5
1.548551191429609e-5
1.5401645470350292e-9
9.424164696072742e-11
2.793213614847254e-7
3.9123124099436525e-6
1.577888862400931e-10
2.452099359669261e-7
3.7205169148388137e-10
8.514552911623064e-7
1.1708421416123707e-6
4.4537682217262316e-9
2.568947866594122e-8
7.128238630413389e-6
2.3170743157686874e-9
9.41823901229895e-11
2.2087474228290838e-11
2.6797837004791296e-7
1.419009090409404e-9
1.1683353594964432e-6
2.8206611694839036e-6
1.343635247638214e-9
1.936231742114334e-5
1.6522387546130086e-6
3.785680404819425e-5
9.052703763940598e-10
5.0842335353695485e-8
6.745551146293525e-6
9.662315425163152e-10
5.844025004013305e-8
1.8517118441780613e-6
2.0969274093019177e-10
9.075208536845207e-9
3.18236755754417e-6
2.0193428609822635e-7
1.566344783778577e-9
3.6544493615387256e-6
2.7085397361755543e-11
1.387185715322126e-10
4.279227393392272e-7
2.975384435484572e-7
1.1902812517997072e-8
1.76198029215724e-5
3.771964842926916e-9
2.9775000762965137e-7
4.782345062775817e-10
2.050169025041008e-6
5.907277921625507e-9
1.4156781649475235e-9
1.0039199040155098e-6
1.385166925278847e-7
1.680916586960891e-10
2.9511990294648645e-5
0.00018863744147172952
1.715333355396083e-9
3.3563643691452285e-10
3.7219116511715645e-7
1.6650273338597046e-9
1.581193221289579e-7
7.285415435716146e-10
3.581697131438477e-7
8.4406681109603e-7
2.8627531056525673e-6
1.2132677453760195e-7
1.7014477142975487e-5
9.585386219106062e-7
4.63140929980861e-8
1.1985593345813066e-6
2.0742333818703972e-7
0.00016436519656931213
2.032040715899305e-8
1.557022657595753e-6
1.388396905374108e-5
1.075488417736853e-7
1.429316983587952e-8
3.220175462461171e-9
5.901260052491408e-7
1.7688413871562127e-5
1.3774963768252665e-6
1.4963161386128733e-5
2.4455156172622058e-5
8.072338077622826e-10
1.7934391573078242e-8
3.3618933961154596e-6
1.1144903233378057e-6
1.547447638260003e-6
1.0612145750769607e-6
8.35090279271382e-9
2.685051510702106e-10
1.0754282863048878e-6
0.00021392360219144586
6.813766794964078e-8
7.568410314355172e-7
3.5550062533954802e-9
1.7578306355164676e-5
1.1599034247760366e-7
2.5276319493550562e-6
2.3764334645706502e-5
7.603363482728276e-5
5.669440472995739e-10
9.902877639065902e-11
4.524287635052205e-10
7.877295234451205e-6
1.1767448706870448e-6
5.7904619248896e-8
2.216580083350965e-8
1.731462097093839e-7
4.106341113625736e-7
3.1327026996063464e-10
8.880497023263847e-6
2.439601488210362e-7
7.491407279345859e-8
1.922337159999888e-8
2.561473730263196e-5
7.528865302817463e-6
6.403014929011179e-9
1.9140146791773355e-10
1.68009487645423e-5
4.970618589329696e-11
4.0407735298983635e-5
1.661866354672534e-8
5.99709013121388e-8
7.030819556698102e-11
5.4181397932641814e-9
1.7434314752258923e-6
4.842178457449446e-7
3.6423687174567883e-9
2.0248691339887132e-6
1.555914098731577e-7
1.9559964780548549e-10
1.4729117632023282e-9
8.288573574222212e-7
5.609624650283325e-6
1.9974316066175194e-6
2.1342340218647957e-9
7.853894786960367e-8
1.8107461955836305e-6
0.0002166801243323461
3.756284260002165e-6
1.0673049892105234e-6
6.903765809381458e-7
1.0222864434646236e-10
0.0001895821305794624
3.60876248994471e-8
1.3402802847114167e-11
1.7581224942343886e-8
5.875025193585392e-8
1.0820293746492576e-7
2.0015821474183087e-5
6.319739713091323e-6
1.47314387888674e-7
6.3291128348941504e-9
1.7823833180332078e-9
1.4236676465779449e-8
4.291116680214469e-8
9.593344267601245e-8
2.0196438486862307e-9
3.927433847252503e-10
1.287151566226673e-7
1.8070113391533375e-6
2.693666690444226e-10
8.059010510718778e-9
1.5694222053094797e-7
5.625961929479542e-8
3.365005698255127e-5
2.3190088437245932e-6
4.869240604823901e-9
6.285762790602292e-9
1.9077135924969536e-5
1.8176288883802518e-9
2.947301304882899e-5
7.639275285871762e-9
1.2530351698526728e-9
2.3593814947041796e-8
7.057277262699462e-5
9.010707722534829e-6
6.590109302218051e-9
1.989680876775126e-11
9.048033164754048e-6
9.144355687582056e-7
2.5934798535906816e-8
3.915325351243873e-5
7.937521313659724e-7
2.742918733429663e-10
6.874565409746721e-10
7.925183613877261e-8
1.1304686133275184e-6
4.588125415971376e-6
6.28563319563576e-8
6.811275160167081e-9
3.4108339164072706e-7
2.3121023652468185e-6
1.1465383459311809e-5
4.558645450049423e-6
1.6201304103932635e-10
4.765478986309549e-10
8.325724288685995e-7
3.3403885209699706e-10
7.434841580003082e-6
3.439347868771949e-9
6.349108619568555e-7
1.5157274452018385e-9
3.6046278882961e-11
3.512859762944316e-8
1.7387841211947837e-7
1.7010567590386159e-6
8.573086601219565e-7
9.203649400599321e-10
6.970355038208375e-9
0.00012018277093382184
7.787983979965205e-8
4.663488067480445e-6
1.357308021574455e-7
1.4385436943338915e-7
6.575220892918095e-6
4.883947118777057e-6
4.4031923060248724e-8
8.10369766652269e-7
1.3598241472997524e-6
8.668032500058774e-10
3.6675257541853316e-7
1.7768128252802154e-9
6.282911342215852e-5
2.9971351769236735e-6
8.314348758144517e-9
1.0869048796076861e-6
2.7002737480244807e-8
5.9821145456762785e-9
7.029017293653465e-8
3.3976167923602328e-6
3.170885829456384e-6
7.399341658176963e-8
2.235695881241299e-5
3.086902128198368e-9
2.0695646259885056e-6
1.0742719716739309e-8
3.4166423045033597e-6
2.8134417790481204e-10
2.792731473741317e-9
2.2441496258413876e-5
7.518037898221149e-8
9.742333660575355e-11
1.0566335743828583e-6
1.166461515497504e-7
6.134455620746033e-10
0.0001219901219354773
2.3325180639065075e-6
6.841371943959791e-10
1.8790149994095138e-6
2.117718941184724e-6
7.504628734932935e-7
1.5205417673413888e-8
2.455024139196454e-7
1.3507943060704741e-5
2.9653521649684562e-9
7.38545350566459e-8
1.384291465118695e-10
8.323155490523045e-6
2.5169980689676472e-5
6.4911168445233496e-6
1.3825437034280525e-7
1.7231682350022586e-5
1.6767004598279977e-9
1.0401743422458844e-8
1.2331474419143805e-6
1.292142998329537e-9
1.6282425124691188e-9
8.704342578289164e-12
0.0001235425181336107
8.322669978827723e-7
2.030969050094015e-8
1.2001470353847565e-5
4.0079528924658315e-9
1.325107235457021e-9
4.223425657966342e-9
