6.497000179222659e-6
8.102437059721215e-9
3.0080157111614195e-5
4.0246089812512564e-5
3.513742769163676e-5
0.0001308798323433502
7.380670638082665e-6
3.295644516056722e-6
6.68208885026936e-5
1.9906449955456583e-8
7.097817594212757e-6
0.0001170307809503892
2.9037111644793322e-6
5.483461957887931e-6
2.0943305330372984e-6
8.282769868918728e-8
7.127762017449919e-5
2.3608895550723117e-6
1.4964745454189226e-5
1.3438331823487623e-5
1.662401581729318e-6
2.416474747164159e-5
1.903993902985983e-7
2.8920275865278775e-5
9.751945037566914e-5
1.153983021725127e-5
1.3886005766486558e-7
5.231040622598548e-7
1.3690755059633424e-6
0.00014765651897757112
0.0001282466705577347
2.9102989377637183e-7
2.8010802467419206e-5
6.706389757252105e-5
7.950777112517272e-8
1.7324465220974077e-8
3.938508689271454e-5
3.179646326445244e-5
1.45613235043126e-6
6.467809835957339e-6
1.1561844722329614e-7
0.00024592427203109027
1.531706231484496e-6
4.4016889079191765e-5
1.5402055589150787e-7
1.0340424033072398e-6
4.571993561302866e-7
2.396871386677781e-6
0.0008936427145266708
8.151269236468227e-7
1.280596750763776e-6
9.967668424872335e-6
6.001444535149642e-6
5.389912239482564e-5
3.6769068816205323e-6
8.533764831100458e-5
1.8388650141292238e-6
0.0009518747289338097
0.004380986644073967
3.2362803505871353e-9
2.4918366524087564e-8
1.9576982160001937e-7
1.2671196479925976e-7
0.003642148240802827
3.2393176689546953e-6
0.0001659166256724107
0.00021620545366170049
3.0825561667267685e-5
5.543371455191659e-7
2.8456166166374006e-5
1.6260502361582356e-5
3.146594397845375e-7
6.357205994835513e-8
0.0003961623526262943
2.397271666431978e-7
7.762896983251935e-8
1.307651222749097e-7
6.937152400076266e-8
1.8251225500785873e-5
1.3452311462884121e-6
0.00011654385216125996
3.902222084796078e-6
2.7834448234067596e-6
0.0003544501678048058
3.6676138901363976e-7
7.577317810214226e-6
1.0630487919615784e-8
1.3303697003657842e-5
0.00021846810261438014
2.7852701267343946e-6
1.0737702814808778e-5
6.298899054781062e-8
7.82446182723715e-7
1.4864207961780107e-7
2.6312383979434013e-6
3.847388814788104e-7
8.211933532162789e-8
5.06747537001437e-6
9.836521026572138e-5
1.119346748803607e-6
4.152417975600971e-7
0.006102748056224167
1.6953263501145547e-7
4.771333131167349e-6
3.351413116475248e-6
6.3941472225748125e-6
1.736451233342784e-7
7.096848492740284e-5
6.17012615914232e-5
2.9074125452657797e-5
7.816269643946238e-7
1.34526025019246e-5
3.838847386408542e-8
7.369547452593008e-5
4.051911234128462e-7
2.0236009830454064e-7
2.947583299746289e-8
8.005021728087258e-6
1.0094946981740552e-5
2.52562518596485e-5
1.9293838217942733e-9
6.518986714816414e-7
4.207801825394286e-5
0.0015132905879106102
2.0436719280960834e-6
4.7033847090718873e-8
2.489493878857454e-7
3.334801440020672e-7
4.278167371986119e-5
2.3571594298836768e-8
1.1565218855852148e-7
1.2604607093098367e-8
0.0006688132510389255
4.0399642415788606e-7
1.2119412270982007e-6
2.923784481132674e-7
3.1322870101959136e-8
8.475136136729591e-8
1.2417797712394304e-5
4.02039840419633e-9
0.00013031493883758103
8.50507383274064e-5
0.0030384649063403017
3.9796397402457413e-8
0.0001347951735105944
7.10378922831363e-5
6.184133807092574e-5
7.745449473534226e-5
0.00016381147132538888
6.689390817867383e-6
0.0007289140357643363
4.7747828271578326e-9
0.00028581788011753875
6.104985597944706e-6
3.9921657109295226e-5
3.1321937113722954e-7
2.78865672142117e-5
0.00010215109762746197
8.473175051395172e-7
2.960326928474698e-5
0.003258616169963564
3.238746245186128e-8
3.512584090816108e-5
7.08364902827395e-5
7.90022721138371e-6
1.7497368077834373e-8
6.9588550657731915e-6
4.577649111979579e-5
0.00011611962027879122
0.00011073467474928451
4.4716520141322646e-7
3.0860624250010753e-6
2.5505932931901427e-7
1.474540838383403e-7
4.955370227278458e-7
1.538861813988375e-6
3.0041194057272576e-5
2.994943858084785e-5
2.146934061653009e-7
5.1732271339690536e-5
0.0017475479858541196
0.000151949037130027
1.476667731965825e-6
5.715496967863449e-7
7.555782752903764e-7
1.0804080906507594e-7
2.2341393963543724e-10
1.9050647503699224e-6
0.00010672564801159566
8.626503037213973e-6
8.74329894023423e-5
1.5565760095256013e-6
7.667074857731924e-5
2.0156038310757665e-8
0.008160261583893585
1.362418522268317e-7
6.372101019868999e-6
4.371670150851482e-7
3.1440497452096044e-9
6.439774724969573e-7
0.00013263355174481574
2.348581339793307e-6
5.548338728574597e-6
1.96561541408709e-9
9.14290511914563e-5
0.000567021425859227
0.00019578502356344226
8.483116795140486e-6
2.592331053966954e-6
5.42748024233643e-9
9.060666494965706e-5
6.233301719811956e-6
2.2465330313846054e-7
3.26541953094291e-5
1.0853108998084052e-8
8.200888898113432e-10
0.0010173605994580716
1.403319425336314e-5
0.00038281168330912553
2.547749987049897e-8
2.7419716129201214e-9
7.4267241815831e-5
3.1584067486840397e-6
2.77477695824592e-6
1.999654374007989e-6
8.265002030236007e-8
6.537095188977966e-6
1.449057836360896e-6
0.00026803711296993874
2.952637089960176e-6
8.631936133007813e-6
0.00014333310542507345
7.491008678528535e-5
1.8175621050225086e-7
6.232113649124706e-6
0.00011772896721023006
6.509021644940677e-6
2.5607767547669615e-6
1.649948846281068e-5
2.8594321961936465e-8
2.1413194626678072e-5
0.0005022253479223487
0.00025869707234304107
4.2607758915215936e-7
1.4397253538624814e-5
3.857738372409248e-6
1.2144472023861218e-6
4.74973414664929e-5
1.262328664946457e-8
4.63804246298459e-6
2.2905172542767514e-5
5.0794711528078314e-5
5.615551354054393e-6
1.2355476560402054e-6
1.47217684689062e-5
1.8410044902151975e-7
0.00013717446046100502
2.9909899624044617e-7
1.302564802155793e-8
1.6697267457370098e-7
0.0003128436553953718
4.560627279395048e-5
3.754402411602286e-7
1.1433977889972898e-6
5.95381236514653e-7
1.8165315610791883e-9
9.416243039795728e-7
6.863647161341805e-7
1.1187556620299224e-6
1.1535066746321732e-6
0.0004224052263562754
8.65086605120392e-7
1.8255074373606213e-8
5.840783576206933e-8
1.0593661199041355e-5
3.825526494843444e-5
0.0017656376438127158
2.0488811450305636e-8
2.464562605986781e-6
3.5360198133091355e-5
0.00039426941038804314
8.514344472882061e-9
6.979855227404648e-5
2.6554537579432352e-6
0.00022544613823032646
7.669449296161623e-7
1.0342771615062397e-6
1.1241070384612045e-7
0.00041853426146316576
0.0006257090736359714
4.3439665960263533e-7
1.015149505273041e-8
0.00022272991028940368
0.0001928480244576783
4.055440544248313e-5
0.0008835083035637456
2.3499732159073184e-7
0.0001969343770139316
1.1285949793472363e-5
4.666695175806518e-8
3.4146206536954773e-6
4.781803447793922e-7
8.447915300272382e-6
5.6481491997306435e-6
0.0008348602089529299
4.2879863886418666e-5
3.881442118453283e-6
3.399371331260483e-5
0.0004261916416514528
1.4807044461043653e-5
4.124891202429186e-5
0.0006911397239781163
5.912707856092012e-6
4.728832406999164e-5
6.447006896744892e-7
2.5568808407753667e-8
