7.026743051586235e-8
5.316846285242142e-8
4.557275825453677e-7
1.465167684259319e-5
1.272053763719538e-5
1.3030251770907231e-8
1.0175896865687935e-6
2.686450367369907e-5
2.0335469575257183e-6
2.2652578901331105e-6
0.00014593716268416725
3.9453379437454035e-5
2.0627552206365857e-5
0.0001641035010859325
6.469472217180525e-5
1.6944268135335244e-7
1.157767582150962e-5
2.3753542235281478e-7
3.0175452958842155e-5
2.948991370843453e-6
0.0001485148866500428
0.00014749905968158475
0.0002105607615757913
1.164940317456869e-6
1.2760464688263834e-5
1.8847774233738857e-7
2.1207158734578137e-5
1.7636982223498986e-6
1.63644814926325e-7
6.899895802157645e-6
3.576487473495282e-8
1.1895356241500047e-6
9.345406671299756e-7
2.0382140817902158e-7
6.141333836618844e-5
6.232725516012158e-8
6.800508465082413e-6
6.976552958277863e-8
7.350175889691513e-5
2.45578266977967e-7
1.617579313217629e-5
8.972758107570216e-6
8.94823152052452e-6
1.4963815150304834e-5
1.0833410651353915e-6
2.607236831290257e-5
1.4625082229257747e-5
1.0757172852188616e-5
5.188559168418386e-7
0.00016634651306761842
2.588797781570198e-5
9.18447400808729e-6
3.821742479706063e-7
1.199936812794888e-5
2.2114807526410667e-6
3.359523078001018e-7
1.7059036429637112e-5
2.0154373062749242e-5
9.661784867456351e-7
2.7414647923754656e-5
2.0237658217413142e-7
3.946857232016797e-6
1.6473569462439426e-5
4.276412186987232e-5
2.823602487113846e-5
1.2205108291880839e-6
7.88289342983749e-7
2.362480638473344e-5
1.9872867171260674e-5
7.132807672843295e-7
0.00010877506634568004
8.026796457849552e-5
7.237829498461468e-7
5.433527553551399e-6
7.382576943220261e-6
7.592015311521738e-5
7.590889930750721e-6
2.4949108005550643e-7
0.00010247496626473634
1.8998061412484057e-6
1.9602006573908215e-6
5.809330093724795e-6
1.794017022654405e-7
2.3692056591881764e-6
2.6555918075356904e-6
1.0557631960654365e-5
3.928424030143611e-5
1.7356047372571595e-5
1.1680605820948065e-8
1.4942851971855233e-6
2.9319879987005114e-6
1.2022323782161844e-5
1.7520749910191234e-5
3.9137117053636296e-5
3.909265461963676e-7
6.676468785471391e-9
1.869297276215565e-5
1.4472403372298788e-6
1.229204160837587e-5
1.2169984723249681e-6
1.387930628175562e-5
4.480058283519082e-6
1.4996798841426413e-6
1.080133139409617e-6
1.9070561386324117e-7
3.484741223179003e-5
1.5457334536806007e-6
7.6150716535567375e-6
2.368027451908751e-7
2.836582273036182e-6
4.013237286997316e-7
1.0623558845045113e-6
2.496417520658883e-6
2.028084671774946e-5
2.266658266375417e-5
0.00012558055154913704
4.670106649986589e-7
1.1806455696426306e-6
1.2296984447983958e-5
4.600620793808414e-6
2.226756965173099e-5
4.995815235931573e-6
1.869938428062728e-6
8.52704485602283e-6
5.180828451443226e-5
3.989506959082844e-5
9.066147796316117e-6
0.00012499802904898576
2.0206356652186424e-6
1.1642985771058986e-8
7.860910070494015e-5
2.916153857961528e-6
9.790194664262202e-7
9.991326817385835e-5
4.6377835489915634e-5
5.206244525901038e-5
7.156344918833899e-7
9.651474977550839e-6
2.065899702600841e-6
0.0014793281031115514
3.63845455986676e-5
0.0002912239592215556
2.2688499851936106e-7
8.899784845334795e-5
2.7477408819904898e-6
1.8957683477153066e-8
4.063876956893897e-7
7.172996518941157e-7
7.4617374212369754e-6
2.283561099986982e-6
2.484975869580287e-6
8.66046841443753e-6
5.255804429736729e-6
3.6429231071882492e-6
3.455814019131093e-6
5.150869693596656e-8
7.210091163749879e-6
1.067994159428449e-6
1.3568525032773642e-6
2.0904046649368298e-6
3.946850187000188e-7
3.7407192953054645e-6
0.00013399711968627997
6.650546548121948e-7
1.511982729831499e-5
4.592971942919458e-5
8.657913353994286e-8
1.8462647508273064e-7
0.0004732751243615691
3.239657395451677e-7
4.4395487183767264e-7
4.7595971711802474e-7
1.6876008853814884e-5
1.2978007210267323e-5
5.73208918948534e-8
1.8739958932797248e-6
1.2972146172738079e-6
5.993096784264542e-5
5.692592842698284e-8
3.374055929490735e-5
4.32406570661022e-6
1.5066424780556748e-7
3.135209197943888e-6
3.521590171770422e-5
1.7771247600306445e-5
3.969591487983204e-6
2.4634937295074493e-5
2.0643334868236864e-5
5.389365135028914e-7
2.2184484256341325e-6
4.970581664402651e-6
7.108499200440181e-5
4.8266223638202705e-5
3.3037155796640096e-6
1.304694502209068e-6
3.3930791457709655e-5
1.7650765015182772e-5
2.8624353947578376e-6
7.092559900114827e-6
2.55558204642958e-5
5.259813297019819e-6
2.9831390906448496e-7
6.320850970109409e-6
1.5337144880779853e-7
1.1019275986246976e-5
1.9001150507333097e-6
1.205705434605032e-6
1.1511573697511069e-5
2.0083137025822845e-5
3.798060704065902e-5
2.748346751199352e-5
2.532832726225918e-5
1.5270247896704298e-5
0.00013047702039616126
1.0825334387257444e-6
2.170900611132448e-5
1.4608558637557503e-6
7.103613652706254e-5
1.9684715906992793e-7
2.1396872974813568e-5
1.2096106847183435e-5
2.5687177249302976e-5
1.7001337662792267e-5
1.4596117640085363e-6
2.291285080087729e-5
8.804810758603185e-5
8.20197060683751e-6
4.7976462032405935e-5
1.0953579719276322e-6
6.927956803972508e-7
2.2619699315670955e-5
1.2930410286853535e-5
6.050989584778559e-6
0.00010230620473742041
7.178545970741263e-6
8.003122562299679e-7
2.095549323537007e-5
2.94338733673511e-5
3.31016696412996e-6
3.1742074303163085e-7
1.1528512236183283e-5
1.097870713727424e-5
0.00013725965911697281
2.8472905522899513e-5
1.0399806320973144e-6
0.0001328765355506339
2.8823635041747193e-7
3.475796837680328e-6
1.7387602055218036e-7
0.00024182290668734618
0.0002874445902367443
3.0085916179792995e-5
1.3901547651348345e-7
4.051219433830073e-7
3.93629005761982e-5
6.761067897908053e-7
2.0036791589672074e-6
2.8072655832599038e-5
1.367017933052989e-6
1.5438576469819305e-5
0.00024070393939592193
1.4644128969320082e-5
5.539932897445028e-6
3.886604114059312e-6
2.1303503200621632e-5
0.00017752451344399511
1.184093565288123e-5
4.251577589720424e-6
4.7677463843451725e-6
1.635713109636942e-5
1.32866947652528e-6
1.1265609182315537e-5
1.0780495032131383e-6
0.0008175977603455797
3.5821421557533396e-5
8.808965902006867e-6
1.2000464473331918e-6
6.243154747348049e-6
1.3002812528726009e-6
3.9953407633338924e-5
4.080931456317621e-5
1.1304816374678222e-6
0.0004656817028345791
0.00040451280612432755
2.463277453669883e-7
7.175041724589502e-6
2.792894185591815e-7
7.404030992166524e-5
2.009939577585155e-5
3.142259135064484e-5
1.0994081281091002e-5
1.5272790393418856e-6
2.2798202058821992e-7
0.0007800359509501491
8.870982518901273e-6
0.0002531783041106334
0.0013250472141047554
0.00023878309495475975
7.935204200387896e-7
4.232828297701277e-5
1.811133772156624e-5
9.028486273635143e-5
3.4622010640859006e-7
9.671608802765585e-6
3.5075675193037317e-7
0.0001889688029751921
1.2074652154809603e-5
3.50625293738741e-5
1.4478938702520467e-7
0.00014216654321392306
2.9461257658027683e-5
1.5820451364574837e-5
0.00012587942468891575
3.5277811858482535e-5
1.6583301572212078e-5
2.320937959302633e-7
3.409754639735244e-7
2.2627228063969086e-5
1.0427616358239075e-6
1.8288796226325589e-6
2.5013767630890956e-7
3.3552351972185614e-6
3.1675069572175594e-5
1.9802564577853744e-5
5.4859894567491215e-9
1.218227006568496e-5
1.8876379271297128e-5
9.482384211044873e-5
1.0393147109677447e-5
1.907062170591204e-5
1.1823175089772383e-5
1.829252338280666e-6
1.5128116002363665e-6
6.606475939041573e-8
1.4635132743912311e-8
5.675721725226522e-7
6.450772381889189e-6
6.96563212450498e-7
9.658590568410644e-5
2.1320841887088322e-5
5.325138066348371e-6
1.9266242415786438e-5
1.1473980448211513e-5
4.068897975079895e-7
4.9280219793317086e-6
1.2235168319740364e-6
0.00016003270055454707
5.028557297940575e-7
1.31915970774816e-5
7.761504315579494e-8
1.9089497719525477e-6
0.00046381995965619183
1.386271341987405e-9
0.00015507542601869565
2.9231898081416443e-7
2.6964445231374963e-5
9.362614943460509e-5
1.111893899063679e-6
1.596512718405534e-5
2.7415380223469557e-6
2.2356495620858703e-7
1.1269835252098246e-5
2.8552164043382114e-6
1.367123324280219e-6
1.0172054095394353e-8
0.00014212460405450667
2.259964963144191e-5
0.0002670133507089744
5.8517641678118974e-5
2.3483755111305876e-5
3.8743619149321276e-7
2.1951421331554674e-5
1.1950685414157877e-5
4.053058784003723e-5
2.381890769687713e-6
1.369627681256539e-6
4.734146015540066e-6
3.150637020693863e-7
2.9654367311530758e-6
1.4891644520448378e-6
0.00019855791710627404
2.9924420598443166e-5
1.646777817696155e-5
2.8977634330035222e-5
9.780321018048e-6
1.817368813743282e-7
2.1745554815537553e-5
1.4372120233774828e-7
5.493860339751453e-5
1.4452110644182811e-5
3.6742843520825426e-6
1.4710859184413194e-5
3.582637208552178e-8
2.4278251049276047e-6
0.00010460523173720369
1.0753367641927591e-5
0.0011854735244257227
0.0001816871971252584
7.1733072908559475e-6
9.79940056566183e-6
3.111779483099305e-5
7.220315127147748e-5
2.795680268632892e-7
3.5727449745946574e-6
1.0296314698634323e-6
7.878279707013373e-7
9.93258854075088e-5
8.716442350660995e-6
1.6567930169257962e-5
2.056006837297152e-6
2.383239861036569e-6
7.259988955030998e-7
2.4875768025118265e-8
1.0105388488258592e-6
5.5222648124406094e-5
4.787891116117935e-5
6.04811879165273e-7
2.9635062128932192e-8
1.7852664241654713e-5
6.167640960821582e-6
3.002541888496751e-7
4.54263267759882e-5
6.075429993616317e-7
1.1416543000419792e-6
9.486260626975852e-6
3.021309088876834e-6
1.1294706849581148e-5
1.5443880789193623e-6
2.6277500097654703e-5
0.00012496498855036776
1.643271282357706e-7
5.455740601953226e-8
7.051371768960424e-8
1.029636012898277e-5
7.663294207595225e-8
6.0539060083967686e-5
6.168473043214192e-7
9.73773109799068e-8
0.00011201326170751704
6.488304814745073e-6
0.0009547433537654744
2.0125184136287416e-5
2.4529064376953006e-5
0.0001639448884276161
4.244821738974658e-6
3.1119529185845642e-6
1.29867389950329e-6
2.2583835646805344e-5
5.7056052579136266e-5
2.028764674126551e-6
4.969104436741631e-7
1.7395370377080387e-5
6.282326418520199e-6
3.5130895371720654e-6
1.1626586450371795e-7
0.00022751248027062186
4.328052073069346e-5
6.423196580549006e-5
0.00016390438142086203
0.00010472316183284027
1.6081219765842704e-5
8.96475380912188e-5
5.413995906604188e-5
2.401100253034114e-5
1.1726512172789512e-7
1.5324533810509686e-6
1.7634445335658773e-6
8.695936484050164e-7
3.7162780292085205e-5
1.0212253431888511e-7
0.00013884057496574024
3.86248640941455e-6
2.3392904211915465e-5
2.353797978271929e-5
1.0748723088471456e-6
4.348604197474505e-5
0.0005482358390164415
4.007973490185156e-6
1.8143943055992012e-6
4.528183114624857e-6
8.707312644841653e-7
0.00015606013400825753
4.958260085797421e-6
2.4669146581508427e-5
3.557444178904582e-5
3.787298582959553e-5
2.5851506431332356e-5
9.713282770379723e-6
6.939549516422353e-8
5.417617451564532e-7
8.023789333773417e-7
1.1798333580428474e-5
4.959381126054854e-5
4.3336419428001336e-5
8.668936151935964e-5
6.685562158196422e-6
4.299217920895808e-6
8.380033440399036e-6
6.632420886659043e-6
4.6935352704451735e-5
9.427305942795362e-6
1.2185310955800151e-8
1.9821942670385276e-6
6.74672791256801e-5
7.346162002113357e-6
3.2072517824814245e-7
0.00018410262219517833
4.4832523112499024e-5
1.3018145869584838e-6
1.7029658639354013e-5
1.0883431753119262e-5
1.8514282437955417e-7
1.903567541956929e-6
6.249205385554742e-5
7.093898582115015e-6
3.959016579955735e-7
2.13019195458849e-5
2.8964947302313894e-6
4.5386546893358794e-5
8.051807054382825e-7
1.796475698011136e-5
3.6053212727796287e-6
1.0438003994901773e-5
1.916025516054653e-5
7.095692209266518e-8
0.0002154730033335756
4.5718750555702616e-8
1.6568495804881415e-5
9.003671042840683e-9
4.702319043122683e-5
1.6936093480780542e-7
1.8712799163982387e-6
0.00013715080653688283
6.898398135355183e-6
5.3271194043071554e-5
3.617071439451026e-7
9.792854918419676e-7
0.00010222799458564504
1.2943253039356666e-5
5.026575484378883e-5
2.0185365833522256e-5
1.9015631552220916e-6
7.135239774673335e-6
1.391986791537727e-6
3.624775755848086e-5
1.5222615843168681e-7
3.0506221867201165e-7
1.6351240080513012e-5
0.0003767262335979664
6.774838863658557e-7
7.1553672207162115e-6
0.00010298088967981525
2.023943242162194e-6
1.1249263972992303e-5
3.5200388260525836e-6
2.150529928150884e-5
5.414335278209276e-5
7.844935143414182e-9
1.1788405309685615e-8
1.1680333093097797e-6
4.740611660914259e-6
6.0060703864670254e-5
3.186477745434921e-5
1.0414496538059338e-6
2.642704224198462e-6
1.3654976355563869e-5
5.201792529122714e-5
1.309630207417785e-6
0.00031635547418486205
1.721514978787358e-6
0.00039573819582594343
2.6636610078793364e-8
0.00024661376728126323
2.6839242772504646e-8
2.290583792400393e-6
3.620174752128295e-5
1.2307929284146848e-6
6.824208833368302e-5
1.014287153754849e-6
5.783284752422297e-5
5.626381073473219e-5
1.223834766999168e-5
6.9912979581830085e-9
1.3087649951381025e-5
2.2275817283051685e-6
1.0279230871655399e-5
0.00011371697997620651
1.2333681727101761e-8
2.401908301017961e-6
3.1033986023197356e-5
2.710436709076469e-6
3.863646008440669e-5
3.0802689436527957e-6
8.106561314567607e-6
6.148233029413588e-6
1.679013991331176e-6
0.0039419702549368775
9.282954298404441e-7
7.464425294703598e-5
9.359271837341387e-7
5.576057617023485e-5
1.9916630235815264e-6
5.640544312900384e-7
1.2363294410235213e-5
1.1149065785893083e-5
3.319808422603321e-7
1.2903523883042716e-5
4.3998840330776373e-5
1.5290847442161523e-5
3.1756596001848e-5
4.521527253405997e-5
0.0016553044099347567
6.886953003307476e-9
5.1182499730097613e-5
9.250243149864342e-5
0.00012859972867445792
2.8441732639803266e-6
5.825609679128107e-7
0.0006130955846848531
6.208579615309093e-7
1.5364564324192595e-6
1.4401388150275243e-8
5.0760275061454965e-5
8.84794484088872e-6
6.513306485434455e-6
8.696778322166759e-7
5.656567888114098e-5
1.8262076746107945e-6
9.820483058343508e-7
4.796518732125488e-6
2.9456562502821203e-6
6.401616801989104e-7
1.1203443971672744e-7
2.8397466309762197e-7
3.863169468545823e-7
1.2197512923358617e-7
7.547177331320141e-7
6.630031892678948e-5
1.4220903401746821e-6
0.00011799075196178968
3.080081547113026e-7
3.7391298311247627e-6
4.826557372055232e-6
0.00014332975545647243
2.606230777410462e-5
0.0001904504680594368
4.343395464116014e-8
4.316255577613687e-5
8.601594510907263e-6
3.378965535479476e-7
2.857236820621327e-5
1.6979998443831593e-6
4.387160035439993e-7
4.631989552394821e-7
5.394429689728198e-6
4.578595159963677e-6
0.00015973867722330674
0.00018265226350398016
3.849836934171576e-5
0.00010218752773892162
7.402388231555359e-6
2.1372798690190463e-5
1.2552160837692697e-5
3.51017506810385e-6
3.324979871644758e-5
2.6407514172997724e-5
9.035005218569045e-6
4.191046484696892e-5
3.2240460813522787e-7
0.0010478065616121288
7.790104036294577e-6
2.978351087502513e-6
1.3006566032488922e-5
3.2056238662116286e-7
3.5248847171060484e-6
8.403918363176425e-6
5.816693719784779e-5
1.5161097511814568e-6
1.3850334169736937e-7
4.555221325291094e-6
9.662257753364879e-6
3.2131869507740715e-6
1.988872637941154e-6
1.4348424089951172e-5
7.2458117716124495e-6
4.112178774651503e-7
1.3803670301468187e-5
2.419424853442657e-5
7.89671491089488e-6
1.2440410373385792e-6
0.0002931969295188981
8.741638518044212e-8
2.8919243077337632e-5
1.7935954147926394e-6
4.372232811972881e-6
2.7750971180257945e-7
3.003423940844214e-5
8.946094914757876e-8
1.0367682074979705e-5
2.8709048624595323e-6
1.1445770538925098e-8
3.56538760179439e-8
6.17472900010486e-6
3.0046183340055645e-5
3.5707050316106495e-6
8.661717153246294e-5
1.5280420542591808e-5
6.282282738933614e-7
5.2456775593463205e-6
4.022571607222039e-5
2.593610514685203e-6
4.385944870957307e-5
5.942745095181271e-5
5.401834504475879e-6
6.809873187330673e-8
0.00012842884895962256
0.00015798601635072564
4.7484678654108924e-5
2.3814486108100996e-5
2.0429253994914128e-5
7.119151225307803e-5
7.142362169838942e-5
1.3686073209325343e-5
2.4998880383125346e-5
5.213889551587776e-7
5.518630952463142e-8
2.920823457699521e-8
1.6436116672874348e-6
7.088760755919472e-7
3.745790671953849e-7
1.7955924630653317e-5
5.831346018551162e-5
3.2368395610852216e-5
2.2240183211738846e-8
1.722742378363711e-6
6.7298447249977115e-9
