3.629488028049336e-7
4.651663045610309e-6
8.573610055854822e-12
1.2975917807074254e-11
1.12141215917233e-11
7.026754097924067e-6
8.145810358285907e-9
5.004513127552535e-10
2.016985846906111e-9
7.648150089271745e-10
2.668865208203819e-7
1.5240633724182227e-7
2.7523994729513456e-8
6.461020821723701e-7
2.465145947784903e-9
6.068681004929807e-9
3.2393771027024875e-9
4.435877158221449e-12
2.562573269434059e-10
1.284941911454911e-7
5.55803330765175e-11
8.472876352294637e-6
3.8818800434586055e-9
9.632435460614985e-12
8.825936873604142e-11
1.0443239970297332e-6
3.8929634475219855e-10
1.7794339099496658e-8
0.00026598726831418486
3.6642944749655156e-8
7.078412375640468e-10
2.605669552766657e-5
3.212666499028593e-10
9.243163339449998e-13
1.4335677565059608e-10
7.911648329096333e-12
2.637028584325346e-9
6.545754149437491e-9
1.0166140269781046e-8
3.1797652004120805e-9
9.165052466665672e-11
7.836712061659319e-11
8.631324731947447e-6
2.2687321883025855e-10
1.2460122566510882e-13
1.4418049471943006e-9
6.164290744061646e-7
0.00040086259958367046
5.325704158329979e-14
2.493934861288267e-5
1.429395098901415e-9
1.2393057817475942e-10
3.8664076389543886e-7
1.2650289701056651e-8
3.70049783861099e-11
3.710903014258824e-12
1.4218753679546157e-10
2.3318431229536037e-12
2.5684546545601314e-13
2.2147241014900783e-12
2.716827810090102e-11
7.097709088026473e-11
9.188073898594492e-8
3.273876915022159e-7
1.161754518399799e-10
5.880217810724177e-12
2.4780686891412473e-12
5.3632986157621073e-11
4.3362165222749115e-12
1.7208366639639914e-13
7.609155015232312e-11
9.009765407071247e-6
7.147371746489424e-10
8.594817534307896e-11
5.521286991503572e-6
1.0447373868643802e-10
2.2084487715831357e-11
1.576877151877011e-8
2.8002038145607592e-11
1.4846069391076028e-7
2.2326970485518115e-10
1.4825912228566389e-13
1.85176064738879e-12
1.347249097264004e-5
1.2159882141491598e-10
9.341739716305346e-9
4.277901522655068e-10
4.693575521859296e-10
2.1535559136145007e-11
2.067900313440827e-9
7.909406499442205e-11
2.2190662644941345e-9
7.533136708082778e-12
6.05842618952283e-11
1.1610600835219727e-12
2.7627872112554977e-12
1.9638498767610482e-13
6.585234203218833e-6
4.478219233764534e-11
1.1220003650520917e-11
4.482621964671976e-11
2.7136135109638154e-13
4.280101923802855e-10
1.2890032145364399e-9
2.67277007179239e-8
1.4260467242868688e-9
8.007491498634409e-7
1.1538264716881318e-9
4.480492289536143e-10
1.207823289005509e-9
3.212509516715654e-12
1.2550471553768476e-10
1.620397354976052e-12
1.0906333246331063e-9
2.4119599876281174e-5
5.980009264526487e-13
2.055802780264113e-12
6.6836181930079e-14
3.2368244724628203e-12
5.340939574467346e-9
1.1807758294839114e-8
2.015544327864644e-13
2.950006405085129e-11
4.155136117033512e-6
7.013860329329194e-13
8.131663494194338e-10
4.874938367051769e-10
2.383292533805099e-10
1.3496524870938253e-12
1.2405023777449037e-10
2.6209326138442787e-11
7.95545833850195e-13
1.1780191418090081e-9
1.8560458558396458e-10
3.1752030556116023e-10
5.094429265083666e-9
9.37473738535164e-6
4.40170816127867e-6
1.1345556045088355e-8
2.4201637782637424e-8
1.6341279236235543e-10
8.784240350050073e-7
1.8555563065721187e-9
1.3967929824561999e-11
1.907839158406335e-11
2.1267977624660607e-10
3.1457349490021316e-8
1.8705225156539056e-7
7.209693521172155e-11
1.0568825283848511e-11
1.9225407849644114e-8
9.726068885881845e-8
3.7596900567880755e-13
3.2298418465181935e-10
6.688524260220406e-9
8.216223518874227e-12
2.861803878071661e-8
1.332673336804583e-10
1.3907531865718442e-10
7.734303542098382e-11
8.490589997256288e-12
2.5534684266843395e-13
9.124922982430857e-7
4.851621473637082e-8
1.1562379632850553e-10
1.922094752912527e-9
7.884864438724458e-13
2.0539550131490844e-7
5.820800693964555e-13
4.018678658827297e-6
8.63802417932829e-9
3.499002807016542e-13
4.42385170619496e-11
7.196997644033129e-7
2.7791277369317576e-11
6.532295297579803e-10
4.0846719566964635e-7
1.6867558854465974e-7
5.78799134423613e-14
1.2258015986582404e-14
5.3344240153706545e-11
8.907275759403497e-13
8.550213068691862e-6
4.6781268019109445e-12
2.38830149502466e-9
4.671067073701521e-10
1.478505874775148e-9
7.460514084632581e-9
3.1059005018185036e-13
1.1876663491831741e-14
1.8687690452806102e-10
5.940162688220424e-10
7.274224841167949e-13
8.539964983264091e-14
6.414540352653805e-10
1.671061254882873e-10
4.566957424796492e-9
2.5336894884012616e-8
3.495106232250736e-12
1.0222793334736046e-9
4.575702654447217e-6
5.020971288423905e-11
5.313111684224191e-11
6.11717686686559e-13
6.0562006903018144e-9
1.952222541586291e-13
1.0146516606154107e-7
1.3237607660008142e-12
2.5493030079410226e-11
2.719318428919114e-7
9.443477055714807e-11
2.0310213453828655e-10
1.7079614823836268e-9
2.758660362317239e-10
8.192503036367574e-14
1.1580245108796373e-12
0.00459552875188167
2.1369038718733753e-14
4.84847978662775e-9
3.975248649968672e-12
6.497687892796407e-12
4.5364078752722415e-9
1.4689096497083957e-12
1.9631892898012155e-10
6.574944834000639e-9
1.0057562119198332e-11
6.379005734337607e-12
4.146504589088787e-7
2.207637242986877e-9
2.409116326957077e-13
6.32213395398888e-14
8.189787568633218e-9
1.180932410507287e-6
6.089044713158164e-12
1.641444468138825e-10
1.6745558967433544e-8
1.0125373068323401e-7
8.63702230627097e-12
1.0956209565541602e-13
2.1222360641415692e-13
1.0590098861290603e-11
1.4502432965921686e-7
6.955820266595359e-7
2.5224772888047832e-11
1.8826288809623286e-8
7.730677357750881e-9
1.1477751286482408e-9
9.921694255777736e-14
1.2383187810561388e-14
2.6822245344939403e-9
6.398851105328731e-12
5.355000097232054e-9
5.753864790940833e-12
2.6234246660073166e-10
8.99726505440094e-7
1.451898553842554e-10
9.820950231992194e-9
4.345955618113068e-10
1.484519872743921e-13
7.778497746342307e-12
7.553163986889943e-13
1.1275273784451656e-13
7.759570119274913e-13
7.412087771132917e-8
7.863336640892304e-9
1.2951991461086448e-10
1.050924064507434e-8
2.402930608372185e-11
2.6853109256293233e-14
4.183980777688991e-11
2.7224592164285687e-7
1.0976130835923197e-8
3.526408209262139e-10
1.2398698179498552e-7
6.971838999078421e-13
2.8740602075198914e-13
2.644669029320243e-12
1.1412323665426538e-13
1.5882302087843636e-5
1.4272970675666098e-11
5.854560403400393e-12
6.6458510148865495e-9
4.3206356029654414e-10
5.015106956056269e-12
1.3545461337892283e-10
2.9963508262664117e-7
4.752898066765798e-13
1.306058275823181e-10
9.703384737194757e-8
4.556336677592879e-12
5.30893862005497e-13
7.910525441524114e-12
1.6148417613638135e-8
5.07662845647258e-10
8.817898987490428e-13
1.4418452642351756e-13
7.292452597860604e-11
7.191987242626298e-11
3.495104017164825e-14
2.645008810913124e-12
2.5384892638523744e-11
6.212037226871596e-13
9.116580499270014e-14
2.160986129087782e-9
5.045199965766219e-13
1.7163381156312632e-13
1.004239746165956e-11
3.0489030819741337e-9
3.2381174245133178e-12
7.472642310642368e-12
5.756312900352587e-9
9.366142739786098e-12
5.430861507651358e-8
5.345662944896983e-6
6.13166150515767e-11
8.912345003681501e-9
4.4830600331958457e-8
1.082327978359133e-10
2.462522263157257e-12
1.9198119426730297e-6
1.547305886957837e-9
3.411812268936931e-7
1.3532617646003622e-9
1.4277952255837703e-13
6.5267505280799615e-12
8.390719159706036e-10
5.583920081457609e-12
6.477351014551042e-11
1.1707695770533444e-6
1.4504695855357278e-9
5.502321735828991e-10
2.9919826389209447e-12
3.795035225104915e-12
5.088151695720995e-12
1.2260819820280378e-10
1.6683024534471198e-12
3.247676456588348e-10
1.0996189172225601e-11
1.0971677061768276e-9
7.915468477043254e-13
1.8239432360937822e-11
6.789823358163838e-11
2.213856143151575e-11
2.675168630541936e-12
5.447708971352737e-9
9.53493055118077e-6
0.000397336560899288
9.416368348215634e-10
3.3184931793427616e-11
7.319763991120864e-9
6.203271360441663e-11
7.570644883959217e-12
8.063485781860332e-13
8.341065279037945e-10
5.231635798413337e-12
2.563515137754975e-7
5.307861864867556e-11
2.3412405378554356e-11
3.603231948824852e-11
2.2624624744900546e-10
3.634299727395466e-14
1.602335721869537e-11
7.065171418643272e-7
8.493637357595201e-8
4.8166150296737725e-12
2.3873584927284713e-13
1.9168551922088572e-13
4.283722989037993e-7
6.87080026249942e-13
7.519313374474285e-13
2.697406162371177e-9
6.788088013596085e-12
8.189793962110646e-9
1.0171289871407621e-10
2.2400395464662117e-12
2.3979039182900083e-7
1.4069027926797026e-11
1.4742195529097673e-13
2.1100003672883406e-11
9.282456071981066e-13
3.421579928338927e-12
5.008969462664294e-13
3.849607603512778e-10
5.3536890929339554e-14
6.151776409288421e-12
3.826581907650394e-8
2.6596559796823703e-13
1.665147232055612e-14
1.0185921635202722e-10
2.280263165676794e-10
7.2824323298268946e-9
0.0006157908260302498
4.866976694142131e-10
8.672007030215462e-9
2.591737796813947e-10
4.3261686952693676e-11
6.105441171596563e-7
3.003209543751611e-10
1.155645579380607e-12
1.1840508001989834e-11
7.593017723784127e-9
8.267919749915993e-13
3.144307273325139e-13
3.8340561579719324e-13
3.2055884876243386e-10
1.0294306069925405e-9
1.26450571400529e-12
3.126961514090913e-11
3.7833832300271946e-10
3.0127178348019255e-12
3.8020104219505556e-12
2.8200000741672522e-12
7.217804033164169e-11
2.113300822203827e-13
1.5235507654175212e-9
2.2377088016467764e-14
3.6225001260692236e-6
4.190123488795598e-8
7.036135086634895e-11
1.222053177814257e-11
2.342596283050453e-12
2.1706784656200672e-12
8.587050463930065e-11
9.566225319745453e-10
4.746204568496359e-9
9.516727182507185e-11
2.3289665477149373e-12
6.491924135955268e-14
2.7916447051368446e-11
7.699708492473969e-13
4.7798578933937735e-8
4.848551653548938e-11
1.1918576835651951e-11
3.750148806249016e-11
4.721362918657718e-10
4.74621299423014e-10
2.343412252330432e-14
2.938320209763568e-8
2.391794842856599e-6
2.9000306956240903e-9
1.5685263293001053e-9
6.418200261985848e-9
2.0236304448244351e-10
1.4437718682203063e-10
2.4887041293507717e-10
3.60414226894173e-7
1.606232588164395e-10
9.964204771638995e-14
3.0449927393512e-14
8.941168836421332e-12
1.8144017451879074e-13
6.577423557024828e-14
4.557593993890641e-12
5.890745378221492e-12
6.50318550743427e-14
9.93249842230191e-14
1.94511851262825e-12
1.2403690935778588e-12
7.932738836918528e-11
4.111462749318237e-14
1.1107295144916689e-13
7.778441364066392e-13
3.522172586831243e-14
2.8726565076727298e-11
3.924147968081454e-10
1.611903712985233e-11
9.790372182207717e-9
9.384716071883853e-9
4.2690832248036e-9
1.013862060635919e-12
1.504319504800692e-12
5.414052232851943e-13
1.895441773527186e-13
1.1250123407972501e-11
2.0813217442019054e-7
2.7940725911118747e-11
3.7330873039821084e-11
1.4526340363633363e-13
1.1237231834960992e-13
3.5058650504181043e-10
2.8329614364988554e-11
1.0147311462619817e-8
2.3205218326814603e-5
1.2840008006617447e-13
6.095530501023151e-10
8.931388512219764e-13
1.0966292742175698e-7
6.375935894051556e-12
9.103262322014414e-14
3.681886154082034e-11
2.901049676902921e-11
3.200740983999091e-8
7.96660775154463e-11
4.190063603837484e-8
2.144439340597508e-12
4.154557147900509e-11
2.8073470095035883e-13
1.5532690450800663e-8
3.011636576450133e-8
3.116317263072058e-13
7.394482610955304e-10
1.21022236341385e-10
6.184579336194796e-13
5.369227742599712e-11
5.323230165733398e-10
3.812117244197115e-12
2.4318158953760084e-12
6.987359342572803e-11
2.1187009735132752e-9
0.00017629997167580797
8.172286945258151e-13
5.466479298340675e-12
1.743664852549937e-10
1.155139282950353e-10
8.921594946459105e-14
5.477015798192706e-14
3.806762300858499e-11
3.949205593999298e-13
8.920742669789467e-7
1.0531661022588964e-11
1.0219872057270179e-9
8.79987555907803e-12
2.0558948921474295e-13
2.6193452390454604e-8
4.4985280487581536e-10
1.5248947093696775e-7
7.539792380104623e-11
5.164018883850639e-9
9.379678818112186e-8
4.592249749404961e-11
6.146407825997523e-9
3.410329051641784e-11
3.068021932221015e-7
1.2520075043351664e-6
4.004804735066754e-11
1.6452208705441628e-11
2.481792846751657e-11
6.1937499843614945e-12
1.954595732723564e-11
1.1649463865568953e-12
4.2087461205791405e-12
1.4136707033670322e-12
1.5626557934819985e-7
4.981085963336479e-11
1.6078680228011732e-12
3.1505612371271328e-12
1.349722943261742e-10
1.0506683216375604e-5
3.2174556991771806e-8
1.6339597794786056e-9
8.790390377975422e-13
2.758777643438152e-13
2.0609977130953063e-14
4.913710384596005e-12
3.7722713547087715e-11
3.043724825566915e-14
2.1359148887867484e-10
8.166626574864742e-7
1.2321245957909853e-11
5.531925262651518e-10
1.5458372503043415e-12
2.3549576621501815e-8
1.7194819979972115e-10
3.1508147510585654e-8
2.326113540196843e-14
1.5311286947632207e-9
3.197659050705224e-8
1.4861758734014044e-8
2.1113932885236588e-11
3.1687767584630764e-11
5.631785962101142e-8
5.102739600698325e-13
2.7690486635012516e-11
6.811241366371147e-15
3.053981246426307e-13
1.3151991084670492e-12
7.319998705782061e-13
0.0006858216180009542
5.485369173275075e-12
4.1733965523707194e-12
1.4345952946502137e-6
2.0315068073167012e-8
7.827588734640987e-12
5.928741906367611e-7
1.5893151299028733e-12
1.9235922182544962e-9
6.001316511953417e-13
1.489139801041672e-7
4.554841686180422e-13
2.6730137338573053e-5
5.133920773595813e-10
3.159065358858998e-9
7.285470997075046e-8
9.461466352179696e-10
6.31439261422609e-9
9.42969888319551e-11
2.744646663648906e-12
1.3611425754260135e-10
9.364850817473138e-14
7.977445134958029e-12
2.0256871026695194e-12
1.7637815254050727e-11
1.769388848623395e-8
1.0734027359669655e-14
1.748056904065525e-13
1.463569666968631e-12
1.3912109807228764e-8
1.5384767911375103e-13
6.082012364782619e-9
1.0423656688086417e-10
2.576548471077403e-13
0.00021854958296846672
7.648877163238937e-11
1.621251433498509e-9
1.3936851066471922e-12
6.392343287963566e-12
4.105733574835661e-13
2.409530760844338e-13
3.657295652972196e-7
1.3781946152151891e-5
2.909168991622171e-10
2.094643380507718e-13
1.659325475245735e-12
2.690489843912921e-8
1.9283068347654896e-5
9.000433781430545e-13
2.4246094968748926e-13
1.31143919348411e-10
7.464521681736794e-9
2.637696770960012e-10
3.6818873407754764e-11
1.4037126578371597e-11
2.8290144656246175e-14
1.922131591634423e-9
6.958705487910052e-12
7.954061102847046e-13
4.148833424765843e-11
2.8847907902619755e-10
8.96162002858335e-13
2.0908874810381952e-11
1.3698285931070513e-13
9.582268810975554e-14
2.4550396450044687e-11
2.3770718697210956e-14
1.0900987405283746e-11
4.488245239645126e-9
7.896396842493018e-14
1.8162399364435772e-7
3.912321512062432e-10
2.9744328335645464e-10
8.163201127725655e-12
4.058856229040056e-9
3.986082444790458e-9
6.100772462502142e-10
9.823807290399638e-11
8.869598056972126e-10
2.087261586946917e-11
6.93682498103667e-8
0.00012564580265688531
8.229223969259405e-8
1.4087484487158829e-11
6.358180226303724e-8
9.671390659889023e-11
3.022701932712183e-12
1.21501175513361e-5
3.6365201392558605e-12
4.494444122848781e-10
2.6334997952295352e-9
1.4317119281005203e-9
4.896026783883112e-11
3.730681311014988e-12
3.359105280267541e-11
1.447453572579335e-9
1.3816985424148827e-11
5.799651511351642e-12
2.825593950749863e-10
3.9019765784825174e-10
9.575478403211028e-12
6.376406774173096e-14
1.393393685104964e-11
7.408892542059404e-7
1.062365589070907e-12
1.0353388865654351e-10
3.238233680339679e-10
7.13105993565349e-11
2.439909833601027e-8
1.1401042235218426e-12
4.781228810208419e-12
4.111043148368003e-8
1.1010024240286989e-10
6.447812088017683e-13
2.2831290897115633e-7
6.354734550361845e-8
4.9628899366741044e-11
1.2394849983899907e-8
3.8459530813264265e-10
4.951402254310719e-11
1.0874895634398397e-11
5.826074363548955e-12
1.8587455366918655e-11
3.963021183396032e-10
3.429223896116307e-12
1.870942123717133e-11
3.703288732026263e-8
4.981257515701793e-12
5.902544003978659e-14
9.257062309455671e-11
1.2078013524133436e-9
7.130853530100527e-11
1.0398905181301914e-8
1.4103636526142779e-13
1.0209166538612473e-11
9.662091975773072e-6
3.2374223106563826e-11
6.470926100524249e-14
4.6545957826420575e-12
6.110441584977679e-15
2.476744604140961e-14
8.475128686301548e-13
8.023360580641322e-11
1.2709032684656984e-14
2.547584943337925e-13
2.1654533031140203e-9
1.0112166176999898e-11
1.1940938908407205e-8
1.235046631354202e-7
5.399026996088532e-11
1.1325190679694139e-5
2.632683917661409e-13
6.803866707129163e-11
1.7936428846035258e-8
7.671523639877076e-13
2.616346404820125e-6
3.0231976955543384e-13
1.3420059311274724e-12
1.0893275657643835e-11
8.507402933254891e-14
1.6923212038816814e-12
2.2590001365267851e-13
2.827349673654851e-10
6.305078197826888e-11
3.057195810017029e-11
1.4161221820866657e-11
6.789593387374738e-12
1.4490237920444087e-11
1.1919158719440039e-9
1.0915363397095094e-9
6.849338932790918e-14
2.1712340093365016e-13
2.001065803487121e-12
2.7062662667404043e-12
1.564136131625135e-11
7.692894651157578e-8
1.9551272136721608e-11
1.0237718050257887e-11
1.101258616337409e-12
1.0973014640094734e-14
3.854994359213424e-10
2.0229068876709385e-11
1.8023184133950485e-9
2.6758529396159973e-10
3.7737112728730404e-5
2.4909887722123155e-12
3.722138483998158e-8
3.78299175842354e-10
2.925654049413976e-9
7.841736824203904e-9
2.173448909902862e-13
3.2586071592368257e-9
8.184676045571905e-10
1.9454735625579764e-12
2.518922185704889e-10
9.635920855066178e-12
1.1574607825725037e-11
7.279183723465238e-14
3.848189000355636e-13
3.0445654024254787e-6
2.735879866256049e-13
2.6461877145182726e-12
2.0031168511535436e-13
4.9353846216439e-12
6.588575515306673e-14
2.0046990241965562e-10
1.1948544921122325e-10
1.8327540094077181e-10
1.2169481184378537e-11
1.834017779805969e-11
4.911525060018184e-11
1.9486783154355912e-11
2.5699232412234447e-7
1.4320784828615512e-7
3.0962463993828814e-8
8.907939177484495e-12
4.916957790218091e-15
2.0216310534787592e-14
1.602420338180075e-10
3.7150667932613663e-10
4.291374554048393e-10
1.8134604952058856e-10
7.489083739929617e-13
6.009402809886274e-13
2.1936775437704485e-8
2.879847310897768e-13
5.3086689859188543e-11
5.49703940594277e-10
2.081322808295065e-11
1.8373321863477147e-11
1.531885082505899e-5
4.529125274366954e-10
4.008308011399851e-8
3.145520170552701e-11
1.108408336552628e-12
1.6737387725467156e-13
9.068273383312367e-13
3.9580626745559325e-9
1.3159754769724036e-11
3.3057817367925864e-12
5.986827334265165e-10
4.407202238283593e-13
3.7166486528659934e-9
1.1021311659523974e-5
2.278724838382188e-14
1.0328583521556734e-12
1.1235174803242924e-12
1.0467065157321085e-13
1.940417428284714e-6
9.050444226057845e-11
8.541835871954557e-9
5.473620098635076e-10
2.0139284792639513e-9
1.7888777956924653e-12
1.754924656480631e-14
6.261594776359059e-14
2.2717390761800116e-9
6.610171957895255e-11
6.399686329802385e-12
5.094383040192722e-10
3.6558616546604896e-14
2.757256457683832e-10
1.0010538038718163e-14
6.258782698458097e-13
1.5470779801976146e-9
1.6406624958427973e-13
1.7726452398973104e-14
9.204865024355969e-8
1.0456941511769097e-11
4.051789171814325e-12
1.5365307438893425e-11
5.53520156807573e-13
2.510908859034e-11
9.355535361377215e-9
7.51729698181761e-12
1.196607829845656e-12
6.369026525550718e-8
1.5326946927423014e-11
5.374931356979902e-13
1.7051920452408327e-11
1.9200426588475264e-13
4.362329428580772e-13
6.517920564770726e-11
1.7725212551316875e-7
8.740381000240698e-9
9.105071397279524e-12
2.520882912534004e-10
2.039370996388442e-11
7.291989403048015e-11
5.21065838582913e-10
3.76482735859714e-14
1.0426687411546041e-10
1.3679094210787495e-12
2.798805769882363e-10
1.2461396329892807e-6
2.1801661289169762e-12
2.870720655551012e-12
1.1181371590447935e-11
2.0379368485751276e-9
3.312522919530183e-15
8.954163167672694e-13
3.702075755908105e-12
1.3206501624046043e-8
1.5861365750832873e-11
1.8474989840882158e-9
1.3837242714111286e-7
3.1368674338361885e-13
2.3080831863085e-13
3.4575881993684363e-6
1.515510960727051e-8
3.245001989345121e-13
7.518540070436802e-11
1.8515045549107275e-14
1.3023691197215316e-12
1.9621187726138543e-7
2.2348743410686962e-7
3.859163338070113e-11
1.9873453156520866e-12
1.748371459797209e-6
9.236861292049376e-14
1.2391906352201442e-8
3.120248129471133e-10
6.151834668238365e-12
1.3646607480285764e-10
1.5192002547035934e-10
1.829689834173489e-12
2.75891084162459e-13
3.644707564935983e-12
6.282328345049336e-9
1.8222489163330948e-12
4.878514047253579e-10
3.2411662882851526e-8
1.7786907406797495e-11
7.719500416292208e-11
3.586080034441174e-11
1.2056343559823767e-11
3.125665528341513e-13
1.4256227589485862e-12
2.260447458722347e-12
8.469232301199253e-11
5.174672260772777e-7
4.705616591604181e-13
2.1595410132121973e-12
1.273130773016602e-10
1.1283354170191611e-12
3.319096438778116e-7
1.7367400960132264e-6
1.354319828746452e-9
4.754646595397817e-12
1.0686846490789455e-10
1.221289447750073e-13
1.2683712939350665e-8
8.097382747872815e-8
7.791614779458795e-14
4.0652204582931586e-13
3.393307069183305e-5
1.7476864496765025e-10
1.326439679883267e-13
2.39135949136931e-11
8.55165009221772e-9
2.240834405663887e-8
4.985179713745033e-9
1.0381360616500844e-11
2.342718612752638e-10
3.037091600404788e-9
1.6556508216854012e-12
6.303092807937548e-10
7.461467444925495e-7
2.098113845731428e-11
1.7065459295234443e-11
4.911204228949221e-12
1.7908140611458172e-13
5.075384656109399e-10
1.527056671000354e-5
3.900629499339552e-8
1.7762006672477084e-12
1.2109140243978457e-7
1.3135434166505638e-13
1.5396710148475825e-10
1.2356040228365489e-12
6.237886771447195e-12
2.6557224146023866e-6
1.0990787083968012e-10
2.4803408867028956e-12
6.418610110616636e-14
2.5139344507083083e-12
7.34719991752941e-12
2.342510390826043e-9
3.4010679220322777e-10
5.7866749297589615e-12
2.8836063736121504e-11
2.537026344058191e-13
1.2969278399775702e-10
2.54420975552228e-12
8.01831532272091e-12
3.139709321851931e-7
1.6989851930273688e-13
2.5631374524607872e-11
1.2683919193766633e-11
6.869591986975785e-8
2.9173397913918704e-11
2.641090405515318e-10
1.0757254413531699e-8
1.6380226556776475e-5
1.8717686053764428e-12
5.031411620155169e-14
7.191918154206918e-9
8.585596625315112e-9
4.963222210787641e-11
2.692326956655565e-14
8.248356647560112e-11
3.5607539080378844e-12
1.5978122948472683e-13
9.880334511193754e-10
7.182452052881348e-11
8.836076718006029e-6
5.598242553449405e-5
2.395097494461026e-9
2.497808801893297e-5
3.3887823172369255e-11
8.76093698959003e-11
5.527940043158594e-6
8.102470636324781e-11
2.649730109951462e-14
3.113806317182626e-13
2.5223601040471535e-8
1.8497886147418113e-10
1.5965534329864497e-14
1.7074639593062762e-9
2.1190969009701592e-12
4.817059132580113e-10
1.4030565798414923e-9
7.646921342413836e-14
3.943668140135951e-6
4.689003388323975e-11
1.3207209411721617e-7
1.557571969864384e-13
1.8146873585532221e-9
2.8369995961568875e-8
2.0140421221382265e-10
3.677874984928644e-7
1.0804804372854805e-9
4.6499215391577836e-7
1.06601076985558e-9
1.1009598408000067e-6
1.2204174647072676e-12
6.837687323495854e-10
8.277494956686714e-14
2.0543673958950907e-7
1.8558816406227318e-10
2.722434563386667e-10
5.135505938705216e-13
5.683556560472212e-7
3.5164871022408907e-13
4.252905576375553e-11
4.866064820226762e-10
1.4853895045125056e-10
0.0002695964332240769
2.738805911735885e-12
5.841339745603106e-12
7.418021353492004e-11
4.00847332100694e-15
2.0957051020811666e-8
2.630794510101957e-10
2.1214031504529225e-13
1.206924394594045e-10
8.863547513488391e-8
1.0820461517146513e-9
4.1304807064818254e-13
2.5885807696881917e-12
7.473281155335965e-12
1.2899480622957733e-6
2.889055353550522e-13
4.4176962121722036e-8
1.1276735812402711e-10
1.3976904695008957e-9
2.0887766527048155e-13
5.3882983822808125e-11
1.5386762928060428e-8
9.882561999892287e-12
6.145489890685954e-13
2.3492704450796935e-6
4.571522835484891e-12
1.414036196400763e-7
9.371300535326695e-11
1.9583159120488124e-10
8.39503566998944e-11
1.93036879346089e-9
9.075217721342982e-7
8.015588618465211e-14
5.521634255890693e-12
1.0594338631386012e-11
1.423808249845939e-8
7.968349739092597e-11
1.303967703462104e-11
2.9439717572968177e-12
8.348927763014067e-13
1.1609724103321557e-12
3.648670055109119e-10
8.051830417758281e-9
2.7634006230667875e-11
1.756796622126295e-9
5.46102184336899e-13
7.373371248108133e-12
7.374473970392684e-13
9.556096976271477e-11
7.874339390783402e-11
7.961285956480273e-12
2.7489549885507505e-13
5.7224020455455544e-11
5.737982395767141e-11
3.730721455173224e-10
1.7561656119280224e-13
1.6573748310722945e-7
6.196205337446393e-13
1.1953620741382416e-12
5.0858007670651e-10
2.202417492271812e-13
8.577142884913982e-10
2.8345077857236055e-11
3.308328381435045e-10
4.434492149053155e-13
9.064241179331598e-10
1.1076743654129501e-8
6.1731462070081905e-9
3.3726919539360575e-12
6.595370324382034e-9
4.765363071244066e-11
1.6242439520698631e-9
4.961406067845347e-7
1.9259288070014273e-12
4.223529219159347e-11
6.357219353413941e-10
3.61668725397085e-15
6.994704523301531e-10
2.2285209953378978e-11
2.1356551715264018e-13
4.107615156872569e-13
3.212980192459164e-10
1.1055077156793185e-12
5.4303271379389184e-8
9.678751502869456e-13
1.40732816254041e-10
4.697000375268935e-10
2.9140815387612034e-11
1.0335500533345607e-9
9.111800386666188e-12
3.0087493486035695e-10
1.6607942547910074e-10
1.3493565205658854e-8
3.769646959682903e-12
1.8918811006627938e-6
8.554861772172274e-14
1.0229668679232047e-11
1.860757562370165e-10
2.3458166665774223e-10
6.6972628096118794e-15
1.5641889514050508e-11
1.625908463574166e-12
3.5545583030997784e-13
2.7845398806503274e-10
6.720099460706952e-10
2.224004758217032e-8
4.238466296277106e-11
5.0861347772560444e-11
2.7488594793341123e-6
1.671252722154269e-5
3.6938787863822406e-10
9.048480699709111e-13
5.295599364657585e-10
9.766084104431964e-8
7.73914318399519e-9
4.993297993847464e-13
6.490717432479397e-9
6.275579191638792e-14
2.482564540157031e-11
2.2494439010650534e-9
8.782765304801315e-8
1.2324397886025457e-11
3.3813053915192477e-11
1.1443817762160414e-9
4.665802115393081e-12
1.0900799837517859e-10
2.911744595261004e-10
4.1667593465471795e-11
3.8798964124653975e-10
4.823414725667296e-13
1.4184661899247383e-7
3.0949345354153616e-8
2.5223169607688136e-7
7.563802092390758e-11
4.532159342647731e-10
2.158327202357109e-10
3.4489687841891945e-9
2.058225105595048e-10
1.9142515498200935e-7
1.1278646150288578e-7
8.162208171128154e-13
7.357616595153335e-12
9.908027827480386e-11
3.412386777094277e-11
2.1027358212597824e-10
9.796694755773046e-12
1.021855301495295e-7
2.052168744563062e-9
4.4453003832835365e-6
1.969294021779141e-12
5.587225799187749e-12
4.790358495632683e-10
4.17334772714091e-11
4.971723547050208e-8
7.024823231072944e-13
3.676300035439557e-6
1.115862246851593e-10
6.231949118491395e-13
1.3057819631968747e-11
6.214795281115496e-9
1.510197496358238e-12
9.933615026529668e-10
7.47518310804197e-6
1.0672094953702548e-6
1.2088160082772923e-13
3.4051373397596646e-12
6.415782587900962e-11
9.389653541530958e-12
1.694836424210517e-8
1.7958533946537e-11
8.512742478667928e-10
3.06880303698732e-10
3.849979825848078e-8
2.2165231839326238e-13
4.55004134575472e-9
1.1332605391459893e-11
1.1387639170786696e-12
1.6458003094785769e-12
1.5389004021940517e-5
1.7839534734137132e-10
5.3840325430706214e-8
3.4742814022792747e-7
3.4830395040322876e-11
2.5385636195043523e-10
3.089925430056616e-11
5.587033858636276e-14
5.488560397639033e-10
7.245208407621233e-13
1.3746906765545985e-7
3.1499734841166234e-9
4.110664799767113e-10
1.13561433420178e-7
1.2924949159156498e-6
3.268412897265571e-10
2.0055037629780484e-7
9.568164176889455e-13
1.0596717109038432e-11
2.343556057599105e-9
3.411184559339863e-9
8.554859805153217e-10
3.7027817521818875e-12
1.3950058868544855e-10
1.2245926085669325e-12
6.867427885048814e-12
2.9928047367542723e-10
1.7696918965739698e-8
2.84609546170935e-9
1.8269354718353698e-11
5.323565763098615e-13
6.829287730265192e-9
2.696738667236804e-12
1.84808751833112e-9
2.4345966528944837e-12
3.410390368171635e-9
8.07395774352135e-11
6.594625562828812e-5
3.6323838239280445e-11
3.03370192558941e-11
2.2715008226317116e-8
1.3144927979252927e-8
4.904362054804808e-13
2.983726080179941e-13
5.5291353262190136e-11
1.0263100459811067e-8
8.79835179907106e-11
8.700065337972066e-11
3.3103064166770187e-9
2.0199013146082252e-10
6.377315318511418e-6
1.7150865108880231e-9
3.6259137003246517e-9
1.0891966504442145e-9
4.626983711476596e-12
8.553401044845064e-10
4.589322692886958e-13
9.175384527957179e-12
1.1134013577784083e-10
4.271735781568069e-8
2.8674661951697064e-9
6.00433456700569e-13
1.0642238244715338e-9
2.1181647526580932e-8
1.3456663712850918e-9
6.471528889084517e-9
1.7226992634039065e-14
1.6603933106618894e-10
8.173885689374584e-12
7.671982920011567e-8
3.5954592860841827e-10
6.876355008163677e-10
2.032617819573187e-8
6.931616451079188e-14
3.4364203590480956e-11
7.609794886034948e-15
1.3767684410607384e-10
1.8615062998518964e-6
1.912784524962249e-11
2.8780775321399683e-8
4.175182599235105e-11
4.519069940705681e-13
5.555580626898837e-14
2.503909223311803e-9
7.449609733383367e-11
5.493340089888077e-11
7.051564156745203e-9
5.190364814850381e-13
4.3888526180663447e-10
5.996996718379384e-7
7.627871123691322e-13
2.067439861059564e-12
3.950066889866559e-8
9.370316725092952e-10
1.9416467271551292e-13
1.9391382093979625e-10
6.243408379056517e-11
5.391645938366916e-10
1.2302719094689803e-10
4.0035584084974664e-13
2.771004014247082e-11
5.15062229165962e-11
1.8053788563799539e-13
1.6213710378259006e-11
4.088105732648001e-12
4.83446415977623e-12
2.9693030077302614e-11
1.5434919684719987e-13
7.0979621125775944e-12
7.139130653118514e-10
1.3878686940461597e-11
1.592673320135345e-8
7.243530434066198e-6
1.0647758999448987e-10
1.0500975419359163e-9
9.710949397574691e-14
2.958026283351843e-11
1.384360551837189e-10
4.5554729284555695e-12
3.1484815039326724e-11
4.363027224225928e-9
1.605738099569552e-11
1.5015336999673337e-8
6.190789833618073e-10
2.5190162465829794e-8
4.4304752087411115e-6
1.3795970005950314e-12
4.948708708916372e-13
4.066220249220952e-8
1.6458242821437047e-10
8.038661090075642e-10
9.977307527095135e-11
2.2172132479886197e-13
6.475619772775795e-10
2.8780973587815574e-10
9.508003041177712e-12
7.915304031124624e-11
3.492037945964363e-11
4.788785972100274e-12
3.317412704538867e-11
8.064129550347695e-9
4.06372771682843e-9
2.787244677052333e-7
3.745194338939107e-9
5.722952095408624e-11
6.619911440846139e-11
6.136762446617452e-8
9.833204789303118e-11
7.166011878921385e-11
