2.220844325567761e-18
9.538427419280208e-10
2.0423106496923249e-19
4.9114435980032725e-15
1.6511141118682319e-12
1.0558158615473794e-17
9.996850116531878e-17
5.372842271258135e-16
5.884045553691685e-17
7.747610387294455e-18
1.5132584902769452e-11
1.9422913772395347e-13
5.369942895498721e-13
8.250451518772978e-17
1.04165609623266e-15
1.0528557467805873e-11
1.47658434227562e-12
8.152655328292258e-14
7.655081792824258e-10
2.3671188820438995e-17
7.728988534272877e-10
1.743871986255813e-17
2.6802938480050577e-14
3.61490473018676e-13
4.526816814795764e-12
1.4689028619371376e-20
1.5333373034481275e-19
3.5054281478556313e-12
8.272134613257609e-15
3.042781938796417e-18
1.785082481777742e-14
1.623898578448995e-13
8.004722278337592e-17
2.4151750550812507e-15
4.517196930550567e-10
3.954313423356428e-12
3.9280119784782023e-19
4.474586062084439e-14
1.964080162094137e-14
2.9471510634227933e-15
1.5215484950153683e-13
2.483016929307718e-17
1.6067851412513512e-15
1.2931145388057856e-17
2.482872560706737e-16
4.129246518605355e-11
3.736176237884422e-17
2.4944057182500176e-20
7.384215633113884e-17
5.888917334326531e-16
4.382173016033179e-14
5.026731754863469e-19
7.314259685646018e-14
2.6640383698827367e-12
3.7206839153695535e-16
2.8031725390695623e-13
1.0810682395592668e-13
5.541774502504942e-14
3.3777853825980277e-10
2.623137847667353e-19
1.7472219597022806e-13
5.4521929691920795e-12
1.4887884562181412e-15
3.7525256769180815e-22
4.910013596156197e-19
1.0547499499857576e-18
1.7314323531366076e-20
2.6982944623884774e-17
4.836810462449441e-16
7.026986183397114e-15
3.2189589018228644e-13
7.227463732453157e-15
3.69107903582593e-16
3.474373466598243e-11
3.617382649971433e-20
2.7680546370157525e-21
1.5494876245105237e-19
1.9759497380946722e-18
7.421567705125861e-12
1.1184547642368075e-22
1.3823453594963587e-18
1.2269428635013855e-18
2.7499204732430355e-18
2.951179037240061e-19
9.737436206213984e-16
3.5719297375354274e-12
1.4961215067025685e-12
1.6544904210556074e-15
1.2504781170545783e-15
1.8144845367664673e-18
8.1698829416976e-20
1.7784708582651715e-19
7.461005553230452e-13
1.7893755269041579e-9
9.890785861311504e-16
2.2945356720120916e-14
3.5054024668927947e-17
6.204650032729706e-20
1.7110452867510048e-17
8.156695463115905e-21
5.526233159039028e-19
1.1009915006479398e-6
2.177318183530817e-20
7.523155254359761e-20
6.787197245609998e-19
3.541527187023927e-20
7.277596545600253e-11
4.875297492607622e-18
3.9109225528830947e-17
9.719882044179039e-15
2.7472135380257517e-11
3.744095061755576e-15
1.0746569744397072e-17
1.4102299268233455e-13
1.6659112742521703e-16
3.970547695987164e-21
1.0330586016730751e-16
2.8356453659210268e-14
4.3681571696484224e-20
1.947859163960421e-18
6.251827035282721e-14
1.0695486288847278e-14
1.0247447803770484e-16
1.4524274717893598e-20
9.241588556602687e-14
2.3763552940555362e-20
2.3195991132843054e-13
7.505705333264349e-15
1.8873701132957493e-20
1.1267273433724081e-15
1.401295786131205e-21
9.823609868776098e-18
1.484721917145815e-10
2.333940283040983e-16
1.5849666545033822e-10
5.144292291636605e-19
5.847167591439488e-15
2.0305884535927383e-16
8.144560171972546e-14
4.798808312698716e-22
2.5463235871043142e-20
2.9040371959335935e-21
6.235950798832741e-17
5.133844018447682e-20
3.7225404633100437e-16
3.146896409645339e-20
8.96635821299103e-18
5.88569634726017e-19
3.708628478142407e-14
1.0212781621945027e-21
9.780266164582767e-17
2.664009434400262e-15
6.942912350327314e-15
1.3374978405138466e-17
3.4648199371463595e-17
7.414485460765054e-18
5.700099202457001e-13
7.008906788121992e-15
6.4338903592829495e-18
1.8860869100392121e-22
2.817414382801551e-16
9.176717444988101e-15
7.36439845740521e-18
1.3186862171703127e-14
1.4618728156846965e-20
9.70749112495539e-20
7.185679424612301e-15
2.1388745552640972e-16
4.011919710857414e-18
4.401554050774423e-21
9.71425582679799e-18
3.44398805058475e-20
1.5828113972800318e-18
5.048384472498615e-14
5.39269487864388e-18
4.368767943377286e-11
1.4396444668418203e-17
2.35175058287075e-14
1.7832798065400715e-16
6.9248729383862664e-18
4.022532072373767e-15
1.2104113263026252e-17
3.8262099149836897e-20
7.330378529719564e-19
1.6847925737017427e-16
3.035674930444552e-18
7.824184915277475e-14
7.167909630634996e-16
2.0388584756507548e-19
1.2208637971872856e-18
7.139259119116853e-14
1.0205121946525721e-19
6.190540639239349e-14
8.379496450647693e-19
5.2157357809213025e-19
2.137620798922384e-21
1.4484886994911882e-7
8.100105914343319e-10
1.0678414301496668e-15
1.2846321692077468e-20
1.9967725012072097e-19
9.82059562391588e-21
1.862360061492399e-20
5.4302112057482575e-17
1.0248364859004474e-16
1.55056448625815e-10
7.806199174627336e-19
1.846765021388552e-18
7.891905755721929e-18
8.417884003822834e-17
1.5326773603543106e-20
2.8292391126259763e-12
2.1453016440187773e-20
1.4628323361233258e-15
7.678635311848583e-21
6.122482612033606e-18
1.141105779873471e-17
2.401610150169327e-13
5.734522722419382e-21
1.0504347567241801e-20
1.3442924557018443e-19
6.464519695607345e-19
5.630457659519311e-20
1.1128249258503846e-12
2.4701571706546137e-17
5.642370038367181e-20
3.074370121809156e-17
1.2165440230454498e-19
2.413668332046088e-19
7.270093513893977e-15
2.727878931215391e-16
1.6871976445990746e-12
3.059575112535728e-14
2.010956109448538e-19
6.735009206683224e-12
2.5024316809340007e-18
2.9379219757276616e-17
2.0052962763644844e-19
9.621796090694459e-17
5.771843812099268e-16
3.3928853269004854e-18
1.253081498292275e-16
1.8350465562097666e-21
1.0181335208339365e-18
3.978798712423703e-22
8.12390925655111e-11
4.63232952066066e-17
8.408094800441603e-14
1.6736354565530472e-19
2.6465728768155273e-15
2.888408845415562e-16
2.139513060234663e-14
3.0165577024719695e-11
1.4799539376157205e-17
1.1525716314554962e-18
7.187145798625208e-13
3.767434595125234e-18
2.202854390567952e-12
7.299055453804923e-18
4.442996280190698e-17
9.479556006537568e-19
7.206895597358864e-12
8.238044479629403e-16
6.988496250974243e-14
2.30275987036476e-11
2.1092201768587565e-14
7.021348288769245e-19
3.820501710552202e-16
6.7422186465275756e-18
1.3332650903240671e-18
2.7293572610403364e-19
3.4871538252503835e-17
1.7028958736724577e-12
1.3673753414068517e-16
1.1942368178955545e-13
7.331056958346868e-19
9.12089132631535e-18
5.08317375052609e-20
1.2856058016013909e-14
2.3184921701268375e-13
1.1840842255335662e-9
1.8184853683525438e-18
1.6997688840474544e-18
3.472626474834139e-19
3.165259425467035e-20
1.409052689934015e-13
7.319945769485004e-15
7.412524090027918e-19
6.8789104558870445e-12
2.042905321512851e-19
2.7011395337434833e-20
1.0845770355638793e-13
3.0598575338371834e-19
1.0158850379624775e-11
1.4122895587446162e-10
5.430643745305618e-15
2.9195701843558074e-20
4.3314391761891604e-13
5.075599463731345e-9
2.1316343805313525e-20
3.102586166089879e-19
6.27827251891879e-15
1.820730501045522e-10
2.2844903647474814e-18
1.2900785827195862e-18
1.0561834812829392e-18
3.620532305207403e-9
1.1526822161727981e-20
1.4369938211836859e-19
1.2339766296395674e-13
5.727987182789968e-17
1.990184512035115e-17
4.6048382330235937e-17
5.711414195357169e-18
5.618483186693174e-18
4.6868833930502664e-18
5.25116486810852e-16
1.738205040977067e-21
8.01342841543922e-13
5.7104132372902175e-21
1.1285813887260964e-14
9.903734737128825e-17
1.0766244112621909e-18
1.326569901170115e-14
5.319758811159001e-16
5.053202508527459e-9
3.17360956942328e-15
2.1822618585671907e-22
4.16212695710485e-21
1.1530154717182843e-16
1.2464982307269702e-18
2.0793268987277938e-17
6.470830276340191e-19
2.1360067867122302e-13
6.939991832377394e-14
6.136617113921613e-18
3.805481553580351e-18
3.409172488509263e-18
1.0570787896780473e-18
6.94949086453714e-16
7.18354500899131e-14
1.1602970502709681e-10
1.2687899977913726e-20
1.0256279939714675e-18
4.372284476246217e-21
1.582680846044135e-17
6.719560100894374e-20
9.317173566379192e-22
7.502917242410443e-20
1.993146488615661e-14
2.0955727364424077e-18
4.77349478763886e-17
2.264245850237939e-16
1.5778565475247504e-14
3.3427529013235607e-15
7.881332980161661e-12
1.6694355321895714e-15
2.1749285201447503e-21
4.421154180556041e-16
6.271009113713303e-18
1.3168127421287305e-17
1.7841194210215026e-11
2.0901185315715173e-18
1.0369497480691049e-19
1.2058181027401524e-15
2.5928367203665656e-18
5.082719314474474e-15
3.576882102999708e-20
2.505380374666719e-17
4.104710878261506e-18
4.5451391956928126e-18
9.37740079910978e-16
1.2929938274459447e-17
1.2988859282344304e-13
4.770179772283158e-16
1.212144067257917e-10
4.2800582908213247e-16
5.684055411958073e-21
2.2009093974921734e-13
1.463318233715783e-16
1.697964795935535e-17
2.7438470855574233e-15
6.6761528754329965e-21
7.895178523379138e-11
8.160202881244979e-16
1.3792629633088051e-12
2.890653033403568e-13
1.6532834698313562e-22
2.629259848184723e-19
2.1364084893532964e-17
1.4708858931301732e-19
3.9116599089763024e-19
1.3952832478434569e-15
7.887344174699732e-12
7.029835844123319e-22
1.20432380477791e-16
1.83805779347728e-15
2.6735102010900757e-10
1.7010640116505934e-21
6.92729702231099e-20
2.3333217817231045e-19
1.2849719949342628e-18
9.309518461051666e-22
1.7620796750825536e-12
7.833182412659456e-14
5.453398452212384e-11
1.1402680810439581e-14
3.941363330641344e-18
7.831900255927338e-18
8.401311164495137e-17
5.1490269647848545e-15
4.887287793909262e-20
8.820588243853351e-17
1.016224407918891e-13
7.694402750701031e-23
3.701950825050794e-18
9.074538408032388e-20
6.211219773776869e-20
2.351060754196337e-14
1.6941807458641948e-22
1.172600593902487e-15
1.588248948408986e-17
6.103308218929819e-14
5.922183548052477e-14
5.264658324788966e-18
9.039092032587318e-22
1.3557584655051451e-12
1.9087072419024562e-16
1.6481411080409585e-21
3.050867914387885e-17
9.478711694012e-22
1.489465042036602e-24
2.1373770979100779e-16
3.30097357170004e-12
1.2855251103861647e-16
1.602707059265105e-22
4.2498122356083397e-19
1.9148163313763073e-23
3.3205142131153954e-20
1.578286302392987e-17
2.0550539251700055e-16
1.72275375631879e-13
9.079705675480397e-18
2.53463669897814e-12
3.05563267262007e-17
1.1881653301966838e-21
1.3327248673275659e-16
1.0477302086992833e-21
7.155805843670736e-19
4.531403773961992e-23
1.834820387756565e-12
7.229289808244775e-17
3.814435719170928e-17
1.6189496793420901e-18
3.884938060947152e-15
3.946201939475192e-15
5.726423895160455e-20
4.3401123021329907e-16
2.006599031315755e-16
2.8383553380754242e-15
2.8194843978583373e-14
4.317576386500998e-16
1.4871125423273203e-18
6.27692483106488e-17
1.7337540451149412e-18
2.241280553466122e-17
6.713385924181585e-17
1.3492871653297303e-18
1.0174435920693062e-11
5.598356699021763e-19
9.055374781235932e-20
1.4851380356755357e-11
8.961795829724415e-13
1.60282521095753e-18
5.251618694303529e-19
7.110213450904387e-14
4.976072221041314e-19
4.0233791886280196e-11
6.970646242420676e-13
3.0470549292360815e-16
1.09095282803914e-22
1.6149536056362786e-9
2.7659163777143773e-15
1.1609187296384747e-18
8.719862151663993e-10
2.251611843605418e-17
2.905110924770194e-19
1.7862574336478916e-14
1.928968909161973e-15
8.293392857783282e-18
4.658578205311511e-18
3.285512576832756e-16
1.1409225650792257e-18
6.963599520429503e-17
1.6615695537022255e-19
7.814077640220416e-17
2.1632511189633787e-18
3.598513946021727e-17
2.0345482912985067e-15
8.892558305240741e-21
1.6974233195725194e-16
3.0888526703387404e-12
3.2256468266539696e-15
2.4149592183423044e-18
1.5019683624160288e-16
1.2311586101204898e-14
2.3844094660499887e-18
1.7016996961400784e-18
4.3285459007041997e-20
7.548543753256859e-12
3.223751927022563e-20
1.8001638087146606e-16
4.881525745188286e-15
2.8252065077074685e-13
1.4551168180586217e-12
2.0254752719065378e-18
4.1143021048714266e-19
1.3464763056035133e-15
1.5141924534991892e-18
2.5869812478499262e-17
1.7149219643968443e-17
1.0318664146592599e-16
5.734521642780886e-17
3.9194946664027204e-19
3.58291947343814e-20
3.1024448827264496e-18
5.89193883864239e-17
8.879225967814757e-16
1.6133135788731386e-19
5.399093713885057e-11
3.136104437988373e-21
6.014329148959002e-21
4.636862581305216e-22
1.3426034935643862e-22
4.49571736657377e-14
1.578293766373835e-17
1.7892917416621073e-19
8.545291510807548e-18
2.3851776579634136e-19
6.816642323696987e-16
1.2077779803809426e-20
2.5267589890043493e-19
1.21850230513408e-19
8.173912574943234e-17
8.025586027891241e-17
9.038352234294526e-14
8.296787041392376e-21
7.904337589937622e-18
2.0020809639235715e-15
1.9391524316283088e-21
1.3727570332562874e-17
1.2918138592371962e-14
4.455768396097923e-16
7.118666850756974e-17
2.4999477770508573e-18
4.461655872237058e-19
1.8814587760731812e-15
1.15482459101583e-17
1.2742617957383858e-19
5.2213097121222235e-20
1.3935899762872723e-19
2.7329997295580383e-18
1.72925408763585e-19
2.304895801512094e-16
1.535561169291042e-23
2.608988105008053e-16
5.441551612843578e-14
6.575115500231888e-14
9.016896996655935e-16
3.7441082155722435e-13
6.62743868069216e-16
1.5882118570182312e-14
1.8879900898573795e-19
5.3842572870403344e-15
8.378779288122976e-17
1.1966580056056078e-16
6.13487868787185e-21
6.721761727493787e-18
9.017780571084818e-14
4.497823835274195e-16
3.1612930652191887e-16
8.09941280395677e-15
2.6848672375993293e-18
3.6762713122601004e-16
6.953087332575591e-19
2.275138540888249e-14
3.778273572361126e-14
4.9172279166120253e-17
5.363387312360572e-18
3.6800329276000973e-22
3.5219714896098483e-19
3.4087458972720824e-14
3.7939351556283954e-17
2.4315976059161374e-17
3.6391779545002282e-19
3.4737934282208986e-12
1.1433765107016804e-17
3.698556024448e-18
4.369893796689008e-15
2.806923380737263e-12
4.125379165308905e-10
4.2447654872638e-11
9.040772247995695e-23
1.3395992396595261e-15
1.282413672085926e-19
7.939623196944556e-20
2.2633776874265067e-15
4.370874526700207e-19
4.551836853307809e-18
1.0543948072251129e-17
3.704363312427844e-17
4.5743607776208354e-24
1.100209671482489e-15
8.671065349774986e-12
3.769233985186385e-16
1.5522447664377533e-15
9.1776014099689e-19
4.538994364584613e-14
5.234175229099703e-17
1.72364915677154e-21
6.754492013585873e-21
7.679173306346128e-11
2.989532857617951e-14
2.5171543108522174e-21
3.1554367512573013e-22
1.7875849581835516e-17
4.159221539519588e-23
3.655679243366586e-19
5.253204904985035e-13
3.3137024206414656e-17
6.834840564496268e-20
3.2454291713883705e-19
1.0265454901614781e-19
1.7896722644725158e-19
6.984753166310451e-18
3.0294407743551447e-14
5.259630242872236e-21
4.785772022931656e-19
4.1296467605558244e-17
3.36574833720712e-12
5.447711120545285e-13
1.815974485468785e-21
3.8183923108358134e-19
1.1404762757633946e-17
1.36959290266898e-18
4.8938163476224403e-17
1.1847211783258262e-16
2.895884865606961e-20
2.6179446034599086e-14
6.282557967334595e-18
2.155076303492161e-12
2.9812477954377524e-12
2.0053407533258792e-17
4.93051204097548e-19
4.436582417401206e-13
4.7510267871300855e-17
2.5264938353642458e-23
5.227093687815663e-17
2.5960906280738292e-17
2.515734838296964e-18
4.3684923010898534e-11
4.578589218654872e-16
1.0174868752648077e-17
2.149492154359244e-20
1.7271024654189607e-16
7.591088220707659e-23
6.012931175919835e-20
4.702207766374379e-18
6.301680699266815e-21
1.6420593055387593e-23
8.166350452122428e-20
1.6621405407069646e-17
7.53685938627725e-18
8.895382490830468e-16
3.4360847782302323e-19
1.7012058765211812e-20
5.761541334305353e-21
6.81418900507414e-21
1.1993079838087697e-15
3.6848363398516895e-18
8.760205371567792e-20
4.5734172373562814e-14
1.033531238393505e-15
3.447540724399155e-14
5.874465502961564e-18
1.0280489939698756e-13
3.453819796333839e-18
2.3096370880609512e-18
4.114138589818402e-19
1.480385750122961e-20
2.0466667070318003e-21
2.891552866608291e-20
2.0521492682578548e-17
4.301135982575473e-22
6.044596787924367e-22
5.910426762526653e-23
1.2606715873555105e-13
9.063924074389627e-21
3.7295210517233746e-20
7.483553740532773e-11
3.496077970029651e-17
1.7771388745796622e-17
6.0994076398248964e-15
1.4345950160260552e-16
3.4610257341775257e-16
9.395349229025166e-18
4.7762931722021935e-18
1.0284933412943795e-11
8.601886054867719e-9
5.234702418473878e-22
1.4138432175992718e-15
5.361214443833513e-19
2.7929530552549447e-18
3.6227702717996466e-20
7.440106736958831e-12
1.6348453458767e-16
2.4069993835944548e-18
1.080427740353441e-12
2.378355279281326e-22
2.627647719284919e-19
1.6184073070949223e-20
4.814112221047438e-17
1.3534275608712765e-18
9.496515085354591e-20
5.278109851330616e-19
3.827176655067138e-15
8.639378860231116e-17
4.552921431216911e-19
7.41590520982365e-20
1.3239355272229096e-21
1.2049238181990236e-16
2.287332851890951e-16
3.191797891423754e-14
2.1323030920959097e-17
7.24793393010222e-20
7.743832094603998e-14
3.354733069368748e-15
2.3746923221545487e-18
8.557123809041789e-15
4.0685247835770565e-18
2.902391430890289e-17
2.6636436529950705e-21
1.0662402504742048e-19
4.0719069091132946e-17
6.031411508383044e-16
2.8180822137827756e-20
7.731088204171284e-13
1.4570115083212191e-18
9.025989097926622e-17
5.689997801594399e-23
9.982876382382689e-18
4.0698862074414633e-16
1.8316880128136885e-15
1.2597588122893416e-15
3.976525829721803e-15
8.009705685516282e-19
6.18493425603106e-12
1.0101864997425208e-16
1.4356878257634174e-20
3.2919910489928795e-18
1.9830147651391176e-11
1.826178326035855e-12
1.3508419991516042e-12
4.2064773740004036e-22
6.031196401038711e-17
5.0188461347107395e-19
1.3180391588064952e-20
1.414538047250811e-13
4.467835533770917e-15
1.9419179453673936e-17
7.92047919591697e-17
3.8096168155965714e-20
1.4494094906914359e-18
5.45065169993242e-18
2.0742340852405496e-15
3.413040065596304e-15
1.7374272786364347e-14
5.622052893636698e-20
1.814474247885534e-19
4.5104934443492545e-20
1.0392846415815535e-16
7.334911098821785e-20
3.2943688193032656e-14
3.8798537992858705e-11
5.318533216460592e-17
3.168117838212826e-18
5.343551751101156e-21
1.3975124155661925e-17
4.635620295896879e-13
1.3140610244392987e-18
6.913895507173571e-17
4.984437105131364e-19
9.628246271927264e-17
9.614591253250719e-15
3.4742479696084114e-16
2.7740742063840046e-16
2.0592177913943194e-13
3.550035152351253e-21
2.4417045837246354e-23
7.198503090339044e-21
4.392683391983931e-19
7.647526622851701e-19
2.9817472233754e-22
6.928827285842453e-20
8.990697380294672e-21
9.157713389275626e-15
7.279885802183525e-11
4.2642223103583e-15
7.50266327968172e-20
1.467027257561286e-21
1.2409278284472102e-19
2.946706357142623e-11
1.9606569683531484e-9
3.096564016269026e-16
2.0044664946014724e-15
4.3238997520155306e-19
2.5690669104248785e-17
1.547353682156524e-10
1.8533570021725547e-17
6.109609205240095e-19
3.1804141425204925e-20
7.605153563866768e-15
4.554109587421355e-20
8.283331672290473e-22
3.969557681475358e-18
3.8959573662492653e-20
6.627184637262353e-20
2.2308482796315626e-21
3.3468485270524816e-17
2.247422877612307e-17
1.0624907287415481e-13
4.443064858524994e-16
5.090528326875638e-22
2.1743921163148474e-19
1.0621704692675017e-20
4.591027770139066e-13
1.2331948646936594e-16
1.2643861523591167e-15
8.663006194713588e-16
9.745463652247027e-13
2.6494554201923926e-17
2.7950177292014102e-14
2.1898237339539337e-11
8.583165762661679e-20
2.674206955658613e-22
2.553242457171352e-19
4.3113585738675375e-15
1.7969291618817365e-23
8.98746694672372e-12
2.760477213444746e-17
3.620316743356919e-21
2.406121012102673e-20
7.421509159429552e-14
1.149181943932014e-12
8.273976807936296e-21
2.593660029826951e-24
1.5545415689380036e-17
2.0574097809858183e-20
5.757948841011511e-18
9.826799589577333e-14
2.188770929384594e-19
1.9346027306264627e-17
2.803998540522506e-14
8.996615686323022e-14
1.2246526098048504e-14
3.5818570343511727e-22
2.3625220506699053e-18
1.2243458527777477e-17
1.2762500708566978e-18
5.204678356244926e-21
1.0158762158010756e-16
2.3024252322452057e-19
9.186616041626821e-10
3.151471235116102e-20
6.84684229780673e-21
3.038489843668293e-19
2.5656537023254247e-19
4.25827660430426e-20
1.511634053336429e-17
1.8365518808420863e-20
2.640672413434555e-17
2.1309551862172123e-16
8.584843564005585e-16
5.7848805431646656e-21
8.118936605336968e-7
4.026902694661024e-16
7.089877071745492e-20
3.162431339085925e-18
4.0339712125278495e-19
5.513032727518766e-23
5.683256982911008e-13
5.441200074593614e-22
7.845316948165752e-20
1.2642258999416546e-20
1.2131189030169703e-13
1.8817108825226994e-18
7.162986842063069e-23
1.2600634749052454e-10
4.62927383800795e-15
6.915384708858938e-21
6.166011601412096e-22
1.4600777090384245e-16
9.285390768518142e-16
2.789071332001924e-14
3.331982743852984e-18
4.1579376475263623e-19
6.491753837397493e-23
1.2711709490632673e-17
2.4370996144511017e-15
6.353554402589397e-19
2.469673649218033e-17
4.933801411958177e-13
1.703561137162331e-15
1.2063693319125867e-22
1.7129380044787095e-19
1.7169831862609267e-21
1.5446334396681452e-22
7.426084120800262e-18
1.4911480077123985e-19
3.630371114177285e-13
2.99173965361878e-23
8.414237062800487e-20
8.71344548432283e-17
1.4302754411052112e-18
8.822806976607324e-17
3.144531160083445e-19
1.634036675913525e-18
1.483636607103876e-20
1.0104292309095353e-18
1.1345721389125064e-18
1.9735522351028987e-12
6.595338691608948e-22
1.4698429877907885e-8
2.9443159833475576e-19
1.0750556760628207e-17
4.7320280715594254e-26
1.8950165648470446e-18
2.898825703107795e-20
1.265879305083251e-18
5.292183256605626e-20
2.465217588472219e-21
6.78025657207068e-17
1.40834074398059e-20
6.281488594005327e-19
2.002590031565983e-19
5.1718679406466915e-11
3.842907912934224e-21
3.802055746401959e-18
1.0585581435164805e-9
1.4260788418315122e-13
2.072675622308726e-16
2.5760130651034527e-18
2.6401955932095586e-16
3.3619744577090317e-22
1.1395273303581625e-18
5.0435716018318006e-21
6.420813792708809e-19
7.4448030588466e-22
7.437883246613733e-20
7.321401236360888e-22
1.017010030476603e-15
1.7485529397039835e-10
1.3835501226673867e-17
1.300415253733177e-16
1.867467763525501e-17
1.9272513712532584e-14
1.1508474523871655e-18
5.649201204732585e-23
5.315356865263689e-19
2.576890327818533e-18
2.2032510694450453e-18
5.1696847146237467e-17
2.9431481432447486e-15
1.5224905949978737e-18
1.71010420064184e-18
2.7384874057299504e-14
9.797276679408449e-20
3.0244443470811474e-10
5.544977770118629e-19
4.706393504848885e-13
1.2120531018643451e-16
1.1747061306397085e-13
2.4847104357342006e-14
7.285415954026426e-19
7.794783144812325e-16
5.926285932926911e-22
8.890748419283484e-18
1.2296425724005187e-19
8.322209286439915e-17
3.335084598638054e-17
2.923222109837547e-12
1.0375170887327511e-13
4.415052768810212e-22
6.22631831334195e-20
5.241249210602732e-21
7.615279548587252e-24
7.668060308147786e-21
1.766227905314431e-18
7.656560399390333e-18
4.845041913153422e-16
7.198745142742797e-13
3.529256327010762e-14
7.335323187554928e-14
8.019230332665966e-14
3.614632376692248e-16
2.952101676873404e-19
3.128540191407259e-17
1.514503719213652e-13
5.760766576981255e-21
1.40521992886536e-17
6.950562724462816e-21
2.1609307090067093e-13
1.173599748763886e-16
9.84986718904844e-18
9.663038146838865e-16
3.3646629223633566e-22
7.535350113034163e-21
1.214164504668063e-11
6.324990703198011e-20
5.103239227361221e-17
3.392093322844543e-14
9.238983951315406e-19
2.1319182150121442e-19
2.184406403016285e-19
6.763606129482623e-18
6.124877696191907e-14
7.903624403298734e-21
3.388435244585562e-22
9.981769725963658e-16
1.4292324559429748e-14
2.1907717151541482e-18
1.6628656776408371e-22
5.658518482563617e-19
1.9077308875602468e-17
1.9886467176361085e-20
2.354811580601334e-20
5.928684719833682e-24
2.604488025484052e-18
4.961682232668581e-20
2.1736331617303854e-19
3.1311220368384005e-18
3.9972892847943245e-17
4.649858626081926e-23
2.7695663844758114e-18
2.3603056888637984e-20
2.0148848171734276e-19
1.792022178264694e-14
2.938102620471262e-16
6.325079686342736e-9
2.1067661175776247e-21
8.51046830295306e-20
1.547519222733411e-18
1.2394276660970492e-17
4.1775398931880883e-19
4.082106593311712e-15
5.4083411436104976e-20
3.592927145764407e-11
3.380318067855482e-20
4.021092553986788e-21
5.406837595683318e-18
1.9145751107414367e-20
6.500107615932472e-19
1.1754533069293423e-17
4.681019703049526e-22
4.525807151241195e-15
1.7723433393340773e-22
1.8369271714442082e-10
5.37981011499003e-19
9.007580569212067e-21
4.86771449687793e-19
8.080220842391897e-19
2.330096103408153e-22
1.5716080521734901e-21
1.114336367281508e-18
3.156368969276709e-20
3.822230551607679e-16
1.343714086063181e-19
1.4306327326078933e-23
2.5508481914432394e-21
3.100552642680353e-20
3.549239361390099e-19
2.452019428660107e-17
1.8599085499124364e-18
6.139351260451622e-21
1.3301929038337311e-9
1.3155953837398393e-17
2.180815330840394e-20
4.1372097002220504e-17
3.1270633568909122e-18
3.9481167109421056e-21
1.1365608873091155e-22
4.6064437253319505e-19
2.3264315536155798e-20
1.2365894054475238e-20
3.761757350796293e-18
8.875127263288698e-17
8.850094598940461e-18
3.0106340161953586e-21
6.672330534768933e-17
1.0532120476386618e-7
1.0550405052689187e-17
1.2896326110036166e-17
2.960899890911531e-16
2.692260673188468e-13
1.179003090346227e-17
5.646141010082003e-19
3.0108191025401935e-17
2.3188671955595687e-17
2.222088930091122e-14
9.786970552297086e-20
6.48367737518139e-21
4.466998753788791e-22
1.2803146673658913e-19
4.800120246804667e-20
3.762035167230577e-16
4.0919374418183734e-17
6.499677023036294e-19
3.0606936410166505e-16
2.6197647742098032e-17
1.9707766241137318e-23
1.9186764704659444e-18
1.1641707144787825e-22
5.2110152007390934e-17
3.159743837236327e-14
1.7509303645422273e-15
3.215430649966395e-20
1.5742962443426785e-11
3.5474185237772646e-20
1.294033437182543e-23
7.31902432480092e-19
2.3190126799610524e-18
1.056976511733365e-19
2.9587608974041636e-18
1.191842984690297e-16
1.704563570624588e-17
7.158852486320814e-12
1.317954563663925e-17
4.116329068940654e-14
3.4248291691481355e-11
1.6178650691605486e-22
6.671358589075888e-22
5.752219471203773e-19
7.007089480419972e-19
2.7682894232707914e-17
1.192418666258102e-21
6.271149558479318e-22
1.386818009664398e-18
1.734115004531565e-19
1.527342421266112e-17
4.0441897289387777e-16
2.6102867438791318e-20
2.0237579576345652e-10
2.8087239990811937e-19
2.2827212891700342e-20
4.535063924870355e-19
3.1369720435232077e-19
1.747365220382741e-12
8.221622830407924e-22
2.174800538081988e-19
1.4844708739139822e-15
5.422378869373585e-21
3.42906746552717e-21
2.6126936540835377e-15
5.247954357069474e-19
5.2821887081791116e-23
8.619206506305215e-14
1.1324111456787262e-17
6.99027004076531e-19
1.5244470109971776e-14
1.23764660769238e-16
4.772704545775296e-18
5.104721312779818e-18
1.4074973281426908e-18
1.88522060749855e-21
3.995958198516894e-20
6.791607056825793e-19
1.8215765569776968e-17
2.57962012002172e-16
1.8757762929697373e-8
1.3119845923333173e-20
3.054266417187138e-16
3.293718470661376e-21
6.7438903595012e-11
4.0243248234841453e-19
2.62354040841063e-18
2.2875356246950285e-16
8.084890706574077e-11
4.0362238967081054e-14
5.607335158551836e-16
2.2338764753572718e-20
1.55738698956484e-17
4.7665959413397765e-20
2.4742872090204563e-22
2.5805947728800814e-15
1.8370740531788746e-21
2.431681492235962e-14
9.729779781577135e-19
6.366224618840492e-22
2.81881546493782e-20
1.2881439798652861e-17
1.8630875218222173e-17
7.464975777932844e-21
5.913288493656673e-21
3.84307216042108e-9
6.601994206223111e-19
3.7426647609028366e-17
2.098100495047095e-23
5.065490304590711e-18
6.111666282683958e-21
8.146069997428233e-18
4.3882329703429835e-17
1.0485304066112374e-20
2.8913692190553083e-15
1.359563881638788e-15
4.8113596398408593e-17
4.8763050693979947e-20
1.5770810578821263e-17
5.954411989896073e-19
1.5608997108503532e-17
2.325024498385084e-19
3.097198725015464e-17
1.664910466409977e-13
7.472438120950367e-20
1.4403834467272303e-16
6.050512254471976e-14
3.3295886848882134e-22
8.100073100039687e-19
3.1388099142993206e-18
1.1176872983750512e-20
1.6273791142946013e-20
7.902986722718816e-18
2.347545819012517e-20
2.6110419588443267e-23
1.094348011300538e-15
1.4395607273425757e-20
7.804551378874792e-9
6.656210561946532e-20
2.06840898059301e-18
1.6882394396535816e-22
4.778041479729119e-15
3.471991454643468e-20
5.103848278401754e-15
1.0153989812532506e-17
1.3123032659602706e-16
2.4261591442903587e-22
3.7400644129266784e-20
6.211851726095317e-20
7.93027496879052e-23
2.878177305110063e-19
3.777168714117493e-15
5.899900269173396e-21
2.687776685408863e-20
1.3397361743879821e-21
1.088627877034546e-15
1.6934119632765282e-12
2.406991062123189e-15
7.600137109385293e-18
2.2033227908830903e-23
5.343341689524098e-19
9.880967779793746e-19
1.9375396174841226e-19
7.875543665998024e-18
3.201961909015058e-17
1.5985618891834996e-16
1.0834398932991554e-22
1.2542521872561276e-19
6.4494521706101964e-18
4.759846576162112e-14
8.941833484829283e-17
8.141954568372611e-12
2.4475948970443428e-12
1.4418007804144493e-20
3.410050574673126e-21
1.0497975651169623e-9
5.9086931970283706e-18
9.451752285015237e-20
2.375180021407436e-13
3.0308942796607108e-18
2.612857611478164e-18
7.309075424734073e-20
4.636130128995655e-16
2.55451603428686e-21
2.077852197013476e-22
1.1696111552041799e-20
2.2258046294934834e-19
2.906100821062764e-21
6.7885423985487696e-18
2.7649364746328102e-22
4.697447125945636e-17
2.171881419152302e-19
2.7404897745576894e-12
1.3996163481202531e-22
2.596170366627239e-19
1.0873901941243906e-17
7.8163029143403215e-22
1.4283277521335124e-22
1.066347077028866e-17
1.9559430207091878e-15
9.309194372660998e-11
1.0432883962189886e-18
1.4147222566000026e-18
2.602154884216269e-17
1.3052469830581699e-20
1.1078302317208996e-18
4.474264516043025e-20
1.3033573324703592e-20
1.3883444437951038e-20
1.5729896910375594e-18
3.138493070460431e-17
8.472587324616201e-25
1.2493764397959417e-17
1.2895945947028093e-11
3.942113486227085e-15
4.818947935346562e-19
7.738597020499172e-14
1.2855161180151667e-18
2.458962405417478e-18
6.605721999886896e-16
4.8500582560375726e-23
9.515704110881425e-21
5.160320943363233e-17
4.1905411206140455e-16
6.575639445506963e-19
3.492600001380907e-17
1.0867939515805986e-20
7.658773079623755e-20
5.416123202187224e-15
1.2466714980254916e-16
3.782352541522587e-15
8.828635897808607e-19
4.3278155541490354e-15
1.5073916473611006e-13
1.7462582301447906e-16
4.873585402422374e-15
1.3658966308899767e-20
2.1544806795298255e-10
8.803561479302663e-21
7.126134310448245e-18
9.043388355792097e-13
2.8772619325853887e-11
9.892255884531232e-14
1.5989881305673268e-15
3.4898662074142653e-22
4.920187203414423e-18
9.05145948855336e-22
1.5643467083564055e-20
1.0240233317831604e-17
5.2937933266468647e-20
3.607695355157243e-19
1.9761417464668454e-13
1.3139399034095919e-19
7.929750285959381e-23
2.5144608550291685e-21
2.468491111178799e-19
3.7132468429943695e-21
2.4690108964233533e-16
2.1289397724431594e-22
8.257656828559014e-20
1.361260059127183e-22
2.12565913784169e-21
1.553939532973237e-22
4.110378202209648e-22
4.568227830129076e-13
8.6327430122903e-21
4.5457185156457695e-24
1.703523430617649e-21
2.39022351831733e-18
8.117066237773175e-17
8.031197792771449e-20
5.198267280408404e-21
6.146057646025894e-17
6.976645387541226e-21
8.304127417405785e-24
6.777225929688027e-26
4.483275099193646e-23
4.2180210043996155e-22
8.215251328379682e-21
3.4867809169038632e-19
4.77201166891853e-21
2.02783836192098e-15
1.361758946268004e-19
2.713496129489414e-17
1.9489142939072828e-21
2.333643747398927e-24
1.4744221716701426e-19
1.6429706877015105e-22
5.341810430381545e-21
3.953687836290761e-18
2.38886850000258e-17
5.2320612897763137e-17
4.8420304970232306e-23
3.780426125674809e-19
6.546519532533954e-21
3.860257211204265e-20
1.2879600618506328e-16
5.020810063119607e-20
5.156402608564315e-19
1.4111358699556318e-6
2.8992086185898743e-16
8.363374973791707e-16
2.9014066359539463e-19
3.0955297354193837e-18
6.017401798591366e-20
4.0818321537118287e-17
1.3734116959421457e-22
3.4191169465085255e-22
1.1795634609224679e-19
1.274033976402059e-19
2.8088804371422143e-16
8.759955226035583e-17
1.17465805018918e-24
2.465053405745291e-15
4.548709421333619e-21
2.0406969606776217e-17
1.0656448141853181e-21
6.156610110879731e-23
3.6594600632420995e-11
1.043705035264677e-21
1.0514915465879852e-19
4.7104248445733955e-15
3.410578459465796e-20
4.0429627749049375e-15
4.3041019543947286e-23
4.788700139364748e-21
2.0826735790955284e-18
1.0370971507053082e-14
4.020004612557743e-21
9.145894113353454e-20
1.0569652763430744e-19
2.9624972598261156e-12
1.8660663320096854e-18
1.2723976882824482e-15
6.00614766884555e-20
4.156924147404899e-18
8.169652090061611e-23
2.2153059633948164e-20
2.545350848799112e-24
1.7981368923558203e-20
1.431960664337751e-19
8.610481571973281e-17
1.5791943166701968e-6
6.095936343512571e-21
4.739112634828437e-20
1.133061008410409e-17
6.575807824500972e-21
2.0353299610596197e-16
9.483866488075722e-19
8.063223419277202e-12
9.342655471966039e-17
5.959645228561608e-15
2.1180540928925725e-18
1.1473026331437865e-22
5.254329200832026e-14
5.0844563595627646e-20
5.360381770628143e-12
8.55897532682482e-20
1.1424351392428885e-20
3.363097914919284e-23
1.442613492203093e-15
2.0405513286478996e-19
3.1004141379776414e-14
2.1501731972826473e-18
1.7790255257196125e-18
2.877761445128286e-18
1.4734289914632954e-20
2.3241812390871035e-21
6.83659633249027e-20
1.0885056345970051e-17
1.0459943143874338e-20
3.9898844364896684e-20
2.744015943059335e-21
4.1170830896650716e-16
1.4688604632960136e-20
1.4440664405072173e-18
2.13497838020081e-23
9.746072622330855e-16
1.8581075974635456e-20
8.707703630058766e-18
6.356916774904059e-20
2.204830751838857e-20
5.749704617089421e-20
2.054518743183288e-16
9.106186658870517e-18
3.7738193233322147e-19
7.502980617385851e-22
7.750300926626475e-18
1.4598544625169294e-12
4.564977516693972e-20
1.8096970788241365e-16
5.387469874160412e-17
1.3700982497139698e-18
1.7619072429655804e-17
1.564112550682077e-20
7.517145528651879e-14
9.877493203822385e-19
6.489756191542599e-22
1.908627099582028e-19
3.8944985624351975e-24
2.3559725615808634e-16
1.7049908872448946e-18
7.499303172427272e-22
6.810884673318715e-19
5.2093863814145984e-17
7.160915260509789e-14
1.745897520413803e-19
9.598888231188464e-18
5.391836599068014e-16
1.414292666277397e-17
4.0377612619777924e-14
3.94044690207593e-21
2.3751625998440003e-22
1.427019766608832e-15
1.9205852413476122e-21
1.9372875200313326e-14
6.865402638895458e-24
3.6748419837441207e-16
5.292841239830289e-23
7.111546671822491e-19
1.8710986302706826e-18
1.576478597793893e-17
3.045417204201676e-18
4.891870838145686e-19
1.4971828897616362e-14
3.2496929497977673e-21
4.657726459400997e-19
7.181947028906492e-21
9.534849460631459e-13
1.0287156639772515e-23
5.098851481343681e-21
4.8296434344496235e-23
9.866493665627757e-19
1.0579319827286886e-21
5.166074233179463e-17
1.2581326838237221e-18
4.928535050704955e-25
2.5260681354745597e-25
1.4387979659008298e-14
1.330993837715807e-22
4.170275785461614e-14
5.1317003372887095e-25
2.6709195790804644e-22
2.6749943710881557e-18
3.852396454030705e-20
1.7648792456255978e-16
5.031760023928473e-17
4.392345938408024e-20
1.3357314449054487e-19
1.3925477414366945e-17
8.111841939505813e-20
2.1661578538844784e-19
8.414206414300591e-23
2.6311498362599168e-20
8.77037177235067e-21
6.391171776767835e-22
1.576727304161318e-16
2.4794580384304173e-23
1.467660548878753e-20
1.4184621759744305e-10
1.2934028774551719e-22
1.0302322301480583e-15
1.2494511393530023e-23
2.499944370844575e-21
1.605933404337286e-14
1.1373120671623393e-23
4.159259072892609e-21
1.0560894412408145e-20
7.45034723937036e-22
3.6052141443451596e-14
7.829706831172024e-15
5.749666693243126e-25
9.440579494330614e-14
1.1768047757404891e-11
2.222907682775259e-22
6.269419868161684e-21
2.4826671333288657e-7
1.1661540539380527e-18
1.2355992164209901e-17
6.126074920577936e-22
1.415064573662474e-19
5.672895785121807e-23
1.6017770640321828e-18
4.8884463436982624e-23
1.8147267599499189e-19
6.283781689442188e-23
2.760629316754924e-20
1.0512041619004587e-24
8.680663542321563e-20
2.1450815281416086e-17
3.6514244013116614e-20
1.031962751223618e-11
1.1272054856178987e-19
4.813741065029872e-19
1.881388374201903e-12
6.089089726192125e-15
3.1139611164408274e-22
1.0655216724782172e-22
2.6616243856837135e-20
5.397759892605505e-14
7.361454623742451e-19
1.0246075855056275e-22
4.165277198992053e-23
1.3279973083797295e-19
8.104140093826846e-23
7.61239153282283e-19
8.848151028946498e-16
2.1269363091923227e-20
1.3156758995882661e-17
1.658420866071906e-19
2.318086149322198e-22
2.098273248101578e-18
3.241723099715325e-20
5.924284145672381e-16
5.849608448700233e-23
2.823052212224176e-10
2.4490471597548594e-17
2.5313459698862507e-17
1.2824530931911052e-21
1.2734704713952432e-15
4.537411498657494e-16
2.8628616795935746e-19
3.6745573288894546e-19
3.328799923572947e-15
1.5593280506754825e-16
7.709554345508112e-14
8.412762865194878e-20
1.9270709576891654e-19
5.856708870257998e-18
6.574930569187832e-20
1.83737329620668e-23
1.4649900426426238e-21
3.677622704363433e-19
2.0713237832169377e-15
5.918371127100434e-19
2.6791655857870736e-23
5.1006895609718766e-18
5.46643062701466e-19
7.101392332383899e-19
1.5258546962749523e-20
5.354059009889681e-15
4.847193407305034e-22
7.765105011771454e-22
3.3892325884246977e-23
2.416682707042022e-24
1.392368942494395e-23
3.9500188859670708e-22
8.845255480627102e-22
9.779237915607268e-12
8.590956909130544e-20
7.180939800044713e-15
1.5490884605150486e-20
1.9273471981725733e-18
3.854542986542105e-16
5.3282988025960637e-20
3.996508085330928e-21
1.9984250589628635e-23
2.510931159691396e-11
4.726245442436221e-19
1.0034942348098696e-15
2.2269518320800707e-19
2.268014611230081e-23
4.161132590801836e-21
3.7015823259156765e-21
1.3005024224413023e-19
9.978293642661348e-23
3.297455698233004e-19
7.255465803805853e-20
2.2228368707973645e-18
5.426017835673494e-19
1.090659831863983e-20
2.2219375612058458e-11
2.8658937576323262e-18
1.4000173232944581e-18
2.138643820491708e-16
1.2063244134554511e-19
1.0545893007131287e-18
3.87952996560841e-21
1.6927615466906092e-22
1.0342454089399615e-21
1.4422587319568775e-18
1.3808395139183297e-20
1.5969646772684294e-13
9.839984211412807e-21
9.036397815735963e-12
6.325912058041824e-18
1.9566583456517614e-19
7.816072490547339e-17
6.7894135404011825e-22
1.7614512944357565e-14
1.3238423916276659e-19
2.457360693990501e-13
8.639486307609918e-24
7.091624960345255e-17
1.2805718084804301e-21
2.1813723936294006e-17
4.706992232622465e-21
1.5880709553974617e-21
1.71513133836175e-20
1.8450774435077716e-17
5.757773463474066e-20
1.1559317171215277e-19
2.1694316816033187e-19
1.193984873075837e-16
1.1147678680704994e-15
3.857036439698712e-11
1.8927248968463527e-17
2.0744038865454303e-16
6.221315978996394e-24
2.497338055383485e-21
1.3731561425593506e-24
1.6721102382602768e-22
4.637150123141638e-16
1.1838173119878772e-22
1.918181561260646e-20
6.891225272105108e-20
2.0789763282385013e-21
1.7399365049702317e-20
4.046055387967778e-22
1.264359016040409e-18
1.4202410829389089e-18
1.3097286026994146e-16
9.778302208897753e-15
9.530126022592612e-19
6.07823867536842e-23
1.8118772215538243e-18
4.555502029049922e-21
2.5501426767088373e-19
1.9417231719521434e-19
1.018578158295623e-22
3.7595286041601427e-20
3.5909150002408975e-16
2.5871562233164363e-11
3.2390839811420025e-19
1.345621579477363e-16
5.650700855949445e-15
1.8981830486908604e-19
8.092587764865913e-9
2.689930646758043e-22
1.3034215978592154e-23
1.3756734450145886e-23
1.8316677622730207e-16
2.531167351174422e-18
2.0824359044075594e-20
9.716598113699956e-25
1.9420063989261467e-19
7.987108689539645e-21
7.174704125628604e-19
1.432347021974117e-14
7.479091580002846e-22
2.625636940588152e-19
2.8375602457959655e-10
1.0657353640071245e-22
2.2401774442811402e-24
6.593939761020646e-21
1.7914492673739366e-16
4.232815520926865e-18
4.991157727093383e-18
7.327854802634754e-20
4.482358759022147e-22
2.8923282296521714e-14
2.883315387635124e-22
5.492749721551555e-18
2.3144643920067127e-17
3.568851967929594e-15
2.5889198225040657e-18
4.379309783903127e-18
3.66018092707722e-19
1.603330198640582e-21
1.7504577886042447e-19
1.439976156799938e-24
2.352562988445451e-18
3.663699431977297e-20
1.7910975460860316e-23
3.3781234556933314e-14
2.287841367713145e-19
1.177635663972731e-18
2.8787475238845733e-7
4.935234306119123e-23
4.963866135677946e-18
9.497089970435606e-11
6.584421231960455e-20
2.5037312117854087e-15
7.560365411339116e-21
1.871103726608329e-21
3.668429896154832e-15
1.2454327486761278e-24
6.208660483362899e-22
8.707097635578909e-18
2.0202286798331545e-21
1.8305650974842537e-22
1.935491799578011e-12
9.413309633791428e-24
2.482923530597294e-12
6.7818685918073e-23
2.228001364231879e-14
2.8154428966201433e-15
9.876239326074839e-21
1.6296643975535223e-19
1.701192887969288e-19
1.6723790042983022e-19
3.027918416090072e-22
2.622875724650301e-22
4.5134431302654985e-20
1.6839589255424179e-19
4.6856568041192404e-20
4.494765982941919e-24
2.306125633355044e-16
6.105375759574799e-19
1.7872889935904985e-12
6.641016010270147e-11
1.1104733039048085e-15
5.324149180667422e-23
7.382136409090123e-19
2.1422097010379854e-18
6.084390419501897e-15
1.4588668508642342e-18
1.5896502727730463e-20
6.8216189806603326e-15
1.285457249357677e-19
1.1065413407503412e-14
5.1545075700765194e-14
5.4192014602217357e-20
1.5175528492236038e-19
1.3071687658747412e-19
5.243018755686529e-17
1.15034470494185e-12
1.1221781589735347e-24
3.7832023796068205e-23
5.516451423648805e-19
5.59773031772947e-16
1.56137611018434e-16
4.9131440519121014e-20
2.536404264871672e-22
2.3715714870815303e-21
7.80790380811472e-10
3.4980301339016984e-24
1.2412962893669838e-15
3.102693865052758e-17
4.988295607706296e-24
5.693595282211302e-20
2.1259916338508887e-19
2.1442370544725548e-21
5.164686268718166e-14
9.370971385754825e-24
1.9362107342775697e-17
6.411110118755689e-21
2.4812545596454298e-18
7.801631385400901e-22
1.8500890680962309e-19
1.932075258681048e-22
3.691898453018919e-18
5.315323920186082e-16
3.1785748083915965e-20
3.39473203751809e-22
1.8053909521069172e-19
1.8635388671543487e-23
1.0173368776569e-22
1.4727346099285407e-20
9.86956915321088e-20
2.9046883106180556e-20
2.2750219047242457e-17
5.835803048005678e-20
9.651107196518528e-17
1.073368685838875e-20
3.945354725855255e-22
2.034815177690227e-17
1.8930419446392622e-17
4.26134547605325e-18
2.0321073588587267e-22
8.132032331925332e-16
2.228221268387716e-16
9.534370413355145e-13
1.7218875091474858e-17
1.397843431824232e-22
1.570818292554625e-16
2.3663602382490133e-18
2.0770150536675774e-19
5.501633352216283e-12
5.476650337864106e-22
1.6169835844817232e-19
3.9831900573712034e-22
8.643584931008552e-21
2.660638275237532e-16
5.803233581846515e-22
2.009550193284768e-14
1.059006919672339e-19
3.270800826538983e-17
3.010237597246512e-16
4.751239294427738e-21
7.856311807996274e-21
4.0240054331848916e-23
4.665128512295578e-22
6.1872304269369e-25
9.334980697189163e-16
1.7670606310491402e-14
5.930507914667711e-18
1.4385167896040465e-9
1.0765985103739671e-12
1.834072981143294e-17
3.276331722133918e-18
4.206973964148814e-24
6.934543002220478e-19
1.7115042814249842e-20
4.82982876575392e-21
4.773169123727769e-15
2.6975877499916015e-20
5.484700664422796e-22
2.679863420137195e-20
7.443736539860576e-18
6.079464103212701e-13
8.616211952795445e-14
2.213357152797518e-20
1.4293123443747845e-17
2.533643935300289e-17
3.7335334779287547e-22
3.2956526987685528e-21
1.3295344444679244e-18
4.2223394266328187e-19
4.896121142631803e-10
7.026374057872731e-19
6.403612810664771e-21
7.014488576954703e-23
1.029564492065067e-11
5.830690934611847e-9
3.8187100926980614e-20
1.0095078662704927e-15
8.832080880047522e-15
2.923655840699503e-23
2.2835355478041973e-22
3.389837445255365e-16
3.3346190332238463e-21
2.556400404695268e-19
3.9108910090365615e-21
9.931534848482441e-18
1.1377079637757017e-19
6.074833256030296e-17
1.7103310585271153e-25
7.248028911861768e-17
1.0346960102601274e-17
8.578363432044317e-20
1.0344862800617124e-14
1.0902417826791521e-23
8.088487847221389e-20
1.456782973328166e-9
6.169942864850615e-20
1.2096138015210798e-18
2.3950518524801486e-19
1.7770240483628238e-23
1.1609999128056774e-19
1.983785698824705e-22
2.067625371186072e-22
6.170924481142666e-18
1.6046067557925482e-21
5.45779183003385e-22
4.166311689520356e-18
1.475306679074326e-22
3.25921555110827e-23
5.806840699829181e-18
1.547436451893302e-18
1.3382005483049518e-18
1.8250043972379872e-22
1.4906143356759839e-16
1.3438356049756912e-21
1.7558577062734087e-22
3.239202569441609e-21
2.0010188746364843e-15
6.215170367972294e-23
5.088572479430044e-20
3.119858669967591e-16
6.888793023557358e-23
3.9057337078889987e-17
3.9745433767949453e-22
2.678041598201766e-16
1.291445925267459e-22
1.0306293955051112e-14
4.4361282217418803e-16
1.195449288140465e-19
2.6263899767198533e-9
1.1226998086225751e-23
2.347929745333119e-22
1.0526338779670129e-21
8.208685508536411e-16
5.152902662690986e-19
2.9962857905792642e-18
5.634326620845174e-23
5.1301023941227925e-21
2.0431862316143557e-21
4.456772409638736e-13
6.309967907855427e-21
3.76643166057414e-14
5.092190766462282e-24
5.614381115329279e-19
8.897462578393966e-18
9.789790273719822e-16
2.3967064410096683e-17
1.3180354181502928e-15
5.145902295326965e-23
9.414002942410644e-15
1.6764072299731916e-15
6.107877934459442e-24
4.977569783850064e-22
5.38838042632947e-23
2.0860479725944472e-17
6.651267331127458e-20
1.3969511866361148e-17
1.8102150625549353e-22
2.7922205029123052e-24
7.608937279403804e-12
3.709285380491824e-20
2.8189938533723367e-19
5.338398208042236e-19
1.3936725145817682e-23
1.743389726696181e-16
7.392572423372025e-19
1.1446129485443114e-10
6.700965898918225e-23
1.2848492178881e-18
1.305108653113543e-16
9.919857037460252e-24
1.714019416762773e-19
1.274612819759499e-21
1.55488158536067e-18
3.395537638125931e-24
4.933614035138948e-13
6.4464644664262986e-21
8.838855588802931e-20
8.819933777258224e-21
5.777494819872609e-21
1.4146675425347479e-13
2.932655381131333e-11
1.4493020344325452e-21
2.0853412504812283e-15
6.144599127969482e-24
1.458527069858391e-23
6.685604150641246e-17
7.066125743563257e-23
1.315014510586994e-24
4.164872857249966e-22
6.398638683343942e-19
1.6422508919912803e-24
3.4795449301340265e-24
2.7056288120526207e-19
3.090979370865135e-22
6.323008829638184e-20
2.367291455947026e-20
9.414964475131191e-17
2.077727193282472e-21
4.395744543113381e-18
2.7717774311008914e-17
4.1057203522175966e-16
2.776066045728309e-25
7.186135685119577e-15
5.2169318138189064e-18
2.006851468440313e-21
8.740054762702999e-19
4.739848207487305e-24
5.79911415338995e-22
1.500451823999282e-21
5.508353293810647e-20
8.024552233553148e-17
8.682567261917112e-22
8.091828240003821e-24
1.4926087132514024e-22
4.2116604008106604e-20
1.1631067668231157e-16
1.132809305131559e-22
5.45212991081221e-22
1.2170621828566965e-21
1.2884587682161542e-18
3.3824025098778117e-14
1.0680923519219641e-19
9.418558741961749e-21
6.395249908135414e-21
7.813963151697362e-15
1.71234814127678e-16
3.7290035376526917e-19
2.6169944802420297e-10
1.0479072206989661e-17
8.205061052583444e-20
9.79540918527903e-23
5.22182814791784e-17
2.026619455060064e-19
2.6335415853559354e-16
1.884926862374195e-16
6.593065121976275e-16
1.0457510809410686e-18
2.3788705997901517e-21
5.193336211029058e-23
7.210509857472099e-23
1.7551777374274778e-12
2.8118477486288927e-23
4.579377679987597e-22
1.890930111870696e-20
6.173981296031588e-18
9.132757331496494e-17
1.5751962307402702e-17
1.6815703561406517e-20
4.215723700662196e-20
1.3263005448272208e-18
2.3120114491210056e-18
2.8490842687952186e-18
8.899034247773402e-18
5.434209706666369e-19
2.3525607578006753e-18
5.075055834494839e-16
5.066204929457792e-19
1.1376625865788765e-18
2.258494473340984e-16
1.0194074428646036e-19
2.7146276352433454e-20
7.176699362319383e-20
1.827639007759758e-20
8.296228048797366e-23
3.290374160266647e-15
9.266115888055682e-21
1.4248574050431907e-20
3.689693113760972e-20
1.3944640226320348e-13
4.688749432413362e-24
1.8244384086753943e-18
3.6802607879549276e-17
4.581616705795827e-14
1.316747429258461e-17
7.878419208770542e-16
6.851215504377095e-19
9.274312920137304e-23
5.3492664538517124e-18
9.842875664116385e-22
5.603715102007372e-23
8.228949898609276e-18
3.4257893542511453e-19
2.4725532350806743e-12
3.0875545909428897e-21
7.688066403839235e-18
1.041248252458288e-20
9.855265584493411e-17
1.508148878007871e-21
4.5368272811954015e-22
8.725111262961551e-23
4.171428493992457e-20
1.084541756498127e-21
1.1116495887093884e-23
1.357193346334335e-16
2.9279249098769865e-23
1.8193313607903906e-17
4.760243416238679e-23
1.4282486732247943e-21
9.859284517221084e-15
6.12520221537944e-19
8.75150232867669e-11
2.810720198771878e-18
9.583136968615934e-23
7.80009188119632e-15
4.0018235335260744e-21
1.0274374678999639e-20
9.735570449191595e-20
2.8228127495154257e-25
7.324961190127397e-16
2.7394292617778256e-18
4.517521841958513e-24
3.038321174293176e-23
2.4142955603447904e-17
8.71840580155789e-23
3.4977211633754373e-22
1.2175301548643858e-14
4.6014045117275285e-17
9.568699200130396e-21
7.080958300447912e-20
6.147402072801092e-24
2.434889662284006e-17
7.824713864510137e-16
1.862399166422228e-20
1.410241535931867e-19
2.8532342018830748e-21
1.0238225343664698e-22
8.419844017517704e-20
1.887664746634589e-17
3.4824949833328565e-22
3.21939488247223e-17
1.159550818805156e-19
2.7853797886229408e-19
3.53120772702203e-12
3.566057195183664e-21
5.694371845489579e-21
2.7982375910019947e-10
8.354113707203155e-24
6.082721918583389e-17
2.922533722133803e-21
2.5170139915519393e-21
1.0168312581210177e-17
4.370145129955037e-19
4.461925498023646e-16
1.6240714743640113e-17
4.155101656171964e-22
4.433018843326362e-20
2.8766434687863036e-14
6.130842618373509e-19
3.426608695376988e-12
1.3553229579737073e-21
4.2300091411407326e-16
7.999126174054826e-24
5.723907165010132e-23
8.157182455468755e-24
7.691069112498189e-19
1.2405488814305064e-18
1.396259494834386e-17
2.5237863168315778e-16
7.231715397700173e-23
1.666162940091434e-20
8.487045250650721e-15
6.641659104420319e-17
7.50629396379114e-24
2.9093484584682196e-17
2.2670922346381152e-18
1.9206048013973027e-21
1.170141255485721e-19
7.461136154951471e-19
3.2917078031979227e-22
3.986136826290142e-23
2.4986341369357093e-9
1.2112773225807646e-19
6.221842823995397e-15
9.311931055173118e-25
7.297539936400932e-11
8.310429038957164e-21
5.941125715651306e-22
7.762730117650683e-18
3.8849687056036416e-13
1.8471625295359243e-22
5.139785939639923e-22
3.592174885439255e-20
1.746474207280432e-8
4.750080293650089e-17
1.3535380210227886e-16
1.4370617834448668e-17
7.658622068527698e-21
7.425149569417364e-21
2.9174291570449913e-20
4.166911477796442e-20
1.4751262741276377e-18
5.0417184177562616e-15
3.641418093153279e-20
3.0765467502542975e-17
2.7190260193156953e-18
9.446663562136284e-20
1.8372829505577703e-18
1.742023266463267e-20
2.4909649268854956e-20
5.967639935936001e-21
4.299548855621331e-14
4.5437254718231546e-21
2.1877666629487354e-23
5.898117127275486e-23
7.856805004004487e-23
5.626301463975209e-20
5.468604336748973e-18
1.7874594304386248e-19
7.220165354421736e-22
5.954159632200997e-24
1.865491169517191e-20
1.2709322778311145e-17
4.259241204369928e-17
4.801738862141952e-24
1.4400212124190775e-13
3.3789697371584233e-21
6.55297217421187e-21
2.4754091251133722e-15
1.510775480462649e-18
5.7987582371117465e-22
2.3494427156057467e-17
2.36309758289412e-14
1.8990431146463214e-21
2.0363316392307545e-25
1.287096864712236e-21
2.177477403116688e-21
2.563270290765159e-18
7.842862071653035e-16
1.4411743902191092e-20
2.0392601360389674e-11
4.7868815531352265e-20
1.7722277156285953e-22
2.363447338076978e-18
1.2622031163936289e-20
1.3636483356724865e-24
3.36198739892034e-15
2.452742812165565e-22
3.855595697348681e-21
1.565348184764878e-25
4.87386048259439e-20
4.331544032417016e-25
4.511349643035003e-19
3.6822593754832834e-20
5.107547571184652e-21
1.7743551232145333e-17
2.2782451885921762e-20
4.1383876510456593e-22
2.6005001591303075e-21
1.653727685205035e-10
7.556996581270991e-24
5.265242027716948e-18
8.499492755701695e-21
2.8798194232008923e-23
3.3860835747473233e-18
8.885014121308705e-23
3.471588722743929e-10
2.2550368261901015e-22
3.8013909317102813e-19
9.670313808591499e-20
1.2337517552451443e-23
9.772336397555119e-21
4.0510693001369764e-21
6.1480105737700616e-24
5.893955345768571e-17
2.3124487346463126e-23
1.917625297410957e-23
5.879872176789136e-23
1.0821922369823735e-19
1.7589124872547615e-21
1.8293311060170306e-23
5.2035347148409055e-17
1.1358020217776713e-15
2.1194276039934023e-15
1.4227352075641232e-16
4.681287986810975e-21
7.424399523994551e-22
6.697730001878259e-17
5.2780763431162465e-22
6.130039043725045e-20
2.6702797931309397e-15
1.9488055933859057e-19
1.815351521434866e-24
6.907485476214761e-20
1.0598920689848985e-15
2.9953017992107507e-18
2.416326362705536e-22
2.0262951403444644e-20
1.5183621411857525e-22
1.4291514106258397e-17
1.1000700730585153e-19
1.887622099557267e-15
2.1847677159677645e-23
3.575004809235329e-14
2.3252687078236385e-17
8.210452719734361e-17
2.904700850691299e-22
3.522101560610346e-17
8.663837703264492e-25
1.8031400961611892e-21
1.5890430949067845e-22
2.494350446828562e-17
7.933670750644346e-15
1.694648634388363e-21
2.741618282029947e-23
8.913229763171055e-20
1.166071008434087e-19
2.9824022169415764e-17
5.818546235366578e-20
4.555863555492902e-21
1.221314871768862e-14
1.4683301468474807e-23
1.2029228750223252e-23
4.83480496535945e-20
1.3019292921432306e-20
2.0885913466230562e-21
5.318226720804575e-20
1.1034316818760913e-17
9.819420830384385e-15
3.6510284260167106e-24
2.967491792666902e-26
8.159805102444e-21
5.856652008793198e-16
5.12448741703161e-20
9.637802655140128e-20
4.8805311501210806e-20
1.8265426966908622e-25
2.5390766854914485e-15
2.8927588527338594e-19
2.909214938373764e-21
2.263538526360488e-25
2.064204232918824e-21
8.023526714104354e-23
1.426758446956172e-25
4.9539245175924235e-25
3.842917210769966e-22
4.1611003245986455e-17
2.885268947953939e-19
6.577763524155077e-21
1.1178023873205072e-19
6.617477144063864e-23
2.175347549925992e-15
3.738129767995225e-17
3.8447081944421053e-19
6.525693639111564e-18
9.136093761611754e-12
1.6204718640802786e-22
3.731108453904772e-21
7.329671611027077e-23
1.3235248444182879e-17
7.289071909489985e-17
2.96283222527905e-22
1.5030585061443828e-17
2.028319645516821e-19
9.905286369557084e-23
1.1701826382603578e-22
4.561719331200135e-20
1.5297928968488442e-14
1.235921263375331e-17
2.206582495085387e-19
6.16558764199557e-6
3.601851819874125e-22
6.593747863605527e-21
7.170112642477665e-20
7.813828637335927e-22
6.390236109833218e-23
3.3132885404304074e-14
4.716187549695409e-21
1.592686901234714e-16
2.6221341251710185e-18
2.0965485672902372e-20
4.7919834054141095e-20
3.6579265127432575e-16
4.0748227418547914e-22
6.019923079984968e-16
8.005560921604489e-17
2.9184312728788573e-22
2.6683292254886974e-16
1.1303366769421715e-20
9.107568267750028e-18
3.367861843521534e-22
2.883709050216394e-19
1.2790938493323165e-20
6.5869942791945965e-24
1.7654707078835015e-13
4.104651690558405e-20
1.504807068287569e-16
1.8472815009583263e-20
6.6528224813673406e-21
1.3056703549180827e-22
8.408757389259841e-18
4.1313602043733984e-19
2.419067739615745e-22
9.369510648092465e-21
4.0256341603329245e-15
2.776186171306515e-17
3.9217970331721454e-19
2.1903360218002756e-19
3.025376001849217e-20
3.9497203110657315e-19
1.3682222973772827e-23
5.015589000289602e-21
7.506258992427903e-24
9.298940315446623e-14
2.8030788091842125e-22
5.271860192408349e-23
7.797426701033905e-21
8.803548136170183e-16
2.354825285025845e-19
5.885626380196172e-17
5.86182053625225e-19
1.454624402903125e-23
1.980478128836017e-21
1.755729905110244e-24
3.367567985552666e-22
1.8896355332237926e-18
2.864070937209826e-14
3.175216224523114e-24
6.900019854096596e-16
1.0618940649880745e-16
1.0915331579197378e-20
9.799209488186363e-20
2.5248518590129207e-19
1.1924004469475738e-17
1.3509669326964998e-18
1.388619202466043e-23
1.566809220235705e-16
2.5507216857675102e-12
3.3360552560082308e-21
8.421524439080519e-18
3.635688641431705e-17
2.819892084457706e-19
4.889599766261247e-20
9.18402834065744e-18
3.9229897430582977e-19
4.488329123017131e-19
1.7022497188747328e-21
3.702587554607777e-21
1.7660312135469194e-19
1.493749221738817e-16
9.533628668414872e-18
1.1111425849292936e-17
1.0921788119160728e-18
6.374763312821822e-21
4.70143325769588e-16
3.956430806955664e-15
3.985442303841649e-20
1.7447585994923205e-19
9.578980220652213e-18
9.1268804311175e-24
8.433594756320539e-18
6.853054245639698e-22
5.019613827688084e-22
1.180865004531038e-13
6.769629563403404e-18
1.8263946030769446e-14
6.991461770615006e-17
3.1717593111501754e-24
5.672118239954533e-19
8.327912575187984e-22
6.158305113840329e-15
4.297758521584867e-23
8.306574837487226e-16
1.4463086924362205e-11
4.0316669069778783e-19
1.283396416201934e-10
8.434460282083048e-18
4.951373213985406e-18
1.1593028086570388e-19
8.885687051463176e-20
2.6385347487896983e-20
3.229056254506655e-18
3.1362403912489517e-21
2.2570496905004944e-18
9.833870984495713e-15
3.0159290760183413e-24
4.0294825006891525e-18
7.678280135290808e-21
3.836519676032761e-15
1.3720039845610238e-19
5.12922636960573e-12
4.744572895671412e-21
1.5901447465857628e-15
1.2200770428186282e-17
7.411071527591637e-14
3.5892763853034716e-21
1.119636779201494e-20
3.529687949098642e-24
3.6028911782786456e-23
5.975873267987145e-20
6.069620336114293e-20
8.901549200725063e-23
1.7646534124555913e-19
7.87028622849114e-20
2.8989207916093947e-16
2.4858367196654883e-18
4.8889954739094127e-23
1.5329096934586364e-21
1.0369921115091346e-20
5.246133452331938e-20
1.4377959189189804e-17
2.7981391424960247e-21
3.234591234753117e-13
2.1642924569849845e-16
2.501237233052046e-19
2.073518650872175e-22
3.1068941702391973e-23
5.030826964907079e-19
1.689291129259268e-17
1.2577787819160453e-23
1.1420825034732995e-22
1.047803611405405e-19
1.7206177832315432e-14
2.2341040060519575e-22
7.137884426805047e-14
3.3275126734423575e-14
6.33690318965362e-25
1.0174557254278646e-25
1.39032724509161e-22
2.656382480755807e-20
3.2902255690033476e-16
8.772577168091655e-18
1.3088033788250486e-22
1.2196051762153528e-17
1.3306488878286221e-16
1.9649222535023884e-23
4.692982818592285e-22
6.135934631509792e-23
5.942969809266941e-20
5.5567825998590756e-11
4.253321414870781e-20
2.358313931259501e-19
4.297991181846406e-22
3.405752298467351e-17
2.4637546410443548e-22
7.988057482355902e-17
1.399725023403039e-17
3.855800052525017e-24
3.167836800041433e-17
2.46427164576111e-20
9.823554573523765e-21
1.706338127415416e-20
3.214140769612314e-19
1.0155168587229779e-8
6.782993305476851e-20
6.32211274202769e-18
3.0365062112303e-17
1.202017899845181e-21
5.898841843803345e-14
1.3387752156016068e-20
4.422722527298909e-24
1.3104050133943943e-22
1.887932801822911e-24
6.118372199803516e-21
2.314666164749138e-13
1.0251725809086405e-25
3.813258515901263e-21
4.7356438142759336e-20
2.8949586999303384e-16
1.1332847086913758e-18
2.2214535061508262e-21
1.2082162781308574e-22
1.4680783719521533e-23
2.0261744960663774e-24
2.392339721550665e-15
1.1103435308446518e-22
1.1306434299862937e-15
5.714312518145739e-17
6.385226312076486e-18
1.1317793804290717e-22
1.9313113001914797e-17
2.6661121796130966e-21
1.4205130452741256e-19
5.9518014776127e-24
3.8517362694065175e-21
1.9602699670798157e-23
6.639986090174921e-26
1.891149569476506e-12
6.663946120052002e-16
3.4621069764875925e-13
3.417192884803876e-24
1.8582312319007017e-21
2.5296397162747193e-19
8.97019345324801e-21
1.8954167818165668e-22
2.1942150004041658e-23
2.1227265113587808e-9
5.241389180121874e-19
5.0114630527672483e-20
6.899255175126739e-22
1.2692210654661708e-14
9.265967608400871e-20
2.7521250192505483e-16
4.834658908508201e-13
9.95391923678005e-12
5.492135163047265e-24
1.6844653906968064e-21
1.0410598491984786e-22
4.994559909386487e-21
2.025657566298442e-15
1.61913685441621e-20
1.2184487046925715e-18
2.8310024472438316e-15
1.642077368889475e-21
2.0537398106115413e-18
3.469933531350633e-20
2.112465392139121e-24
1.335485690986141e-22
2.173439392995476e-19
2.8243750789728374e-23
7.734183836494697e-22
3.1952804974799086e-25
5.856362509462197e-18
3.4204308511223475e-21
3.147720355741962e-19
3.8111633368062405e-17
3.648144270296158e-21
2.5013513886884527e-22
7.845186335671173e-19
9.504172223637706e-19
3.46491817230602e-21
4.098681684803819e-17
4.3215982070385196e-16
1.574261781834203e-7
2.586162484440438e-22
5.684746926982083e-13
1.2385232960499942e-21
3.2891469031091085e-20
8.386743986545873e-24
7.411553556818865e-19
1.0722179275600032e-27
1.6754356240011491e-15
5.511603880652608e-23
4.886547015734611e-20
2.984865937338852e-17
1.1898258149137931e-21
1.7047824210186858e-17
3.3328258824659496e-19
2.202054181801774e-15
7.724922053386375e-13
1.348432806074856e-19
2.8550380571449665e-20
1.4312651688737622e-23
2.003834782201231e-18
1.0111915727898459e-25
7.420820086528816e-22
3.1369422752204036e-21
1.590610687066243e-18
1.1009452251471969e-19
1.4521042230332102e-23
1.992919286660231e-24
1.2475468362763666e-15
1.387527492693159e-20
1.0302918903632884e-22
4.589452219634007e-23
1.3863525172246648e-19
1.4708117518287875e-14
1.0601734497720247e-20
1.6018661140458976e-22
9.811464016888615e-13
2.804081552348743e-17
4.588511005778616e-22
1.2843377576908458e-13
4.6657729117012104e-20
1.2300047298119005e-15
4.162325936277817e-16
4.750404126331161e-16
2.8729440973882163e-23
3.870954787595603e-18
1.6303899592840338e-25
3.8838047580900934e-17
9.975349477699504e-19
1.74622928154197e-20
4.705186716263312e-23
5.6769445028662875e-21
3.8322725923371155e-21
3.192396736863201e-20
2.133936536909738e-23
5.01043689200702e-15
1.459967626487712e-20
6.728485030766728e-15
2.871872085831612e-21
1.0971811071094012e-24
5.915396739903577e-20
7.686554207297077e-16
4.241422221960472e-24
3.62936411367863e-18
7.682255053830216e-18
5.668750334024234e-20
9.005471045102892e-25
2.1543551572518045e-24
1.1447996509060677e-19
3.1875515350551967e-13
1.4109507621545435e-22
1.6631085505246003e-22
3.0988204516073116e-19
3.778945161461199e-17
1.0574404130565107e-24
1.0007282680848265e-22
1.5064951916837746e-14
1.0613375221906765e-19
4.026988121345689e-23
5.452214999549585e-17
7.207883713656038e-26
3.1042314615229345e-25
9.431990475357815e-22
1.784087693987104e-20
2.8520748757662625e-15
4.6711187781698933e-23
2.933222886596188e-13
1.1202503548288905e-16
5.047221816968865e-13
2.1014605006824013e-22
1.5453250508183513e-22
4.677138355531922e-19
2.2176732693090052e-11
5.904279632804039e-21
2.8114122216743955e-17
1.226486956652964e-25
1.565237549379898e-17
2.345478552563115e-19
3.517987666024082e-20
2.4903698233081657e-9
4.608684566791536e-17
1.184410243219607e-22
4.815614079151248e-19
5.471419429396014e-25
1.1346894443469592e-20
2.387888140028958e-18
7.556811379361375e-18
2.596061729695005e-26
2.234545504893576e-18
1.5071994304699575e-17
7.975859054065517e-17
2.855484395364926e-15
1.1262661950400686e-15
5.788502056409051e-20
6.650754064496919e-16
9.702323328378566e-24
1.2826343520712547e-19
7.93228794310981e-25
1.319273198659422e-19
6.477787600537485e-20
1.0254706933866016e-18
2.859857732461719e-15
2.933047882690252e-20
8.431015863649248e-20
1.8254540172023336e-22
2.3344368211651794e-19
1.8345998280042627e-21
3.4465760146558525e-25
7.73112860823788e-18
3.8772778267201257e-13
7.083606370499266e-21
2.6904658948378064e-20
5.1940239926766485e-21
1.1088814815118838e-20
4.838044813865735e-18
3.449100543758392e-24
5.66590349800007e-17
4.644150701304628e-25
1.3128306815126686e-22
6.747204322344154e-22
1.2407681121534535e-22
2.7426246049975926e-19
2.9636978695927185e-16
2.3895677828431813e-17
7.391992897855733e-23
1.6242910078401602e-22
4.0128937798047967e-16
2.121489866473841e-22
1.062051829772775e-17
5.907483208150827e-18
9.04275891130931e-22
7.873666143776772e-20
2.082906210387887e-24
5.1414953710896366e-20
2.7546458358172873e-13
5.2103143743046985e-12
1.0870582137122407e-22
2.144322658216971e-18
2.030321872393408e-24
1.0493376862975559e-21
3.1377232582649247e-22
1.2076166302567092e-17
6.429130521660875e-22
1.1597950560096084e-24
2.6833658942158665e-17
2.0916472125735498e-17
4.2510071691145823e-23
4.0121342076257134e-14
1.809655419926296e-19
9.499334389141818e-24
2.9367199951892324e-20
6.468180544394014e-22
7.129744646189667e-20
6.4350728449096306e-21
2.0138596518316864e-23
1.4611376199883918e-21
4.244339114820692e-20
3.75348289014875e-20
6.2863184571616044e-21
2.096565538437747e-18
1.7775130901590462e-21
1.4907229932227115e-18
6.1699636134109536e-18
3.3198818682238127e-25
1.3095307599093316e-21
3.0608027186186464e-19
1.0672848651118265e-18
7.279007683230583e-24
8.521800420823093e-21
1.9256020248420456e-15
1.0239175943770824e-23
1.7645313153254678e-17
1.4299783622789366e-12
7.432014885033314e-21
9.381127055048034e-24
5.78570140688652e-20
6.0145833341083515e-15
8.141156865955062e-17
5.940403349807555e-21
2.778844811851823e-17
5.162010284342995e-22
3.0961318796268176e-17
6.930785744384053e-24
3.5325731648006394e-10
3.0787171076527887e-22
1.5786053326763597e-19
7.0421084125408e-24
2.126441596269279e-22
6.585150796537998e-15
3.963117777715167e-25
9.676441652209544e-24
1.7757419968690273e-23
3.0558008379242902e-18
5.005860746492591e-18
2.024831035169777e-17
1.4435645778404462e-25
1.0427785007159086e-23
2.357904814323981e-18
1.4822544559251352e-20
6.179982354076482e-18
2.85236390291761e-22
1.6179929455759033e-16
2.6843649006243003e-21
1.0473607994479327e-13
1.2303845482773054e-17
5.950555024230931e-19
4.665684588051626e-25
4.5868380225382456e-21
1.72918560257282e-16
2.0284182517458672e-23
1.5175659875967167e-23
1.0127992440100918e-23
7.520973515622881e-20
1.821775085896951e-15
4.4782845874259444e-24
1.0359313631590154e-15
1.7227275146345914e-20
3.937453767033152e-20
8.782090069695594e-25
2.8977001288730553e-16
1.3231317652376303e-20
2.96444640381938e-24
4.496303828549228e-19
3.117474579684746e-15
3.8500878400114453e-19
3.3409418523456646e-24
3.9282506233113604e-19
2.6246813015900437e-23
2.3477749197432834e-22
1.3919191113216112e-23
6.158866135570103e-16
2.3989748386079904e-10
1.3609387356142039e-18
1.3448913920786607e-20
1.4794416807708136e-18
5.082341523355613e-14
4.195014713619936e-17
3.0365718018850556e-19
4.088453866771337e-21
1.9617175703023187e-16
1.1167105358492423e-24
5.498645355853696e-23
1.1648215448903623e-21
2.7370336689462676e-12
2.1181854864335915e-20
2.0522020560914264e-23
3.825359856158974e-16
2.4611601818721824e-19
6.110291251370953e-18
1.8242187480951882e-22
1.3518145062658634e-20
7.106584615294315e-12
3.7500506788483574e-18
2.965473507838029e-17
1.1420520579019675e-18
1.833128983892676e-22
8.448396522085857e-22
2.2648515671505414e-22
1.1027784306373974e-17
4.685655640023963e-22
1.3047570007748507e-17
7.17463783331037e-26
1.151985424429284e-22
6.594334862050276e-18
9.189834876050656e-20
5.191837403491685e-16
3.685514685707049e-14
5.784966555365347e-14
3.5210988814698336e-20
9.248878359142675e-20
6.188120074494609e-23
1.8278298730907351e-22
1.7015396056508507e-20
2.3044244912653715e-23
1.6197821547087206e-21
4.157413787255757e-24
6.861098035904948e-19
2.2422518247769785e-24
5.582854973123628e-21
2.4532608939338714e-21
2.2529572068057546e-9
9.187923278114211e-22
1.397776414673909e-21
5.192289768176058e-10
2.9331650512109534e-18
4.881565452717885e-22
1.0516197174523364e-19
2.3420520546529965e-20
1.794399601483259e-15
3.2013133786820972e-21
4.1304937672743013e-19
7.602633048995049e-23
2.787667323568436e-22
1.720189088656229e-19
1.345331858472639e-19
3.5092206966103294e-23
2.1010041730747606e-25
3.4094218908356524e-22
8.492974749976844e-22
2.5575557570057995e-23
9.332665995703486e-23
2.7021086590506836e-20
7.21466267202189e-24
5.349451292967675e-23
4.112190433242586e-20
8.3607889432539715e-22
5.227886894402202e-12
2.1140291745760063e-18
6.275741085030355e-23
9.880369909041894e-17
1.2536165353408699e-20
1.0006426281614451e-21
7.107291794722495e-21
2.203945668371099e-22
6.29526112059279e-20
2.857405463613398e-21
2.382909126780123e-17
3.7215268978304713e-16
6.921284002385557e-13
2.152081567466303e-23
8.330048656859888e-11
1.8473382461703125e-20
2.9311337294024907e-18
7.328757082523232e-19
1.883863049227635e-23
1.9384851783252434e-19
1.0728445919423505e-17
3.9523867720181094e-13
1.2430208659159704e-17
2.895443311146309e-14
5.884033705108098e-20
2.0765552432389743e-19
1.4926944047965875e-16
7.726495930269347e-27
2.4472440391324506e-20
2.573234291111016e-21
4.309378078911547e-22
1.637551718600465e-17
2.4635324016046828e-17
1.2280791843831163e-25
3.2839830386384454e-19
1.035366334769643e-16
3.656653055683896e-24
1.1702375611049502e-17
9.655550419053791e-18
3.592242875327042e-20
7.659371023728193e-14
3.202705371257703e-14
1.6313739499068583e-22
3.8373269553168227e-16
3.1728060085434054e-16
1.149979278494375e-19
9.649005049900061e-20
4.904373394338725e-26
2.4527523036725846e-21
4.238408128423292e-24
3.4459732063185684e-16
1.1608973156710902e-21
1.903498584867419e-19
6.652580650995421e-24
1.4981791695614655e-26
1.5083755179603938e-24
5.155808776577992e-18
7.3818636428392385e-25
1.6087299887635276e-21
2.365340494962255e-18
3.46605327435963e-22
3.5655244606587216e-22
4.988840080122147e-22
9.25353313427298e-21
3.9003132237839886e-19
1.9301637101575527e-27
8.387931357913814e-20
3.1531986211312966e-20
1.3570102576308919e-21
5.4021026791684175e-19
1.7212059449850843e-19
1.1644188403599273e-23
1.2556371188378489e-23
3.232572982709303e-19
1.958631001317316e-15
4.7911047094889865e-23
5.5188164923706245e-16
1.5129746720070903e-12
2.0185230045926872e-17
9.176074690323724e-20
4.208406863638215e-23
5.60131991961398e-22
2.5630774051495025e-24
8.48240844641571e-24
5.403917909094841e-21
1.8774290242077613e-23
2.063455374711064e-17
7.267947635649809e-22
4.2678962945789426e-20
1.1141602732524383e-21
6.155078081299158e-23
6.136630864726244e-16
1.951075761491267e-21
1.7751863008372267e-24
2.863411311707115e-16
2.20139284553872e-24
4.088850677479425e-19
3.6249071609302475e-23
7.960304684792447e-16
2.3817027245822898e-21
4.362407996233937e-24
9.125614859361548e-25
1.612072585759847e-22
3.4499961298994905e-20
8.407809090356871e-21
3.383622984667812e-17
5.6704522167079524e-21
2.0620242919136996e-17
1.643929613016158e-23
2.8817933440696407e-24
1.1524838775644324e-26
4.1716615757790355e-16
1.1161489475540244e-21
1.8784123277923498e-21
5.111916901043364e-24
3.9581737710800886e-23
3.3299784442780926e-24
4.0840900094654694e-21
3.775204695508346e-24
1.2095455300600534e-21
6.558913451662929e-20
4.3929113667033026e-17
4.411352888242082e-15
2.4045915106161648e-26
1.0254453994951206e-20
2.1473310111860383e-23
1.9492391864964097e-17
2.9329203862554533e-22
3.294482996618839e-23
3.4062212827051666e-19
1.781827877108157e-21
8.04642631022776e-19
1.695268340570471e-11
1.3779414303172483e-22
8.923795370250719e-21
1.847421636964795e-23
2.3717180782281087e-19
1.1664943269702207e-23
4.295647521272431e-22
7.811786508554271e-22
1.1613556282066718e-22
5.110543247382317e-10
2.2502600331100791e-10
4.1209802421051245e-17
3.465958001256638e-20
1.7324959706976982e-13
9.729709373136327e-22
1.080208363605161e-18
2.3353186186274366e-19
1.247911004554063e-16
4.659603355885837e-26
3.247785549961572e-22
1.6455170865240125e-19
5.4561341115586667e-17
4.878795900784338e-16
5.616660162712012e-23
9.788018006856829e-26
1.8910924744136345e-23
3.8550867155703995e-18
4.4941816954583583e-14
1.1135287952853329e-13
3.7694458329025696e-25
2.5747896754818745e-20
3.341881146193454e-14
5.71077515655985e-19
5.627048336263601e-18
1.2040350906753178e-22
1.375634092252553e-18
8.924694531133703e-21
1.1525053617042086e-19
1.556027598013571e-18
6.969041578129216e-17
7.011105814020609e-18
1.4250043407178073e-15
3.249084392244685e-21
1.3815383535608037e-24
1.2761410057471137e-20
5.861618418290948e-26
3.611876587260677e-20
2.679104969420735e-21
8.437041570049711e-22
6.22875562183645e-20
8.679477394658384e-18
5.42959810129793e-24
1.342926950093218e-19
2.691469286890837e-23
2.3471952247099236e-14
1.2660607475858782e-20
1.3039034841097305e-21
2.0192275454487877e-20
1.1063500309763014e-17
6.573416718828444e-24
1.0418738049125494e-21
3.693124059264298e-21
2.7671986135745597e-14
4.211980233133206e-18
6.683869066374499e-21
4.358352870388669e-25
4.559875158244869e-22
8.885587069925694e-18
6.596857040512836e-26
5.255322483658929e-22
9.392108988919109e-24
2.001485421294864e-18
1.5964518860657084e-21
2.387949104573933e-18
4.630222161772116e-24
