3.717762081041185e-16
3.669991054149227e-19
4.230684170754408e-20
9.131469030252168e-18
1.2687780579149995e-21
4.645855369089508e-19
8.868411040471999e-19
2.6201223252342157e-18
3.1855635838159073e-19
6.823647935050708e-22
4.207463889778777e-23
3.297041700181398e-14
3.518070597927371e-21
1.8071496138241802e-18
6.050723796849545e-25
5.337351792708256e-22
4.8801756153430184e-18
1.6506671845469017e-21
1.1883362964431062e-23
8.916084540504013e-19
3.697054118757092e-21
7.909219461338074e-23
2.6758706264238938e-24
7.807540165541557e-22
1.8129931297638708e-23
6.378314325704954e-21
4.430308967465229e-21
9.317263799556374e-20
2.1428194534180294e-23
5.7459123060536565e-21
3.3236629089185315e-23
2.1637865812601216e-19
1.8388426435802092e-22
6.564465271101117e-21
2.3351019954970834e-24
3.9053848153712047e-25
4.227656629512835e-21
2.094379553077363e-23
2.3282088432566254e-21
1.8940393746524286e-21
2.026045735247071e-22
4.357866622165632e-25
3.5940067810618134e-20
6.614447813653897e-22
1.1865482514608084e-23
3.1716415001776594e-24
2.647577562951404e-23
2.8433552364779027e-22
7.244881181062907e-21
4.262667118507059e-21
1.4726667559260692e-24
5.568984717809588e-7
7.309622203162295e-21
8.736437022110133e-20
4.279258620847413e-21
5.7938194056217e-22
1.2204676407881224e-22
1.231803560360208e-19
1.2602121674410158e-22
1.2473917994443341e-21
3.932859339353563e-23
2.398887363305717e-20
2.231716647622841e-20
2.8566793886114324e-19
6.536482307485699e-21
3.471132570777034e-20
3.0237085180780888e-21
1.4788997905967513e-22
1.2982344852761232e-17
9.4242442783944e-22
2.245307513694596e-23
3.466798133597417e-23
2.561851501780972e-11
7.957815870002317e-24
3.906431455000365e-22
5.07455067109501e-23
3.9307618845951265e-22
3.760201891572468e-23
6.5212467771357275e-21
6.452496925488908e-14
7.648615680382247e-20
6.222275998990294e-21
1.0089290176358288e-20
1.5656198590671454e-22
3.0130594695082017e-18
1.9920264195631547e-19
8.098118595471376e-20
2.9679702796125373e-22
1.242971926835807e-20
2.4774339490179203e-16
6.879387829991022e-21
1.050472624028703e-23
1.8994122312753924e-19
1.6308790027021444e-21
2.482105143013445e-16
2.0995900690866806e-22
3.9184701804559247e-20
2.2201702616464428e-23
6.973715952073179e-20
2.482387103499795e-22
2.337812572532145e-13
2.0473453761802862e-21
4.3786040399042004e-23
4.472216952431043e-23
2.0917877009446394e-20
2.5581389154208516e-23
2.274127263153263e-24
2.1501647587403032e-18
3.970274372399768e-18
6.37800329737844e-24
2.7353172971201367e-21
2.9825932858342467e-21
3.291677034688706e-23
1.46386008895069e-20
2.2221223557053376e-19
2.5334343651239793e-23
2.4586178253724128e-21
2.9910091200093094e-11
5.743169719037528e-24
4.3117259167589647e-20
6.047747758600845e-21
3.0143560512500168e-21
3.524073245825157e-19
1.0430776569915893e-21
3.123148938507583e-18
5.4089280041583214e-17
5.0986079650208024e-20
1.826467506364651e-18
7.468675133707661e-23
5.419330542951394e-21
1.1149512519442631e-10
9.08395804609195e-19
3.134282147003299e-19
8.62267364899243e-18
5.2621710894704925e-21
2.369510874408921e-20
1.8335269738296653e-17
7.206677785948996e-25
2.1887389936129342e-22
7.207402279445477e-20
1.37609426814715e-21
6.457727834586717e-23
6.790462808564795e-18
6.864837601733529e-19
2.7315952016093358e-24
5.97048727329702e-21
1.4882108764576532e-19
6.62589694795703e-22
1.5895367486081472e-20
8.1424615503305e-24
1.2269335782042069e-21
1.6058279988106489e-18
6.337766128253389e-17
2.0699140518503688e-19
5.021594065872549e-23
6.472431103845304e-22
4.92542540327258e-17
2.0625379047827665e-20
5.179476376185609e-21
2.597644431842266e-20
5.563339601842293e-19
4.736721008466766e-19
1.6318349792030154e-21
5.751767628928296e-21
8.664263950624854e-18
6.736609849816728e-21
4.308373397467803e-21
2.8796174741412437e-19
2.258456819351171e-20
2.123176140541457e-22
7.422849901750605e-20
7.502654407371503e-23
1.3977296158472804e-15
8.020592847252312e-19
6.652326484900898e-21
2.1927245389490983e-20
5.369415691101507e-21
2.0936136346523733e-20
2.4733341676968547e-22
1.1693401611605272e-11
1.5283608537803826e-19
1.7590800648379385e-20
2.5390278959440387e-21
9.62102049166319e-19
3.672510694204308e-20
7.718520807633547e-23
7.893853446751966e-22
9.546212788557166e-18
1.15311487710723e-22
4.2176833648349714e-13
7.08678126661125e-19
4.2930310448236478e-19
9.956261322494267e-19
1.1432895678149309e-19
4.2830255936730555e-22
1.4592099085927117e-14
3.515274338357752e-22
2.512275064137652e-17
2.469491624906356e-16
1.3521517681658256e-19
1.108971365481636e-15
1.562960686715135e-17
1.6316351578364794e-17
2.248593283326274e-16
6.1432946542395606e-15
3.253910986920624e-18
3.1699120853914274e-19
3.1134683368067418e-18
8.691040690594215e-19
2.6277223272222186e-18
8.044668382268948e-19
7.556915473961934e-19
3.6105628177026086e-15
1.2038927495375752e-16
2.2965136804903815e-19
2.0902483019216847e-22
5.551940218158716e-21
2.6525831240952513e-18
3.6140015030880556e-17
1.393942708579862e-18
3.481379787039269e-17
6.770374630694198e-21
2.4651807411371003e-18
1.3430123894116947e-17
8.602381417680117e-20
7.98933831143699e-22
4.264598551941945e-20
2.545695102105062e-17
3.496475447478202e-21
3.6427567562245106e-24
2.7407815715095322e-14
6.145632516109106e-22
1.935593313128581e-17
1.769509568515664e-18
2.0140138245473416e-17
4.801803164061023e-20
1.4018245877212636e-18
2.709639374295237e-22
5.66764684285026e-23
9.851269799892838e-21
1.0088310656541025e-18
9.25917835390006e-20
5.533766798528805e-20
4.0225177318133397e-22
1.7769803951616477e-19
1.4057922758771333e-21
1.8992907862313093e-22
3.8315860403814973e-22
2.9235474730689403e-15
3.501257450762506e-21
4.2234602766041095e-22
2.3761559453774236e-18
5.289435876602095e-22
7.234626672590771e-20
1.764970248884903e-21
1.5559984138812864e-18
1.2775569306354882e-18
3.4846238253677224e-24
6.491229071533855e-20
2.126719652468162e-15
1.1911198407144668e-17
6.494468616136628e-20
1.0780570710082125e-19
1.4440377931733426e-17
1.3368333529825148e-18
5.037716985742766e-18
3.416751069300267e-20
1.59923220403183e-23
1.4820130999944605e-19
4.135263259194066e-18
4.4655373790646125e-21
3.1214161802962553e-19
7.734265643214317e-23
2.5157976749162127e-22
1.442613263040459e-20
7.464790636470622e-21
9.782258727964973e-19
2.009394600550364e-10
1.092647933028989e-21
4.120720343454177e-16
4.3865008707465584e-16
2.253479862947341e-24
5.301506402463417e-22
3.367871111874294e-20
1.1701162746670904e-16
7.658914967828606e-17
2.603060769451671e-19
2.5734836777217935e-23
1.6028958104975786e-18
8.980026234483767e-20
4.475815339216774e-19
5.379477413866428e-22
2.1883236433200507e-18
7.428161335377394e-20
1.592313208793788e-20
9.847617181676037e-22
7.63934533464153e-17
5.5558163208522166e-18
3.805166259037186e-13
2.1208340526581595e-19
3.865959122017254e-15
2.880427499580627e-25
1.6776632859670265e-18
5.1177738879662435e-20
4.079254447959502e-19
3.4334602843247713e-20
4.803803042750945e-21
2.1694225113241798e-16
1.5009872902639593e-22
2.3794009376980063e-14
4.3970448011400765e-14
4.5799606199959965e-24
2.106397376137172e-22
1.45053726778768e-19
3.1478460282780737e-21
4.045526754911901e-18
5.2685938121093305e-22
1.4735509022857297e-15
1.1976400136992127e-19
4.368264019655759e-22
2.6334620657206248e-23
3.9676410255301686e-18
2.051987472845422e-17
1.989787021693299e-18
6.029931750646575e-20
1.9072729656627489e-16
1.7221524031718695e-21
1.3657624803463255e-21
3.839057342467647e-17
2.713068927912873e-21
3.801174171100368e-23
1.460338354112928e-19
1.6443198729277534e-20
4.3314030911363516e-19
5.636648488825715e-22
5.510390203593554e-20
5.167040134065213e-17
2.1406793296117767e-14
3.4839336952614434e-24
5.673367110925099e-22
3.389558548806763e-21
2.5778582242096966e-12
5.49340838057304e-22
3.875889655269351e-20
3.657385909925079e-22
6.807072347722242e-18
2.8563309266373824e-22
9.596339392481603e-21
1.9623565071496006e-15
9.38064060531246e-22
3.2948611957652244e-22
1.9488769108257606e-18
7.26281254808164e-21
1.1475614762238874e-19
7.219332245111771e-23
5.557769619553272e-20
1.140391234363641e-22
8.346673296529691e-23
3.2884942366692683e-19
2.797223348637282e-15
1.946137199573295e-21
6.528867303674417e-21
2.950881432434747e-23
1.2284827844232224e-16
3.833125635862539e-20
1.1863027708333884e-22
1.4016349597761202e-15
3.474491275780415e-21
2.888551164090196e-14
7.095606251209816e-22
1.9152512140787632e-20
3.8827031898261387e-22
5.7538130576126e-23
2.3305364031978996e-17
3.8879135917884455e-21
5.08567807510552e-20
1.6302599648024322e-20
2.7554461928861072e-21
2.8833590118213037e-23
4.594724228744571e-18
7.449550601712665e-18
3.5904809172097916e-19
4.6136842354165415e-17
1.7195053902577838e-20
2.5497590476947602e-22
1.3701810552172295e-22
3.4523337528279703e-17
2.3152055304267737e-21
6.275400954263409e-19
3.4134933256931906e-23
8.130890314714786e-15
1.5764917773075382e-11
2.5302009195858438e-17
1.3545156730430423e-15
3.5903684857435304e-9
1.364438565100907e-21
6.198920999107285e-22
6.366243548275522e-16
6.174059019507344e-22
1.370145695649828e-19
8.445830618224382e-15
7.601141977378472e-20
3.274671937592299e-20
1.2491713467680957e-16
1.0256704404370846e-19
4.180707888308272e-14
1.373297754770785e-20
1.6534559088666066e-14
1.8264010771741815e-20
4.021533840574735e-19
3.5380447106725574e-21
1.2296761797390423e-16
8.74867625467615e-19
2.2830823693851407e-22
1.643954984665091e-22
3.134781456887555e-20
7.759011210618775e-21
7.411576773199484e-23
1.899247009968162e-21
6.353927564065302e-17
3.168046801199974e-23
1.8935257788826372e-22
1.866673472396343e-21
8.276122925472917e-22
2.1257051021741148e-20
1.3184982007399277e-18
4.894021850321092e-20
2.689328892450215e-21
1.3607167381782352e-21
1.1644040931749867e-16
1.7361983707876405e-20
9.197421274960497e-23
3.764691936384673e-19
6.052986793962434e-21
1.4259362448248415e-22
2.6116927143269088e-23
2.3203050913018738e-20
6.370416756884065e-19
2.0758764440989993e-20
2.0410504586943656e-20
3.40722630170555e-19
5.1672590238180316e-21
1.2018370169389154e-22
1.1793690370846192e-21
5.928446718105066e-21
2.6897554489665727e-21
3.2078764896119124e-16
2.1377067398481943e-22
1.0657843634038097e-24
2.9023126462836936e-21
3.794125088445913e-18
4.529589532508782e-16
1.2463030318308608e-15
1.2921661501145292e-20
4.566213924388546e-22
1.7314647623394596e-20
8.787163376215245e-18
3.9613787900573335e-22
2.2359057122302696e-19
2.4749692432845287e-18
2.4284574325592106e-18
2.1061842172602215e-21
7.49505840844375e-19
4.968885793303688e-16
2.4239006933871018e-9
2.672600507347141e-22
6.787393943272382e-23
1.2924735837860803e-21
5.888515889287305e-21
5.86948465688313e-19
1.4143655983424907e-17
1.9246927481866545e-18
1.0837258620205218e-22
3.390144835908568e-22
8.716674697859528e-13
6.6377464039123794e-15
2.4810905975995827e-17
7.060808830437735e-18
6.050186345704517e-17
2.887429864663343e-22
1.858157463427801e-15
8.000353042032898e-22
3.6747854095400463e-19
3.888335630119642e-19
7.49970816231551e-22
2.2059522521668702e-23
7.238066689332798e-19
1.3175380462893912e-19
4.042070543725583e-22
1.0006268234872792e-23
7.878025244663183e-16
1.0055792699596669e-19
3.1150107983846537e-19
6.66346849706985e-23
2.3634760411124186e-18
6.456877704834317e-20
1.7992940330973595e-19
2.120924650340063e-20
6.245700546569376e-14
6.41010434221697e-22
2.0184791952670954e-19
1.7672165339280942e-19
9.489216863128054e-20
8.672932415111309e-20
3.4350919988646584e-19
1.707961091417376e-17
1.4781438209256209e-18
1.2702156576659025e-13
5.066244063110621e-10
7.16684050151019e-18
1.5466330647082873e-20
8.108377054194685e-21
8.873605632205469e-17
2.2048874316802892e-21
1.7981657296731364e-18
1.2904385813862743e-20
1.2614163046224917e-20
5.625413382230717e-23
8.571805949952173e-21
5.423143743898579e-18
7.158179068055505e-16
1.145702927812104e-18
4.142001225254563e-18
2.5709330952786544e-20
3.574366207006118e-17
2.440488793156131e-13
2.0350132114141005e-14
7.829014465361239e-21
8.625625612793604e-24
1.894364740825734e-18
4.919435776549828e-19
7.852100119393318e-13
3.4129400869689674e-21
4.116604008162653e-22
1.0285382901997067e-18
4.024949667639343e-9
2.0452605408230598e-18
1.559786209330848e-7
7.022556400324126e-18
1.857846472425811e-20
1.459954582061742e-16
5.881042202291381e-11
6.152045493674982e-8
2.1359435275178626e-19
4.1874200326533453e-22
1.3126781555378848e-17
1.9195859642503527e-18
1.2794333303922588e-20
1.840040574784738e-18
2.0901144918988913e-23
8.198902734773039e-21
1.8892933224915696e-22
2.1833082592192366e-22
6.998495221505735e-22
1.6752325896794054e-17
7.837762897536852e-18
1.1000099641931554e-19
9.737857076491008e-20
2.597566757036169e-17
5.612510059168938e-19
5.3016630971157616e-20
2.4236096650113866e-23
1.2694873408026803e-8
1.2836183152474554e-20
7.288501752437874e-21
3.901761663940062e-19
6.7496205251674945e-21
5.995765476640694e-17
3.062343976704541e-20
9.531029632010608e-18
2.5663529216155915e-21
2.8129411121254675e-22
2.969057691310319e-22
1.3951828937181554e-17
4.3287433985055667e-17
5.019648929498222e-16
2.1384569505488388e-20
2.0283437472980513e-18
3.925126084271098e-24
6.22385804535723e-20
7.28874399986794e-21
7.848985742642402e-22
3.1317798179230055e-23
1.7191708260312833e-14
1.989734666964125e-22
1.1240406332085625e-22
1.3168479986293073e-17
2.7393844017682177e-19
4.270874964713085e-20
6.003748899145968e-19
3.421031573418452e-22
2.5617631013321417e-23
5.830495564603636e-21
3.628334198368696e-21
4.7713091968237845e-14
5.000673995709902e-21
8.326510243882291e-24
3.5661174499043227e-16
2.1566467698424438e-23
1.1225794513661048e-15
