4.6059861337360424e-7
6.473851656704706e-12
1.9054669722341933e-8
5.264614890651003e-12
2.013441308389047e-12
4.8291226830482075e-12
7.452171749432299e-11
1.7699862685890652e-7
1.9276376484018627e-12
4.39030359589483e-12
1.8537152855064406e-12
2.3496357314011493e-10
1.9635373025487696e-12
1.7048881899983205e-10
1.7450858293343232e-13
9.398169692918905e-13
8.26950457230931e-10
1.1201678721472866e-11
1.7684106530165356e-10
2.8089629202352007e-7
1.1622403484042752e-13
1.7734867115851044e-13
5.233680131721951e-13
8.301112671814178e-13
3.867633889815267e-12
2.2931990423000356e-12
1.9645850917700593e-11
3.2307442991714515e-13
2.8402163083502248e-12
9.244599024036021e-13
2.2616838254512237e-12
1.3307110264102618e-9
1.1905192762101993e-11
6.011697838814199e-13
5.842573369996407e-11
2.0578368009125448e-10
1.9184353892789588e-11
1.6684022640835837e-10
6.042626433182162e-10
1.4079505184638063e-13
1.304767335503e-12
3.008445100453388e-8
3.5950258184637496e-12
5.787232461831304e-12
8.969940101652415e-12
1.3016493283245607e-12
1.7243507652345665e-11
1.1904016325745566e-10
8.229438744626726e-13
6.800607008380653e-12
5.318531032148062e-12
5.490771360469446e-12
6.480923032478619e-11
1.716885863086521e-10
4.1470743868031594e-13
7.074267745664262e-13
1.126150669870212e-11
1.8107078817604125e-14
2.7247492612023238e-11
1.0164622342367406e-13
3.0245978170132947e-9
6.125300381838387e-12
8.100644758028688e-5
3.748169196568972e-13
8.044832706319639e-13
2.8788780886062386e-9
1.3669920783648949e-7
6.580693911168513e-11
7.383437648729494e-12
5.486433548766291e-11
1.3677124250893464e-11
1.1712360564824e-10
3.447935946778792e-10
2.1425550646178058e-10
1.4460286276595597e-10
3.2674938174873955e-12
2.152255054712659e-11
1.1773958870003436e-12
2.8135592463148457e-8
1.2514013335569354e-10
6.713654156125588e-14
2.0236958210990687e-13
4.846829211472735e-13
2.1607106331583777e-12
9.014754532834488e-7
6.727610678598735e-12
4.844319377484397e-13
9.999680374431617e-12
1.8709277887339068e-13
7.395903554620853e-15
1.4151829567938753e-11
3.819511405068506e-12
1.1040828515983758e-10
9.952313742789968e-9
6.407382231324022e-11
3.086245815928393e-10
8.426379272529086e-13
2.3627473491223124e-14
1.4449300699098755e-14
4.008524379683108e-11
2.965945203390597e-10
4.340786822530661e-13
3.4754379082026445e-10
1.1156079483190327e-9
9.49114020864207e-13
1.6582107553052272e-12
3.0215746488468347e-9
6.963655138459368e-9
2.084396306657937e-12
2.779402655059951e-10
8.95518525999382e-11
1.8958097125587417e-14
4.5533155605046043e-11
1.855234147808592e-13
5.188384906869825e-10
5.093345089757204e-13
6.761577309538631e-14
1.856555180632247e-11
1.9012365986715435e-9
1.3486286502778914e-10
3.131788472880699e-13
4.376657643189265e-11
9.301146273888007e-12
2.5620127083059674e-11
3.964694336778631e-11
9.42734882262215e-10
8.451782740891473e-11
3.1036261646811282e-12
3.220394398069858e-13
1.7225463985753865e-10
7.37901279393622e-10
3.7562375946180944e-9
1.788125584982232e-14
1.7794766357252605e-12
3.7564125098919934e-14
5.598656263218387e-11
4.3084845120119946e-15
3.983135982194746e-12
7.496036545177317e-12
2.5397245919296877e-12
1.3332202224552571e-11
2.046626688609986e-11
4.92028702098726e-11
5.223133815368747e-10
1.4908150824641696e-10
1.4566380496910376e-12
2.0435849311061684e-14
1.9486244156931415e-14
6.941199533480605e-14
2.4646431273924677e-12
4.882998935805636e-12
1.1613808360315962e-11
1.0242760949629414e-11
3.6970795625264096e-8
1.162926424581618e-13
1.571941374266366e-12
2.871894481636049e-10
5.486735964437961e-13
8.819312918771349e-13
1.1349196019928634e-12
1.185716090699279e-10
5.09407992172885e-12
1.7193548826951485e-7
6.995886978068415e-9
1.492634681615484e-10
1.5929820629306538e-10
4.198120419664411e-13
6.262090515871836e-12
1.7924319522984904e-7
8.389572513532018e-10
2.1308951510925281e-13
3.679698876371193e-11
5.84371788604111e-14
4.488313594507993e-6
5.298192226359472e-10
3.3060266656857863e-12
3.701212386573984e-12
1.1044400894354062e-13
3.3521631099143e-10
3.4946411663198705e-10
3.694007895090806e-10
8.366657397695432e-12
8.413124307611705e-13
2.768935352596273e-13
1.0259837764117526e-8
7.977774751439545e-13
3.947116758625412e-11
2.871314123360696e-8
4.656578225647657e-8
4.2773509081632706e-13
2.1717082552665245e-11
5.182220187009246e-12
1.52047110114892e-12
1.0728229757327674e-10
3.949248923626332e-10
8.519335643344997e-11
7.429218618123101e-10
1.2531006166499971e-9
4.327712241138812e-10
2.180151140636995e-8
9.351102389945372e-14
1.2984235030963108e-13
2.861296692569999e-12
1.8654617944956513e-12
6.52384536826759e-12
3.445858510209818e-14
5.861393336951384e-12
8.182571078988417e-12
5.314529120756612e-7
1.3309118492283088e-10
5.3064607113362386e-14
1.1299441560793563e-11
6.0612712793982745e-9
1.6933432455500635e-12
1.5899593940480274e-10
2.975707145436457e-11
3.6124124775064546e-7
3.851838200718716e-10
2.2479420486526613e-10
3.876834040131826e-13
4.216796344532818e-12
2.1363369578789716e-14
1.0957530386777036e-12
9.34745275781808e-10
1.0944801634896727e-11
1.1871295743915685e-8
1.369994284533324e-12
1.279262037193346e-13
1.903290564033398e-12
1.6024180104014733e-7
8.662322965642903e-9
1.3772469584913312e-12
1.4932550184879058e-13
4.388428640992854e-12
7.101602443019017e-13
2.6215411475418982e-11
1.1213503325908769e-15
7.2134899660897964e-12
1.3824383876758383e-12
6.265809227425334e-13
1.2980689387170163e-11
9.953579597823404e-11
2.6570035736649195e-9
2.369451263886907e-12
1.5876445825168319e-9
2.061665249645923e-9
6.249675546081124e-9
7.6264797056408e-11
2.0966580136422792e-12
5.392918151442986e-11
6.838607711942482e-8
1.0585968861578209e-11
3.0989518131167536e-9
2.1291001834678346e-12
9.017592059819717e-10
3.500550895239938e-8
3.4316157104611683e-13
1.1723721421673073e-13
6.663474927853976e-13
1.0419327954976691e-13
1.2967845938105745e-10
5.044275519506e-7
1.8314196245021152e-7
7.84667937506757e-8
1.189654083244747e-10
7.989657020442533e-13
8.360661889027401e-13
1.0642436661560976e-10
1.0814316992478485e-10
2.816157200060129e-11
2.83546270869252e-10
1.3138351492812916e-13
1.128653178839156e-10
4.4614035493559575e-12
5.5194666719184924e-9
1.3031975813264921e-11
4.5112160236634104e-8
7.753061969016372e-11
3.7377568401288944e-11
1.2462966066603016e-10
4.757719174575099e-10
4.033632214323062e-13
1.3237184169949412e-9
7.24580231659086e-14
3.048589792478422e-8
1.0431588155010536e-12
1.8838144155467535e-13
1.3674813788064709e-8
1.4400347276035636e-11
1.1296711167334823e-9
1.407039353296236e-10
1.0580020140474846e-6
1.3080175608315265e-9
1.7888075441942834e-9
1.3652050419927936e-7
3.663975717195457e-11
6.001603206814884e-12
1.5577647747076847e-11
1.388686344329364e-9
4.466871024485141e-14
6.656771839987849e-14
2.4952670785670557e-12
6.653059814851447e-12
4.8406089531293056e-12
3.6998578425647954e-14
1.947102347537898e-11
4.686211760921251e-11
9.74498140791792e-10
8.251877758874967e-11
1.2129045558255295e-6
1.9960167944848888e-12
4.98466904691168e-12
7.403157636702783e-13
1.2913335620139566e-13
8.337961333707266e-12
1.9614153382157197e-10
1.224622373637362e-8
2.7028532013390007e-11
9.548176889630765e-11
1.7132643634281923e-11
8.900030789536589e-14
6.519100876022254e-13
7.252466125781904e-7
2.4084996814851324e-13
2.3737589295651493e-11
4.291868519285467e-10
1.589836060916503e-10
7.350586647668722e-13
1.2107415854462534e-5
3.15426929952248e-13
1.5206686616709405e-12
2.0461158651530667e-10
1.062170008310127e-9
2.1121986532091007e-9
2.895909339424379e-10
0.00010353628179451392
2.5722239247083653e-11
3.063525975037511e-10
1.8151820143619063e-8
2.2235641982756384e-9
2.079813836521923e-12
1.6497278680367237e-7
3.790413701464017e-12
1.5030244059580677e-6
1.3935320253577251e-13
6.691473074428248e-10
1.5093441725823716e-13
2.9804773229146152e-9
3.95764457264933e-12
4.091051296661529e-13
1.2086354418010169e-9
3.8560212995025946e-13
1.8370171031734054e-13
2.5602136145441634e-9
6.882052602745376e-11
1.6686710185865013e-9
1.8327225833849034e-12
1.8155942374060975e-9
4.831524237753967e-13
8.56473603774e-9
2.3776601573703973e-13
4.9053440567626116e-12
9.76119676026789e-14
7.527816413620325e-9
5.800711094026339e-9
8.710949133008188e-12
8.415190703688691e-11
4.567243271999055e-11
4.783835285626533e-10
5.989908066284294e-9
2.1562112375656862e-12
4.993920631840596e-12
1.0092169024655506e-9
4.645049751315961e-9
1.4721621527285535e-10
9.824838681544796e-12
8.013556003171988e-8
5.284409859192779e-12
1.8775109280288496e-14
4.7760724236645165e-12
1.5582313930075618e-8
2.832997321958352e-13
9.058868979599916e-9
1.6566113216522193e-5
8.493333707394058e-11
8.531794940665418e-13
1.4325693576674302e-10
8.395834197888233e-8
8.151718890694748e-13
2.136200386933071e-12
1.4804124569711444e-9
3.1172432482250352e-12
3.575569021327387e-9
2.7102702798067818e-8
9.067735174575253e-8
7.867459987653922e-6
1.674524613206655e-12
3.987212496036907e-6
1.307816116246756e-8
3.5090089766907755e-9
3.066688495849324e-11
7.22748109268376e-7
2.474566777207901e-12
1.91908072216651e-8
2.3332877184875387e-14
1.0692822848912538e-8
5.797867309183677e-12
9.35033678130222e-13
1.0987170986444979e-12
1.1445294598145811e-11
1.6122479739346977e-10
2.894448787549286e-10
1.3260400809742184e-8
9.291731257395844e-13
6.042973458896575e-12
2.710921154364304e-11
2.6250216015452455e-10
1.4409178347160066e-8
3.085372046474797e-11
7.384981795064735e-11
1.5154249700484374e-11
8.588907751430054e-13
2.228140756143489e-11
3.209688078862178e-13
1.1256532903541183e-8
3.599668549859613e-12
7.847209244337108e-8
6.850024184967665e-10
3.523144800864971e-10
3.3892695596467292e-12
2.0744535784149336e-9
2.300887888908657e-11
2.348709400361615e-10
3.866916266156644e-7
4.175716308444837e-10
1.680978714297614e-8
6.877483830736447e-14
2.680371442524468e-12
4.2695524656800386e-11
3.546760076857342e-11
3.0633347558004707e-12
1.1908159552017073e-10
3.720952048841478e-9
5.32214346796547e-10
2.0853930876447928e-7
2.425001568444943e-11
5.189332724203059e-8
1.4440399968756017e-11
4.160090960419464e-12
1.6595267779838081e-10
2.4776458162469633e-9
4.9413806680070636e-8
1.57777641897208e-8
9.62476360061073e-10
6.794566896914557e-7
3.0310388514536566e-8
1.6251962349383055e-8
4.5685834546635075e-11
1.9516166855762683e-10
1.8811010945098113e-8
5.127176951361012e-6
1.0379193852685827e-10
2.664075711699814e-12
5.067805318163701e-12
2.802563188264632e-6
1.7292783127094162e-12
6.007315679817761e-9
4.1275204628225393e-10
7.441175232045297e-11
3.2132303476032464e-12
4.6276617767820796e-7
1.0389301453392e-8
6.861215336724021e-11
8.469105003501337e-8
8.881559544161446e-9
2.65605180710338e-9
2.6456464751296587e-11
2.409947111571688e-7
2.4959903505611917e-7
1.3904472170451376e-8
7.878516103228015e-11
1.7517775535408764e-7
1.4079001361046342e-13
1.8968461618698442e-10
6.539124285992772e-15
5.982313343019435e-9
3.291521478774355e-13
1.4027664936779453e-12
5.210767863039673e-9
1.0770403882213925e-10
3.209363862268886e-10
2.249007942773263e-8
0.0001397115378310666
3.553132751029668e-12
8.471078102800326e-12
2.36150542390993e-11
3.872918066076426e-8
4.6601360494851e-6
2.0139920329056655e-11
1.0574275424258727e-12
1.7102982763388013e-5
9.081051426766439e-12
5.700928651763047e-12
6.439798145591703e-7
6.70981426545029e-13
8.514365195811153e-13
1.7255577256454862e-7
8.68150617541078e-9
6.290815731700733e-12
3.596331763340443e-12
4.76357165708787e-9
3.6518144722854405e-11
1.6435752756345632e-7
8.716420606841067e-9
7.523701742812469e-12
2.5406396497953907e-11
6.883243481967003e-11
1.0705967734183968e-10
2.7479105338219063e-7
7.369911349358106e-10
8.814795385081435e-12
9.653413474295125e-8
1.5853528028555552e-9
1.0866165444953282e-12
2.841197000179041e-13
1.0543352537894236e-10
2.0396491316910544e-14
2.8845001177254124e-12
1.5087372387573752e-11
2.3475399587595433e-12
7.574107435042446e-9
1.262624836702546e-10
3.870486873702023e-12
1.0071097264240143e-11
1.3208121369450097e-10
2.676734154351502e-7
4.221235919924143e-13
3.7968592526479623e-10
1.8379659839544315e-9
1.4035458114838377e-11
7.558121300684025e-9
4.941111208613904e-8
2.0920225455843058e-6
4.003557463811359e-10
5.37022037431914e-12
3.776232959840026e-6
3.6915304616197437e-9
1.3547750103175116e-8
2.0692189614099483e-10
2.8039143246513705e-13
3.413509884076052e-11
0.0007155952842805339
7.734705452265626e-11
1.2095333950192154e-10
4.695963694979919e-11
1.0527102698999456e-10
1.4103193417202353e-12
1.585195332939493e-10
2.4855118549046275e-12
6.651695959900948e-9
2.6802991244690945e-11
1.5846403591306115e-12
4.979712216584058e-10
5.253170874600416e-13
3.237733681852717e-10
1.4531852039806313e-11
1.0252629298437834e-12
4.988936772356024e-10
4.815215704072728e-13
3.7750944788863487e-7
1.1443622953562772e-10
4.1865493351321185e-13
4.537445127766861e-10
1.0331888086222615e-14
7.109278925687126e-13
1.0215630435699773e-11
8.425937887862947e-11
2.921351341894198e-8
1.548488236753082e-7
1.4487535052385253e-11
1.002529365177094e-10
1.4689068786600627e-8
6.921566536125715e-8
2.1763608190642104e-12
3.949232870109353e-8
8.281792286697036e-10
2.8218818985653412e-9
2.1202371273097183e-8
1.3493773480411366e-9
5.075235362484178e-13
2.448840829698844e-9
5.249819983401137e-8
2.5004675064038396e-11
3.4188598945153946e-7
1.1709849813986217e-10
9.055532534683915e-10
1.7007273139329576e-9
2.531736223834602e-10
7.82045864912596e-11
1.7274319760285497e-7
3.502249175623378e-14
4.3166119392847947e-10
4.198003099588094e-14
1.1619591609517763e-14
3.9616940154202175e-11
9.558330600653757e-12
4.574508855536677e-12
2.2157695393941048e-9
4.802455904629951e-11
1.2412578614348594e-8
3.012882427541289e-11
5.896189854397439e-10
4.111169497157854e-9
2.040504896804296e-11
1.014498417493744e-9
1.2931862336167764e-9
1.5662026788097691e-6
3.253952689442253e-10
2.069127828401511e-11
2.1167269842040194e-8
2.3531033765687877e-12
7.563341341580478e-12
4.78730974564095e-12
1.5933672519693674e-10
1.0700439370965465e-12
1.1416598552677422e-8
9.575744037069135e-8
7.079651929096784e-9
6.939385329159091e-13
1.4917198541428566e-8
8.40754542481276e-10
1.3301033325074286e-7
2.5244148475164578e-12
2.104679372270068e-10
2.1070206073579037e-10
4.359182034884397e-10
3.388645739245948e-9
5.849272345352372e-11
1.2121542120382727e-12
5.324848562968961e-12
3.047194171596836e-8
6.851729801649245e-13
8.078656086184329e-14
2.0605658136457285e-8
9.818782834661184e-11
4.960129145797703e-10
2.5790383244123753e-11
1.7952687686494767e-10
1.3976273329734862e-10
5.731592101860556e-11
8.358453106395875e-11
1.5895958583866183e-10
4.605384842431113e-12
2.4974499841645012e-12
5.388885406230467e-14
6.139835096330524e-12
4.298229472852975e-9
6.120440539910732e-12
1.6422258830306256e-13
1.4418726236494244e-14
7.97793329924632e-10
1.0159339488162967e-11
8.248097491322252e-8
8.93013370664727e-13
1.9446070260903998e-11
5.722671907516218e-10
1.289221567335475e-13
2.262216198340731e-8
2.0669985142757257e-10
1.3080200371891315e-12
4.265829309799425e-15
1.1665800853283238e-11
6.429232609609653e-12
6.556081635062875e-11
2.917733325023125e-13
6.779925968608075e-8
2.7559827262557365e-8
0.0007406918665555263
1.2531494834900267e-10
2.6754199895308103e-10
1.8215757788247547e-12
2.2975597669670298e-12
2.0482182261701283e-12
6.440139485575126e-12
1.659967788378054e-13
2.8079023669689007e-9
8.084846136457533e-8
7.876385299439524e-14
1.1665861753095326e-12
1.2692072641289794e-14
1.3564873486293401e-9
1.2891963464961005e-10
1.653457084644767e-12
6.266559156250777e-12
1.1798770735953338e-10
3.8624650796903957e-10
3.490278855540014e-6
1.365635399821265e-9
3.7388377485172416e-11
1.3423279995319404e-13
3.3307311541661345e-12
1.089659067615747e-10
2.9107838214059495e-11
1.1088691157642157e-8
9.34405564246012e-10
5.5063851839604315e-14
2.568011505028095e-10
6.162624642260869e-7
1.1374626110668502e-7
7.656653408117304e-12
9.964417882120902e-13
1.4876416366767229e-12
2.8700443031361236e-9
3.4830362768005586e-13
1.1707250459222461e-12
2.3994358665833205e-10
1.1616014091800986e-10
3.1381311633413383e-12
5.14499390575529e-7
1.4334636787798196e-13
1.760694145138419e-12
6.16783522643763e-12
5.391907878161194e-10
5.197449033244969e-12
4.2097358886715946e-14
1.6853411235615583e-11
4.1155965668438585e-11
2.948587770657257e-9
1.191988655711738e-7
1.750927952170857e-8
1.1115699068541994e-13
4.0134371645790905e-14
1.4961667911489387e-12
5.165821124025984e-9
9.623157210978127e-7
6.490284959629308e-10
3.4669517429681736e-7
5.0720481492996356e-14
1.9620447904760547e-7
7.94280848324779e-12
2.245409807090588e-11
3.967774172957271e-11
5.78784015342161e-10
1.6754579576050126e-10
3.0946522798052756e-12
2.3659782360290866e-10
1.0739440724434339e-7
2.825425111802048e-9
7.439501797373665e-7
8.012523961420142e-10
2.789823766761542e-10
1.6160386717467845e-13
9.89056754531301e-12
4.894950062868941e-9
7.921627616276312e-13
1.681715039717078e-11
8.200165077995326e-11
5.043401359449302e-9
7.581544507974006e-10
9.358503727442464e-12
4.335288240884953e-11
4.9904103592273584e-11
2.5254582468109217e-9
1.5330580779080915e-11
4.9784975499415365e-11
1.567371881662168e-5
8.35959504974306e-11
2.6166240369147706e-10
3.81090037623217e-11
4.802035836024118e-10
1.6898590010162021e-12
2.3159269626073016e-13
2.2109206714320696e-11
2.0525146773401955e-8
3.1797243151734864e-10
1.2370812352796076e-9
9.087604517666736e-11
9.192515272722588e-11
1.1375747209676406e-6
0.0023499276766042816
6.221494172891381e-10
3.0512420579676135e-10
9.981901914303551e-11
1.7340936769717726e-12
2.851937901036773e-7
2.9894474034177823e-14
8.664118440365386e-12
8.857192035126417e-11
1.7116617782514737e-9
4.373111672057087e-8
1.5590086532013312e-10
4.635723340370882e-11
1.3310038225540894e-7
3.1895221100342703e-11
1.0085106173980593e-10
1.4511880911751242e-10
5.951964104585866e-7
1.2819158073606778e-11
2.3712361321788484e-11
4.3012588075298103e-13
1.9742390762352307e-11
1.6727566245899816e-10
5.412720672506468e-11
8.928748036088117e-12
5.116828126306565e-12
2.4536326585466497e-10
2.2605652840221798e-13
6.3112170363812785e-9
4.124666589362387e-12
1.0212131798515687e-10
9.994083812564183e-13
1.0599319409603014e-7
6.894950148300741e-12
2.888569771746028e-10
1.973544185416305e-8
5.387436288040584e-12
1.7296914263332053e-8
9.902470435097942e-13
3.9490233281201093e-13
8.057536479944932e-10
2.1528093032774947e-10
9.567343626605749e-9
3.8321629655054306e-10
9.696934296828491e-14
4.7958691525270587e-11
4.032470713235603e-12
2.2884728674694612e-11
7.939610226462732e-10
3.1118951457279393e-13
1.21699183973381e-13
1.4256484649408762e-11
2.3307282871095757e-11
7.395424675742794e-14
1.3488779133908104e-11
1.1297858092094091e-9
8.04777370664404e-6
3.579374094712995e-6
2.0306312735189926e-13
9.464399240866138e-8
3.87203537184684e-11
1.336200625312103e-11
2.571627101127714e-8
1.5417398510864086e-6
1.2167760821204057e-10
4.332358879602732e-8
2.914869166291912e-12
1.1483513929141202e-8
1.2179745432235684e-9
7.181921055460153e-9
4.067772810185628e-12
2.3085116470062534e-8
9.082522717913855e-8
6.6496290669453145e-15
1.0979970519808607e-13
1.9577249639618175e-11
1.0230331120410789e-11
6.167302398903952e-8
4.3283637175430216e-10
1.37051278157109e-10
1.0394528310679247e-12
9.985044559594023e-13
3.8983587531251406e-10
3.1934104878676523e-13
1.7032797626865274e-8
6.652578241700319e-10
3.611312660415165e-5
2.6563514916952728e-12
3.6642184323199864e-8
2.750363540121912e-6
3.24494101535681e-11
1.204730583881336e-12
7.630264103716663e-7
5.905652714732344e-11
3.192780761276579e-8
1.682573261513067e-8
1.0282090965560222e-7
1.8055878497629014e-12
1.9254688097371866e-10
2.2002613056323973e-8
8.70755316919469e-12
1.4367645697400233e-9
5.126333567382386e-13
1.7468921070528213e-9
6.2684258508977234e-12
4.1594093736314894e-12
3.993768434184776e-12
5.215252296762117e-7
5.102025061825409e-10
1.1889011077913561e-8
4.701235738881079e-11
3.3106932614931387e-10
2.159458026011685e-12
2.464558518669748e-7
5.627828621033471e-7
5.16431531750091e-13
3.2969013022271815e-11
9.296787305872692e-8
4.098334991951844e-11
3.745490265752637e-8
2.053243574769221e-14
1.4399692322111182e-12
4.831755123080936e-13
1.0892806978257914e-5
2.2354643529888663e-11
3.8174049700125554e-10
2.3118394869860424e-6
3.949923272748925e-14
4.075665980262832e-13
9.55434825396984e-9
7.005807900588592e-6
1.6890510114111285e-10
4.55819282030488e-12
1.083478827982075e-6
1.0857545944855081e-10
2.9928512711034333e-12
6.7327914713390474e-9
1.519830258230129e-8
5.349959754463084e-8
1.6214305516088956e-11
2.085182450144577e-13
4.1966691113201366e-13
7.116222268355623e-12
1.931838667897386e-5
8.027041596218449e-12
4.555923020029348e-12
4.2917888183859324e-12
1.312900989154674e-7
3.46317365590668e-11
4.216031214488809e-11
1.9177443806600836e-11
2.5800204554566567e-8
6.044661051283053e-8
2.0646067803180377e-10
2.6021796186264866e-9
7.215472144325615e-11
2.6392357331117177e-8
2.5712893979758677e-13
3.621321526236501e-8
1.340435869300201e-11
7.315697771120978e-12
6.252428516117305e-5
4.10240668469886e-8
3.084010581987184e-12
7.184028724908746e-12
2.330483156694501e-13
7.872691788539944e-8
4.999407500473537e-13
1.113345329709443e-9
1.127727251521035e-11
2.0495990831032354e-10
2.4329485896236093e-7
5.163169382791301e-13
7.72669464495587e-7
4.4560254433008776e-13
8.4569124583865e-11
4.842813525591755e-12
4.0161657600148985e-10
1.768908615425404e-10
1.4320933360755286e-8
3.0503807665845777e-12
3.534182887034983e-8
2.2031500100022843e-13
1.8774998681179397e-10
1.0512016710408364e-9
9.95105160648177e-15
3.8834765263002634e-9
2.2232566724177347e-9
2.562876883309845e-13
2.1839450866686298e-8
6.975924358624996e-9
3.164743801231251e-8
3.788454882654063e-10
2.505309231974164e-11
8.057797938921309e-14
2.5308639559806235e-11
1.0485359849252477e-9
1.0227951548825e-9
2.2379247038894106e-11
3.715911215381409e-12
1.7762728211265518e-9
1.865814992267597e-6
1.1807667170811583e-11
6.495008566657386e-12
2.561825095416021e-7
1.0768686187923823e-7
5.059254254757636e-10
3.210487256575849e-10
6.127546438538516e-12
8.064293523265703e-12
1.1081139453559206e-7
3.311049149010961e-9
1.0822057945729994e-11
1.925723545289776e-9
2.3894175775935643e-6
4.743743030297212e-13
3.3141733819797715e-11
5.588139935420849e-10
2.8338250112549067e-11
2.0914773934199495e-12
9.811260277744599e-8
1.32776558821523e-7
1.4780557279921543e-10
1.2067866313197735e-13
7.413258892908817e-10
2.790468240596749e-10
2.8589236264596504e-8
2.4840469729607694e-11
4.6498896601618935e-12
1.9269366354719537e-11
4.402944794348779e-8
5.8606319313813835e-12
1.415786470816916e-10
1.295150269160555e-9
1.2714042811971353e-7
3.3243126913557036e-14
1.056266121577037e-8
1.2875500220545792e-9
8.63033272791597e-11
3.8581697664861214e-8
4.472102100136386e-12
2.999839142960482e-6
8.15426244232121e-9
9.179922625770744e-10
5.329900866870782e-10
5.35561109497764e-10
9.668682282443144e-11
7.521628840182824e-12
1.124273139785147e-12
8.458341310920781e-10
1.2614434114204459e-8
2.2760851648729777e-9
6.281124371901073e-12
3.903358331671664e-9
3.8970232536764985e-7
4.1621867797239395e-8
2.47844126360289e-10
2.165047328616091e-11
1.314137894647733e-12
6.941846132463819e-13
5.579912532469367e-8
9.246794224214791e-12
1.3421270026933758e-9
3.3336009732810685e-10
5.406900881627174e-13
2.916627262212159e-10
6.248848582661908e-9
5.657544857867973e-10
5.840498453628918e-11
4.757354986740524e-10
2.3345607047880595e-12
5.167539279959917e-12
2.3682405515446947e-13
3.078505640929231e-8
4.842792310008064e-6
1.6809042267081541e-10
1.3940276184655255e-10
6.086223248315026e-11
7.570566408033518e-12
4.37652906712943e-9
1.9855131245512043e-9
5.067077106483135e-9
2.0791954092844265e-11
8.314273530002517e-10
3.95602593293892e-5
2.3465739906128564e-12
1.1404065207294413e-6
6.805507715161464e-10
5.663284789112555e-6
8.085520950892534e-9
3.1694513135469095e-6
9.142990557742531e-10
6.76007786696924e-9
1.5240893905417474e-11
0.00018368556135542783
1.7215389541826353e-7
1.0425614085823984e-10
1.3985887163317806e-8
5.460830804433519e-11
1.63796411545865e-11
1.1488423306346925e-8
8.675043032347051e-10
9.948333332667691e-14
2.8601617639292996e-8
5.824867243376293e-8
4.046630095892103e-11
1.5638063108086728e-12
1.4530072585331007e-11
4.809165179680378e-9
3.351126714367205e-9
9.935349799663767e-14
1.9549302729229037e-9
4.4311084167093464e-13
3.985666759318199e-10
1.0039767138702525e-10
5.433930967185102e-10
1.479866806935417e-11
1.296985964693496e-11
1.2178704766011493e-10
9.821814101323703e-10
1.736853071292824e-7
5.087553051786776e-6
8.299476022243453e-13
5.995391376449757e-13
2.586921783609939e-6
5.700767287007921e-13
1.4395333111391133e-6
1.5177691942775974e-9
7.929994760124093e-11
8.259686581828921e-11
1.1828012217433597e-7
3.364801611154604e-12
1.6190867233322498e-6
3.113050048789865e-11
7.827346357108026e-10
3.2160569869224296e-9
1.500415632985434e-13
9.345538889727868e-9
4.469999755516092e-9
1.4596931545763677e-12
1.0231943079302383e-13
6.589463850383822e-9
1.6087492928002997e-11
4.673149267144338e-13
3.235324176244387e-11
9.472014585632766e-14
2.0749516699943338e-9
1.2638986247628513e-7
1.3657710904038902e-9
3.053314786877893e-13
3.047228091448251e-10
1.0615096378067918e-10
6.026549659372073e-8
1.3553640313844288e-8
1.7520263943087788e-11
2.65388560087738e-13
1.4262009614202637e-8
8.120984272969675e-13
8.655159233980562e-11
1.291007267599271e-10
7.903479947103267e-12
1.1692805940606453e-7
3.726207977175004e-12
8.896045106112605e-9
8.065103855274594e-13
2.414952280852388e-9
2.473407695340289e-6
2.823904774531004e-12
2.90329779069459e-8
5.811693114316664e-12
1.3308953617459753e-10
4.771973341377249e-11
2.3646378578862385e-11
1.899318891710595e-8
2.107356516940651e-9
2.0680538473372193e-13
2.3242413571501613e-8
2.1917718836102005e-8
7.414632776833906e-12
7.559132723274526e-9
2.5693778332818323e-8
2.3984087424090138e-12
3.8398953249439205e-12
5.84829987995318e-14
3.403936729740243e-11
6.894272673791459e-13
4.57754566122042e-11
6.835510385792218e-10
6.486067247490967e-9
3.65410819974529e-10
1.6410361071390343e-11
1.5844936481102866e-13
2.373958190116656e-12
8.325694682094402e-12
4.6933499530025425e-9
1.0914062816342937e-11
1.1255193459238986e-9
6.602263463271539e-14
7.706815647683733e-10
3.004880300914778e-10
3.123866977245699e-8
8.090293074288268e-8
3.273673894490002e-9
1.1693872923049688e-7
4.101121117605359e-14
4.120966740065989e-9
1.7621673199869183e-9
2.464530835750815e-12
2.735850468170638e-8
2.5834066082865143e-8
2.834830009812963e-14
4.0059599482210205e-12
1.0364182763591567e-8
1.2013438179927993e-12
3.8136235106169274e-12
6.6294917614739164e-12
1.779810909451695e-6
3.0286987883566785e-10
1.7979967138567e-9
1.1935849323819598e-7
1.080619934865361e-12
4.0773419731796805e-14
2.2384594256555328e-11
3.367118357657792e-13
2.0780832853685685e-13
1.6855186660438228e-7
1.3556720744170051e-10
3.903355603925293e-11
5.942932036633372e-7
1.157529087211598e-7
1.0784669267123428e-8
5.684657413545891e-8
1.0873922129517113e-6
2.7940151123796716e-13
9.757178136756124e-10
8.037165425804602e-13
7.775389677293764e-7
1.0139539283867095e-10
1.762824718677049e-9
1.4237969528870322e-14
7.379497261520587e-9
4.468219225671218e-9
3.70691755048669e-15
1.326933616979457e-8
4.5680447759344484e-11
8.236617783433474e-10
4.057415137996629e-11
2.4188627020236735e-9
3.9230414851090775e-12
2.3505965290914562e-8
6.988897719434979e-10
7.497545286363629e-13
1.6307466103543438e-5
3.332760542725851e-11
5.1013994896743425e-11
7.559836718893019e-12
6.274093955988455e-8
4.372453378615604e-5
7.784085849677046e-7
1.1893460311180008e-10
1.085439398745542e-11
5.7892049128450375e-8
1.1194902807779717e-10
5.512735191251475e-10
1.5810400002053136e-9
3.52275258518373e-12
5.513780744967854e-5
4.4998012496885067e-10
3.525865569200053e-12
4.324610344444246e-9
1.5316444549443262e-10
8.029689178202213e-10
2.368885419922123e-6
1.4151744550105674e-11
1.2789851443790948e-11
3.6521189413160557e-10
7.034700434083159e-13
5.173563171923811e-14
1.432484071280769e-11
3.086263909922059e-8
1.091900584448336e-12
1.0255660676889422e-7
1.0250437735269905e-11
7.031441402322311e-10
1.6477941973111585e-12
6.434183024996737e-9
8.486380782147593e-11
7.762299733481843e-10
1.0838682941678988e-12
2.03518313891198e-7
1.5651357403940563e-11
3.295122653428764e-11
8.258960010158811e-10
2.360593482627434e-13
2.0377915660890576e-12
2.730016519008182e-10
5.272984194227446e-8
5.085958721575845e-6
4.148917558257268e-11
7.82753463986306e-8
1.5843692563021982e-11
1.6071709906132226e-10
4.803866913699809e-7
7.727007074924127e-11
3.2701259465423837e-10
1.0538859907303894e-9
4.3394334227783957e-13
2.035078216924805e-11
2.5841784019321618e-11
2.8657149816638526e-10
2.6015773373248175e-11
1.321050290584504e-6
1.1377428686649688e-12
2.2838334518873082e-12
2.4061290652954523e-10
3.1926195076191423e-7
2.6872443306622286e-7
2.9904850066176904e-13
4.935099146787007e-7
8.235370894435843e-14
1.3472302877391034e-7
5.118059012041869e-12
6.955669876829336e-11
2.327959787810476e-8
1.9906260973418003e-10
2.3142281594237672e-9
4.3687617247730393e-7
6.479242551862004e-9
1.0596430547873598e-8
1.3397459148663088e-12
1.0589560024494678e-11
3.736265551286208e-11
4.18428248442828e-10
6.141572769336834e-11
1.1610100600198624e-7
5.850825386528983e-10
2.1308678381417126e-12
7.296898686045837e-10
1.3802685389036972e-8
2.0751323591085632e-8
3.7068285619059307e-9
5.441722959930354e-11
7.525205309520318e-10
3.434405077218642e-13
1.4546044946149648e-9
1.2732827338160717e-8
1.1219552452378924e-8
2.6096785242367116e-10
5.974979946106216e-7
3.7052968103334677e-11
2.4662470796796177e-7
1.512900687183685e-7
2.761814319614935e-7
2.0499024026565646e-10
2.613158741740031e-9
4.2678839221804446e-11
5.024331994678727e-8
4.891497527000189e-9
6.542048568152586e-10
7.601476591600282e-10
2.1603091207679075e-7
3.900556507085257e-11
2.3310094578248543e-6
7.276009989892735e-11
2.194311420078626e-10
8.761042996355806e-11
1.5846471951478136e-5
1.036557960848732e-10
4.832795843318802e-10
1.7400616613348635e-8
2.4314498257942214e-8
1.424413119945595e-8
1.2091078753371834e-12
2.0502196391002908e-13
3.1540171195388254e-12
9.788006135740465e-13
1.8937282677475328e-13
5.8424909249910794e-6
1.161551911222879e-13
3.2483493461920414e-9
5.0362120829503645e-12
8.738018836098345e-5
3.612406437910108e-13
6.0499541645658085e-12
5.820263499274673e-10
7.007732465692424e-12
4.780275267935802e-9
5.794447160572422e-10
1.2100970068521943e-12
4.797891660124959e-10
1.7351131049502162e-9
6.8151813197851445e-9
2.1435786558432754e-10
1.9644334196027542e-13
2.144531413645964e-5
3.836410747199916e-9
5.8852554559557846e-9
4.715728369005198e-9
1.337295760236943e-11
1.1611391884810928e-7
2.576140007707246e-8
2.993813184071029e-7
2.502821179132449e-13
1.6145420768887243e-11
6.561214519085536e-9
4.5262774846483505e-11
1.0351491414820848e-7
7.853531847295666e-9
9.897151065234422e-12
9.189211409284725e-13
9.808349982891474e-14
1.335827573358541e-13
1.0993396722653752e-9
1.8345660825378322e-9
2.7107458515517427e-8
1.4780713040490257e-10
0.00023238833656302155
1.5571144214089505e-11
2.8854904315034946e-13
3.51398487279725e-11
5.408569173651048e-9
2.3218783687633977e-10
3.4936549858696293e-11
3.8917912045901993e-11
2.9363923572175536e-9
5.145943966678624e-7
9.285869295326638e-11
2.4306365196052345e-12
1.0833849803830395e-10
1.6997099684007512e-13
8.500122797120141e-8
6.813168536486481e-10
8.401253550851995e-13
1.275785160455823e-6
1.5646186348593398e-7
7.525587674479216e-11
9.969559188186315e-9
1.6603245045897923e-9
1.3527266854133578e-9
2.0164504920016918e-9
8.479472801451369e-9
1.2090432708853713e-13
3.689122668016136e-13
4.3571853212180883e-13
5.46241454604152e-13
0.0007301781600945972
0.00013930011769310033
1.379190414260778e-11
1.8901249924858685e-11
6.59091498025217e-14
9.43701057516919e-13
8.92371338655801e-9
5.986501781556671e-8
1.444579717061984e-11
6.765470301013234e-10
1.6974433716495498e-11
7.945523349154635e-11
9.81180984327517e-7
4.235887410360903e-9
5.3369508241346765e-12
1.4378800005450545e-8
2.664809275665735e-6
3.2447574433346315e-13
3.6459487680094626e-9
6.604983706802615e-13
2.568167730397816e-12
2.953563817520496e-12
1.3245490498473124e-12
2.146085470270668e-11
3.473433707367578e-10
8.956625870245042e-12
6.51778316833137e-13
8.303732523595726e-9
1.7675755427156313e-13
5.730915964883186e-14
3.3531216089158434e-10
9.889285684842792e-11
4.017243818415134e-8
1.3811283084337367e-9
8.421809436923067e-13
1.1494634535410606e-11
8.523310069924398e-11
6.596344958771329e-10
2.696541473103027e-10
1.4997648621987064e-10
2.2479573703638363e-11
2.518707022865319e-9
2.663842183310749e-6
3.797341853318491e-9
5.11402025621452e-13
2.4810954770679314e-8
1.0143620042725052e-11
7.053379074355859e-8
2.822468756888982e-12
2.7462265522540594e-8
1.0636435562811426e-11
8.05389039004954e-9
8.172486486337737e-8
7.707398468351342e-9
9.234129222235963e-12
3.2346125802109944e-6
9.934815546984246e-10
2.1490947336311113e-8
3.1354423571189105e-13
4.7390052085079536e-8
1.8397775650953614e-10
7.148870820227166e-13
3.0253671994460766e-9
9.620267896015893e-10
2.186902932817614e-11
3.324182232094432e-10
8.060881826757369e-11
6.8141468928588475e-9
1.1944354666999212e-7
8.27004375629503e-10
1.897493561948267e-7
6.537690800656742e-10
1.0925448294430964e-11
3.093534758587936e-11
3.793471858432629e-10
5.217559966396113e-10
1.8446981030722132e-9
1.8584579156645445e-8
2.6033728606235355e-7
1.219537066569357e-12
3.454280459496558e-13
2.5942362988269834e-7
4.7326838084627676e-11
1.3445742765484941e-11
2.3424886155852395e-6
4.240223038289032e-12
5.870513094281192e-11
4.1835719674556565e-10
1.262331476736986e-8
7.103950934313343e-11
5.099847573214841e-13
1.8376111347624002e-9
1.0782499234382653e-11
1.5040016717872893e-12
2.7202078514433505e-9
2.0640383687927982e-11
6.905934762626005e-11
1.970068908490229e-10
1.577954123275542e-12
6.114169719596037e-10
6.180097878986209e-8
1.4156333356565095e-10
2.8370644443361624e-7
1.9455725843417347e-6
1.361021597946741e-7
1.203921275412195e-8
1.6853022714075904e-10
1.043770456013033e-11
6.934523773444236e-9
7.569902051936064e-12
8.567834885255907e-13
4.276568824798325e-5
8.995985998890141e-8
0.0003614790342145772
1.1870661690689015e-11
1.2577916811111494e-5
6.617194757850736e-15
2.4994361647456395e-9
1.747349386694833e-11
8.842242178614963e-13
2.8892814891015716e-5
3.0063789786809624e-7
2.5668975221613853e-13
6.75683392568847e-9
1.18933361514797e-10
8.528375573316445e-10
6.109836628514324e-12
4.725197437454653e-14
2.1373498579119646e-9
1.939150307815985e-7
1.2286449962740649e-11
3.419465704660804e-13
9.321004895767526e-10
8.726144575081993e-10
6.058601647265784e-12
1.0658409924172455e-9
3.033792074407471e-9
1.152621760517158e-6
6.21278709727275e-8
2.056031760901875e-9
1.1012214901815064e-11
5.623615758955579e-12
2.143839072734893e-11
3.604098037889497e-11
2.984011839344859e-5
1.0316844230277663e-7
1.820382263517924e-10
2.8079954833601966e-10
1.8753339698769668e-10
4.764428179602624e-8
2.8012533327796177e-11
4.82581034696816e-9
1.2039393432817735e-8
2.696627353907316e-6
8.170997117613519e-9
5.144591760396473e-12
1.655658788331926e-10
2.5350110344089957e-5
9.134921132464774e-9
1.9549757711696892e-11
1.2458642793235677e-8
2.87217411794543e-13
2.344141876729701e-10
6.723363292799692e-13
1.0176066406918e-10
2.274410652308023e-12
3.109827116725516e-9
5.780512572011741e-12
9.768735622779263e-7
5.2331871919482736e-8
1.2825823410531827e-11
1.0531452206630576e-8
9.286310752075998e-12
9.087669306288985e-12
3.526799119522305e-14
8.742066539718915e-11
4.11724433879129e-13
2.1622877692830743e-8
6.241357498449976e-10
3.402673670827108e-6
1.8341242247701356e-10
3.402751377958327e-11
7.124579426023906e-11
9.098845792412922e-10
6.991384841488044e-13
4.483006511070202e-11
1.8463859830854177e-12
2.771528697662252e-13
8.809085617732762e-12
2.171958463661194e-9
1.31435122400587e-8
2.2007424653793488e-7
5.439059325861819e-8
4.1920896376955047e-10
1.096606870309396e-9
1.1372307447368656e-8
1.2513184246568462e-10
1.326367002875445e-6
1.1496683296474394e-8
9.264663217114592e-11
2.5408027353843618e-12
4.398865899718484e-10
9.865894427921188e-7
2.513078793864377e-7
7.69535308169141e-12
6.210603636190159e-11
4.418441589555781e-13
1.3993286350499567e-12
1.382783256906642e-9
3.7543979732970245e-9
8.416644950909484e-12
1.1220090688840135e-9
6.025077474236303e-14
6.407456228461207e-5
3.508861010089078e-10
5.272640295125813e-11
2.315690519640501e-5
8.535410051281415e-11
7.045790246914583e-12
2.8809681408195517e-11
1.3685227923585786e-10
5.691276318226699e-13
5.811129625887639e-8
1.3330967717363486e-6
5.9650070463071325e-6
7.586596577369971e-13
2.8397657407924683e-11
7.552887842613518e-9
2.79117027219779e-7
1.49793934899824e-6
1.2930139409992073e-10
1.9911099847218827e-7
2.442091130726785e-11
1.0977706300549977e-10
2.13930560646887e-11
6.850416608578722e-13
4.761516401681317e-13
3.4468093116038054e-10
4.553828005869372e-11
