2.1027955361509617e-9
2.5144919345613252e-11
9.398771442886178e-13
1.363024006499646e-6
2.7959983896912625e-8
2.4978720095189716e-9
3.6893106581487324e-12
1.1922020582119763e-11
2.7261779956077318e-11
3.017090150131279e-11
2.9249620404447614e-12
1.3651240469429905e-12
2.952910742395074e-9
6.654227365396924e-12
1.3776722624604065e-8
3.835614406794903e-12
1.1416834243017037e-10
2.8702866158303915e-10
2.7141461164961106e-6
8.285361021677183e-12
2.7965688723830744e-11
1.2052979912792344e-8
9.014771611304727e-12
5.638311613029066e-13
3.6966621200406955e-9
3.234164299912329e-8
3.009024419705375e-14
4.818532080259186e-13
6.425764057472723e-13
2.0457397857522738e-10
3.76591780561027e-12
4.1683254234276224e-5
1.0304659528430277e-13
1.5951881090071027e-14
2.224831326977185e-12
8.757914470857549e-12
5.692632554366815e-11
4.700178215653649e-15
3.4835444414270134e-14
1.3534048570575707e-7
3.831068805377343e-11
1.8856523942529158e-11
1.83626811177117e-9
3.3484068560576643e-9
2.8794076764309966e-12
2.7434277187327097e-13
8.877990591355167e-10
2.6217363264123032e-11
3.548960094301281e-8
1.0917356568358855e-10
2.48700687113602e-12
1.5938957332805966e-6
3.400415114826837e-13
3.4802218401761946e-9
1.4183529573453063e-13
4.652680818228268e-7
5.856788453475964e-15
1.1825288133009416e-10
4.562646950952195e-12
8.032034273869546e-11
2.0384480981633963e-8
2.8609500371525335e-12
2.3109131944868366e-17
1.1216028979512456e-14
1.4514202358794068e-10
3.410733489203516e-10
2.565062651741381e-9
1.5905946414545583e-10
7.854066990080456e-12
1.3690494164864576e-12
1.5073702589498024e-13
3.8327522518138495e-17
2.8061712119362456e-12
4.7089502377479283e-11
5.72196527228474e-14
2.88916493418101e-14
1.903179510700044e-9
1.0701363815994485e-12
2.567339623568671e-11
1.460052393509446e-8
1.8626285216594482e-10
2.2513877839331702e-12
3.3484407197864105e-11
1.2158643198905834e-7
5.639265724199005e-12
3.525106100426717e-13
4.144319489310577e-11
4.856909803788036e-13
6.609917806317934e-12
2.509776027437445e-12
1.1433737147443856e-7
4.487333921111978e-12
8.824486336540185e-19
2.0610647058318414e-10
1.5175206607981664e-15
1.0126608857085435e-7
1.810362761244547e-9
3.00772676712543e-19
4.302770187461411e-10
2.80463782698e-17
3.4923454287333253e-12
1.7810251004720282e-21
1.5259562884944943e-7
4.076671523639503e-11
1.3608548589694093e-7
1.6796399087936276e-15
2.9442467583237153e-10
1.834003640502278e-9
5.72426125680507e-14
6.587944928580491e-13
1.1074809046062332e-10
1.646582297145849e-8
1.0239636601510809e-7
7.760047400215734e-9
5.917485538397474e-12
4.495300147429855e-11
4.882183809195328e-10
3.433517324395856e-14
2.2973413554517915e-19
7.655168235286824e-9
8.613080918252323e-11
6.671965524687377e-15
2.886235819258217e-9
4.7421758885035445e-14
3.3954817586783656e-8
9.089641286630586e-17
5.379607501692725e-10
5.673919275524093e-14
9.288991577797251e-8
2.0472283750111115e-10
2.4337457333771528e-11
6.017122060717376e-10
6.742405056973247e-11
2.6181924070076685e-13
6.297396211087844e-14
1.3095349513045938e-8
3.050452021484449e-12
5.876691392845509e-18
5.805092383140812e-11
1.8764998282061022e-12
3.0972843672002264e-11
1.5198553241333173e-11
5.826033981220047e-13
1.578755220714081e-16
8.220313343490202e-13
2.732997021958211e-20
1.5466235197590623e-9
5.898770270056771e-15
3.226009635071754e-12
6.634165782188747e-10
1.1318868392122539e-20
1.0236239170503775e-9
3.2476522877030616e-22
2.2549146430657752e-12
6.624516687795048e-21
1.2171768466745624e-12
2.4174692063544097e-12
3.687303244119185e-15
1.022677732396703e-21
1.426867504829233e-14
8.51734313461713e-14
5.953600092827589e-11
1.3891344934049093e-12
9.515256540500364e-9
1.1771285494237494e-9
3.6923339841850766e-9
2.2318443629210044e-7
1.1456078393923965e-10
3.651461788561556e-15
1.3504834935401272e-20
2.420145055057488e-19
1.83851240093114e-15
6.690546841572257e-19
3.29259978858822e-7
2.1264317082702128e-7
1.425407779135633e-15
1.55177158763933e-17
2.169796716098429e-14
3.108672172370017e-5
6.005105885585268e-17
3.917532799586264e-12
6.783858383892784e-11
3.4086444409696124e-13
9.744660167770941e-16
1.5092567141330323e-12
9.184943087545877e-14
2.3122450302902093e-6
9.480830739814743e-12
3.7962502135632605e-12
2.2772951452727512e-8
7.593194124463201e-13
9.54413936655545e-11
4.270505925186077e-16
1.6221665686539674e-10
5.097182757044105e-9
1.4458655666508836e-12
3.0401239908320605e-11
2.671362065928643e-20
7.940612877055343e-18
3.046224064720098e-10
8.114306370509411e-13
6.437940736776241e-10
1.0725375457054442e-13
2.1479184282020633e-12
1.1813983764884552e-9
2.2867839054351007e-6
2.7551900957245075e-13
1.390261122411753e-10
5.622412374221758e-12
8.196757504803467e-18
5.536397547295523e-11
2.4828620114446263e-8
1.5534074716764668e-12
9.735634043168965e-16
1.7352430981996828e-8
7.808716780616406e-8
6.694378393800466e-17
1.4958074992739756e-7
3.310647586635101e-8
4.735338531643736e-16
4.827444127307833e-17
1.7255807164441657e-8
3.206656252990649e-17
8.96115153230243e-15
2.195828093311859e-9
4.964891983183579e-16
5.336232498843363e-12
1.815781371073941e-11
9.213680768610658e-11
2.2051148757027262e-10
1.4097190287966078e-10
3.329049487167331e-7
1.5315140372393503e-10
3.580171362766543e-7
1.1424417508211481e-10
6.23817020587622e-8
9.930003795839387e-9
1.7227019655142197e-12
3.584389491705407e-8
4.411028212887166e-13
1.7301124149646228e-12
7.27314962998528e-19
5.27693364911807e-7
7.372517287968637e-12
1.880567054094435e-7
4.627850259035365e-15
8.06747014222041e-9
3.7362274995116707e-7
7.978225677100554e-8
1.3724262232496298e-10
5.6940894869328356e-21
1.544257349355367e-7
2.960246351865316e-10
1.3350450929860284e-20
4.3585554573861516e-16
2.2729803587575676e-10
7.5763939452661e-13
1.024238518676533e-16
2.6261906297496537e-8
3.0476893787910934e-11
1.0325033471505242e-11
5.303436363636328e-13
4.869195282982768e-9
1.0382527212082908e-8
8.161298390951379e-14
8.926474860462273e-9
4.2250738541167525e-7
8.652026326543939e-10
7.632049180466098e-16
6.901739040919633e-22
1.954091259718096e-12
3.8718897566270576e-17
1.654100489812226e-11
3.0056982247860693e-16
1.6283003522870135e-11
3.831301121294154e-12
2.5505378996382283e-11
8.735543906832857e-14
7.998709347311835e-9
3.9489970440266547e-13
6.953323658419286e-11
1.3807596803415704e-7
2.775330848883587e-16
2.2519558170889157e-12
2.4830187568507573e-15
5.048999193139428e-17
3.7822784070450426e-11
7.198715668711853e-9
6.24361003884692e-8
2.9902652735390676e-10
1.8267482690939432e-12
1.7911544395237583e-20
2.774880467807251e-20
8.760161312891213e-23
2.2405814750654586e-10
3.6713437584802115e-16
4.8346195096277193e-11
4.401193148816705e-10
1.4293659880341219e-10
1.028056240849679e-12
1.3077157543929598e-9
3.453891957070429e-11
2.29921459684173e-14
4.0236966616239275e-17
4.887517543594983e-12
2.3242798061596877e-7
3.969171248808675e-19
7.844262528562492e-14
1.8524600457642046e-11
2.958985914021341e-11
1.6674308738969308e-6
2.6556175595358257e-10
3.5042116430012664e-19
3.1164094358704462e-12
5.844614379846368e-16
8.476616418431397e-14
4.818529420282474e-9
3.839611853854356e-10
2.949405843306965e-13
8.827911046252597e-7
6.610272403909732e-20
6.40354037821141e-12
1.0286180572585286e-11
2.608248354158642e-18
1.687991113744732e-9
3.212453147188253e-7
2.380604119458248e-12
7.842799700967003e-8
1.0836192365656189e-11
9.346124914599081e-12
2.4053022988330712e-11
1.7977320093189927e-14
2.425380059393854e-18
2.5168538528217194e-12
1.167822445851992e-10
7.459426043279739e-20
4.2501686730735744e-10
2.2163313220259164e-8
3.68413717175055e-8
9.45144337350927e-9
2.0006357239979446e-10
1.4619796268964416e-12
1.5617103294944112e-7
4.762860983391938e-9
2.749452223467653e-6
6.511478088740644e-16
9.914916109430935e-9
1.0186512898021367e-9
8.083260212502853e-8
1.267863708282286e-8
5.58654766791672e-9
3.758735661711433e-10
3.028343347597342e-16
3.568522728794234e-11
2.7869964766906135e-12
3.406624218926243e-16
1.6716979858605119e-15
1.925440898664912e-17
1.4660420878814523e-10
9.889401294260689e-11
5.824717891283896e-12
4.20958485193548e-15
4.0874338635986753e-20
3.6482849617891884e-10
2.1574978966982432e-7
1.6995741564086195e-9
3.4530792315943083e-11
2.0776118613822386e-12
2.795281147604304e-7
3.8632472160358693e-13
4.0980046326643693e-10
6.465042575084296e-10
2.2667389619569374e-11
5.9220233523766345e-22
4.276653597857178e-14
3.5672071292599322e-9
2.308577315870026e-9
3.631417269846173e-14
1.9721714939666495e-9
3.489287064147983e-17
9.528572389957776e-10
5.443868006482186e-12
2.0225042869108815e-9
2.076498230199908e-12
1.6836491931636058e-10
2.672189968880613e-10
4.456041294733614e-6
1.0753368024240794e-14
3.007384774254908e-10
1.2237548283013527e-11
1.4608079037003845e-10
8.015908909122702e-11
3.597976368982198e-22
7.699160055168297e-12
5.033002266896479e-11
1.2168356430519676e-21
4.287960863126422e-11
7.520764252631431e-20
3.0472286736813946e-10
8.605873407407964e-10
4.1929176088842196e-8
2.172627047441056e-9
2.1907999155865038e-9
2.5262054239964645e-7
4.579039077361898e-22
7.2408038630743346e-12
5.893916017572581e-9
8.713725022424497e-13
2.0575747086317954e-13
3.515510068821139e-9
1.5336448053190314e-10
1.0107087070594405e-14
2.2981327060617788e-8
5.87486469848931e-10
1.2329055205621444e-17
6.241125962426238e-11
1.9459311551461194e-9
5.282006320734447e-10
2.036778019635812e-16
8.806876650044042e-10
1.4345966149064026e-11
1.326594748302297e-10
4.670265606716318e-7
2.111184803198329e-12
1.959527003486894e-12
1.8679529363842438e-13
5.1423868947819103e-8
4.4074301265876914e-8
1.6786336979832834e-9
3.4680853136634806e-14
2.0326900655149193e-10
3.519563949143805e-12
1.3644234649559319e-21
4.794628943833715e-8
1.8656984621497863e-11
1.0644534255255673e-17
8.50774742488007e-20
7.244172809212013e-11
2.44725696369345e-10
5.076012148187476e-11
2.2924970913523647e-11
9.865010030644242e-12
1.8947086292301824e-17
1.9391845535606177e-19
5.83620970419421e-21
3.404397775930512e-13
8.192701812271247e-14
1.5937367308437378e-10
4.040037763426521e-11
1.5046472521124937e-8
1.8283454850747186e-5
1.9578032047954643e-10
5.717417506724639e-20
6.644245204393241e-9
1.194432636763716e-10
4.560493917054841e-11
5.668138978865393e-18
4.1317700507995126e-10
1.7598632829785946e-8
1.620031311096877e-14
6.329294497890682e-10
1.0749123452081617e-18
2.1617559295424252e-10
1.0896351012125466e-13
3.581780714976117e-14
5.979267547239427e-16
5.028784556306674e-19
3.4522456359200405e-11
1.239671593890297e-10
2.525118554699555e-12
5.010543164054873e-8
1.3865918646426517e-10
9.80007270290271e-11
3.3549918890718454e-12
1.1323282656301384e-10
5.16683642194351e-7
1.1306736441824049e-16
1.4872748966171578e-17
1.2483762181477756e-11
1.6762828685912815e-13
7.320238678412051e-20
5.492513509583407e-8
1.6496109525997734e-16
2.2849737172910913e-22
8.862424851967594e-16
3.146814610745838e-12
9.782493426896926e-11
1.239258472063038e-7
9.66190374061834e-13
1.3790009813916827e-11
1.1628655269253666e-18
7.16334991831139e-12
6.05154827604408e-8
3.0152515533373056e-15
2.030719321025553e-9
1.742169887465097e-10
1.3011977549136052e-11
4.966011934511048e-10
6.67873508877401e-14
2.7202326935306747e-6
2.3187090898547814e-11
7.63903468648246e-15
1.5319488626400776e-8
3.720223715946127e-12
5.7142229444108855e-12
2.3362311497457224e-15
4.143668832978902e-14
4.658270526887152e-19
7.1094870888078495e-12
6.928205933459644e-12
4.3819919094090204e-13
1.7877219624743508e-7
5.056487326677373e-17
6.307298667855836e-11
7.705203935266406e-11
7.463365247488857e-9
1.370608599537862e-10
1.4889756906486304e-5
1.2064393007250144e-19
3.2524614231413777e-19
4.817512011298664e-18
9.355971794372795e-16
2.39026442741044e-9
2.4977205255326133e-10
7.944248603843386e-8
9.830607770706002e-15
6.180202670148749e-17
1.921623372623088e-13
2.2549563619237985e-13
1.2214922633736873e-14
1.7554041446937804e-10
5.611400498829901e-10
5.1507012646842556e-18
3.685598131096696e-17
5.495834688171786e-5
1.9808982437957808e-22
8.935355162335804e-22
1.1334499869555807e-14
7.662531531458821e-8
8.443781921530523e-11
4.566675055021358e-11
5.170202570635367e-12
3.9110905674237716e-11
5.09490345842518e-14
1.332108575532607e-12
2.8753168231114504e-10
6.266468570383065e-7
3.7006216271839003e-10
1.8070541530693527e-8
5.4938562135140214e-6
5.128453542787171e-18
6.436117270531104e-8
1.5121385817160078e-15
9.81269432387015e-15
2.2470214887097444e-8
1.926558715322709e-15
1.6715888925266082e-17
9.520100612132458e-13
2.8995826906437093e-15
6.578824933182761e-13
2.3374588280529477e-20
4.866256755536461e-10
8.006466615138929e-11
5.207683675035995e-9
4.237158493215046e-6
2.2726860013412644e-17
1.1188935699922997e-18
5.415956561356842e-9
6.451476773308677e-11
1.7633846862374813e-7
3.1311858465310284e-11
3.73766269218666e-10
4.0655068087890585e-9
1.2203629407877236e-11
3.336674823910254e-9
5.120174830141125e-10
2.8544606517983416e-10
2.468846923480719e-8
4.82111477682999e-19
1.270667174539273e-10
5.466464765711187e-17
1.2814874536863998e-16
2.2335962832689862e-18
5.02656994611338e-10
1.7685301577596176e-12
3.424621390578558e-11
5.926584034538046e-13
3.6167232199380537e-19
1.39596225259973e-13
5.080214732705043e-16
8.19659580773032e-22
6.521639439954515e-9
3.049482851818108e-17
5.60850239212961e-18
3.826787588643971e-13
7.304576281702129e-10
1.049998764120927e-8
6.896912304861007e-12
1.6413270304576158e-17
1.609632453855804e-20
3.450075245030395e-10
2.2388743310089448e-10
2.7222352638577377e-10
3.3547953178846896e-10
5.403721621401688e-10
1.5604060867258813e-15
1.7770471674376765e-12
4.732088293167947e-14
3.207072287733361e-8
2.894136049045587e-19
8.959265776321409e-15
1.6763096525544103e-9
5.684210143292033e-10
7.547193009564228e-12
4.59188178000353e-14
8.096659309178113e-9
2.6137619615707377e-19
6.671844615935373e-13
1.8715506665507504e-11
1.1834202936062234e-9
3.218462757474591e-10
3.1467176325558223e-7
1.9732122763128172e-10
2.1203362839969534e-9
1.2142854761603648e-9
3.0779300574913564e-13
1.3160790415202408e-12
1.56985383190582e-10
1.4402852344421857e-14
2.2120923800425857e-18
6.845191017604528e-9
6.293783408130475e-10
1.1706725804549176e-17
3.589859447214679e-8
3.328922680277352e-10
2.461198285700826e-10
8.572697336752087e-10
2.3924983695349177e-10
4.484054642715852e-22
1.1197441339694506e-7
1.2226039925061118e-8
2.338174532790326e-8
1.2290816214647136e-9
6.323409975924043e-10
1.1150693586545616e-8
2.8026963866131776e-11
8.255242287106716e-14
6.936840361576663e-12
2.9947036965707314e-11
1.5136667032228537e-13
3.6749813084957974e-11
5.820274439155821e-7
4.060694036330865e-8
5.1744833373175094e-11
1.1730241851127611e-20
1.0347654568076262e-11
5.391321658101424e-12
7.121608765300153e-7
5.675585123800682e-17
3.494578204933197e-13
5.092161088420917e-8
5.266632376119113e-9
4.494850798371677e-10
2.8300262075630167e-10
1.0968710307164153e-15
8.753851736277188e-18
6.226968479657112e-21
1.6767468310832756e-18
3.062853754035468e-10
1.6612654600111295e-6
3.7602966205021964e-9
3.2370608389815972e-12
3.162930814998215e-16
9.845019661171148e-15
6.001283595913275e-13
1.0762492828366902e-10
3.3044641487110116e-8
9.231492514380402e-14
4.116026165043937e-11
1.8071737867153948e-12
3.550798728070025e-21
1.4305006789579526e-11
1.2108026571400698e-10
5.416032026888994e-7
3.1161946197198376e-11
6.374493941746595e-10
1.3666887640079665e-18
1.3999587997787698e-10
1.6105647886434603e-9
1.2540341403595553e-15
1.6302830845423316e-10
2.7189098665646225e-13
5.843290030206666e-19
3.173594394863851e-22
2.687768569950697e-9
3.4579804377082307e-20
1.40726016716479e-13
1.1046426847476802e-11
7.06459653811208e-8
1.8625935930754335e-13
2.738776406308586e-9
2.252470096764211e-11
7.830691293664978e-14
9.8504614446464e-16
1.269225203698291e-10
1.621763723282047e-8
1.513265531039417e-16
9.410909531124343e-8
1.0087755881025208e-9
1.1040631059351277e-12
2.7869232777706865e-7
1.80440276448174e-9
1.7866078913511902e-12
9.617893237073128e-11
1.921943616771112e-19
5.683563756043355e-10
5.5641150889780004e-12
2.748353514399298e-12
6.666915588472742e-17
7.990916844797375e-10
9.665981272518706e-21
8.834788019441582e-14
6.658979527090494e-10
2.701541290526455e-14
1.8165738831225886e-13
9.076551673458145e-16
9.03703497801237e-14
3.537781798264022e-16
8.814832120816094e-8
3.2323186677469946e-15
3.4520414759957204e-9
6.3539194662736116e-9
1.5572068799130254e-8
2.9473842475340537e-18
1.155624233844816e-11
4.3413392612745995e-8
6.653659834291036e-12
8.184178389587383e-11
1.7860967050486805e-10
8.8855009436275e-16
2.4164082623115086e-12
8.38795546085921e-17
4.312844054473672e-9
3.9190233561184396e-10
7.617302130722314e-16
4.220321843521018e-11
9.716655618698119e-10
2.6706739643310883e-10
7.287793828730301e-7
3.098659877150933e-17
4.8042746191861936e-20
1.98781805546812e-12
3.2543512291779234e-9
1.0643025033496753e-13
2.413403669230645e-9
6.2586767106916036e-6
2.248998357856579e-18
1.4109931527527248e-19
5.264148089057255e-10
1.3357681150935917e-12
1.7816202408045907e-15
5.406146993009477e-12
4.546007036843934e-10
6.631871094003221e-16
1.2344955281384734e-9
3.207025696155772e-15
1.512002387429587e-19
5.3352297271013525e-12
3.420929406886593e-17
3.9008113915229267e-10
2.3480760640265826e-11
3.858399482645178e-11
2.260601290834994e-11
2.1892241290339e-7
1.3918668866178832e-16
2.9635142648188637e-12
2.494402523666724e-9
5.5149643669153114e-12
3.608628907018356e-12
4.939146184806247e-20
1.4344166620662086e-9
4.202524291829195e-12
1.1822046146874079e-11
7.698928396929832e-8
1.3837548972919002e-12
2.2620823661061586e-9
2.7230445059994975e-9
1.2533777899450082e-10
2.7062900279750324e-12
1.8743978993664918e-7
3.9848689970253144e-17
6.390958790231908e-15
8.869002356886635e-11
2.0816771636946824e-9
1.229774472507168e-6
1.004311778061794e-6
8.323877288980867e-11
1.1465358925638595e-10
1.0207424715192375e-9
1.2626400201374705e-8
2.250988482199427e-12
1.9441163653964617e-12
1.9139420304793124e-12
1.67249242619413e-13
5.167843725054457e-10
3.5543900870990906e-13
3.87160552691352e-6
9.49610635154706e-12
1.0065111022176478e-15
3.487203359081476e-16
1.9101556767176573e-11
2.5644377568434747e-10
1.7640977133988023e-11
1.5007909888261624e-10
1.8339858210060824e-9
2.2581902456906282e-11
4.408834347533042e-9
2.3273727347408173e-9
7.323695366554357e-14
4.0506523461074454e-8
4.909822605232472e-10
1.966463111439304e-9
7.866118249534437e-10
1.876895517042749e-12
7.433131605347057e-12
1.1864351462151502e-10
7.620952041166038e-15
1.1100223691223066e-16
1.8106276193478805e-6
1.9339147965100386e-15
4.625128561394032e-8
3.918185210440763e-12
3.4325154954780493e-19
2.4032918317561425e-19
3.9835035887720514e-16
1.0397075563430593e-9
1.6007320157035485e-12
1.0407357740223173e-13
1.90534123071124e-12
1.0644607008085477e-11
8.964074020530295e-12
4.034060841202216e-12
3.385531651785735e-8
8.889338334047618e-13
8.011937979535914e-11
6.78171033003333e-12
7.327731693598341e-13
1.3758640103662787e-13
3.0979874875376227e-10
7.382537166334815e-11
3.328528747334402e-11
9.205441158775038e-10
6.483825282549132e-11
9.757988123567697e-10
1.8183256939108456e-8
6.811360187298616e-12
1.0947574711195471e-9
1.0399250771074477e-13
1.2042684716142778e-6
2.0970386292682215e-8
8.057883102893659e-15
9.091368968257279e-15
5.5328567644517904e-9
1.2271461526781205e-12
2.1623291809974628e-16
1.410021869474925e-15
5.763842536493693e-21
1.0395246359023587e-10
6.1311668634437495e-12
1.3921583076757867e-13
1.6738602609115158e-10
4.1417572778812505e-17
1.396378427392874e-12
1.3343231351604028e-10
4.709504044111174e-15
3.3109501931291013e-8
9.779929972062475e-8
1.1884505641322575e-10
5.210095158154941e-13
3.894389625172627e-9
1.1134741165176646e-14
5.7901978359478793e-11
9.999886401160283e-18
2.924059432600846e-11
6.273497239728444e-10
5.200140036229847e-13
3.707656944393025e-16
2.203716939515306e-14
8.590948840292366e-14
9.264901936514516e-8
2.5769144015104997e-10
3.7407675949946417e-22
3.374493916690117e-13
8.210321324281255e-11
2.146918529085008e-12
5.461142528692908e-13
3.4039246385216917e-13
6.0482801256235694e-9
4.7102260306013524e-12
3.26269301688524e-11
4.480281596759525e-12
7.0444634673191195e-9
5.24986097222214e-7
3.933193007004047e-12
6.173755229819726e-11
1.4828038155493065e-8
3.2448509058749544e-10
3.2812138359141465e-13
4.262233037199093e-11
1.2242653807345662e-9
4.481552592748464e-11
2.980816392361563e-17
1.716282683255253e-10
1.5974094757381124e-20
6.878043573728458e-7
3.481259322580912e-7
1.4224148820906204e-22
1.8711297075360996e-11
6.515564229571742e-9
1.8726292001541974e-18
3.290442547740516e-13
5.4930650547557095e-8
1.414262816587925e-7
2.142693940480499e-7
1.2652411063625464e-5
3.267371231096579e-8
1.379760811262441e-8
3.3186275524518516e-12
7.400975447345968e-10
4.609050228950384e-12
4.243430538542462e-12
1.3611468564630015e-12
7.273520846407098e-13
4.2096291968150657e-19
6.214618271930371e-22
8.641377883879668e-11
3.4644090779362397e-18
3.545696487558382e-12
2.4249799995070637e-9
1.912790489503546e-8
5.610367865405285e-10
3.2716999110235804e-14
8.801702066772689e-8
2.3329226873700963e-9
9.638745332529861e-9
1.4066586045909403e-10
2.7858005347305496e-10
9.50133043116767e-10
3.5151161919466675e-7
6.055306434842242e-13
3.1731189025305986e-12
3.0226427876757197e-9
6.746993672567052e-19
1.4138043169067762e-8
1.9050812413909858e-11
4.503714232014609e-14
6.01456039111203e-11
1.2731918906162878e-10
5.848739117617593e-11
1.4742594109546605e-8
3.2209947446507487e-11
2.0292085610712815e-10
2.17885416711116e-11
1.9083506520586796e-10
1.166671004035998e-11
1.1708540760162279e-14
1.3420227330108272e-11
1.4203236375796321e-18
3.732642888503494e-17
4.266809740283831e-8
5.149944938302498e-14
2.5995768421863467e-10
7.36229912167991e-22
1.6836816700034575e-10
1.6687218876364118e-7
8.464336195796563e-7
1.9162531615558857e-9
2.5755941257193044e-10
9.140210224221115e-11
1.943352937173595e-9
1.6039965434902013e-11
4.5427349263217175e-11
5.1730907235809903e-20
1.0060414692190955e-9
5.636866623618204e-13
1.2904800026426777e-19
2.2346922406602257e-9
8.041545280292704e-12
3.762861674772877e-14
1.2545612461559856e-12
1.9371237131212675e-14
1.0270608101335793e-13
2.4052602003410334e-6
3.833777106511635e-7
1.5340975661329003e-5
1.427842248360213e-8
2.3662015666099012e-14
1.9622975420491513e-9
1.4850146404787448e-12
7.920017065662138e-7
4.260029155039137e-13
2.927275079846849e-12
1.417278886123796e-12
2.8833251596675393e-9
2.499837373321413e-19
1.1914828031562336e-16
2.648228430607472e-12
2.0247454523914875e-13
1.906571607158553e-8
9.747245140595253e-13
3.666853453712332e-16
1.4875259779479137e-15
1.268550691277498e-13
2.971884538054641e-8
1.4645691022128198e-20
6.152771468068815e-10
7.966588346974503e-10
1.1725474774697389e-14
4.847158532517537e-9
8.908728111320002e-11
4.425298025402726e-13
3.354715257441242e-12
6.2718517482366e-22
4.375006162701782e-11
2.0236580591600608e-10
5.267326326794644e-11
1.1998085549488666e-13
1.1941913234848924e-11
4.147588874359262e-12
3.1564072042166306e-20
1.4350767003246497e-12
8.555509671683149e-11
8.653977933446663e-11
2.117372677189356e-6
5.712896218217614e-11
1.7507335964349685e-9
8.872031618941359e-18
2.2435585943020226e-8
2.2174814611461648e-10
7.945817592773102e-12
4.967903390679722e-6
1.4711493563612038e-12
1.5578358136798023e-9
1.257663100285289e-15
5.180937964053796e-7
1.49472517763208e-10
2.5873742619590887e-12
2.9752513486151814e-9
3.4135085371773864e-5
5.503312187255911e-8
4.0201430342663676e-7
2.8388115934718104e-11
3.7498746322261815e-12
1.8649199660439815e-19
7.02670853152628e-15
1.6737631603197856e-5
2.649666685184886e-10
1.0224667538192295e-14
1.1609349345224885e-6
4.89823399312204e-8
1.2248050389079932e-16
1.491435064653528e-12
5.757005203029063e-11
2.2305842451689372e-11
3.015602251350198e-8
6.173460634691457e-21
5.0459492000943325e-11
2.4437011570077012e-8
1.0774004499609969e-7
8.09828972422186e-11
3.768909991300639e-10
1.0243256952664293e-12
1.6275366756274283e-8
1.0941022692885076e-11
2.996901417340399e-10
5.374044931535604e-15
2.1039550961832858e-11
2.152600484862923e-18
7.075693606664836e-17
4.129887810509418e-8
4.8109770053690485e-12
7.03908119193321e-15
1.68422471019876e-16
1.3763181310227548e-10
3.8882934188580256e-14
5.0445346202353276e-8
1.1311089048613042e-8
1.8912863689319313e-11
4.361487928851163e-8
3.024138227522849e-17
9.64348585483046e-16
1.9219714341219913e-7
1.3553643139976336e-11
1.741937916673788e-13
3.133142037965162e-19
8.865111844142897e-13
4.662960619466541e-13
1.4549044238988833e-18
3.1287973180979217e-14
1.9775951176218468e-11
1.0068774728047994e-13
5.068083472265115e-11
3.453709980503247e-7
8.725140491955522e-14
2.05929360079599e-16
2.3931068298388946e-17
8.377330639235287e-14
5.309678253272662e-7
4.581811948467036e-16
1.2202799250048947e-12
3.5794451257401024e-7
1.879448940136132e-18
1.91611971693551e-15
1.4533187967326921e-9
3.6057256207223924e-13
5.6548631985283785e-12
1.6086816212945324e-19
4.726516022396409e-9
3.538495162996187e-14
1.2353641194735178e-10
8.004062728810712e-14
1.7049305768589375e-9
8.772464032554657e-19
1.702455032837854e-15
9.580682502907153e-16
8.625943982043428e-8
1.0220896053051974e-13
4.635633944698933e-16
3.721958966036563e-7
1.7877995655070983e-12
3.2076494912116444e-9
5.3867565314826585e-18
1.1785644073354737e-10
3.59196082184733e-8
1.1322095835693127e-13
5.3575024687199785e-14
2.990681195522119e-14
3.3128852162235288e-9
3.7763069494268875e-10
6.70601538283491e-11
4.115131646135508e-16
8.115867637165812e-11
4.657026203510343e-11
3.0585495736239644e-11
5.128734117824186e-14
2.88826336313689e-11
3.693295600212861e-8
7.088908000920829e-9
1.0052724367955603e-9
3.72743995365633e-9
1.4900231978652743e-11
8.491227836700393e-16
3.1513662721717395e-10
4.255590087705709e-14
4.544959684537035e-16
4.144147378388636e-10
2.7739431020251014e-14
4.833562117532433e-13
3.247421599857237e-12
1.0831118220893585e-13
7.74260953442589e-12
7.287528509079019e-14
1.4035071378169053e-9
5.079391436094896e-9
5.64966636966903e-13
1.1004944805222977e-13
7.796374685870376e-15
1.446126077217335e-9
4.361169293116542e-9
2.206862986095401e-11
5.4794112643557545e-6
3.535549611988983e-12
4.102962487030209e-13
7.617852664512367e-12
3.225519725806743e-11
1.2187773256123523e-8
1.4802702126936264e-9
9.56972492502825e-11
1.2826835359608564e-15
2.3018315314646498e-11
5.824261125888422e-10
6.317330962232733e-17
1.4491150637005282e-18
4.1930461760965695e-6
2.2044830752384906e-12
8.419699212917343e-13
2.115549324336944e-11
8.756931616929802e-6
1.6164916658785304e-12
3.031702220053288e-11
3.8300477639228625e-13
1.330874949805793e-11
4.771531290498887e-10
4.443445569382188e-14
1.1324735257373399e-20
3.824945239948405e-15
4.980539105123397e-12
1.3723362031542038e-13
1.3272488125767327e-12
3.07038694618157e-9
2.4994232635437685e-18
1.190813704866737e-10
1.3411878893445441e-15
4.1100638883085724e-10
7.462517855698371e-8
9.268563356218859e-10
2.0205286263123748e-7
3.0400096656619864e-15
3.957767541874721e-15
1.4761082574527437e-12
5.094583992656629e-10
2.1202370657267653e-7
6.702991985329091e-10
2.956902294287441e-13
7.25202791215874e-18
8.335198461029989e-10
7.079700073973656e-18
4.2222616460092334e-7
1.0056089814867505e-10
6.769983809727619e-10
1.1480386501245715e-20
4.36145105024633e-8
4.0617212517768544e-14
2.2738671907692786e-12
5.9866153882459835e-9
5.551210292679571e-9
2.60036962093075e-8
2.0495692851866623e-7
5.929590064861769e-12
4.787339590649681e-11
6.657462987935194e-14
7.393568301129271e-17
3.724496868562191e-12
1.2200143094944935e-13
1.740417224417181e-10
2.0042597920253323e-7
1.432259510347027e-10
7.474116014236432e-15
5.995951356528539e-10
2.5091796967073487e-14
3.690138570726894e-12
4.4580556217747056e-10
5.386751799853041e-12
1.7706923618940346e-11
1.6726876071054486e-13
3.105885817011401e-18
8.529635049014346e-13
2.1007661117827529e-10
3.64268202603277e-16
3.971076739924194e-21
1.2140301877592121e-11
1.1696615484628776e-13
7.210390464779489e-9
5.8078975977896685e-11
8.82440278887861e-13
2.153972661889311e-11
6.26143573861535e-12
1.4230333076273027e-8
7.604669810680382e-14
1.2773750833788477e-10
9.863496679609972e-18
5.534823738631283e-20
2.005498347863427e-17
9.95811022107619e-13
1.1784921379485945e-9
1.2324890151827964e-9
4.259117235784248e-9
3.6412288781172983e-9
1.091201894854771e-12
2.0701322439097247e-12
2.1254248355879378e-13
4.690799835919631e-13
3.030585938872738e-7
1.0517228047445449e-16
2.0678327799675932e-17
1.6208210740488248e-10
9.946735043001288e-7
1.998243320374125e-11
7.227583888089961e-13
3.138719404952653e-11
5.875513104685412e-14
8.987740566534859e-15
1.7751329207904563e-12
2.3898796394326973e-9
4.1309956410931745e-18
3.562153770110016e-11
1.1050029201372004e-10
4.6551635415826365e-12
1.7324256567202324e-17
2.3019028282919784e-7
6.304122666241608e-10
1.3416591802776786e-12
2.2405914212874485e-12
1.552412291382709e-11
6.650393078980379e-20
2.1237568789855536e-11
5.292959684204089e-20
1.142407345044847e-12
3.881837070257906e-12
1.0304398495349299e-11
2.2511479343913344e-11
2.2233482600357048e-10
7.973987773996325e-20
2.1028714215920515e-10
3.189471713076772e-10
9.152871796557894e-12
2.5128908205333342e-15
3.157482518447024e-11
2.2161936822821253e-6
9.063938348410412e-12
1.596665990055777e-11
3.472589739749578e-8
5.287679223745984e-12
3.729502197855561e-9
5.692019019291745e-8
9.367607782742699e-9
6.8134251822232255e-12
2.7108249116259934e-10
3.4385188023621575e-17
2.4959650697427883e-6
1.6353549987694046e-12
7.579210789037509e-11
2.0847494747613394e-16
7.405249461881688e-15
5.1029581942554694e-12
3.307099855576331e-10
1.1103582047267202e-13
4.676523672275134e-19
2.622341833457124e-12
1.4797356580501562e-7
3.6049146581462988e-9
1.9824429056298875e-15
1.6998388676060488e-11
1.2178575577873752e-10
5.38947244641818e-12
1.638089082904952e-18
2.304745074641545e-9
2.482114139846653e-13
1.1530077637517193e-7
8.730028842530871e-9
5.250582017648746e-14
1.0753760371465244e-14
3.7457038406286334e-14
5.6341709822340224e-11
2.762564825259444e-12
2.1542890148378495e-13
8.214420783729561e-10
1.0468471928931077e-18
9.399932935939864e-8
1.7307534457073357e-14
6.816407103541492e-8
1.593881965066452e-11
2.5113461258950464e-13
1.0387023495870968e-10
6.516644262172996e-11
2.4521599229981137e-11
4.549804791879942e-16
6.20296061401715e-10
9.214886829846364e-18
1.1801162521828118e-12
1.0973771057282268e-14
3.0240922483061625e-11
3.4816664557854486e-9
9.44762109996923e-12
3.527355064430845e-10
4.1544781104151074e-14
4.1204567216410697e-13
8.928766067587023e-12
4.252266101596233e-22
1.8325816490131663e-12
3.344689554823378e-13
2.6360244031131962e-11
1.786448153217568e-9
1.5891123305298607e-10
2.459500516728061e-13
1.614947600280014e-11
5.226681019129764e-12
1.0933629858151991e-14
9.301162978986265e-9
1.4145149985472008e-9
5.4458179513382e-10
1.2728705623136482e-12
1.9706869598352897e-11
6.032031639307623e-14
1.3295265755403173e-12
2.947469228954226e-10
1.0445755145198098e-10
2.0535152641624346e-9
1.7043485093478185e-9
1.1602184650763518e-13
6.371126656247898e-11
4.072917187732553e-14
2.2663849839142302e-13
7.111631314000323e-7
3.595529457146851e-8
3.389207616052309e-14
2.9389791559330132e-18
4.0589792401423167e-10
3.0748976345864097e-19
3.245536456198005e-8
2.222777399314783e-12
5.2080043941551364e-17
9.076267369331216e-15
3.0760740259902184e-10
3.6053460169860455e-19
3.375218731829072e-13
3.310539549260721e-13
2.9178837892008805e-10
2.0142277576429363e-14
5.6009508759992745e-18
2.0615868373815745e-7
3.0707650646546325e-15
1.6982650223205634e-8
3.5337750216469105e-7
1.1373570928967316e-11
3.1295555048317343e-9
1.9474873643548397e-9
1.73721263848793e-18
3.306152178867024e-8
2.1824190672635556e-12
1.5121969013306713e-11
2.079996077145533e-10
1.6061729570067152e-9
2.331162772464317e-7
1.4974822926486635e-13
1.3424308667830168e-8
4.550435522879576e-10
2.3230588726318222e-11
1.2312266581099226e-9
3.086974793665906e-11
4.984442290756171e-17
2.0821174898520935e-11
2.201470658179227e-13
5.978531901982042e-13
9.273859533370491e-12
3.217651671731564e-6
5.001028268718917e-11
3.031144858630113e-12
1.3865035676559025e-10
1.4457184470263693e-11
1.4568333491809484e-9
3.574421880185474e-11
2.087544120559826e-6
4.713931353134459e-16
5.657392490418844e-8
6.5714409071278495e-12
1.1746331586577765e-9
6.889677432204938e-10
4.7436048035130716e-11
1.3503008327556703e-14
3.1842526942095393e-21
6.542793111021381e-9
8.845449128559025e-11
5.402603983763445e-9
9.97508266417012e-11
1.607992600598188e-5
1.2567266254916059e-8
4.767136638736947e-12
2.346329184239589e-11
1.9224419523871838e-10
2.708303115897355e-10
3.1504445147995107e-10
1.1332654427112611e-17
2.560144414235752e-13
2.735005901283548e-16
2.5013835527715148e-9
4.211047901005539e-12
3.498035172615174e-7
1.444486186817258e-9
5.196978470532284e-10
3.1322013265440424e-11
3.7745182408446716e-18
1.0832594000212512e-6
1.2291523725923343e-9
1.5474940355019582e-12
3.5354903209190554e-17
1.5142547445433663e-15
1.8255481789338284e-10
1.0210883126140349e-12
8.572340421427585e-12
3.130582360246925e-10
3.60575147667098e-20
6.4006284322043585e-9
4.398554808327002e-19
5.640354051356328e-10
3.848962301162805e-18
1.7888843070050477e-12
2.8063009426250326e-12
1.8607922049569557e-6
9.905754112751822e-10
7.893329897703967e-10
1.073915311782893e-5
4.152006020105854e-17
4.998461868681032e-9
5.832030909782022e-14
9.982865548248728e-13
6.63460479284603e-11
5.18378291521956e-14
1.595376918073787e-14
1.2530031118923154e-9
3.650414745939321e-13
1.169800353806163e-13
1.2411658998330585e-15
9.949110025949884e-13
1.414685043472382e-13
5.542627096025551e-10
4.4412634666416854e-10
1.1514164495748935e-9
3.553575812087128e-10
1.5220316273874912e-13
4.496936367180013e-8
2.1657142657110335e-10
8.836325420533952e-8
2.0461610924482135e-12
1.229389640488004e-7
5.061270505244944e-12
7.418101163018525e-13
1.1400454125930317e-12
5.301540386271113e-10
3.53629719117631e-12
1.2530071835386241e-7
4.1723429461933173e-8
2.8624949016611052e-15
1.653657839576329e-12
6.357454070918781e-10
6.514192332823758e-8
2.572976469725638e-10
4.021949869358328e-8
1.2091109802598833e-11
3.2038495342380097e-12
1.371020322664583e-10
1.1527655698261587e-8
6.177770593837866e-12
1.1799731954006003e-9
2.0215291752221527e-10
2.0372587028747606e-11
1.2226076445800798e-7
5.1535711705055445e-8
5.148139946572993e-11
8.545871693276859e-12
1.0253500957051532e-10
1.42771367248157e-8
1.5456950087517895e-9
1.777803295080379e-9
4.787712859919921e-7
4.85303626663546e-18
1.604496301205653e-12
2.99457683681019e-12
9.169419752862048e-12
1.0245471058804158e-6
7.017994879974542e-13
4.376293270952643e-16
3.2370411118812045e-13
3.771796829019117e-16
1.4508300198895005e-10
7.251189591617163e-9
5.053646705892253e-13
1.1656028296557522e-16
6.268268516476351e-11
1.060254679586536e-10
1.846764794895918e-8
1.8472629900222855e-11
1.1892812873443803e-12
1.4090633771969448e-17
9.94468093271576e-13
9.607652755565303e-14
5.501492864829863e-10
1.1394176548188746e-10
4.5338977822085937e-13
5.673251380901057e-15
2.012129697291758e-7
2.5005138966879445e-14
2.7574833923751466e-16
3.4155671818414613e-7
2.463177241351933e-13
7.273924187565924e-12
6.462619800774013e-12
6.167513054100279e-14
1.5543146006363825e-10
3.4217575199433535e-6
2.073613001646225e-21
2.7818723444931747e-10
4.6179168274096154e-17
9.002270893909969e-14
9.014257175711819e-7
3.5620946632051757e-9
4.3259315172687433e-14
1.5606736216227767e-9
2.0492358905568712e-13
3.280865288388845e-17
3.3158671278311496e-13
6.133786640578897e-15
1.3723700234998082e-14
2.7822851011792974e-11
2.1352908871472422e-8
1.1071358787313086e-9
5.746467953901705e-13
6.799952979671568e-12
4.9811581271413936e-12
1.5188147058058838e-10
2.631440791081596e-7
2.41563281778979e-9
2.1813406572831075e-19
2.3491917021911474e-7
3.742790826461322e-8
8.970138983635005e-10
6.803897101869774e-18
5.664014595636975e-11
2.070593475574893e-8
1.1762269279012647e-11
1.3835418566411777e-10
1.0784782720148448e-8
1.2117392018178324e-8
1.1171010084818412e-17
9.182911189159245e-11
4.5036650756245994e-14
1.8148569727378815e-10
1.1620012894796849e-8
5.247981700691242e-16
1.0997417480355379e-14
1.3102561148089443e-12
3.967334696429411e-24
5.220567071022102e-10
1.0271734360753151e-9
1.7973284008638813e-14
3.363491593117011e-8
2.667008661901119e-14
4.220250337856401e-9
3.1899175186308186e-9
2.9538814756849766e-10
1.44026463239002e-7
4.0355492113103074e-10
3.065125509312051e-11
9.084661405302785e-12
2.5116000967111965e-12
9.285195700597067e-11
1.640075648235262e-11
2.4474991063077422e-14
4.732881568022376e-9
1.5369598203525562e-9
4.493028713935693e-12
2.7007082037497704e-18
1.0804257450306077e-6
1.8733125018327147e-11
6.697305848001026e-8
2.647966347157996e-9
1.050178138658632e-5
5.468141332417453e-16
5.545908426336597e-12
5.341673476769948e-12
2.917767718569482e-10
1.2064208848602943e-11
6.592411607098405e-13
5.7654599609274144e-18
4.3837018630840266e-10
1.058490925207784e-8
1.5863724967472304e-11
4.590845607823995e-16
1.0797535310967141e-14
1.182547451642755e-12
2.4615633115148615e-11
3.312999017124522e-12
1.5046344781521706e-9
9.335776201435241e-11
7.654345769048062e-17
6.610601129935512e-12
3.5456419663179753e-10
3.912507078846636e-14
5.4004150416101244e-6
4.754430061892419e-12
1.883688201823314e-10
2.0825097340444236e-13
5.43639919547856e-13
5.549480626851447e-13
1.2765275327379603e-9
3.3147822177939506e-11
1.7539412939083826e-5
1.5830224518147304e-8
2.2491856137146987e-17
3.831775544528848e-7
1.7386324579141054e-10
1.829830808756042e-10
7.700588026605144e-11
9.498545099260567e-15
3.4803538153259245e-15
8.272797224864309e-13
5.1650429813281505e-18
2.7505488175029768e-14
1.0991777010802783e-6
1.2399764730104205e-18
2.9890531476567625e-17
7.019367907972215e-14
2.443727463632496e-7
1.893997624668254e-12
1.9602435455504026e-10
5.030533574387893e-9
6.649146253877088e-11
2.7054865953580636e-8
1.2678160425219648e-10
1.3793713430886833e-19
4.976712522009962e-7
9.56398098297987e-10
3.96291316585627e-9
4.81644744987526e-17
2.0210679196267094e-8
1.7255227927754805e-9
2.5742517434832568e-11
9.047282292154396e-13
2.802255161645313e-12
5.691096528026291e-13
6.575439047596901e-10
3.6597570956308697e-9
6.847174086398526e-12
4.990982586963245e-15
4.808199277645815e-13
7.10173939204293e-10
7.709456803941719e-12
2.9771173956791844e-16
6.34819324015897e-10
1.182876356492702e-11
6.764367582138878e-9
6.850803855825641e-17
2.753144067170805e-16
6.359647375412343e-14
6.048399370510728e-12
6.106743000141555e-10
1.1998059010502043e-11
1.555776324357501e-8
2.879369432741785e-14
4.900340656280097e-10
1.4974724464210243e-15
1.0756105358526431e-17
1.1224943655444404e-9
1.4225605868461676e-8
4.511903170657295e-16
2.7880360018539513e-13
5.36828088128044e-11
3.249932940840942e-11
7.699951259909432e-11
9.316083584584817e-19
2.373872648266648e-16
2.773208371358772e-9
4.493913097484867e-11
1.4282333319626816e-8
2.8396804217188144e-9
4.9422537346903764e-12
1.968101967230399e-8
2.716952670490909e-20
3.764723447518657e-14
3.027771613738979e-10
6.34204503347302e-9
2.9954061505564135e-5
4.614587721170649e-12
1.3894255302591534e-9
3.9518724282578516e-10
6.088681100992819e-11
1.140405463629707e-9
1.0328431199990644e-18
1.5522463601008397e-7
2.4531644455859966e-11
6.850174938846276e-8
4.907124711809212e-11
1.4436573610190735e-12
7.631771502619262e-14
8.215559358059442e-13
1.3264838902017902e-12
8.264170426031538e-20
5.609586642335666e-16
2.4354075449732067e-12
1.7933442978226295e-8
1.1280776081541084e-11
1.065813098791085e-13
2.409909146220664e-12
1.7137802455188333e-11
2.4264504274623903e-11
2.0733295474426684e-17
1.7295176730550452e-8
1.681038034005377e-14
1.6189508855445014e-12
2.3238005383395307e-17
8.454640743520185e-13
1.447430140174722e-10
1.0495662955598497e-11
3.8801436297259417e-10
1.5797172759485465e-11
1.8041526559370756e-9
2.5460771634082887e-19
5.553995085179395e-15
9.567467639858715e-13
1.602705987983464e-12
5.856684606444638e-15
5.413461013982184e-11
7.033315577090472e-11
1.5542864253953101e-9
1.0548553318860641e-9
3.635496069314612e-11
2.7496007289671484e-14
2.2173438805088995e-10
1.7599708635081767e-19
4.308995311558866e-12
1.1324463851557261e-8
2.5747960444973017e-10
9.249065420556917e-9
2.560923711861879e-10
2.702777636972002e-9
5.34946737677991e-16
2.1102825216369946e-11
5.992863888723899e-14
4.235015618836343e-12
3.549047857324251e-10
9.675648071319646e-8
2.83393174732618e-19
2.467147571220645e-12
6.105930836091226e-14
1.764344904990331e-11
2.3671878907603447e-11
5.255182730614111e-13
2.8592100205110272e-11
1.0383494956169621e-13
4.924529004926169e-18
2.358149524524162e-10
2.8353216232259777e-12
1.5608818961351218e-18
3.168560838118422e-11
3.1045416479274026e-12
1.6679496714604878e-13
9.769124621782597e-21
3.9361235751107315e-11
3.9794731223547344e-8
8.892983197132022e-12
7.876574232414414e-12
7.985789327677566e-11
1.961203219870635e-11
1.8747653718358793e-6
6.3005233718795466e-15
2.492816602599683e-12
1.930513539329665e-8
1.754882275420891e-11
1.1694947755953522e-7
3.090740939370368e-17
3.2848202678872804e-10
4.446851423854033e-9
4.0594831457597857e-7
7.660517765019295e-10
1.813834713783019e-14
1.12124721244675e-10
4.712925185826627e-17
4.500771924080743e-12
1.267579177870827e-13
7.325629123327001e-19
1.240805459730398e-10
9.566588788657692e-12
1.351572711297824e-10
4.827215843003293e-13
5.6629943716125316e-11
1.6432699221522372e-9
3.1732892135852743e-15
1.0436821824429965e-12
8.610751652475997e-10
2.4220101098457537e-12
1.8900113738513602e-11
1.3228309406365873e-13
5.566124226392449e-7
5.567564363251052e-16
1.296954784543649e-13
2.00215842941425e-7
6.318298094056002e-13
9.912558907960326e-12
8.850910285332588e-13
2.329555804330477e-18
7.763422184575967e-10
5.219902810267408e-15
6.912310084492879e-14
3.96893235317628e-14
4.162898229089913e-9
2.749709470917531e-9
9.289187953559774e-13
8.814316202422873e-9
4.180050547747319e-19
4.033020255600524e-9
6.720806475771813e-11
1.9433057441002238e-7
1.8597079476060776e-9
2.754928170770756e-14
8.960516773229464e-12
5.062873895214361e-9
1.0198162191689036e-13
2.082144001900864e-15
1.1197130068943407e-14
1.0848174225330116e-6
8.877948284417748e-11
3.2408907231030076e-21
2.9039572473188867e-10
1.2450459346398749e-9
5.584585336271006e-17
1.9387474764684403e-11
3.406169200231742e-12
7.8521183820559e-13
4.7091790037852085e-12
8.623493481061786e-12
1.452881220701457e-14
6.2471301126466376e-9
6.194882408745193e-12
7.263597201376012e-11
3.2756454226037793e-15
4.2666592215126606e-13
1.5827672460129131e-6
8.755661420757144e-11
2.339339381434516e-10
3.634849039958567e-5
4.816303109357143e-9
3.277598398611952e-12
4.468460097774192e-16
9.683111375144427e-8
2.449640488618698e-10
6.606159854390341e-8
2.366941963896503e-6
2.9031863214061654e-10
3.401070527404031e-12
1.214531064458103e-9
6.639117810005553e-13
8.65887514332176e-16
4.093610131926488e-12
3.508257186893365e-10
1.7667037510678404e-9
4.0150138446035706e-14
1.5114388276954083e-11
4.179215606381017e-10
6.0279616670333235e-9
3.694432471632751e-12
7.80614149903476e-12
3.440568641994233e-13
6.237938572337556e-15
5.965690984136366e-10
5.741786195484178e-14
3.803118136978207e-15
3.27595269995018e-12
5.988978170353973e-10
3.475871163354577e-11
6.90490643280386e-14
3.509344919196913e-9
8.302186957732268e-12
3.9021739833269414e-20
1.1459902406190679e-9
5.4398626186750715e-11
1.0580360127106496e-9
3.94217703204121e-10
5.4023458935727285e-9
7.373405724164291e-8
6.913212080596563e-15
6.3840471416925925e-9
1.5563086458339443e-14
5.029519887454429e-15
7.5786953185170434e-6
5.9286720365878e-14
9.654932131812092e-12
1.5351771643351709e-19
4.988499084302369e-8
7.488456227077215e-8
4.33527944856467e-11
1.2323919731931167e-9
2.7617434712770583e-12
5.7903235069370605e-11
1.3092921863055604e-10
1.2036008970974612e-9
1.7418922443321053e-11
1.1085438090904034e-9
4.2276702896763097e-14
3.630382871974867e-11
1.552165045485271e-10
8.103615048151425e-14
1.0206497188662214e-9
3.656589970578724e-10
2.4374854216579873e-12
9.704170980593098e-14
1.5835763668562026e-12
5.0361036815329114e-18
7.010387947895292e-12
2.6714119576055244e-13
5.898231059631437e-17
1.9263840473660494e-16
5.793235941546065e-20
7.31903403688082e-8
3.6030285202151465e-12
1.0546293577397427e-19
1.8556510752747152e-13
4.213535047061815e-18
8.407170502364397e-9
1.6251397373810111e-12
4.5699498644604165e-10
1.0754722210585748e-12
1.6385646669113333e-15
2.9969421547714486e-8
5.661619373060172e-13
3.5714771188678367e-6
1.3545652134686594e-12
1.094424989740103e-9
4.3755944928689113e-10
3.899565482867228e-11
1.1700328933875928e-13
9.346714960604483e-13
1.1740928808116026e-15
6.379370951534804e-11
3.032492930585164e-9
2.0263162118247306e-5
1.4924478543299653e-12
2.3571327509536817e-11
3.836317495810495e-12
4.057404122758072e-9
5.7081656174902265e-12
4.27029224335929e-9
4.020961119194906e-12
1.3774446645112193e-6
4.517878118327871e-9
9.777643684256428e-7
4.083463668959089e-12
3.957865416303347e-15
3.713063633842965e-12
4.101637117331154e-12
5.143026340710626e-12
6.143731644462506e-14
1.0887562938849593e-12
1.397956417749124e-14
1.6499050871858636e-12
1.3850387040923425e-10
1.5873636289884564e-18
5.8961946806067e-11
9.340337135323831e-13
7.339634412151022e-14
2.3392022649542872e-11
9.503282350969229e-12
6.938376322199847e-11
1.538130797979369e-16
7.098592563244139e-14
2.895334678085715e-8
4.942914292601575e-10
3.54570250060302e-11
2.7339338377206316e-17
7.903128248704453e-10
2.0198598580748576e-7
1.4289093810284542e-8
2.7523262787672318e-8
2.1820605513521447e-13
3.3957976222493194e-15
1.0586167410338068e-10
6.309950962669779e-13
1.9818801218105038e-10
3.38871084266476e-8
2.250385628819458e-11
6.335890946924227e-11
9.601757714722099e-9
6.01230610771798e-17
2.518447118022603e-13
1.4167315947988424e-13
1.6799238767774335e-11
8.580574280783213e-13
1.0037381334850955e-11
5.580576429256718e-11
1.533017127327593e-17
1.1561406681183445e-18
1.3122577342086997e-10
1.0000523951860788e-12
1.188830966774689e-13
2.8127680208207453e-11
1.748156640064089e-18
1.186353928863705e-19
1.3008419761781643e-11
3.398846655096558e-11
1.5781760588181426e-11
6.923006102444551e-9
2.801138528255656e-17
3.3401383440417387e-12
3.770630783983523e-5
1.231482179727052e-10
0.0001417539770804877
1.6538666031701264e-17
9.456154828487199e-7
1.5619322492929363e-11
6.717321254856498e-11
4.558878521542292e-10
2.3699387870933535e-15
3.5566005346296464e-12
2.67629882822886e-11
4.671690243457305e-10
1.2987260381592437e-11
4.854991672477319e-7
1.6712778230468184e-10
7.490970129475654e-15
1.3827891998138003e-12
2.2606710497173333e-10
1.4798357017752667e-11
9.524739225010324e-7
5.7043834399549434e-15
2.9501645806969187e-10
2.3177736760401025e-16
8.086511652835628e-13
9.565549273941398e-14
9.21360663747558e-19
2.6992252094007073e-19
1.2836266572354857e-9
7.824935528805563e-12
1.7919030748080633e-11
9.432655535827277e-11
6.89054803690658e-10
6.687953311046323e-8
3.155297675528486e-10
6.797534711371698e-8
4.261529073075829e-18
9.33264607154902e-9
8.879422282845105e-12
3.1897367844990174e-8
1.5494817853544048e-12
1.7291286660058203e-18
6.879575374201459e-19
7.330264255705559e-10
2.903012949822377e-10
3.4617589338843297e-10
6.168999399081361e-8
8.388357229111823e-16
5.102031332162273e-10
8.028692680781411e-11
1.910737622420084e-12
5.085067189647759e-13
2.7870464595207235e-12
6.697049723329491e-9
8.973442787531492e-14
4.293836981857859e-12
2.6327333807677473e-9
9.205727644948557e-13
8.79999006022986e-15
1.7107833406881808e-18
8.313475419226804e-11
1.1896889050077778e-10
1.5505232291140032e-10
1.8465596464053157e-15
1.3932770144344832e-12
1.154646059730781e-15
2.4906891550740903e-12
3.122880367288772e-10
5.0884047020044065e-9
1.1172818344203443e-11
4.572019925882751e-9
5.377601492541099e-11
4.692879166564381e-7
4.048874776412506e-11
6.501710779341953e-10
1.3862237879162312e-9
5.04717068402851e-13
2.297616490245819e-18
1.0646192089689293e-12
5.520452851367839e-15
3.1194731708193856e-12
1.018954598397204e-9
2.929583410397223e-20
7.668833058739201e-13
1.8862733467271106e-13
2.522591122153716e-10
1.7121819076762148e-7
2.6743268479836867e-10
2.5969025406230895e-10
1.6303063248622195e-13
4.338635286612686e-11
3.7975909542775154e-16
3.6851570668838175e-10
1.8087021774764485e-17
1.33245593065886e-10
1.7460855931633715e-13
5.799060824992499e-14
8.715201790993391e-8
6.049756360824404e-13
4.962465853937298e-15
5.010422134377732e-9
9.435620454045132e-11
6.179458739331332e-12
8.071927017321452e-13
6.585233608267438e-5
1.0071785132782602e-8
1.7333892377484157e-8
3.989984359605901e-10
1.8397390044174235e-10
5.395033812801181e-12
1.0354331036653374e-7
3.229680926889539e-13
1.6172126037076455e-11
1.5527399197843141e-9
1.908757707460869e-11
1.1435426619858558e-8
9.79884980774025e-14
6.924955810067973e-12
7.27969315741514e-13
1.2835237226295836e-12
5.82485456392802e-11
3.8413640100104836e-11
2.8322867714137605e-15
1.536472505738549e-11
1.2438227885936542e-9
1.4765402189150615e-15
1.0625844910823424e-11
6.404485875544455e-12
1.3136908269337355e-13
2.6402476390215043e-6
1.6097747391689754e-12
2.287215315365552e-10
1.3308620157056668e-9
3.810458978193806e-18
3.9415697590916356e-9
3.772396651193707e-12
4.076611614366079e-9
1.3566012495658952e-10
1.5355498992233865e-11
6.876580174592142e-12
7.114545585024232e-8
1.4255867477074963e-12
1.113681162193294e-11
2.8358792867804806e-10
8.608731223240918e-12
2.833449954377015e-14
1.1816946958202288e-9
1.2362538106519101e-15
4.144202448845856e-11
3.853471774218142e-11
7.790940375967694e-18
4.616034500055224e-12
3.5930238994337143e-12
8.09882505827494e-12
4.607903789721853e-8
1.1685962453015534e-10
3.8114614656711074e-20
1.3066742926412145e-9
4.3236943573976715e-19
8.355740197915431e-12
7.708110790239016e-13
5.092051432649538e-8
5.5223144319477965e-11
5.313984623931542e-11
5.672076729728689e-10
6.044685942868939e-10
3.334684361082198e-9
9.084652407688178e-10
4.2639748382827164e-14
1.87854897370236e-15
6.909300045818382e-13
3.977149800196534e-11
8.704095712760106e-5
3.215853551139822e-9
1.6765054925322285e-12
1.9618652318126332e-11
7.46959029527775e-14
5.234700643704165e-10
4.273606177923993e-13
1.7092999623346703e-6
8.69066566084247e-11
1.5076666114352605e-12
2.525896497124764e-13
7.521537175426612e-12
6.820142314714175e-19
1.9165522180524328e-8
1.7342058904185196e-13
6.086276235242683e-13
9.55761079947525e-13
3.9844142093510365e-7
1.441930379445466e-9
1.0764901614786758e-10
1.4587424631462127e-10
1.3404565085800676e-11
1.0503685768342643e-15
6.223312892154792e-19
3.0058430011337476e-13
9.309369193486418e-17
3.5948025608400822e-12
1.740068117206098e-10
8.016454953269951e-11
4.9855195286177875e-11
4.755103351125131e-10
3.9954185960053776e-12
1.103427476833065e-19
2.2408415819978966e-16
4.053570945978567e-8
3.4583724134500953e-18
2.5999144292272014e-7
6.700174426204157e-12
2.6895770044132728e-14
1.1734533458659693e-11
6.858147879893324e-12
7.408974675186762e-10
1.731638669609407e-11
3.946465883012897e-8
6.031085820590605e-11
4.164467332273544e-12
1.5026258335570515e-11
1.4441540640674106e-11
1.2258142827396117e-15
1.3821101011594704e-6
1.9737459996867145e-12
6.3753265679249235e-9
1.512533004639706e-11
5.119500941365881e-12
4.356171886138429e-11
5.7217757326330615e-21
4.376074113649874e-15
6.750975487723971e-7
2.7417472963214177e-9
1.0869537138902725e-17
2.1237804672570418e-15
1.6063066243792603e-14
2.931312288193135e-13
1.847138039767012e-10
6.44479985841972e-12
1.5743187774648597e-22
9.971183610759148e-12
5.991241154321857e-11
3.54913576591399e-9
5.409452713174533e-17
3.62893634765065e-11
4.646736662015478e-19
1.7291773607007613e-14
1.3039322609611173e-13
1.5239599946791994e-9
6.112376243382033e-17
1.853182492943088e-6
1.6619169113307207e-14
8.522348485479676e-11
2.2608985368632793e-11
4.447721166580641e-13
5.623866720015609e-16
1.811228500636978e-12
5.082233678758152e-8
9.777534967545827e-13
8.121518542226249e-9
2.988289157602845e-11
2.808559442210475e-10
6.930188260518268e-12
3.445857204473334e-14
5.658200903913808e-8
1.266834254214626e-11
6.656234416577314e-8
4.7583811947521555e-8
3.655126586715718e-14
5.5033869247997696e-9
7.797554229973001e-12
4.927174440265113e-9
6.020110984882631e-15
2.4715420408583623e-11
8.877210313246446e-15
7.497608280604529e-16
3.220038581067547e-12
6.877644135252002e-11
2.4332518606112744e-14
2.4423806006694767e-16
3.1156183158337704e-6
1.1214736859095197e-9
3.6998862638290236e-9
6.899569889660788e-19
5.417741115656e-11
3.0772428189854235e-12
7.681828129547522e-11
1.60710663050618e-11
6.603684415458082e-15
5.4249809331344904e-12
1.687549688518195e-13
8.631350349248797e-8
1.1823480872524901e-14
1.969283811860597e-11
8.61882052868855e-11
4.305767559278779e-11
4.7577776234466964e-8
9.234422025955514e-7
1.4723790179702612e-8
4.174870869572942e-8
1.2234411715586083e-14
6.452992765778261e-8
1.4950571408540855e-10
2.2305458867236588e-9
7.852439547877826e-10
4.456484043082655e-15
3.154629181586392e-14
3.257775480615509e-8
2.782575299840552e-8
2.9901885145571174e-17
4.3845630549272645e-8
9.7841030366112e-13
1.5234477664097802e-17
5.962829086480478e-12
2.429797639249092e-13
4.820111809765294e-6
2.1533589946151503e-16
8.16951975190651e-11
1.7775538229267035e-13
4.4566294812756245e-9
6.401888213159904e-14
2.578314083390312e-10
1.63325499081637e-13
1.1871831545049278e-9
1.1950047529805782e-9
7.55579372660643e-13
5.749365797670663e-11
2.346443037179056e-10
3.938829066975514e-15
2.4177517425152433e-13
7.916318049172793e-12
9.101891469144718e-14
1.2802267494875027e-8
2.1628140696882525e-8
4.078324348769019e-6
1.6698105404721102e-9
1.560055957849278e-11
2.0000652667896513e-12
1.3971492883864361e-11
9.129000572140939e-18
3.511179638482018e-14
3.310865194213095e-13
6.339788930973392e-13
4.3820893364052894e-13
6.245300347438874e-8
2.237276272282812e-12
3.8895607114034563e-7
1.5438733201828938e-11
1.0786226843221863e-18
9.263076960784151e-16
5.017128595601911e-12
1.203392037997435e-9
1.6815810587422016e-7
1.3068444838276035e-11
1.412559140901342e-10
8.149159023114527e-9
6.756214654304125e-7
3.69998810749352e-8
2.995774368877029e-12
2.5612383622083896e-11
7.296526144224741e-13
1.465891694455814e-14
1.8447124912228845e-13
9.451397486425696e-10
9.37247156645674e-9
1.3992590884768936e-12
1.111595373231295e-10
3.7305977211197043e-13
1.9981900913690503e-13
2.6417802075507213e-11
1.0880966998666992e-9
1.3507811567449229e-8
3.3746626299736837e-10
8.660353620896952e-13
5.780972530691933e-11
4.0673951880926884e-13
4.1733818724466627e-10
1.2608269753223873e-15
4.1452813653444694e-11
1.2887961348645887e-12
2.8041297727888107e-10
6.0063940751317314e-9
6.921968591661866e-15
9.439705039069807e-8
1.5958667124100206e-10
1.710605472070545e-8
2.0012718669969075e-12
7.121686644110227e-13
1.650049746164401e-10
2.225839390469451e-9
1.2429534233218664e-11
1.9861496766241382e-16
1.4005655965602109e-12
6.918236918986627e-14
4.921452494115735e-12
6.813778380395032e-8
2.4870458303947843e-10
2.806348678209267e-12
5.290493639747585e-15
1.0448977244528154e-12
3.653737329166981e-17
7.602171905038489e-11
8.079816911147259e-14
2.0038863649268672e-8
3.025333413375043e-15
1.3090997369054216e-10
3.5926634357550037e-7
3.09198794933696e-13
5.2458150903963766e-8
1.7354910441898105e-10
8.395945875966148e-13
1.8890806321469197e-11
5.88687396359135e-19
1.8812862691037195e-7
6.64484314249083e-7
9.799405463419437e-18
3.7305962125618915e-9
1.5616800216404906e-11
1.425649516446929e-13
1.6184569695593232e-18
2.10104905166312e-12
2.2270133049044602e-11
6.363108186363859e-11
1.1364821670619047e-17
2.6868291890695054e-11
9.116736485850343e-15
7.9025951781583e-11
1.366417654422697e-13
1.0224402923500124e-12
1.0091913705437055e-17
1.2367998079594988e-19
1.0363972358031445e-19
1.8896359414934604e-10
4.6736821492757556e-14
2.734264668729995e-16
2.6352740161166135e-10
3.3141590161001814e-16
7.813912466482781e-15
1.4491965552286497e-10
1.3499296907181075e-14
5.472253308142412e-15
2.2742181199992626e-16
9.009932622132962e-13
2.782455088176794e-12
4.8045233636558255e-11
3.4457905014286915e-12
7.02109401802338e-11
3.149502586663287e-16
1.0996958695620064e-11
1.1526618706422093e-9
8.405432181619396e-7
1.8766163556529454e-9
7.891337190531298e-12
6.80375040774906e-14
1.1473941517269922e-10
6.752993919880726e-13
2.4869710348776135e-14
1.330378890959081e-10
1.692769311529798e-13
5.068978296649635e-13
3.4699328885451115e-16
2.861176869068088e-11
3.736280372117629e-12
2.4799896669638026e-10
1.8312916490392752e-19
3.4995074081290323e-11
4.836266049875144e-11
3.596722325655109e-11
1.8168600860692654e-8
5.954954188868478e-13
1.601839068581691e-13
1.956336345193086e-11
1.0688550223103705e-15
9.65584108071867e-19
3.436911560870507e-9
5.567829846932543e-19
1.543996627473458e-8
5.166031769146668e-12
2.7664098270319987e-8
2.71874833950559e-18
5.521086126548118e-14
2.57008220171344e-10
7.087584824369967e-10
3.46283660782075e-13
1.5904658395167442e-11
2.314571101439755e-16
4.765404075758086e-13
7.53661805980938e-12
4.191158734020645e-12
5.120441147042665e-8
8.958298526665883e-18
6.152625873134312e-11
3.166515238162237e-7
7.762862670078871e-9
6.25150237138439e-9
1.4761641819661513e-16
1.869972333133447e-9
4.465894919833562e-19
1.081190788064814e-15
8.735613967590545e-12
2.2706271074833622e-8
1.694409093268197e-8
2.3031442721836126e-15
1.8874051728001876e-19
2.3879844570669943e-11
7.692398258010465e-10
9.189994859651268e-9
2.944585840125862e-10
2.31608492262005e-9
4.4924413752594725e-11
1.9031066647799245e-6
4.02987847001851e-7
1.7238401840071126e-9
4.6647635661479445e-12
6.162773100269503e-12
1.0626052400072116e-14
8.381921154126893e-7
2.766957163526476e-11
2.7458684177172763e-8
6.410436265056337e-10
4.3103709052939495e-12
8.926483284743418e-11
9.076835797621508e-15
4.2285912718919026e-10
3.7539133397540226e-14
1.6286647288732846e-11
4.4245679923188076e-8
8.305189476351325e-11
9.517674518194484e-10
1.634782668199389e-12
4.0592044778859384e-14
1.1825197613357332e-7
2.815447930938568e-18
2.675377807827016e-14
1.0241486447943933e-13
9.877339585917777e-20
5.774398805824292e-11
1.250020551675404e-10
1.8600936261555274e-13
1.1557031567214378e-10
2.103894270391848e-13
4.512398851829149e-11
1.224264607340685e-12
1.9722782305631592e-15
1.8509541219562022e-13
3.57384732860149e-14
3.125956255872304e-12
2.8019095015246975e-16
3.8277212487017355e-13
8.116786643145611e-13
1.571842335667332e-14
3.243632055684405e-14
2.282845908529277e-13
1.2210965160564943e-10
5.6530029890215954e-8
1.9001243673248988e-17
3.854904825791249e-14
4.8983415450766085e-18
1.1995398717351025e-10
5.7952841897438795e-15
1.4980577505868913e-9
6.634725503927965e-8
4.0601671919581505e-12
3.58673788819634e-10
1.4522667555555358e-10
1.8260001696653892e-19
2.100266217098567e-7
7.676649441463505e-15
4.313193831809126e-10
1.1150106278185096e-6
7.021376472634547e-12
5.809134598694828e-10
4.324730833921051e-8
2.0573400063321297e-10
1.656480306704322e-16
1.4380268063471805e-14
9.993213737306853e-11
2.4773806029709687e-18
2.6941761562529907e-14
1.9126923553879276e-10
3.3081076352792607e-13
6.9676716708094525e-9
1.392134571354059e-8
1.1994795994551007e-12
2.2366363111090032e-12
8.55845506544412e-10
3.208933201364858e-9
1.3673659280289553e-10
2.0335610629565724e-6
3.813525226449643e-8
2.7302116255694636e-13
9.451653102738751e-10
1.311579931502055e-12
1.909175817616887e-5
2.8196868538365015e-7
2.600507831916101e-8
1.0867723964176569e-12
3.575486828395806e-15
5.827481625552468e-13
5.246351715708923e-9
2.0775077578581995e-14
8.106514494593287e-14
9.246091772691972e-11
2.998643947146262e-8
1.3016507383607763e-6
7.119336511603988e-20
1.2281011409688789e-10
1.1820518085929373e-9
5.7872145410752454e-15
2.3105464186814716e-13
2.5058192876895196e-13
1.289321244506039e-10
9.325987830763448e-11
1.5033012241928162e-7
3.93913909240886e-12
4.1698562008351914e-10
8.425187014704771e-10
4.166118884695209e-19
2.024533283608292e-11
3.545016786896973e-8
3.3739346006926736e-14
5.235096740004419e-15
8.74602029959343e-20
1.4269483175609677e-14
4.839398159058147e-12
3.688576910897472e-9
5.635301262172812e-16
6.812318189287334e-13
2.9898145935475663e-13
1.5481046361159005e-11
2.936393137094293e-9
2.7527125094790885e-12
1.0072164696644401e-10
3.731378271716669e-12
1.0156836901045534e-15
1.8257046773891053e-12
8.224133270347925e-11
1.0597030893243713e-11
2.4512480463145944e-13
7.043458205140557e-17
2.740559239198381e-12
7.304354875741041e-18
2.3622937466057847e-18
1.2581711811000044e-6
1.6162376393661967e-8
8.629764111344797e-19
1.205591274676999e-8
1.8737667469957812e-7
4.066791754587152e-7
6.770574227059732e-13
3.6987382544687274e-11
5.971102519543545e-6
4.8265479999869924e-8
1.2228259159185962e-9
9.414591919450185e-10
4.432759903618627e-12
1.4108583319829277e-11
7.005183443009248e-12
1.1599854510887805e-21
3.212309167195182e-13
7.444473092485942e-12
1.313632930105072e-10
8.756417698423367e-9
7.384394296611197e-11
7.021061455265552e-17
1.3921222829673925e-10
3.829446981565594e-11
2.036203884565392e-18
3.849973592123396e-14
1.195547817682703e-9
1.224112716557658e-15
1.497165159779171e-11
4.165118234637548e-14
3.592798934287941e-12
6.045313202952144e-13
3.4638189951865664e-9
2.36119359841037e-10
1.3315012392029826e-12
2.845964879996875e-13
6.196188366975008e-10
1.872185126490798e-9
5.364083111992388e-10
9.956708752349791e-13
9.887814921194835e-14
4.0053401724468106e-10
3.148589753905264e-14
1.6909740118746607e-10
1.4239609705157621e-11
3.733072607916263e-11
1.8399475051180894e-14
6.079664953846887e-16
1.0244854121411554e-10
1.2763596205874576e-13
6.098355301423084e-14
7.756673630595061e-9
3.369865004461661e-14
1.8181696435194875e-7
2.258501827730895e-5
5.859759917218818e-9
7.661144367389874e-13
1.8777684223192992e-15
5.351154057112096e-9
4.214194006197427e-9
4.94412942797834e-17
2.0319131045593745e-9
2.159788751958076e-12
3.875637326225999e-8
3.496897493830225e-12
1.8004503004323732e-11
1.9534632008295732e-13
3.097671321132551e-10
1.4425153381920814e-16
4.275380024643305e-12
3.476465605262346e-11
1.8274454655993767e-10
3.430763302641614e-11
1.8225450474880769e-7
5.762888271863729e-10
1.098805328049838e-15
1.6870189565196168e-16
6.540332803896603e-10
3.260826168776568e-10
3.6239171933322833e-13
1.8307061415204895e-14
4.267806687002586e-8
1.5486959475550457e-10
1.0233062631162638e-12
1.921900818256645e-14
1.2197022791794223e-10
1.280977370088612e-10
3.712908543399008e-9
7.29528500673093e-11
1.722635234504577e-9
2.5566735129665554e-10
2.0081438808634007e-7
2.019140528845035e-8
2.686669284322564e-12
2.3298913943987385e-13
4.6266502122421484e-6
9.483656476270094e-11
8.143580186690747e-9
1.4692729828512846e-9
1.96175225155286e-10
9.459154283324222e-10
9.495943600316754e-20
2.5603544140258363e-7
3.5775404312795775e-12
1.4571102820264223e-9
1.9190021894470902e-16
5.264985931670509e-9
1.1557557418297213e-17
2.0758070257669192e-10
2.1028746685965228e-9
1.4918506591526025e-16
7.318477546753586e-13
1.142963620282695e-9
8.966649487925971e-12
1.0819784468870143e-9
3.9179171716283986e-14
1.5952260943511101e-12
7.811869574979703e-15
2.3465717051660713e-13
7.209480448246272e-8
1.5654159349279765e-10
1.3415145992486734e-14
1.0525888613550754e-12
2.4174485027742147e-10
3.609218124849891e-9
5.749835911691437e-12
5.273196843861609e-12
1.2795058922934655e-15
4.247954525838242e-11
3.8558927270830784e-13
7.084248167032042e-11
2.0512867365806675e-12
6.743443614415232e-11
1.0858669792598043e-9
9.802689502859154e-10
1.0128317819242806e-13
4.339301668476351e-12
2.1912542427103316e-19
3.70970491864581e-9
3.316266567890448e-13
1.0690518270635685e-10
4.072605539108228e-12
1.6574650133758402e-12
2.896131039670869e-7
2.3449961515201886e-18
1.4239081577443743e-8
5.808070936312499e-11
4.579724283300296e-14
1.314998607864973e-9
7.288707902971307e-10
7.254619964607634e-9
6.881712671597184e-20
1.891479030554181e-9
1.142987323934124e-9
5.561140595893125e-13
1.7906190830881067e-11
4.503835498348854e-11
2.8378220744120116e-14
9.821869020944698e-15
1.1215871143233522e-10
2.1015031811061637e-9
6.066520181949775e-12
7.874150704553333e-13
5.164937627347814e-14
3.882714394277304e-12
2.169893028910778e-8
3.10279093762783e-9
1.0977634658770896e-10
1.145628133786092e-15
5.7329995239360585e-8
4.017690943639869e-12
9.13199639987844e-11
1.9034828570777323e-14
6.509324684185143e-8
3.2935270271872876e-12
1.7426465931754391e-9
2.248654558638625e-12
4.3186556017967876e-15
6.963505176258075e-19
1.1265120016716302e-12
4.54684336839178e-11
2.2130244471847854e-6
1.2503201119141172e-12
4.689359756268143e-10
2.1420690647390376e-12
3.944249638778883e-13
1.3641078334849887e-13
1.8786724839052406e-12
2.5571547716817897e-11
2.3129940879169352e-10
7.292729134729464e-19
1.6532576044586796e-8
4.663043390160216e-9
4.302312835688225e-10
7.302870394786713e-12
3.207275486857958e-12
1.9490449668138582e-6
1.2817112642402153e-8
5.11004013699717e-15
9.45548928797204e-12
5.827447018048056e-13
7.962725120908051e-16
1.485560604662366e-19
2.671711167865236e-7
1.2757917588925353e-8
7.715000007353747e-13
