11.258178067413557
10.918122672671014
10.114960961490725
9.210933350137196
7.810296881668894
6.121911595911646
4.3201162391321635
3.2384672488998216
2.6359601094217346
2.2450481028461295
1.9576043571317925
1.7287779631366949
1.5643502874364081
1.4287651003344228
1.288816060157286
1.1538898197102903
1.0354133007522393
0.9420466038061148
0.8643246065805537
0.8056095105398944
0.7560773553920832
0.720459335641042
0.6943354503578085
0.6752523028951529
0.6613502909662721
0.6513971606187638
0.6421815793078096
0.634654052729708
0.628314437586531
0.6229511153590019
0.6189347179720617
0.6151631015239332
0.6121662599939945
0.6096127958110253
0.6073566990766723
0.6054995576976818
0.6037869327400127
0.6023880901023819
0.6013306971502796
0.6004774864175753
0.5996998803280418
0.5990923925228193
0.5985275814111723
0.5980347465555624
0.5976067462790438
0.5972386839558395
0.5969180662433891
0.5966173229708138
0.5952669248958866
0.5940467017735145
0.5930517445106585
0.5921462200462271
0.5911700155003325
0.5902613320251096
0.5893576145795301
0.5883623023661304
0.587463912215842
0.5865067540090481
0.585655767479107
0.5847857000454297
0.5840086293938604
0.5832162907209364
0.5824967175561016
0.5817557093218353
0.5810467197787625
0.5803566687811399
0.5797584585342523
0.5792576899787605
0.578776532087697
0.5783788087485133
0.5779971298641717
0.577787541444934
0.5775664700722682
0.5773418927531546
0.5771457433038956
0.5769716341896274
0.5768116736169011
