11.258656144625814
10.940938318693277
10.114257999901625
9.205296706565719
7.823898525877587
6.080586500523745
4.293301558255591
3.1735761551594717
2.6193360938642343
2.256507906542134
1.9691697859940884
1.736007653607766
1.5482324734810415
1.3922445468964728
1.2252909121089548
1.0686899669052128
0.9467248365390368
0.8572781788980706
0.7911523744439997
0.7471703708809629
0.7129581218470404
0.6846981133768679
0.6669462842107903
0.6519683584868448
0.6408304803908544
0.6307902854641902
0.6217985442239318
0.6148764224480434
0.6091084843228787
0.6040521906861285
0.6002432144224121
0.597543274157033
0.595779782913537
0.5937587362289545
0.5920827630568493
0.5905969612829187
0.5893095227355714
0.58811334587309
0.5869426027570981
0.5854519823178759
0.5840366377597697
0.5827342672508662
0.5815952987558752
0.5803547622270084
0.5792579820792554
0.5781578828560372
0.5772268533018678
0.5763782117391507
0.5755553426165649
0.5748531017712555
0.5741939754314744
0.5736405756830267
0.5732251075165138
0.5728594164785692
0.5725213845408774
0.5721931161566234
0.5719059650523173
0.5709744948035942
0.5688645777840327
0.5670110578530663
0.5666139649094744
0.5655019774839225
0.56342422931725
0.5573893074580463
0.5520692098780993
0.5494288496858353
0.5460491713187423
0.5440217057051342
0.5419813766610648
0.5408656004715553
0.539186832210742
0.5383356497954805
0.5373371101318982
0.5363717373753216
0.5354048112337306
0.5344553705962722
0.5334634542477259
0.531757658999318
0.5303733261376129
0.5293240814882285
0.5284643315035851
0.5278713841590843
0.5261409083600581
0.5253137537043884
0.5251715605680021
0.5248820602268829
0.5241663514528696
0.5238886621832473
0.5234765538729125
0.5231366612777819
0.522941248255222
0.5227491987954771
0.5223316539459075
0.5221231564142821
0.52204070950354
0.521940690059453
0.5218514816303301
