3.569420757632663e-13
9.473146186557953e-14
1.6994175032094674e-16
6.312672918190974e-14
9.217555370351996e-13
2.29093041972323e-13
1.650610986460979e-13
9.583049851134784e-13
1.4693469960061772e-12
9.548286841479177e-13
6.007959547003176e-15
3.509790354508714e-14
1.4484884569048022e-12
3.6276521364088214e-13
2.709856956511327e-15
1.2747374619816576e-11
2.7508894542567294e-16
3.9915903139308895e-16
6.952932102936835e-14
8.025041977503067e-16
1.8605513054146062e-13
1.1839570728309982e-13
2.371314802358798e-15
4.506303981744134e-16
3.1286615662270056e-13
1.5871831971348047e-17
5.3421961318331524e-15
1.8009936400017456e-15
1.9695625340607585e-15
1.5748944026032678e-15
8.905863555411165e-14
6.014195513755204e-14
2.3839433292746036e-17
5.661570213372472e-13
5.915119378620096e-13
5.13125959721523e-18
9.477063730436833e-13
2.4727567288044038e-14
9.366483838780908e-14
2.2203891369366995e-13
5.094161017475937e-16
1.4983296695562243e-13
3.866085317956781e-17
2.3946438505142303e-15
1.999186480745892e-15
2.7246155990945636e-12
2.538406660235691e-16
2.097612316785619e-12
8.016518595197644e-14
4.2638897667400795e-16
5.866098401316593e-13
4.590571335252499e-12
4.94228312327602e-13
1.652321015990179e-12
3.1722325977987457e-13
3.8213315222092244e-16
2.0472200853726981e-13
4.447326767900639e-17
1.3700613563292477e-12
1.6888081551719023e-13
5.620670225358676e-16
6.861975960146679e-15
5.36637956296868e-15
6.609412199433736e-16
1.7487473378339724e-18
5.954196255089549e-13
1.293486035502157e-13
1.462027297170074e-14
9.47842805693375e-16
3.940370360267914e-15
8.585027510274126e-17
2.171133506063252e-16
1.9376108622436827e-13
1.163537355629051e-16
3.94277160109805e-12
5.065414837298768e-13
4.674164149080049e-16
5.3865563192342425e-14
7.503514172997367e-15
4.8705259542513156e-17
1.185333196223051e-13
4.651366799944158e-18
1.0889049743193349e-13
5.4122863273863024e-14
1.4371868082195133e-14
5.040960964666639e-15
1.775080542718703e-13
1.4195719373333092e-14
2.587537160596967e-13
1.4928502881841784e-17
1.4723519640161524e-13
1.5113703362723221e-13
3.8689038366884545e-15
2.861598144220858e-12
1.429937928531786e-16
2.7588198705664193e-14
9.074768062138154e-14
1.51599586412062e-13
5.4254804645829616e-17
3.6983768824514404e-16
9.078872440966019e-15
4.604474208786473e-16
1.3163731328503919e-14
7.099976074443072e-18
6.185925897746546e-17
1.5336484344018757e-18
1.3789681792921895e-17
5.457323367761397e-13
9.7145762778104e-16
8.606458382240284e-16
4.6226125171774483e-17
2.125470526203718e-13
1.7623665966495345e-15
3.836420110143156e-14
1.6108621298168345e-13
1.505611743596796e-16
5.051226006236484e-15
1.8293943476302228e-17
1.1831196065102687e-15
5.029158128418903e-13
5.979190786179077e-16
6.557993881684669e-15
1.696654383945692e-13
2.3384774796013815e-13
1.437715369716705e-13
4.622155824333454e-17
1.5679440533181188e-15
3.551735012680518e-16
4.51214832756867e-12
3.4147648829911702e-15
4.4930992435368865e-13
4.940720170538009e-17
5.565784043913525e-16
4.030547847273011e-15
2.542143353235263e-13
2.55144732080387e-18
1.2333216655048504e-16
2.1079281497032556e-13
1.5867938230109797e-15
1.8069178638535441e-16
3.971735354808251e-12
8.87455798089088e-12
1.986169730725522e-15
4.446871085315879e-19
2.686126946811336e-15
7.355800530092921e-16
4.9668979076672164e-18
7.176096015119444e-16
8.753846903245327e-14
1.3092912742508933e-15
5.662889119491492e-15
1.766203402469341e-14
1.0273940527530605e-12
7.915134745815994e-14
9.161244247648429e-13
4.587273436817546e-15
8.98296964803373e-15
4.483830822810128e-13
4.093863131588819e-17
2.1023936144220163e-14
6.365157666894844e-16
5.0721066195373363e-14
3.3124530807674954e-18
7.006301201000766e-15
1.3232059865495582e-12
1.4614353325390055e-12
8.538457156329045e-17
2.36356207353205e-15
1.523648114074271e-15
6.111618291536147e-14
9.56149011116282e-14
1.1158244400594126e-14
6.703108249337996e-13
2.0543326474101624e-18
3.3609950747761e-13
9.086763918587772e-14
1.9698780420726155e-14
4.315765841461849e-15
4.607345860221465e-18
4.918297937203732e-13
5.374621970582002e-13
5.473791855390161e-14
6.8204180648867e-16
9.36516316664372e-13
3.898278721856619e-17
5.466367483181631e-13
1.144523960229327e-13
1.0340377260182048e-16
2.9995947701132355e-13
2.5634195731819313e-16
4.372064893120121e-14
2.9821111068536477e-14
1.7857366828690543e-14
1.7224096687793904e-15
4.428732159522459e-17
1.4932791508661928e-18
1.2951698588054322e-13
6.452017334913071e-15
2.0660622313907756e-13
1.824107314560777e-14
3.804257061517288e-17
6.255459531921415e-14
2.320055756683638e-13
1.1997892577463927e-19
4.9114386848625215e-15
2.080129663183136e-13
2.3361076772787245e-15
3.610092440134958e-18
5.945570159507223e-17
4.983433238044511e-15
3.6090661690585225e-16
9.669644692226156e-12
2.4310544504404957e-17
1.311957559127926e-13
1.3026783414078811e-17
2.198979417302993e-17
1.7240025832260053e-13
1.404231997976373e-16
1.27375623920398e-12
6.435783940864567e-15
1.9549211278688944e-14
4.32636673261924e-17
3.184114116708566e-17
2.0109140458629214e-15
2.797367197282092e-15
8.632121303936208e-17
7.063519925987495e-13
1.3699364084431195e-10
1.1194252334526294e-12
3.726112767025643e-13
7.960754355854907e-14
1.8542643141021495e-16
4.769808935305494e-18
2.324235409873466e-16
2.268768453533661e-18
4.4018944378671794e-14
1.7713340248003665e-16
4.898100899272733e-15
7.347341491553127e-14
2.384635285328773e-14
6.364504649935044e-15
5.965165604101589e-15
2.770353297187071e-14
2.845743558952724e-15
2.565313579748663e-17
4.935904758277377e-13
8.625735140051778e-13
8.078521756139386e-14
5.253652097921818e-16
9.755575905321835e-15
5.716831378000203e-17
5.578624259897294e-16
3.162121175443088e-15
1.5894552813656854e-16
3.564586860100167e-13
1.4415814423323364e-18
1.7692275006231096e-16
4.7985798745363707e-17
4.694049790142948e-16
2.4832714906327974e-19
5.324359479816986e-15
4.219922536088112e-16
1.341887542780825e-13
1.2053055142674114e-13
6.478186461311253e-16
1.6152853369090823e-12
2.0291804084700603e-14
1.110863900127395e-16
6.362779777752896e-16
1.182906388701405e-15
3.624853699472055e-16
6.431670288187463e-17
9.955656767640993e-17
1.1849335177756375e-15
3.437031023772644e-14
3.642212978129159e-13
3.441829843761741e-13
2.499392659402723e-13
3.1600151010801666e-17
5.256831506241288e-15
9.48585091623157e-13
2.7189836754261316e-15
2.0977682108745201e-16
1.6853235755875938e-13
1.7332912573003925e-16
4.580609723293598e-13
2.175988502498884e-15
9.727732831649467e-14
4.231528018175736e-16
5.354708411956286e-15
2.2702761068069614e-16
2.0179312827303034e-14
2.993962018666299e-13
5.104956317400201e-15
2.337429843422708e-16
5.256905436632233e-14
5.548285975245085e-12
1.0896735827741955e-17
1.616987179754525e-17
1.9195074805812162e-17
1.8126313997361017e-16
2.7427866758620855e-14
4.732268481169232e-13
1.9315638754510026e-14
6.144291305778874e-14
7.709788372403041e-14
2.1955754225237105e-16
2.8801342794673007e-13
5.890887713332869e-14
2.278327904771887e-16
1.1126136367529922e-14
2.5877353446325714e-17
9.88129479946459e-14
1.46751641043478e-12
6.060311591433611e-12
8.544157613130677e-20
5.3217517306863885e-15
1.447742756399402e-18
5.551754477729207e-17
1.797488867503143e-15
9.857642258824363e-16
6.610367343468169e-15
1.4434572664004898e-17
4.516366533486851e-13
2.744896667514711e-17
2.8253762044348453e-17
1.1280167088746433e-12
2.6896808403645076e-11
4.109765293014285e-14
2.3514543937277504e-16
4.177327540930967e-13
2.4673533305433335e-13
1.1085484286775042e-15
1.591334090932533e-16
2.962655496759542e-17
5.465476345278598e-13
1.3851249948077999e-16
7.499612023401085e-12
2.4501482621306955e-13
1.1584769087011995e-14
3.023341011310108e-17
1.1336787232368638e-17
1.669621987635314e-13
9.73689429306126e-15
3.195420259689437e-14
1.120931612810885e-13
2.0541355554592242e-12
9.894042458958847e-13
3.949315403037051e-15
2.44773120464707e-13
1.474492213747688e-14
6.490500270254732e-15
1.5955959644254847e-16
8.205593410874313e-16
7.760670895980948e-15
2.005645343397983e-14
2.1678212112358003e-15
1.578208303237767e-15
3.8580063167842973e-16
4.228009372819811e-14
7.630112544775894e-16
1.861703443735629e-14
1.802903890987184e-11
1.3983381776567307e-17
5.308836702788991e-14
3.022974881186296e-16
1.0642367631889848e-13
9.973009666687106e-17
1.8172457895185046e-16
1.562092921710166e-17
2.1150491979560554e-13
8.318122002060259e-15
4.1029296799822655e-14
3.218392804608631e-13
1.9843640945981643e-16
9.910778608282987e-16
4.223121771493021e-13
7.15911290024734e-15
2.5762523711259384e-15
1.198192281464007e-14
2.2111648832477524e-17
2.897722297756738e-13
2.0743588749941094e-15
8.131445597548906e-17
2.7141944047416185e-15
6.233576278893286e-14
2.6391134838753394e-12
6.105232815891323e-16
8.634597013139871e-17
1.3203521985721924e-13
1.3123886667329855e-17
1.443382739193583e-13
5.886633554836313e-13
4.348900172727714e-13
4.2465886898524456e-12
4.528199915747328e-16
1.7652285855232476e-14
3.4935465252828646e-13
3.039280437789904e-14
4.683656910788189e-14
7.746339342961862e-15
3.85790537879121e-17
1.6822165690602908e-14
1.299285468540341e-16
6.18414424437993e-15
2.906155806776187e-16
3.933704639692878e-13
2.299906196751339e-13
6.542173034485829e-16
2.2234135218203073e-15
1.4423078126174734e-15
5.893197766110761e-17
1.8210565321028857e-13
1.2703274694325838e-14
1.1654942666494961e-14
1.9142238904195515e-16
6.691504942276668e-16
6.677518989277645e-14
1.905573371155558e-18
1.335677698734099e-12
4.1624150557654925e-18
4.040003921781444e-15
5.791930151454129e-13
5.46041549445908e-16
1.705181655513163e-16
2.5810147821782217e-15
1.756042813041685e-12
4.8943801526848104e-15
5.266326722923366e-17
6.158283102769149e-16
2.2238216250982362e-13
7.698904745523403e-15
1.8289970145761025e-15
3.78282752926583e-13
1.1955829166546383e-13
2.0012421812577502e-13
1.6850489288948607e-14
1.8066433934317872e-13
4.727724947484894e-17
2.901810484591201e-13
2.95373670565518e-13
2.7319968744343945e-16
2.8176981070247156e-13
7.55236841540344e-15
1.7890308310413566e-16
4.426756753968494e-14
1.7824993184432837e-14
5.0511779822439665e-14
8.398131948690915e-16
3.089031368730696e-16
4.3416650134964953e-14
6.855365152574236e-14
1.794831337254172e-15
2.3006023745069466e-18
4.79616032299798e-17
1.822019830842494e-13
3.8737015165322265e-16
7.723425689713533e-16
1.5100219762482044e-15
1.4218225093405728e-14
8.417183132262767e-13
3.897463135745423e-16
1.3415969278157259e-16
3.864105099613787e-17
3.4899889466287915e-14
2.8914855780568694e-16
7.098077401423276e-15
2.931667934759893e-12
1.4179166918012437e-17
1.023474843005499e-15
1.4472314307476218e-14
1.0990296904603315e-16
4.465617253870698e-12
6.58822416158599e-14
3.8887123624493184e-14
3.496221512981746e-18
2.868200796179506e-14
1.866771476185083e-13
9.983491067579452e-13
8.567890912499868e-19
3.916404275238854e-13
7.73121951549363e-15
7.131160936311989e-14
5.94623487560834e-17
9.488982172663489e-15
1.8071421576401986e-13
2.1746857294610322e-14
5.642870537793029e-16
1.7801285645838932e-17
1.0890206420756719e-13
1.3802999367937849e-13
1.0217649950948542e-14
5.704402147698167e-14
1.0226083850100745e-15
2.8484769596684444e-15
4.74608902094701e-13
4.7586703061242705e-18
1.0419259616110555e-14
5.8414149334297854e-18
3.2462062131342424e-15
7.073143946681468e-13
1.5155573135374245e-13
3.7242982051545414e-17
5.226614943595526e-13
3.381313531537362e-13
2.7887855874786146e-12
7.390721225307948e-13
3.068472653580384e-13
3.578266846708826e-12
1.1509563109508478e-14
5.055544354422669e-16
5.429185385861715e-12
1.3684001238257301e-15
2.887071196233308e-14
1.106666399994109e-17
1.9008724124576118e-15
2.5081462164042543e-12
6.249105007082528e-13
8.324642709432083e-15
1.9511574304058637e-13
1.9049603597496686e-16
2.5393766276407e-14
4.285785292341183e-17
1.5808951919088263e-13
2.6075127165468423e-16
2.4575456662526258e-15
1.5430169337984233e-13
4.5058588547503144e-14
7.669193370952198e-13
8.025236054949764e-13
3.36415034644696e-13
3.7832276852242837e-16
5.466293303363098e-15
5.3138188775787365e-14
6.482040523480366e-12
9.339523609826594e-14
1.1727369928839463e-13
3.453169998923608e-17
1.114950677136058e-18
4.2264119323287737e-14
2.391263948973579e-16
4.2174746912671724e-14
3.226783684298448e-15
2.5061359485978375e-17
2.133927760513997e-18
1.0359608818344027e-13
1.4695029375104532e-17
1.8669175825632297e-16
1.0144400901109649e-17
1.0917487001606524e-13
5.460935350662011e-15
9.566782591292796e-18
3.1817181600178446e-14
2.622805981445049e-13
1.9648808095211056e-14
3.123578620715577e-12
2.592845250479033e-16
6.019117453443966e-13
8.311707663303467e-16
2.4054635562941267e-15
6.78146223671673e-18
3.024304465509698e-14
7.585103026001159e-15
2.1918539465912996e-14
3.835624889994284e-14
2.702684232469114e-13
3.7221135889596783e-13
3.329864814928674e-16
1.0714224946981874e-12
1.480428649384287e-13
2.2285683570570113e-16
1.9862102748589487e-14
3.0337250406510267e-18
5.581540179060206e-15
1.7686746399375352e-13
3.9596279696961517e-14
2.490339930065449e-13
1.9756814626424564e-13
5.906439580674943e-15
2.219364311194316e-14
1.4430738936374475e-16
2.6103439893610168e-17
1.9894799288849165e-15
6.653213296784909e-14
3.8784571261350245e-16
3.5636314250904138e-12
2.971954941984425e-15
1.6818761867796505e-14
3.135846358614894e-16
1.5497899345595378e-14
4.385795924338874e-14
1.9426624675291186e-14
8.43255884804023e-14
1.5546980573867953e-13
1.7106462230763432e-17
3.511292687236148e-15
1.259783704203252e-12
3.9727781737150473e-16
2.2849374182865694e-16
3.937830810263214e-17
3.722157174415083e-15
5.064604821344098e-17
5.742128131242417e-14
1.3463764410097882e-15
6.854397182081943e-15
2.1506054747080176e-16
1.652954799063959e-13
1.1854872758078862e-15
7.564166900484923e-15
2.1717406909120948e-12
4.099438083359243e-17
8.389277884750383e-16
6.829584129334397e-13
4.9391089926894825e-14
7.77552339798799e-15
1.433984528517981e-13
1.426359995070691e-14
2.624080628024227e-14
7.599313923016008e-12
4.544538022406958e-16
7.227640676506342e-16
2.44067152644493e-13
5.349502093995138e-12
6.325156787436339e-15
5.662445120915314e-17
1.4425812147537329e-15
2.0624450003982123e-17
3.7303923951613315e-13
2.2473552057555622e-14
4.454319387140041e-16
7.65191978718129e-15
9.55793356365707e-16
1.7891647904939367e-16
9.228893852036228e-14
9.521188185258094e-12
9.777735596198479e-15
1.1640174411038063e-12
4.300959379246928e-15
2.736615043989645e-15
5.039786619521004e-16
2.9762291644850695e-12
4.456612132441594e-14
1.0725658612406575e-15
8.907172708156684e-13
5.6653354179002775e-14
6.31725870736693e-14
7.283128612798935e-14
2.2832741231088556e-15
1.236114239286481e-14
1.9877884174084264e-13
1.5187052641262047e-17
1.617793499300481e-14
1.993935751936043e-14
3.605096269844148e-14
6.059843331398971e-14
3.0498407087446284e-14
1.0146943717621229e-14
6.984084273201971e-13
3.7307276830554853e-16
4.8171080318453453e-14
1.9939039718556283e-16
6.337344593347135e-18
2.1618355169419078e-15
3.5465552342281216e-13
1.1993797063094778e-12
1.4326822779084285e-14
1.9742317104316293e-14
4.030109418077003e-16
1.1886483141927815e-15
9.660599197831007e-16
1.4465321011919384e-13
1.2491813072968432e-14
4.1138995902209476e-16
2.2834580142276415e-12
9.528320862896995e-15
3.726435236035479e-12
5.642727338754297e-14
2.731268120488546e-15
9.292065330249895e-15
7.08232607059479e-14
3.0673669610002307e-13
1.9303560681386807e-15
7.808694986768176e-16
1.282758620601187e-16
8.744397594883848e-16
3.979333752891395e-15
2.2873553776676913e-14
3.767757679812046e-17
1.5978661395471157e-16
5.948493906784768e-15
2.4412035563914157e-14
1.69015833688234e-16
7.255083517630815e-13
1.8039141512325473e-14
2.4346792236244874e-15
1.381234052614484e-16
2.2795770226585338e-12
2.627215055842977e-13
1.166300155957604e-13
3.971371807215587e-15
6.009349563024164e-17
1.65168650259533e-16
1.0689101952652447e-12
2.84837388802469e-14
1.6977178255509387e-13
1.4536991389019666e-13
3.4600575066979734e-16
5.783297692277569e-16
5.901397020169746e-17
3.0797701523999984e-13
5.038612488148744e-17
8.610459199643843e-16
4.929524994297702e-17
1.1181476318604901e-14
1.6382594069442766e-11
4.6852959462288964e-12
1.524067338678587e-17
2.1501156346247125e-13
1.786383548220901e-12
2.04529934759263e-15
1.4877004605873044e-15
4.638733762873734e-13
2.678685084329407e-15
4.958488103560156e-13
3.136920172096974e-13
3.606107106175832e-13
6.470039094424699e-14
5.3985737188617755e-17
5.390760884860341e-17
1.1495321028272648e-17
1.6439521669880683e-13
4.6832849414253554e-14
2.996038652573231e-17
1.0514767701681487e-12
3.4699978978577026e-15
1.563852624753979e-16
1.945853364309693e-12
2.1595132649074537e-15
1.4965710075749575e-16
2.3110284632682474e-13
1.9337221254070004e-15
4.678821672605275e-14
3.3019066375702905e-15
4.111634192784349e-15
5.522507725502592e-15
8.1467260724805e-14
1.1698326885538656e-13
4.2808091940707634e-18
2.6015910804489502e-14
3.994209372572079e-15
8.336588673666556e-12
6.124071380165425e-14
7.258984409994904e-15
2.897130316262729e-14
7.611497852259218e-14
2.5772514808620307e-16
1.3633294530755034e-13
4.178952418702295e-17
4.203327764763696e-15
2.331479173122515e-14
6.610623234374385e-17
8.674587265786732e-14
4.916953169308564e-17
1.720606367282729e-16
5.344259074846832e-16
4.143875414539149e-11
1.1319829179775722e-13
7.744560734813156e-13
3.552325391933462e-14
9.48327300318105e-16
5.190490611644743e-14
6.844365271487327e-17
1.3781074216331711e-17
4.718056292883129e-12
5.821177816625792e-17
2.85664324396965e-14
1.415279439542684e-16
3.007868671733095e-14
4.1750384763790775e-15
2.170923788795123e-15
5.164659767801867e-16
2.289486937866413e-17
6.388758961572824e-15
7.272359318054606e-15
3.2710420873215356e-15
8.875116110955174e-12
3.3557626661528635e-14
2.615591628621635e-16
1.7384700488561995e-17
3.015170343783703e-13
5.36743993402448e-16
5.749715430846201e-14
9.960811910562668e-16
1.480753076947614e-14
3.0220991181336365e-15
1.2898753079193596e-14
4.372692266086746e-15
1.978107140288174e-15
3.3641492674769587e-15
4.333701709439509e-14
1.1407252229375465e-16
5.2802038063921556e-14
4.649421290844203e-15
2.0732522945751484e-14
6.497497905407579e-13
2.5034042273578704e-16
3.137058642063186e-15
9.440856856761178e-16
3.153287582806654e-14
2.1462804337687452e-14
7.417778521090981e-14
3.2612451145708144e-14
7.412762340344552e-18
6.840225130182405e-14
2.3005284601576357e-17
3.2929965874140775e-14
3.893027133212586e-13
4.2280002811749074e-13
5.732772466345915e-14
5.427299713297666e-15
1.4825451982357891e-13
3.083719990541284e-13
4.33322814989758e-16
1.5432570887367607e-13
1.5161163151601125e-13
3.138366473073185e-14
3.2155436957581122e-15
3.490999217689523e-14
4.821154389171166e-13
1.728121528457017e-13
1.8086339982082883e-15
2.1032805487560197e-16
2.6842464593456778e-15
7.076539915034724e-13
3.5567960503751265e-14
5.491245352419477e-14
1.0823634442710285e-18
3.3508094745809573e-15
4.464459964148299e-15
9.85411980547692e-18
3.8796536281038155e-14
8.686459598434812e-14
4.219588600375559e-14
6.22759797215337e-17
8.819907664645137e-17
5.481528633395835e-17
1.5357026208955942e-16
5.268783774525673e-17
2.2274926138754034e-13
1.172058438087693e-16
1.4791418355722358e-16
9.156400744793752e-14
1.1934366134559705e-13
1.3972460795351634e-13
6.775671100287088e-15
7.059546183362205e-15
2.709053507639602e-16
1.3892311969440772e-15
1.4422998488673065e-16
7.99338412733603e-15
5.780514221004794e-16
8.325961910775572e-17
2.3778732636035607e-15
1.111840664367299e-12
9.723459333172741e-17
3.7279047928074466e-14
3.145604126167312e-17
1.8727570825173665e-17
1.4236984264176548e-15
5.872722950945761e-14
3.015225469750912e-17
6.829470011235654e-16
6.159037334354316e-16
2.747961711177827e-12
9.857815685647759e-15
5.9354358640868186e-15
8.361488916498644e-15
3.809730876789968e-15
9.884694130604403e-16
3.3860765712658754e-14
5.761380062928251e-15
1.1840781318437063e-14
5.01584293214386e-15
1.0697971844557213e-11
1.0060381925623668e-15
3.8587509504954534e-13
3.5036876154844505e-15
6.568023834820342e-14
6.961228741567428e-13
1.4383263389449749e-13
1.020023826296918e-13
6.6818762572618176e-15
1.1228558140496625e-15
3.3865319773620474e-15
2.1066333149659586e-14
1.0429762052454104e-12
3.751266188760398e-14
3.0612505021224945e-14
2.192098201762318e-13
7.064534827854311e-13
2.0794601305980154e-15
9.249540272525375e-15
5.3578805050992106e-14
3.150531035820451e-12
2.2790997340598345e-13
2.753225249573805e-17
3.700852552426144e-13
2.0526425311698538e-14
1.9865129372105947e-18
3.640294979042505e-16
7.187308956946999e-17
4.891589096236552e-13
4.453447371046093e-15
5.702841860116537e-13
5.758098394827158e-13
3.1816489482024466e-11
4.2955290439105245e-16
6.773002599292907e-16
1.9701925023019325e-14
1.0312758096647975e-18
2.7599678041955724e-16
3.5468257518643826e-14
5.4538132776044044e-12
2.8239512318738036e-16
1.976394682710315e-15
2.6024854379333658e-14
2.2753881972177963e-13
2.3881871543540797e-12
1.1663878769301474e-12
9.286377052702557e-15
3.204971960423537e-17
6.740566947249776e-18
1.6145151395102528e-17
2.1565119920376374e-12
2.1580782491742055e-14
1.233501235687531e-17
1.762737371629026e-12
4.648356513847349e-15
1.4842884887441048e-14
6.865815751710846e-14
1.2008640455267388e-14
1.999309325172851e-17
3.1051169965580587e-14
1.8606978558410046e-15
1.2331849148103377e-15
1.604089765847518e-13
6.33509637262878e-14
2.5809035550301145e-18
6.59561489520089e-13
1.227806449361639e-18
5.583161083510175e-16
1.311795422911197e-15
3.164220513457459e-13
3.737599726335656e-13
6.937589326750731e-14
2.2069577933079495e-14
8.102792392435396e-16
3.886620978654215e-16
4.3692755342662844e-16
4.0568803352259855e-15
3.0441657666087267e-13
4.679725300347731e-16
3.420854206622633e-15
1.1577318099396349e-12
1.0778557086093788e-12
1.5462084849376887e-15
9.552955357054067e-17
1.1966700038962749e-17
2.4124477940120865e-16
3.350566528215561e-15
4.0385864185279274e-16
5.490215940621831e-16
2.5649712494150396e-15
8.074492759239896e-15
4.614570247736729e-13
5.0387077721559046e-15
6.687866456963636e-14
5.054431092141554e-17
8.583769325664867e-14
1.5092312523350433e-13
2.94815373828802e-15
9.021266206306208e-17
1.5462779398201191e-15
3.486085515857994e-13
6.614552169424295e-16
4.898049845596812e-17
1.9032597187400883e-16
1.4305511709594875e-12
1.6140667313484925e-13
7.89597749395554e-15
5.660800282109264e-13
1.424659234334091e-16
3.981289935476392e-14
1.6129390377814472e-12
1.211134028698435e-13
1.5851371248498661e-12
6.080222469575895e-14
9.943168318478656e-18
3.2567022159056984e-17
6.35222285896667e-13
2.2577698353280682e-13
1.4459356010329463e-16
1.8663042598470245e-14
4.228070781618291e-13
3.328600381960968e-14
4.8054287027322795e-12
1.090751128873823e-12
5.44909486827616e-16
6.22869659801162e-13
3.643790097902598e-13
3.746903234907242e-17
2.5089451359995413e-17
3.4149434265792526e-15
1.501473123838868e-14
1.0269597740090129e-13
3.878541400726089e-16
2.9349691324927454e-15
4.842955010158606e-15
3.428780914129073e-17
1.3697297116230406e-15
6.062779674764361e-13
2.483403813243122e-16
4.6098771867491336e-14
1.4289448590242317e-15
6.775544434791898e-14
1.9185836561718806e-16
8.57913555041199e-16
6.448235751284407e-17
2.962398573447195e-12
4.957748934467904e-14
1.7031193729383724e-12
2.057631856653537e-15
1.6546295428738734e-14
5.738002747126348e-14
3.9149170819630708e-16
1.1537951534899442e-17
1.2780986737797978e-14
5.803387221904912e-14
2.9725183440950846e-15
2.2678642372190762e-14
2.882722196715639e-16
4.698163211765107e-13
2.3509259260982513e-16
3.2705725257846896e-15
2.589765732206238e-13
1.2179715498483853e-14
1.568553158624546e-15
2.775613285823864e-16
9.618598635152522e-16
7.507786462021064e-18
1.7353413147421978e-15
1.70215563078777e-13
8.865049879179152e-14
1.5633960526052786e-16
5.292034556099039e-12
8.381581015412741e-17
1.7242600101763816e-16
3.8828626781520035e-16
2.006758088265937e-14
9.144113122250723e-14
2.686560615589067e-17
1.36657735800894e-15
1.677761754567688e-16
1.5283754367142057e-11
2.1107707592960092e-16
5.468238493511606e-12
5.928021338637994e-13
2.7756043419139256e-16
2.384410586147908e-17
1.4708918160649517e-14
7.046524653460466e-15
6.459250794916925e-17
5.330980204945139e-16
1.0735764162278794e-16
1.2290472010827205e-16
4.1333215963879297e-14
1.8325699728557416e-12
4.6110143715864934e-14
8.05824198983818e-14
5.666580119313056e-14
2.5136157656750736e-15
2.0681399966695336e-17
2.7020039189171425e-16
3.4170471615320116e-15
7.15761078695813e-14
2.184485536469931e-12
7.098755154479084e-15
5.391713899063358e-17
4.604213714221271e-17
5.5305509170535974e-18
7.883563543543682e-17
5.913000137110502e-15
3.561632731575243e-15
2.24831482944189e-16
3.8909842957582386e-14
1.3853931271778803e-12
7.765530942051156e-14
2.4584027625594546e-16
1.618757580311605e-15
3.3547383478240263e-13
6.891106857514402e-14
4.733051330454965e-16
8.042808691489477e-16
2.1913970227593007e-17
2.5931349043866566e-15
6.515681974080392e-14
2.9581182933921283e-15
2.1486689824925797e-14
1.1330712476550509e-12
2.9467053863173774e-14
5.786570988146816e-16
3.219844454691856e-16
2.188774518890283e-12
6.117838298031856e-16
6.819108009845069e-13
9.264635057135393e-16
5.588468404554935e-16
6.412892539369843e-14
1.1647719710781705e-17
8.328109296396047e-15
1.7312969959955794e-15
4.1487925659448344e-13
2.652351834310717e-13
1.540748099588597e-12
2.2140867953526558e-11
1.517201204333982e-16
6.831443838809278e-14
3.1602669446386285e-12
6.048452036774641e-13
1.170726882188281e-15
8.310161640444191e-15
1.3396394746381386e-15
4.0207328467544514e-13
7.7580142065653e-16
8.463290090796382e-13
6.177011155106699e-17
4.74783142451428e-15
3.8962512728701847e-16
7.666449310065931e-14
1.707817520090845e-16
1.7391632139674964e-12
7.64131889301991e-16
9.550499521725489e-14
2.373991636804093e-15
3.667871273708961e-13
1.454147869979884e-14
1.3516226011620005e-17
2.3232924454821835e-12
5.5480712699953426e-15
1.9711676849030011e-16
4.569427191708114e-15
6.248069237287328e-17
7.096529606300037e-16
1.0195327816575737e-16
1.6442636369843369e-12
3.3906264637947194e-16
2.8956149502915364e-14
3.2568033827609527e-13
1.925956415917184e-16
5.646958799259873e-16
3.6663084916099296e-14
1.0402780208951615e-14
4.561804121446796e-17
4.0576410127962164e-16
7.101133377727857e-13
1.9914140484259186e-15
2.8689915302530278e-15
9.311087523275435e-14
3.4703482982039355e-13
6.3465575902070105e-15
1.224154761349827e-13
4.691540635261002e-17
3.2636241892112965e-15
3.7814749042201195e-14
4.897169724963539e-14
2.3136710859091862e-14
9.77404855207416e-19
6.973843495088066e-13
2.1155742542748986e-15
1.8123886320348e-15
4.747584930737523e-14
1.4109462329018523e-17
2.3393701324386074e-14
1.415968192533682e-14
1.7948057828214012e-14
3.044236495149154e-15
6.364176351611317e-16
4.690017417989153e-16
4.230099481905843e-16
1.779506652677717e-14
5.954221231585337e-16
3.8020449121960886e-16
1.5145046127402257e-14
3.0928167406569277e-15
2.570917851172581e-13
2.0974134413850394e-15
6.693110666539621e-13
6.045106720939613e-15
2.525746425975191e-16
8.152190502818115e-14
4.719297960117422e-16
1.4039251246298693e-16
2.0202495880068886e-12
2.484157359372299e-16
1.762730928390252e-14
1.4946173316913351e-16
1.204932286292337e-16
2.558550922103483e-12
4.577740326105474e-15
9.38345558848525e-12
3.208095199251996e-15
7.962183560560406e-13
1.0003149032287615e-15
2.715616439849872e-13
1.0733494230050561e-13
1.1222522740834499e-17
7.410059570114866e-17
6.8218245363790086e-15
7.475052155407622e-16
6.057983992110251e-14
1.4542327248585597e-14
1.3183388594318677e-15
1.1521480406749363e-17
1.03439546477482e-17
2.193586728834847e-14
8.849802331684482e-14
1.4816581690434216e-16
6.0286515831562246e-18
6.1384756016171e-16
7.735850472943225e-15
6.76169045862026e-17
1.2542747793935814e-16
4.727771009431533e-15
7.235499496734027e-17
6.407443694918109e-15
7.432676226235984e-14
8.863103895617205e-16
4.630254923594188e-14
4.391272581073409e-14
2.454503071711734e-14
1.0198175534535746e-15
7.957864779190632e-16
7.925344212957983e-15
8.257972436960422e-17
3.9498090575349146e-12
1.090979307490877e-15
6.907103724735809e-15
3.726523272371491e-16
5.890580352935352e-15
1.8493808915631235e-16
2.6656527477594234e-14
2.4782509868774745e-14
7.609941065442209e-15
4.2522825817817023e-13
3.6852656694361696e-14
3.551347907852224e-14
4.892216886525407e-14
2.314697307437038e-13
1.2617043605795274e-17
7.336139601791127e-15
1.8105287304363757e-17
3.487135807733677e-13
2.2240440394368071e-13
1.5381834328378485e-12
1.5778280796009257e-14
1.3564367896386284e-13
5.9580904956966585e-15
1.967863113506325e-13
2.689124792805719e-11
7.988702032480807e-13
9.705502602501727e-14
9.684171985502202e-14
3.3522127238817884e-16
6.003208016506526e-15
7.990291866032066e-15
3.711995791428194e-13
7.00180307287601e-16
5.310704742040821e-14
9.909348828046477e-14
1.9761010351172185e-15
1.2057509240743981e-12
7.225977758559817e-15
1.0499082211400698e-16
1.0818704001612297e-13
9.535880114778777e-14
6.092754938749627e-17
8.921536196928285e-15
8.621678344366772e-15
1.6028003478604277e-12
4.5059391127178915e-13
1.9061209590386627e-15
3.872457449130434e-15
8.000687904196414e-18
4.408280770477309e-18
2.108624935753849e-15
4.8434877472040306e-15
4.60152745266307e-15
2.6292015595313366e-17
1.898367226829806e-15
2.1007155352002431e-16
4.758080469492634e-14
4.317267199278781e-17
4.851093677797581e-15
2.03351897556004e-16
2.4659253860960777e-13
9.366955184472633e-15
1.321694361253133e-13
1.6359133653381942e-12
7.411165714129727e-14
6.223856490448821e-15
1.6284058141019586e-13
1.8876275242047642e-13
1.227645430777192e-16
5.823330606913033e-15
1.0049930676302922e-12
8.663501197806242e-12
7.210600699422808e-14
1.9562048840300217e-16
1.78739364733854e-14
1.3934420959780827e-14
9.623608381250743e-17
4.759462129763178e-17
5.1388384687557134e-17
4.2416077962917304e-16
2.533276225404629e-12
1.1972350945357903e-14
9.077296553387313e-14
2.7920256287772133e-15
4.292733300918893e-14
9.608417354214387e-15
2.635922473699193e-16
4.8268640845871265e-17
3.9815396073389294e-13
7.773420876417133e-15
1.1360003075535104e-16
5.871590850305261e-17
3.625142191622131e-16
2.6413169954961003e-12
2.1129624937887937e-14
1.5324966273166052e-15
1.056497263803593e-15
8.914398574814009e-14
1.844117567897726e-15
1.0583713453178645e-14
4.146391891680474e-15
1.4010652631316304e-13
2.8185917776723065e-15
4.576595929328292e-15
5.177506478052136e-12
7.722977223725149e-15
2.7620344036366652e-17
5.326198578112816e-16
5.984509145311759e-15
4.2745681901491924e-15
3.454408169560289e-14
2.224885383991858e-16
1.984203176981782e-16
3.612891795485245e-18
3.4304616909160534e-16
1.738921519131791e-14
2.665354516764117e-13
2.833364286727034e-16
2.799899128377945e-18
1.7334192843536358e-15
1.3195069633149012e-14
9.927460341204393e-15
4.65588629591334e-12
2.046519191354896e-13
4.080360174758832e-14
5.050491547880612e-12
5.792025681821327e-17
1.170387476870901e-15
8.138427458677109e-14
4.123307516906032e-17
2.585239732515571e-18
2.3391432219195437e-14
1.3677589170693102e-16
1.7047534822489878e-14
2.1102793612596531e-13
1.7537744071492284e-15
4.49248551707095e-16
2.1701411829228277e-12
3.481771965583484e-13
6.728280332329993e-13
9.820709824865226e-15
1.5197091946826205e-11
4.751350660753958e-16
1.3794856944565392e-16
4.731065219350171e-13
1.034024669116777e-15
1.0633126004195061e-13
4.497905712372685e-16
9.393822645287759e-14
3.4271117222386522e-15
2.4537762543654937e-12
2.711936997082465e-13
4.830384816257202e-16
5.087492203811547e-16
2.738714401682785e-15
1.3405219664859622e-17
3.6631927513505184e-16
1.018259674739292e-13
2.190879588848216e-16
7.687242543767416e-14
3.4938415365198764e-17
2.8282424509653394e-17
4.292027838887811e-15
1.140462196819931e-14
3.313242165580626e-14
1.235827193555971e-12
1.2236036798202496e-13
5.555305594780956e-16
4.784417098066528e-13
2.7813264548156552e-11
9.521088342311356e-15
2.0018946317846932e-12
1.6875361756163222e-12
9.4331378315004e-13
4.890349159638815e-15
2.89429477644862e-12
2.6346711953593372e-14
2.732774468166816e-14
1.1248086428387978e-13
2.676313609484901e-12
1.00453991938101e-13
1.104710538760978e-16
5.608572887690194e-16
9.529506668747732e-14
4.222076503973396e-13
2.190428265360398e-16
4.0403844483878424e-14
3.9702787011096524e-18
6.976402993495833e-13
3.626471358031756e-16
8.749292347936578e-13
2.010739051964804e-12
4.175994317519773e-17
5.139218924409619e-14
6.80479387507041e-16
2.0713542349603888e-13
1.100499403382986e-13
1.3209241833207441e-15
7.598711611215237e-17
3.132695272965655e-15
9.953415434005441e-15
1.2870553464102602e-13
6.730614366149938e-16
6.532586070509131e-16
2.581235062208883e-18
9.391379282182732e-15
2.0539099174763924e-15
7.454536878598112e-13
1.5349305774987058e-14
1.5779014544064825e-11
8.229713727213321e-16
7.098983391660053e-15
3.148984804027208e-13
1.3376204024708801e-14
4.097028303666341e-16
1.1280772258918422e-15
1.9811802354774983e-14
4.794217647728789e-16
9.748714254864533e-14
1.8206691328390474e-14
6.155086607406298e-16
1.0605132780290568e-13
1.248001255496763e-16
1.518628908233633e-14
6.394575051288913e-13
2.241270113010299e-12
1.6747451553424144e-16
7.360095987126084e-14
7.923142628870179e-16
3.756926939715185e-12
5.011066532254043e-13
3.96001569017171e-14
2.719964432423109e-11
9.403852981776665e-17
1.3166798669301166e-16
6.223101900230297e-14
1.2874082156006264e-16
1.2153601303569409e-13
4.0426588178038e-14
8.303262325343534e-19
1.8366493394079e-16
2.720127603644384e-13
7.367487197683277e-17
3.175588254150608e-14
5.385722858550259e-15
8.420434921904196e-14
4.305153578881022e-14
1.6859642918697955e-14
1.0316321099242482e-14
4.541517033305423e-17
5.369213518361705e-18
1.2272941341711335e-11
4.467566698935314e-15
4.255778845959502e-15
9.887030269638328e-18
4.936394125509854e-16
1.0204357001970915e-16
2.4289496132383446e-12
1.5190697540137396e-15
3.124327365419402e-14
8.88168797095921e-14
7.860614763236758e-15
3.1880090724218616e-16
2.5240231055238433e-15
1.2787067340531506e-12
1.1248332829514307e-16
5.037081394457064e-14
2.134735463546258e-15
7.076030668019097e-17
4.9657637736815734e-14
4.399082629495978e-15
2.30173815888157e-18
1.3504407942745735e-16
2.5872722389407222e-15
2.220917010086275e-13
9.352238416424537e-16
1.0971162858668894e-14
4.1679839359727283e-13
9.388582522722727e-19
1.8730825862439013e-13
1.2052602490970554e-11
1.005613033460515e-14
5.0287991785265936e-17
2.2239237572848048e-17
3.2833522510809694e-15
3.0024033769513782e-15
1.6403344305676554e-12
3.176918763182654e-20
1.6189896066101724e-11
3.7081989530650616e-17
1.966762492083641e-17
2.231892855508229e-14
2.818678534419183e-13
1.3539756009304325e-12
5.6187272737330135e-14
1.9586181201818772e-17
8.37291128744571e-14
2.9577425125612565e-18
1.0143770814994303e-14
5.726348038398275e-17
8.323284282372267e-15
6.120695115845733e-13
3.7219298269050813e-13
1.6881095417407005e-16
2.7050693223556584e-18
1.2788658321439183e-13
1.9440405952622313e-16
2.5995561700490556e-15
3.1617525351439633e-15
6.435683340119984e-14
1.4066020353881191e-13
1.1008454697133218e-15
6.291455658393925e-12
2.8486495035012196e-16
3.4931135874460404e-13
1.9913054453138516e-14
5.707678588643633e-15
1.7692463060895506e-13
2.1743629267234022e-12
4.588934212291768e-15
8.707534298527535e-15
1.4340323583478644e-14
5.388373597999701e-13
1.1080598649998752e-16
1.0860912750566745e-14
5.751330474063792e-14
2.27675863784564e-16
6.295357252132194e-17
1.1732330467233112e-15
7.446377606501718e-18
1.256253449278898e-15
1.9718414067479195e-14
1.609657075339931e-16
3.6419532872077604e-16
2.81545092624825e-12
9.55593433240069e-15
6.214054021336624e-16
3.3163306009891486e-15
5.827698307813351e-13
7.118024555064753e-15
3.121834776738841e-14
1.489074932416058e-14
1.0964480442664315e-13
1.1362667074894687e-11
1.0150534295432242e-13
1.5909615684210395e-14
3.1798040538074374e-12
2.4627445414955777e-13
3.05885533452729e-14
2.3335063641299463e-13
1.2138579468293388e-15
4.7257488789149266e-12
3.590099502172642e-13
3.3662927498664837e-16
1.5549312578959253e-13
2.5997605343594747e-13
6.688996416627046e-15
4.512926937870364e-17
5.1556088621615995e-17
1.1597113197080197e-15
1.4946311966908467e-12
1.6623228378516464e-15
2.747939170187965e-15
2.856728359524902e-14
4.1696337223396796e-16
1.4953185354585783e-13
2.1834716678322734e-17
7.661818952825468e-13
7.17288468373639e-14
2.4913163161536133e-14
2.4367803777845237e-17
9.179348028158151e-17
1.2540329295491411e-12
3.522496219629564e-15
6.45764438260381e-15
3.994134594109394e-16
6.293054388995261e-17
1.49426884847408e-14
5.764736807641158e-13
1.5216883085149137e-15
2.3141787612598677e-18
4.728760760871091e-16
5.1402610105066305e-18
1.5248626679796248e-17
1.0545445516777885e-12
1.2917670391490458e-16
1.8356768225867413e-17
3.7839361342369517e-17
5.003900142450004e-14
3.022279327481732e-16
3.2210362154058984e-17
2.093979006261899e-16
1.4210175197985149e-15
4.7038733725769554e-17
5.927655410158535e-15
3.550216346950102e-17
3.790544003789751e-15
1.6015258267926674e-12
3.719441791818748e-15
1.347454000464375e-15
2.087145512803571e-17
1.9921454382876866e-15
3.0785418574549554e-16
7.155391079660933e-18
1.5592829967863126e-15
9.072244433214928e-15
3.729204992536148e-15
2.03750021161453e-17
7.825473062031355e-15
1.9152522890867344e-12
4.334555986022801e-14
1.6421550532343577e-15
1.1233613496648023e-15
1.606111011689636e-13
4.298131379475738e-17
7.050791980491717e-14
2.935130378207451e-17
2.4696610209509885e-14
6.113467090284955e-12
2.8410586995952825e-18
1.7240346885082276e-14
1.0707460973811948e-16
9.843315019438784e-16
5.14594364278469e-13
1.3339550181230625e-15
9.23690044494647e-16
1.041801307422597e-14
2.1265608986440845e-10
1.096904142931622e-12
2.469621535812916e-13
3.034650225542701e-13
1.6816658788756085e-14
8.279445043214881e-14
4.445496729713929e-16
2.1674735408753336e-14
1.9211785018325845e-16
6.99765004092874e-13
3.031657545601712e-13
4.1195335177422224e-14
2.447011892520985e-16
5.672703543831585e-15
1.926938337393354e-16
1.584342590691403e-13
2.109314742185926e-13
9.261327956702253e-13
1.1192540201269036e-16
6.125572842588942e-16
5.198872407243506e-17
5.96097571009195e-17
2.8817264992101185e-15
5.632721845366237e-17
5.6889551399089956e-15
3.1336992971305497e-16
1.5818266698771502e-13
3.396266647293323e-13
6.805406908557252e-14
3.0795246340202e-13
2.169774269139513e-13
2.071376828324798e-13
2.3758550229912146e-15
4.216884222356882e-16
2.700150466117458e-17
4.1450886483298195e-13
1.1898663623164088e-10
5.52890628738603e-13
2.549184834751695e-13
2.289622961234521e-13
2.5431434301776304e-13
3.061782769424926e-16
1.1648164017288027e-17
3.4561816150394864e-16
2.8906089737418176e-12
8.329861371195182e-13
3.1851800303214483e-13
5.828815192576871e-13
7.354490191006163e-17
4.87809473046394e-16
1.2222539182362214e-16
4.054112284257758e-15
3.752479415496228e-15
1.6509410282008406e-12
3.387014981389855e-13
1.4359154306853792e-15
4.963510759195164e-14
4.174309611942454e-15
7.696737427134517e-15
1.2892249235047686e-15
3.033681837659346e-16
3.965465260767838e-13
2.0951439170546768e-16
1.3871243415099866e-18
1.0129499991697465e-14
2.8439221752747826e-12
1.0092846714250875e-17
1.0967042677916999e-17
4.2259469443163606e-14
1.1126198969490434e-14
4.0599016364861825e-16
2.422373208826366e-17
3.883095886095779e-17
7.14739613921768e-16
1.0118210334705137e-17
2.0163502678241005e-12
1.4177465473865808e-14
2.6905966922570764e-13
6.456107610743415e-12
5.997811065710856e-16
2.2415360293981174e-14
7.36776229228034e-18
5.525692307441322e-18
6.853202020625214e-19
1.0148434955346572e-16
1.6524500866727153e-14
3.5565679605276424e-13
2.026363359126685e-15
4.514095240488093e-17
1.55186089928618e-13
6.402281114016846e-17
1.1774861441542788e-14
1.8541586697983153e-17
9.089981487210594e-14
2.438703272544298e-16
1.6335319838834123e-15
3.332763892389807e-15
6.8024607700273375e-15
2.126391672701428e-16
1.329551084779555e-15
2.64096835719049e-16
9.847771745222135e-16
5.993338921302351e-12
3.1592391679365215e-15
1.6460397312342153e-17
1.6053991751421722e-12
1.1582917773388375e-14
2.804341009157842e-14
3.4544512328552665e-14
3.433506549758292e-13
3.0499684649277534e-12
1.9834095352072937e-16
6.737738527394669e-12
3.7090745650135535e-16
2.96365909883683e-13
5.893815259825908e-15
6.281741847144977e-13
1.7966606673504953e-16
2.576327493580855e-13
4.373145489835263e-16
2.721164778258672e-18
3.048911979287259e-13
9.898283264701464e-12
9.915326116051494e-14
1.4522910615813537e-15
2.3021087382375064e-14
5.919330384112208e-15
1.3462238509830718e-16
2.212092433990139e-14
2.1418214405329307e-12
1.7462222252638057e-12
1.9059135668679993e-16
1.0698934577140004e-17
8.308890184217372e-17
3.3390904818689335e-13
2.2849406372430886e-17
1.217603349874186e-16
5.84375410760656e-14
1.5586005067925808e-14
1.1380996516188981e-14
1.6828258267068084e-14
2.838712639810548e-11
2.3756565653874124e-14
8.012098149858204e-15
1.7711641918911593e-15
8.86280393359855e-16
3.1444034539540495e-15
1.8340264585772545e-16
1.7078180595167106e-15
1.0658040780382488e-14
7.196201161096136e-15
7.292589157867933e-13
1.6621871448303245e-13
1.7794069918291027e-13
2.2577491156079325e-12
1.6024625326453988e-14
1.8970094032222215e-16
9.012852419075788e-17
7.593450042864031e-16
2.8799649231231533e-16
1.6587049232011826e-20
2.159397218916174e-15
1.0194190436282497e-16
9.086973052713539e-17
8.674601229882117e-16
6.1703320764452275e-12
1.5877233137976285e-15
2.4937108823688776e-14
7.151498957413229e-14
8.464852525248684e-17
3.3698758606408e-14
7.565368544376758e-18
6.61840237908333e-13
1.2438827230350066e-13
8.160882658853424e-16
1.25571818399772e-16
2.2135336715331433e-15
1.7221369055033746e-12
1.872016141282668e-15
9.996418590247886e-18
1.3845405095525704e-13
3.8466114491106877e-16
7.779869692459322e-16
6.208233555650755e-13
6.395671877626774e-17
2.6086083926408837e-15
1.9570976622579098e-18
4.596516720447114e-18
1.1938764101854359e-12
1.9995232254010027e-13
1.0441948682434918e-15
5.464504394626076e-15
1.1646664342184806e-14
7.379706933827673e-16
2.0770945840607105e-13
1.491225475224369e-12
3.399823260275136e-14
7.786848879556159e-14
6.680161951812634e-13
7.24640644144784e-18
2.528085974246261e-13
6.369369196536482e-16
1.965576449017759e-15
2.7710809061461406e-15
1.574286937173072e-14
8.295225009351159e-18
1.8331391495440618e-11
7.220971970526805e-16
7.64161424690475e-17
3.6816241201271635e-17
1.0757447528995105e-13
7.478894539760606e-15
3.46837069379911e-17
1.7863747260200798e-17
2.372898888446965e-15
1.2421518994785655e-14
2.7752030646966404e-18
1.3527247757882915e-15
1.6512725101964814e-15
1.1477201584074806e-15
1.2982599727228361e-12
7.58976234404429e-14
8.112482354992365e-14
1.4602173601226085e-15
8.818754106872623e-14
1.779145691613289e-13
4.760840692948035e-17
3.858570763793604e-18
3.816761423382981e-11
3.832542596736659e-14
6.456537703609832e-17
9.70427910314038e-17
1.5419867745935805e-16
2.72842068009292e-13
1.2814579308173652e-12
4.227486838435005e-13
2.2567667078384358e-13
1.0310852804235261e-19
1.8773408639507093e-16
1.2270943989591337e-14
3.9574417768019235e-15
1.265048769717038e-11
2.323267961221024e-11
9.406485639559558e-17
3.211813736967652e-12
1.5237843814187436e-14
1.8808517348703693e-13
5.293660953389913e-13
4.53791726655026e-18
6.8175972129192465e-18
2.8062612335167543e-16
1.7637413764186223e-14
1.2551092874814229e-12
2.1390520912788482e-16
2.0865511712001854e-17
7.329954604393185e-16
3.487644986940664e-18
1.608031083051527e-12
5.446076871358286e-18
3.894025780277392e-14
1.1443926017880284e-15
4.414524108511529e-14
1.678849500625066e-10
3.916673854857639e-15
1.1073688084832819e-15
2.2927306978283476e-12
2.1608991729877808e-14
6.248273772696302e-17
2.337251029520163e-16
2.6999834439695548e-18
2.1630544485015655e-12
5.131678262503724e-15
7.420201684195853e-16
1.0020703440463315e-13
2.2464167682531895e-16
5.642490298978309e-19
1.8056718892837104e-15
1.619692632750234e-15
3.659647115741446e-14
9.368578853685503e-16
9.990128618764454e-12
2.0499090947493377e-17
2.287408283379338e-15
9.255046853906906e-16
9.87477167821964e-16
1.7385069598541522e-17
6.999782204835933e-15
4.728682485373811e-16
3.143374121447385e-13
3.498844880967038e-15
7.490655007404817e-17
2.700386851290305e-13
1.4140139744745392e-13
9.281638312703095e-18
5.003722488068062e-15
5.1841621296568144e-14
2.070099806909834e-18
6.907299999426598e-17
2.2085851806728225e-16
1.9458176515558408e-17
6.288445378015965e-18
9.69846030729662e-13
5.983633769096106e-16
2.56322542114083e-16
9.904655428200719e-13
3.1242172944129705e-15
2.3136101274770928e-15
1.5113566894644424e-13
2.4819119423289267e-12
2.0382699534148883e-12
8.331229015025663e-14
6.147696255520134e-13
4.342965351840688e-17
2.4966715700994076e-15
2.3345256670520933e-16
1.4716749389193679e-13
1.4091423368258757e-13
8.245906755986148e-14
7.846452992241288e-18
2.113296345498193e-14
5.581685617646005e-15
3.771701472472505e-14
4.6138201184158025e-16
3.8853784702068693e-13
4.50783226854009e-14
1.3474131647518801e-14
4.8602052702438226e-14
1.0244133413947994e-14
7.818647798819945e-16
3.1026615060143216e-15
2.4973532424841124e-14
8.70891376968048e-12
2.675372364582235e-15
1.0414962480693165e-15
1.953393020636013e-15
7.125846344441221e-15
5.918428735188219e-16
1.2628014840998165e-16
1.157324032441607e-15
1.4213257963308223e-15
3.4568070234751626e-13
3.608581178267651e-15
6.866596983139194e-13
7.994944646075682e-14
9.545429309759484e-15
2.740813184961261e-13
1.2679537524717244e-13
5.197681489800406e-13
1.9753401106266264e-16
6.160664498252927e-15
1.8314684209248356e-16
2.6083605085485104e-17
2.4616089775992047e-14
1.5640104726540135e-15
8.126358223930025e-15
1.4790017645041903e-13
3.5643860370966476e-11
1.891710667227924e-16
4.721291784053551e-14
5.303827162386505e-16
1.0900985587879901e-15
1.1003649516509168e-15
4.877541256121459e-12
1.0588233550403302e-15
2.1160870942223784e-17
1.0385054344286837e-14
6.049834382652495e-15
3.0586121494915966e-12
3.0761038375534654e-12
6.782578539321395e-16
7.297981105626465e-18
3.088285026546062e-14
2.385983824478709e-11
5.7426139853729384e-15
1.9685678551948735e-14
3.4002213771586613e-12
8.642864146235418e-19
6.634229593529846e-16
9.7217363421401e-17
7.962804945322439e-18
1.0309795553274921e-12
2.2459621971868635e-14
1.5946512819329009e-15
1.7004887285327437e-14
1.0098707437529854e-12
1.1337137460854148e-13
2.301413792411686e-15
2.885966628495552e-19
1.089980952147081e-14
5.677708277288315e-14
2.6560760182451466e-16
1.9547267148237395e-11
3.2288336244329894e-15
5.053684124697582e-16
1.2140666192856932e-16
1.2447116654991636e-12
7.057826242973327e-16
2.0105645930633474e-16
4.44458343514697e-14
1.3159676257680396e-14
5.274224452808036e-16
1.407068128617715e-17
1.8731233898074763e-13
1.4299561025419404e-16
2.98766127345877e-16
3.552076705584045e-18
5.385337838052808e-14
8.46955110860084e-12
7.464032824963412e-15
5.111469826191868e-13
9.817463541133088e-15
2.3995510201508396e-14
7.048762869412814e-16
1.5733698053150909e-13
3.717637278706819e-13
5.325506438868959e-18
1.0955763104716681e-16
1.1943165663174372e-14
2.304337275599093e-16
4.602236078547249e-14
1.073655129168246e-15
2.0455663876726962e-16
1.1053048972487335e-15
2.278422409155608e-14
1.3124526620641488e-12
9.865824079072457e-17
1.5766231091596933e-15
1.7897625398080295e-13
3.2344528697487023e-14
8.760247226123635e-15
3.3531530371648144e-13
4.8847951019116956e-14
1.523854667757095e-13
3.192397714084342e-13
2.0552991334871997e-16
3.69989089696325e-16
3.105102485366312e-15
1.6745231124329714e-16
1.1471218216542221e-12
4.622441737481514e-16
5.835865849202296e-14
5.958407295001672e-18
6.350419119507689e-15
5.744609067864216e-13
5.520013099267973e-15
9.28523177336271e-15
6.520746995768956e-14
3.289960732400898e-13
1.7626750593747486e-14
4.9546058098523985e-17
7.569807256132787e-13
5.187910500957288e-17
2.7643208406573974e-15
6.422201071598044e-14
2.2877828185367163e-13
3.0927270391091807e-18
4.981172628445748e-12
4.004113396509739e-15
7.605836851940067e-16
8.806833327479957e-14
3.217035352991751e-16
5.79448921608666e-13
1.8513207067109032e-16
2.0149851545931625e-15
1.1574270882152663e-17
8.562222353959716e-14
7.578830934366473e-15
4.057944863341102e-12
2.1292382041341133e-17
1.9485047481166514e-17
1.8026380980844177e-14
4.9685618967380555e-15
6.444539306330267e-17
1.4275295300066624e-16
1.2408920983080913e-13
5.1477332123361954e-14
7.308090447128467e-14
1.3614230684440736e-15
1.0305953101506779e-17
2.4190890649428737e-16
1.4509796338475365e-18
3.0271897783618237e-15
1.4630166049053961e-12
6.23876257323154e-13
2.3057198443159548e-17
2.0753747713738613e-14
3.257859499609987e-15
7.719432409999099e-14
2.357624820385568e-16
7.58497823042069e-18
6.489474847619521e-15
1.2647346832863116e-18
2.914757670295414e-17
5.866023431558149e-14
1.0214268489301655e-15
3.063197587741074e-17
1.305258588290461e-12
7.504141613902591e-18
1.1590526837574753e-13
2.087571092543546e-15
1.5381071510093854e-17
7.039618734321032e-16
4.535410329731741e-16
2.440125798062493e-16
1.8364406807359077e-16
1.9821309471706208e-17
1.8272494036345613e-12
2.515486297694961e-12
2.0945352781832106e-14
4.024208669658137e-13
1.9898152679358058e-16
4.1081748327930605e-13
1.5038020630767758e-13
1.3080967749848048e-13
1.1139073915104507e-14
1.9504615859603687e-12
5.203900465004537e-12
2.848807277710646e-12
1.3573034911052999e-12
1.0469761701392485e-13
1.9253641035396485e-12
1.3228596774125609e-16
5.322575784813244e-15
4.454398254655394e-17
2.620323907739805e-12
6.327354479205803e-17
1.5889677830746627e-14
5.824204947721952e-16
4.69085170006692e-13
2.333782750882086e-12
1.8337192382394878e-13
1.1938261789121844e-12
3.922533191956752e-16
1.1803129431008747e-15
4.275484258177485e-13
9.39063824964282e-14
1.1019867448709243e-16
5.736469811762704e-14
5.315161603740844e-16
1.5397184698119433e-12
1.1675097096415584e-12
5.224460570860102e-12
2.7612711641296523e-17
1.4036554237964215e-14
1.614774884504041e-15
2.6973918833593936e-15
8.742636063027928e-14
6.255207213230813e-14
1.25055202118212e-11
1.5096244589816005e-15
2.791354542962049e-13
2.0997789703185308e-15
1.2827147725757794e-15
5.86871501562674e-18
2.9050322954241956e-18
1.4807587366626726e-17
9.839190592327439e-18
3.0653003803085786e-15
4.3288348176556074e-20
1.0181331289640559e-15
1.6781388240674902e-16
3.0557887369109415e-15
1.0662083977429829e-14
4.412207034952385e-18
1.41183488788662e-14
4.339413312128853e-18
7.978267240091528e-16
6.191549273313676e-13
1.6515317949961457e-14
1.3400560846907081e-17
3.695216021827323e-17
3.882967336670565e-18
1.0758178789158343e-17
3.303799089842699e-14
3.481594418354062e-15
4.532791801270396e-12
5.799212630532285e-14
4.5774930730861653e-17
4.475080786115064e-12
3.991906921344806e-14
2.612146599324151e-15
1.0794879145255349e-16
5.4893785769307274e-17
7.326578919657152e-14
1.1938275679048655e-14
3.7312041022158e-17
4.368923068543283e-17
6.994721720655689e-17
1.1585568111432037e-17
8.930071306287688e-15
1.776343566227224e-13
1.0271389954139969e-13
1.8453490988684302e-13
2.1865083788258878e-18
2.0527807542097267e-16
7.844937688477467e-15
8.153744258423551e-16
1.8582534865136868e-15
2.0682075600343261e-16
2.3742765558579573e-14
1.6214575626215402e-17
1.0269936935267439e-16
7.00172719310687e-16
4.022850432051239e-14
6.375895590982679e-16
1.25045476925734e-14
1.0209338160403188e-13
2.491198512265808e-15
1.215645418552024e-12
3.8164868354523866e-14
6.115708425545228e-17
1.3746925156370331e-16
2.802409429994611e-17
3.37848544247046e-14
8.583634171498286e-13
3.3988950745800477e-15
2.73544444833673e-16
1.1229574467344442e-11
1.8482529080801385e-16
3.083791931574141e-18
1.5145797169477343e-14
1.1391138673570529e-12
5.126912609734891e-16
4.68973863908553e-15
9.12875908395392e-16
8.441775367755617e-14
3.5795357282498833e-16
2.914735109290606e-14
3.0077101353730134e-14
8.398885328144027e-18
1.4003508548648459e-13
1.0885019944262178e-14
2.2034335189750619e-16
3.614731244964139e-15
1.2633096846736321e-12
1.312866175707205e-15
1.5289412770874628e-16
8.39494703752186e-15
5.41416778777707e-14
2.0386632439145158e-17
1.0202159561375309e-16
1.1044263708371115e-15
4.272831947403695e-17
1.4933077407154615e-16
1.388767877761719e-13
1.3188374429652664e-15
5.774916244594735e-13
3.684657088075708e-15
1.1220317656161991e-17
1.9244278409720147e-15
8.104984352944353e-15
3.039152292794412e-14
9.586797654290502e-14
1.7303836577105076e-14
4.375179057053977e-15
2.4317174039298187e-15
2.6787410499987084e-13
2.1565745722644497e-13
1.6391374912288173e-16
2.1224328167035624e-16
5.061770271296807e-17
1.4032501272431423e-17
1.5627149245937495e-16
7.788454813321612e-16
3.985709232025651e-14
3.1429529677536553e-18
1.56281326524305e-14
6.754392374905785e-17
9.115812078118204e-15
8.569392374552945e-16
1.5018467308130774e-14
9.34420481524761e-19
2.8898130069395036e-17
6.722032148713834e-16
3.5451943604125615e-12
1.3120346147275524e-12
1.0221132584787724e-12
2.586188501777664e-15
3.3630865539596127e-16
9.627569148563542e-16
2.4097726226384504e-11
6.115517062282305e-14
2.4007867919407025e-14
7.894706034359174e-17
5.585206943253658e-15
1.9188340145831876e-14
1.6696481699456542e-12
1.16275247240341e-17
1.0852927285687904e-18
4.904435704118755e-16
1.6195679773889995e-16
4.114985567096995e-16
5.841650887625769e-13
5.727895393059422e-14
6.722057785435905e-13
1.524016381057866e-15
3.7243584139655125e-14
3.4682307960037042e-15
1.5565551831989606e-14
5.609854116932715e-17
2.2845322209004448e-14
5.869742670979311e-14
1.2098839643472047e-11
7.580229112428101e-14
5.565857210496095e-14
4.811383834041048e-13
1.3111701626904266e-17
2.0324638628904735e-15
4.596500169807278e-14
2.934568840858853e-20
9.177067140891225e-17
1.266428807547659e-15
1.06482563551124e-15
5.018196300461348e-12
6.732700144514587e-13
1.0787275223639606e-16
7.148011342874122e-18
5.368255375332272e-14
8.463976176529056e-15
5.065504114731402e-13
8.226917483595495e-14
6.342288978854372e-18
1.0527914153559596e-14
1.9661358418106828e-13
1.3884995614525817e-16
2.322332553468649e-13
2.4454456730869428e-17
6.4643526394205285e-15
4.271239183488619e-15
6.293860061432273e-13
7.57237120425921e-12
7.104753917789282e-13
5.162282587886991e-16
1.3309231678361858e-19
1.8470526796358823e-12
4.558296708217315e-14
1.0111095614628935e-13
4.022082844541274e-13
1.0334765440986066e-16
1.2991407454147902e-14
7.588720824628892e-18
8.066382520941762e-16
4.632357349732572e-14
6.867032502093199e-14
1.727864561843431e-13
7.090795363794206e-16
1.6973889861376452e-12
1.3236937871544524e-13
3.8144848081300783e-16
6.173591881831288e-13
1.2400240841519034e-14
1.2494526358828012e-16
1.5369029054075435e-15
9.70298126046126e-15
4.3982832142152584e-13
3.1497689439193973e-13
1.2045564551500777e-15
2.0499917066440945e-16
7.408728257367618e-11
4.658939957696711e-16
4.1791215878388905e-13
3.4620073923689175e-16
1.137089807664543e-16
2.1047353312997725e-16
2.395399965633881e-17
2.738868451331241e-19
3.8779720347495716e-16
1.2286737215164918e-15
4.421049408066697e-15
1.5580350470444185e-14
1.0971097294350557e-15
5.869540978399406e-13
2.0124238869222057e-12
3.7408740288076774e-15
2.3794608345677946e-13
1.849100120748114e-12
3.862657822285811e-12
2.1238225005949564e-14
1.3497346902143884e-15
5.62951471310583e-16
5.0690169389731195e-15
6.389129590717305e-13
1.4586189802642775e-12
8.516142988518138e-13
1.2252544957254526e-15
9.732153915724196e-17
4.6115603762073265e-14
4.678924282855062e-16
3.627770322513846e-20
2.681494179069143e-12
1.4417206639336845e-15
2.3014178020093502e-17
9.637483679821193e-14
5.14864878152437e-13
4.859837269517637e-15
4.1710857844822644e-13
2.816943810693536e-13
2.884872436277914e-14
3.4642173450668877e-15
9.918364735122179e-13
1.2152916808891098e-19
8.625425122300585e-15
1.3790488000571585e-15
9.788298095251155e-13
2.9016064985132957e-12
6.431776196747986e-16
7.531269436895557e-17
4.076336634842054e-14
3.7544525958509966e-13
1.0725497294680435e-16
6.480082578582641e-13
3.597728957450783e-16
5.478395272218198e-14
5.158242604132216e-15
8.628808356268506e-17
2.7090826257346418e-14
1.0842294848815328e-15
4.417112351944913e-13
5.98412132201654e-13
1.2417602763412208e-15
1.313713678971904e-15
6.089123818799789e-13
2.165580348804516e-14
9.051945945563748e-14
7.916412278909689e-18
2.2811690386265898e-14
8.016820481207587e-15
1.6394933743398573e-15
3.0023157402367302e-18
1.6675487202148152e-15
1.2215735405357864e-17
4.870433350418056e-16
2.1762795401853783e-13
9.18043762751849e-16
1.0855077528851083e-11
7.856367780074191e-16
3.964834128254872e-16
2.5819170537619204e-13
7.1561701360393e-15
1.2006897279287402e-15
4.4106073330944373e-14
6.3876592409086e-12
2.2239779575428936e-14
7.812960148528416e-14
2.4325149056336235e-18
6.034868325783457e-18
2.1420861954323204e-12
3.0670306886175804e-13
2.47292694142374e-13
2.0451397029653162e-12
6.128850232148995e-12
1.918078016023688e-18
2.1119520082502798e-17
4.930721887838136e-15
2.6819887287382235e-16
2.0761943050744303e-14
2.360066416356229e-14
8.356551082286397e-18
8.623755515984763e-16
1.4670673788447636e-13
1.4459328965105135e-15
8.875630187270273e-14
1.0615506254852551e-13
1.0916595447858323e-15
4.570720193694752e-18
9.152162988076105e-16
4.217734606798011e-18
2.795739776864367e-16
8.7001167217316e-16
2.308954391888851e-16
2.0117943292417434e-13
3.5121795539751475e-12
1.0635159626277565e-13
1.562915283925529e-15
3.381927446257929e-17
3.87090372911987e-15
3.9949088157525144e-14
6.340761395685525e-14
4.410681922301289e-13
1.1985306872684115e-17
7.11830625448943e-16
5.7116872447588396e-18
1.3390736058093978e-12
1.8498456536597875e-15
3.9171290224819755e-16
6.109914863138112e-16
9.600571443103279e-16
2.629927952625441e-13
2.3619889827631215e-15
6.790613405932961e-14
9.375574315289828e-18
5.654545559126835e-17
1.1743492754266346e-14
4.335621613120987e-17
6.022423339635503e-17
4.4059244638985994e-16
2.0756013410462406e-14
2.1260277215127975e-12
7.645455627191196e-15
3.8552405754934195e-17
5.871113006739114e-16
1.619773319121023e-12
2.7909688347745706e-14
6.2426920920269356e-15
4.8596199997237074e-17
1.5419150209846016e-13
3.81409038197752e-13
6.1454445480447095e-15
4.770553605683735e-16
1.9288694127106904e-12
1.8080290162822707e-16
3.793174426904095e-15
8.33259027783664e-15
1.7282610521068302e-15
2.8951874283248043e-18
9.655956520757583e-18
2.339876933032341e-15
5.126215974338295e-15
2.199491513745609e-14
4.944832597006907e-16
2.22977739614688e-12
6.271196176100118e-13
1.2340112992183791e-13
4.915070372168123e-13
4.5474012369804e-16
8.730430955116239e-13
1.8719128996180908e-13
1.5732653671982629e-12
7.451770995261927e-15
7.669540911424361e-14
3.6465520777100404e-13
1.9323674518337724e-17
3.3302946325866267e-14
5.515356988051123e-15
6.998767560401394e-14
3.656315106230691e-11
1.8449483521552912e-14
1.1102988399975284e-12
3.401019239323685e-17
1.1325395407141814e-13
3.1815416508424273e-13
6.577422802353426e-14
4.519720091972499e-17
8.422966078472567e-13
2.3707825215185906e-12
6.397934091987663e-14
2.4795614610945252e-14
1.3596275214975377e-14
2.8883940780028064e-14
5.3781401411619466e-14
3.670742800369063e-14
1.723866101284275e-15
6.637387510616843e-17
8.766672240102736e-15
5.65757135916749e-16
1.5177827266398954e-13
1.5323445241881788e-15
1.230617700536349e-12
6.84580950042028e-14
2.262933023181558e-19
9.847932084054206e-16
5.52468717128325e-15
6.100676295709539e-19
5.38152340678583e-15
1.2838820819874579e-14
1.3638739141960067e-14
6.428672003161261e-13
1.0032221735342714e-13
4.3444002360792225e-12
1.8610805117372598e-13
4.856339038308275e-17
5.129850000845651e-17
2.086784800616032e-16
7.965346268684458e-14
3.463798156515948e-12
3.261790858394086e-15
2.812296635949581e-15
4.007516702339715e-16
1.7074099473118457e-13
7.539704524984738e-14
1.0414451853884602e-18
5.824915721911946e-18
1.4423082219767448e-17
4.4567741428162816e-18
2.4536423150239322e-14
3.1826439624500904e-16
5.0772029001047256e-14
4.061136949377349e-15
8.636193947597237e-16
3.6877071300430186e-16
1.7123636997575118e-17
1.5343654074068344e-16
7.89208996610045e-15
2.9016523681986193e-12
7.757537955453653e-17
6.680277733600113e-13
2.2704666016959397e-16
2.2250074745798325e-15
8.18047709371023e-20
1.6513363334087275e-13
3.132789822765951e-17
4.3959646730678467e-16
2.2334608891017105e-13
6.829147635863677e-14
1.122174561795278e-15
4.368808925721331e-14
8.361150196608345e-18
1.783707291064369e-12
1.0093432576010878e-13
1.3970659856002576e-14
3.664029494833529e-17
2.7988054140080925e-17
5.98227696191433e-15
1.2564906327148367e-15
1.1406579093237723e-18
2.8906702347582894e-14
4.286527653103028e-17
1.5857656270971481e-12
6.588253930792535e-17
1.6017218750413998e-13
2.9905593268732593e-12
1.9824686505359071e-16
2.5103840122249665e-13
3.498257593241497e-16
9.277537836446249e-15
4.742668224176528e-16
1.2774452500837487e-12
7.829622516205911e-17
2.6636571147651046e-13
8.957988823367129e-13
1.2426783294378158e-14
1.5102133973925466e-14
2.1695612108747347e-14
2.8706265581280655e-15
1.2415002675765163e-15
7.018670875185996e-16
1.326254303280426e-14
4.339564610886007e-12
7.529838901692713e-18
9.59262435331861e-16
2.709147418585777e-15
1.2456455730046549e-15
6.248142371964394e-16
5.949317945245126e-13
1.4846095686263148e-17
1.6125903540507003e-14
1.74191220253157e-16
1.5725789585265969e-16
8.377828573719433e-16
2.143619234831105e-15
5.0496398653179454e-15
1.5073439171764604e-17
2.2225340908530174e-14
6.929303733903979e-17
3.788185934233416e-12
1.1901334113845263e-14
7.259267423444626e-20
7.265896876339074e-15
1.2405798616055892e-12
8.790740509065987e-14
5.058714509446433e-14
2.979001928915992e-15
3.2630138148729817e-13
9.204335659996764e-15
1.9814149704798722e-16
1.8351858826116474e-16
1.4210623904609786e-13
5.591006961123993e-14
9.956837191914799e-16
6.340624621318812e-14
1.0003277830667069e-15
4.592035164392011e-14
1.9704188026037996e-14
2.760546258521803e-16
1.0700484921187249e-16
3.898151031071322e-13
2.2133284546695942e-12
1.434920746515726e-13
2.7567135066993925e-17
1.894400259731685e-14
1.501075662113924e-12
2.345975156869967e-15
1.0419323485025283e-16
4.472291945699352e-16
2.7024008389897943e-13
1.1135710140879449e-12
5.072515991772548e-17
2.1396382164555278e-15
6.082364029908328e-15
8.857832160824385e-19
5.478784879412926e-15
1.7232074558016984e-16
8.315369965594928e-15
1.8272116953775984e-12
1.6068298069387747e-12
1.0972338611261347e-14
7.670493866585236e-15
7.236211588195201e-17
4.391448174496856e-14
7.533246603797246e-13
1.0549778635816893e-15
4.155182019705225e-15
6.554335870371124e-18
4.945814928434938e-16
4.3223049027092884e-16
1.7390138735791546e-14
2.2298231940531115e-15
4.1714074852578524e-16
3.2186788872806326e-15
7.751639483043435e-13
6.030920820601118e-14
1.1411586359927856e-15
7.868496773605501e-19
1.0436126601646797e-13
3.2693029447602874e-16
1.2938165088372098e-13
2.17311164069724e-17
5.79844563838562e-14
8.125053019820368e-14
1.5606857568128317e-13
1.9294862278418366e-14
5.1695772147341156e-15
8.289171888258548e-13
1.150720622129814e-12
2.4695154939797214e-17
7.055125865934114e-14
7.381958862998407e-17
1.2632284197544213e-13
8.103619582673741e-15
4.058431946225019e-14
5.834161960617752e-19
6.70012247914988e-12
1.3585326929253506e-15
2.1825535787102146e-14
7.432723255708275e-14
1.414803180391206e-15
1.2299098533847647e-16
9.631521700124661e-19
1.8299991663009854e-12
2.5033903937363434e-14
3.0508127912537653e-13
2.5853130202600764e-16
5.7771688498152825e-12
4.552004118694326e-14
1.3742427411179473e-13
4.2542207250930916e-18
3.0885924477135334e-16
3.1889663535798026e-14
2.8894768850838826e-14
6.726614153834951e-16
3.460557030787489e-12
1.468975637217595e-16
2.3277623399146023e-12
1.398705059978876e-14
2.2798991116678034e-15
3.792036755580546e-17
2.441316261528549e-18
7.522802197242981e-15
1.5313320367152643e-17
4.4281863910646174e-14
4.23014999351016e-18
3.4076936645505885e-12
2.5132143859705564e-12
1.1370812868930632e-13
5.605659388704081e-16
5.8768955674144e-13
2.9936440214442445e-13
3.470900519101072e-16
1.495103927023547e-13
1.7526082918009026e-15
1.5085932154854935e-15
1.1329186245596751e-15
1.2084795986734636e-16
6.575284014757249e-14
2.3957358829595085e-16
7.225709461173945e-15
1.8307803616411668e-13
4.747595114409356e-16
5.457120013829863e-15
7.58761885877934e-18
8.474622130863348e-13
6.069954040851065e-13
5.556770558433915e-16
4.074472212926251e-17
2.8175208860997276e-15
1.18800621390677e-19
1.648020619725409e-17
1.5030794542632012e-12
8.59076211579621e-16
9.791022248545901e-16
1.3416765444808481e-14
4.5279705074837286e-15
1.9024329194104566e-16
6.468469254184103e-12
2.692095681261663e-15
3.607813317014583e-14
1.8919916170192298e-16
2.427395529589538e-16
2.0152273569157025e-15
2.8595255400802423e-15
7.931349122511829e-16
1.530969221683749e-16
3.4720332250580567e-13
2.8701821729454524e-14
1.335288304826686e-12
8.782090951126633e-15
5.336820407651599e-17
1.1184208535099723e-15
6.6659835806382094e-15
3.0512950427082473e-15
8.438884681629549e-13
2.3207724300559043e-14
1.2582023012379758e-15
9.000782133267505e-15
2.6124089066564363e-15
9.113729572832057e-15
2.6612263152015258e-17
3.07842798406426e-14
3.520016321417251e-17
3.1714014481033535e-14
2.54279161118157e-16
6.2424528597340495e-15
4.0141147487257514e-15
8.053257376095073e-19
9.780865974229346e-15
5.020853915556824e-14
3.676760372383522e-13
1.9116436238762568e-11
1.3442820675521425e-14
6.332779906374857e-16
1.4430260744496548e-12
2.895127725111534e-14
2.7232737896815284e-14
3.42342568224153e-14
4.0423062085487974e-17
3.6915718876176846e-13
1.66169035510506e-15
9.057527262113068e-16
1.0240901243313187e-17
1.5416110152460584e-14
1.5190347815540947e-12
4.8613737610312405e-15
1.1240092541108448e-14
3.070583281165732e-20
5.116029132344837e-14
4.4277261025958196e-14
3.020113477148963e-17
3.827917215691568e-17
9.416676503924574e-13
3.0337849666872804e-15
1.613923540544169e-16
5.749574271529036e-16
1.1568685972754624e-15
7.377210038079965e-18
3.710704864222338e-15
1.0454451092297738e-17
1.240849400699927e-17
1.5124768008238279e-12
6.297739721405514e-16
8.069561117150806e-15
2.640858549408815e-18
1.6435412643355796e-12
3.1834787070368244e-16
9.587814253087923e-14
2.847731911562668e-17
1.627267211020285e-17
2.4852905790600737e-16
2.1009645030524618e-12
4.404943656555004e-18
2.1243475879323117e-16
1.4923978400847015e-12
5.17039701199867e-12
1.0259975773126497e-14
7.860262260688173e-19
3.550859769386323e-13
8.422363464516228e-15
9.413158820667445e-18
4.058760439539712e-13
2.0299507251892054e-19
8.407241273073046e-13
4.2218235943351834e-17
1.5679262495995805e-14
1.4537815023353288e-19
7.525200892446847e-14
1.5577959197558518e-17
2.457756157855262e-15
6.443054303963034e-16
8.512371075548969e-14
1.9328164697988998e-16
9.39694165536046e-16
7.236368837797827e-14
1.5230816084877984e-14
2.496212065439233e-13
3.4279464641138898e-18
7.933130356610738e-15
2.935544815475529e-13
6.700781749814485e-18
1.8492818585931413e-14
1.980094554155724e-13
2.300887929550779e-15
1.0435542034466329e-17
3.2040862786802143e-16
3.787220042238185e-15
9.550470862994822e-16
3.057312760463839e-14
6.037533647326569e-14
3.514768859929626e-17
3.3170127667370328e-15
2.4706211689423027e-18
5.102625415463359e-13
5.4473837243470085e-15
4.357376939572658e-12
9.571833613545144e-18
3.3257683910475295e-15
6.657528638605075e-17
4.491812111691534e-16
6.774241801340468e-16
1.8605806461973307e-18
6.895596968214489e-16
2.8318766578398756e-15
1.6449428343413248e-15
8.092213953069801e-15
1.4248004136367394e-15
1.0987192980399395e-17
3.0151309407059115e-18
4.1311597261122695e-17
1.1896283346899613e-13
2.8623704171233894e-16
3.090286338948982e-12
4.0418881708926977e-13
5.424391436010788e-14
1.366436757276721e-13
9.480207546109565e-17
8.339785004465089e-16
5.075837331404116e-14
6.292869622268575e-13
1.9794378716257968e-11
1.2880851465617224e-14
1.002243030125981e-17
2.0086207328836134e-17
1.029206761648743e-15
6.746143914191935e-19
2.0167985721815957e-13
2.001935470063655e-15
6.592718985471993e-17
2.009991948568934e-13
4.755683815782438e-12
1.7791852581167337e-13
9.300434861675198e-16
6.623625239420188e-15
1.139623407450707e-13
9.829267796710096e-18
8.044237541687691e-14
7.937601014539049e-16
9.427222538285018e-16
4.416997775270359e-16
5.041043713514572e-17
1.3553691350660256e-16
1.77216465275194e-14
7.027130530756959e-15
4.7307294699878314e-14
3.9860504455238103e-17
6.160860751401188e-18
4.162284824326215e-15
7.917677081950319e-13
2.2991494301597155e-18
7.528165707670907e-15
5.956681830908149e-17
1.5542895308009878e-14
5.302697298470347e-16
1.3068852238744826e-12
1.2163757191429566e-17
1.7716394830718147e-16
5.77856488916967e-13
1.0820218465379682e-13
4.020698842912958e-15
1.0552145318894906e-11
5.623924553939669e-18
3.489404384104983e-19
1.644086647395479e-13
1.165346292602231e-16
1.2843031125300664e-13
3.2621223986824285e-14
1.291390024606572e-15
4.350726471663677e-15
2.573577293002549e-14
8.516969347052419e-14
9.699797111595663e-16
2.7521019449785307e-14
6.862547514409904e-15
1.8864174648314e-15
5.212876748764826e-17
5.363299774486453e-16
5.778601337199457e-14
2.1722141165887077e-16
1.5382539957034887e-16
1.2614329184206116e-14
2.0594427285701195e-15
7.941038788216644e-20
4.777870287781329e-16
2.451768068587645e-18
8.247702310881301e-15
3.0854741563210784e-14
5.447115953469962e-14
2.578760417149452e-16
1.7658377516421868e-17
6.771600331435377e-13
1.5431619448312368e-14
1.2340647198763477e-15
9.384387058525186e-16
6.308218561628187e-16
3.643635815215825e-18
2.6371430739977076e-13
2.594855257436762e-16
5.1678676644015715e-17
1.6553868174931862e-12
1.19337417486665e-15
2.2408703568253327e-14
6.92114354718902e-14
1.709602086671626e-14
1.3286924944718379e-13
7.494242477631448e-19
1.3626258298747094e-19
2.76633171493879e-16
5.950777867798696e-17
1.4923871289542808e-14
2.0739812696689457e-18
3.583932611335302e-14
1.8658764415756415e-14
7.810192710310019e-19
4.9438106551368e-13
1.0946022622824022e-14
5.431397205938096e-15
2.003444047694279e-16
1.197490256337744e-18
2.8800879820915435e-18
6.1579962484176785e-16
1.2157229712029184e-14
1.5036963759938093e-12
2.7263585733050844e-12
3.306626766865618e-14
6.8204237959455e-14
2.0322641414987444e-11
1.0973574597922564e-11
4.832876851818095e-19
2.4840018593115594e-12
8.37854312680024e-15
1.7032885947275553e-17
7.427641326152685e-17
5.450620756169851e-17
8.131043471119285e-12
3.294150378462921e-16
6.00352492408279e-17
3.2852632327405176e-15
7.931177587879532e-14
2.5491901315058896e-15
2.7732844292147493e-15
2.5651331640930267e-16
2.665438048772687e-15
1.1818905179537892e-18
1.1133676247887648e-18
6.942319425271972e-12
4.963826485243496e-16
3.4630431674547593e-14
8.455383926258466e-12
4.2768414440057627e-16
1.6537544447024565e-15
9.296845875923076e-18
3.3900021659735844e-15
3.602724145532731e-16
1.6453234369831521e-12
1.9379225320508076e-17
2.5346630912450546e-13
2.8736675292163326e-17
1.8100235100380463e-18
3.3223539101202553e-19
2.0560456615970188e-18
3.3672627062907583e-16
9.853872861570305e-18
5.298245831869357e-14
1.4071413676678908e-17
5.276032026523736e-14
1.3008703120439242e-14
2.424382029689602e-19
2.95159216357573e-17
3.939474638075247e-18
4.100290286873693e-14
1.8178323952806315e-16
4.1330619961790867e-14
6.489897973031746e-13
1.1199467667520923e-18
2.6895565685154696e-15
3.647232812645382e-13
1.272646090979578e-18
1.604927226498144e-11
7.371328714270967e-14
2.0557695695295613e-18
4.5625036220369346e-18
7.042650174408565e-13
3.579798794644243e-17
6.31264800621346e-17
2.766872883800097e-15
1.748329030695219e-14
1.6875325175843485e-13
2.8737539858303145e-14
6.96201638100119e-14
4.750464181912734e-15
6.175720654442176e-14
1.292482848385042e-12
3.537143776197303e-16
2.0078987214486135e-17
8.948949878154503e-13
1.214140256048202e-14
1.4502694628910035e-15
1.8761447614084148e-14
1.0199509348290447e-14
1.5713920987436826e-14
3.6598732633307296e-19
3.8064968359275556e-17
3.040582732102076e-14
1.7033026308940418e-14
2.929973290727331e-15
3.423513855751207e-14
5.455471905208254e-16
1.0488178502549439e-13
2.362938286037037e-16
1.7850375330308903e-14
2.1616236541392198e-15
3.6858186031805344e-13
8.81034954977937e-17
6.9983483282797e-14
7.016478395771334e-18
1.9518725916757803e-12
1.2727103645485006e-12
2.799997513523151e-16
1.6555881698449611e-12
1.450312698374783e-16
1.1786224650929898e-13
1.1226563720356422e-15
2.3374018084865708e-14
4.3429320253149836e-13
1.9451939950975257e-14
6.488063273249151e-14
2.941098122820195e-16
1.0569229473744225e-17
3.232895807791282e-16
1.6158544723770265e-16
1.4143693486021859e-14
1.2155950169678868e-14
5.221643584887501e-16
7.270502957849705e-15
1.1119772531045687e-15
5.613163458999417e-16
9.920293021314865e-14
3.373588439827866e-13
2.940533281430712e-13
2.3052254621453817e-16
9.649469976057975e-13
1.4005602073514653e-19
4.828765858538709e-13
3.3582976073317044e-13
4.3543427293624276e-15
1.5663095267141382e-16
4.7860431864735e-15
7.812561289678642e-18
2.1433507173743303e-16
9.036447768015753e-14
1.890419871241447e-18
8.639080630555184e-16
1.148030763548404e-15
1.0857468966238354e-18
4.297157780226524e-13
1.6808805121761696e-13
7.186320120385212e-17
8.151128405966544e-15
2.863739587872288e-14
5.399463603238367e-14
7.285053987022388e-16
3.889106590105302e-15
4.7804516483140114e-18
9.829865359828711e-15
3.5683500625642094e-15
2.9159908367713284e-18
8.638340576723549e-17
6.358430942517726e-13
1.9735533881373447e-18
3.1074641112902083e-17
2.9101139732389687e-12
1.70597493925838e-13
5.6703143195255516e-14
4.955094372738779e-13
1.4019083099530946e-19
3.777926658981486e-15
1.2897104823144514e-17
1.7237764005719533e-18
1.0271155669343586e-16
6.659428598956055e-17
3.8581208167897833e-19
3.1572209083313525e-12
5.575172669099444e-14
1.3386272182775793e-11
1.842291339699653e-15
3.3259147042581086e-19
2.440078339494578e-16
3.40074397833737e-14
6.505031019687786e-14
3.690564523464999e-15
7.024269089636378e-17
1.2077482750516377e-14
1.2241896578322453e-16
1.1846902216633827e-15
5.1667570245138775e-12
9.633960874260536e-19
3.670260172102469e-14
2.2292176000145818e-14
3.119186073359204e-12
3.2860130967150616e-13
1.1570119841942632e-12
7.954440733118516e-20
5.353411892779722e-13
3.3250106065998005e-13
1.7640673881273152e-12
5.072761537355259e-18
7.693221962814328e-18
1.2994657770464115e-13
9.161309662336946e-13
1.3404435187659186e-16
2.8252771160657957e-12
4.6060073831897205e-17
2.2761333110553365e-17
3.404777144749006e-18
2.349166553325801e-14
3.046450879791912e-16
6.807509431167548e-14
1.76894451261896e-11
1.6266471799007424e-16
2.7840796535040446e-18
1.154076235774875e-17
3.662835249917298e-14
9.603252501864633e-19
1.2504279891245218e-15
1.2803592638913527e-17
1.9609475007937807e-14
1.0019426852068403e-14
2.0732037351357552e-16
3.9678536069280233e-19
1.0480755952585675e-13
2.7622110577120712e-15
2.175306815552906e-17
2.6902273666851265e-13
3.642655577318831e-12
4.302729345704958e-14
3.7961299841529975e-16
5.481933300367551e-15
2.2257143360267423e-16
2.2508828348387745e-17
2.326509242722869e-16
1.3625594502451258e-15
2.9845435732353236e-17
3.6092186354247355e-15
1.2578394879480197e-13
9.446203385084318e-19
1.9600172352090574e-16
3.6996869949452427e-14
1.5454588048738607e-16
3.675231134711884e-12
2.7514116918498754e-13
3.93375338016147e-15
2.945177011642322e-12
9.857243391917489e-16
4.810683471597462e-19
1.3321882273709805e-14
1.0362654735837438e-13
1.5317197938149671e-12
3.622817168041992e-15
5.596211236910163e-18
3.2203988449318864e-16
9.246078312553662e-17
1.6477687620966433e-12
2.40692065365347e-13
1.0185146824256153e-13
1.6776742011410123e-12
2.4778469706943175e-17
5.019203076221684e-16
9.253372819798577e-17
4.851516878943239e-13
2.4677189833970793e-12
1.4189771569862214e-16
1.1150545146703728e-17
1.1859398376103716e-15
3.5967181780766153e-12
1.7769813861220443e-18
2.7750754815452402e-15
5.7243931639490544e-15
3.4188001520926127e-18
6.150948012115079e-15
1.6317566571898746e-16
1.9958226147369483e-13
1.1034329398812852e-16
3.3043873676830694e-16
8.718569650636014e-14
2.5663709261115357e-14
2.975096586285393e-14
3.009555528496788e-16
2.619998431610265e-14
1.124652639584546e-16
1.1670911324592332e-15
3.042900219803034e-17
8.693293013615584e-14
3.303268104200376e-14
3.988495210115685e-13
2.4642097720060147e-14
9.495432127631925e-16
1.3019867063890087e-12
6.295412294087943e-16
6.980265286997149e-16
1.3493028303423285e-16
6.280697904899409e-17
8.88782443696495e-16
1.748476101713419e-19
6.182622698678603e-17
9.657787522721225e-16
2.5758229756312264e-14
5.673792282572215e-14
5.46688899431736e-18
2.5848650425954964e-13
3.281164073668157e-17
7.725436983007843e-15
2.012109789054785e-11
1.1075723066099736e-13
5.008417106126604e-21
3.077375803983262e-14
1.403511661793042e-13
3.2255250521930543e-16
8.452713548899699e-13
2.2593056026794844e-15
1.882911993002567e-12
1.2708007145553689e-18
4.0480772268334555e-16
1.0789345011918512e-16
1.3061414111078351e-17
1.859174394083604e-13
1.1159826685347977e-12
5.537520713443823e-14
1.7414392653328416e-12
1.5350814708745167e-14
3.2100762170177796e-13
4.4126884506719184e-15
3.169009370604064e-15
1.2246819751424417e-14
9.685104002870413e-15
1.069408952692508e-16
4.308282213921853e-18
3.151644361081447e-13
4.036556002182628e-15
2.823713209720866e-17
8.180234982335302e-16
1.1844981537469677e-13
5.773811623117053e-12
6.322802216637615e-12
2.0931447843551584e-18
3.5903420472982307e-13
2.5489318922848894e-19
2.0175481534698222e-14
6.603212895536161e-12
4.3296569836682065e-14
1.6141991975972295e-17
9.417740526401982e-14
5.82468855598761e-15
5.114532589282021e-16
9.058696817036336e-17
3.704789563623667e-14
9.674015079975991e-13
9.385539131963311e-17
4.7742832390911675e-16
4.28870962345284e-15
1.5263047459313104e-15
1.7478505261377598e-13
5.551518476170889e-18
2.3821041006341955e-15
9.375593034898455e-14
1.993515009162927e-11
1.6488021776787733e-16
2.804919812145066e-17
3.1023742725626355e-15
4.466263135034342e-16
1.7508572806155015e-14
1.3959662867865866e-16
4.5685598812710994e-14
3.0242075246677067e-12
7.027868307849882e-14
1.43415393416775e-14
1.5564994969803915e-14
2.1451037638119995e-17
1.2110051963606238e-12
9.540833866314539e-15
2.180504075334461e-17
3.81168582330371e-14
1.166461325596016e-12
5.933315988430318e-14
5.906864156708402e-12
3.6161443352228915e-18
8.971763932921991e-15
3.8278654332822273e-16
8.483362010337926e-14
6.536923966415042e-16
1.0122495187786433e-17
1.3758865487116803e-13
3.425307147125111e-14
8.745676331122395e-11
2.560240549812875e-15
3.2479612909812454e-16
6.739920423927753e-13
1.2471313044022621e-15
3.0281312505908583e-19
1.3491601298993847e-17
6.460217453351542e-15
1.5874556521452614e-16
1.724073061856601e-12
2.4768892849338664e-14
2.7576873749127737e-17
7.728562985600564e-17
9.915355833375398e-18
1.1595959012427971e-14
9.10602664620095e-15
6.424952648096502e-14
1.965700339637829e-15
8.95187861633631e-13
8.335816552944825e-17
3.64666749287385e-18
4.4037824400362793e-13
5.7915322521368065e-15
2.0332509040744494e-18
8.539795607100151e-17
1.232263332652196e-18
7.411272009208452e-14
9.601947667820946e-16
1.8526056261490168e-16
1.2463122253345415e-16
5.585376488796201e-15
5.829449586215016e-14
2.6415650871228415e-18
3.4600252179287696e-16
3.087582135093116e-16
2.3848872537786377e-13
7.678504949253072e-13
2.5677306086955052e-14
4.270623406854739e-19
4.139839552761352e-16
2.365407824621796e-16
5.941035728003201e-13
4.3735760988291055e-13
7.234919299206948e-13
1.7721054184476027e-17
1.860861018586473e-13
1.850735192772759e-16
5.830141749400769e-18
3.92371500345136e-18
4.209124229673404e-13
5.974218890714225e-19
4.3518070316143883e-13
2.242352455519275e-16
2.4627004947002333e-17
3.311999869148602e-17
9.149508690458055e-13
6.036492736792121e-14
5.099181602842629e-13
3.167263759667206e-11
6.131273312776463e-14
7.314279208379552e-16
5.236858062270519e-14
1.8061860008964055e-16
1.0946844895749532e-12
4.705377775049e-18
7.422245826570934e-12
1.0076975064994363e-18
3.5430294394131097e-17
3.1450480752451275e-15
1.479770409329081e-16
1.62529269763506e-18
6.822782442413391e-16
5.180258610794704e-16
2.4897305737827713e-13
3.9525946943517143e-14
1.2454764950270754e-15
1.1476987430870586e-15
1.6045662141721383e-17
2.8983935665677615e-13
1.0609388642751461e-15
4.4748837968553424e-15
1.5710810132525953e-13
1.1036010763457528e-16
7.50785199628002e-18
7.03188321273974e-17
1.397136291400418e-13
5.2089626907982286e-17
2.847654574649196e-17
1.4444859211618376e-12
4.364707998863335e-17
6.272062600658748e-14
3.0261174053519646e-17
6.522454157100273e-15
2.1807569923221912e-17
1.0387165466125211e-15
4.031924470141728e-17
8.094842617705209e-15
3.8295844832260546e-16
1.1624611632130529e-17
9.450101690943064e-17
1.810453160326587e-14
1.9192035781294393e-12
1.3269352446773207e-14
3.4161437249605104e-14
6.062323861674478e-16
1.4746526231593693e-18
7.561248504503534e-12
2.053991437893786e-17
2.9320135777481285e-15
8.436442728485684e-14
