1.1272940239425033e-9
9.285009023424622e-14
2.21225797052696e-11
2.205194935733294e-9
4.044402288936562e-12
1.4623893916769186e-9
6.143078856342484e-14
1.5285720024596266e-12
2.5424061973869236e-13
3.4410217025473857e-10
2.3896217469210304e-13
4.433596504434208e-10
1.1490134883547319e-11
8.602694555111914e-11
3.137681147865175e-10
7.367109131418294e-10
3.675813167219835e-14
1.2458774277395349e-10
3.201864949961444e-12
4.294312865397955e-11
3.35419615677101e-14
5.951376202086913e-13
3.051900241538829e-12
9.286946196515806e-15
2.711572405917167e-10
2.5967540963368504e-11
1.6836303348088387e-10
5.691446847492754e-10
4.5021695536728774e-10
1.3190235816346174e-11
6.667514570596354e-11
3.252765293117067e-11
5.511903799851191e-12
1.6075748153009962e-11
4.724682183952403e-13
6.213024889584904e-13
4.345779436009662e-12
1.3578786067007479e-13
1.7766723149979007e-12
2.4355252319707018e-9
1.9070279344257708e-14
7.697930422934335e-13
8.470369448357195e-13
3.804471269341299e-11
1.2369110162662664e-9
5.562095165365342e-11
3.921822634462488e-11
1.5849683349502975e-13
1.7698515561507039e-10
2.823927941711218e-12
3.491007362566195e-13
2.640162784738209e-12
6.149595641151741e-13
1.6041978527783047e-9
2.0804917884714818e-11
1.2071194441554751e-12
8.353100956227276e-14
5.0919340465094026e-11
1.1638478980796244e-10
4.196857326401749e-11
1.816497092237385e-12
2.780238256064185e-12
1.313876076241711e-9
2.295966515156951e-11
7.783123242229286e-13
1.340359081770592e-10
3.5226433127303317e-12
3.471485596729904e-11
6.722190267358023e-13
7.086016422949133e-13
1.7066072683490764e-11
3.569303238228875e-11
6.575322029399162e-10
6.991475443243595e-12
1.3420727987541969e-12
4.44408305369589e-11
1.3648790490602735e-11
6.1347721257266145e-12
6.558798079914956e-14
5.341491954404437e-12
2.4618386735652856e-10
3.761966489271073e-12
4.062564613506569e-14
2.3925162880253327e-9
1.1432993774498147e-11
7.006025249229188e-11
4.536800391629776e-11
8.256437909775793e-14
7.901266482043788e-14
1.1552276090751431e-11
6.93999537989775e-14
4.011771313314314e-10
2.335127073878901e-12
4.371665812670123e-13
7.480115227757247e-11
2.6355368509586754e-13
1.7912882329660357e-11
5.1178877487389974e-11
1.55001826606216e-10
2.8492148318965215e-14
3.4346409438499867e-13
4.352856402872914e-12
3.225884383690068e-10
2.7759749796686015e-11
5.639082484071518e-12
2.73464696668145e-11
6.382378188174327e-12
3.2716006602549123e-10
3.2764247717359945e-9
2.488557774786319e-11
4.0165411789393164e-12
5.218372715476893e-13
3.2334367971624407e-12
1.3349729471090907e-9
1.0259407871846812e-10
3.1565094215637376e-13
2.7697051409071597e-10
9.523067086720905e-11
4.416039299854983e-10
9.929789399366142e-13
1.2525409396309477e-10
2.0218096490410625e-10
1.1808014722032286e-13
6.574699921475847e-11
5.539323072118212e-13
7.138277433925931e-9
2.5211213819025832e-14
1.1919129611329877e-9
9.861979283793624e-11
8.278481822520013e-11
6.21150320757342e-10
4.997460189882696e-13
4.026392514972042e-10
3.099952821350203e-10
1.798059741688756e-10
1.001207425268932e-10
4.036577269599167e-10
2.952903787214966e-11
1.2211999744323243e-10
1.7123528533194434e-11
1.2418229800849045e-13
5.52553219800997e-10
5.213057199724765e-12
2.3365985856289703e-12
3.2283993262604733e-12
1.1001852100108528e-10
1.297734787331576e-12
5.207786251130019e-12
7.602350002075495e-15
2.7200126569368575e-12
3.9248487551484213e-13
3.769073494628144e-9
3.281992572434914e-12
1.84937501022725e-10
3.2086331471337043e-9
5.651572568176777e-12
2.7122091881931034e-9
1.4300247097039722e-9
4.39705053966505e-11
1.1290875013974376e-9
1.6632945350963026e-11
3.2736884624739503e-10
1.896068587572717e-11
4.1467536618154855e-10
2.698636732229865e-12
4.230879496733953e-12
8.806579049782123e-10
1.614629312698336e-13
7.750494086563794e-14
7.100050829086318e-12
7.995817712766751e-10
4.679654062691584e-10
4.283495411322803e-12
1.5468855079721448e-10
3.0397327166115464e-9
4.0615708901178634e-11
2.825086678020279e-11
6.104825117758693e-11
7.598333613935957e-16
5.3823242781924604e-11
2.200186467091637e-12
1.9727239431220535e-11
5.431196710903972e-12
1.0768032551502542e-10
1.1087763124353114e-12
6.765396189108447e-12
5.027894950116388e-9
2.8397412599404194e-13
3.119829234660531e-11
4.542962325629306e-10
2.450152906777131e-12
4.8217950432312675e-11
6.638976542678005e-11
8.415425961999973e-14
3.320616485866861e-10
5.800032819554937e-11
1.925423416938473e-14
3.375861487937915e-11
2.1021726712021783e-10
2.2325851916926695e-13
3.2670495106159006e-11
1.300009870971273e-11
2.4700044435241027e-11
6.073498178495507e-13
3.4956128550511706e-11
2.886931098372306e-13
4.603762370454547e-11
2.4925969726683543e-13
9.142987586914819e-14
2.4658696239137084e-14
1.0615021105996868e-10
1.1892131157331382e-10
3.120468392001432e-13
4.900630853543037e-11
3.567336691758153e-11
8.476574784203882e-11
6.824468654221081e-10
6.570378470291189e-13
5.02011994994242e-11
2.761059668952087e-10
1.4423215213094306e-10
1.183039386589329e-10
1.0907829212930136e-9
3.332300093706631e-15
5.75845460579351e-12
6.521180052655997e-11
1.8908558284161275e-14
6.958394489930335e-13
3.315884547889565e-14
5.360100293054187e-11
4.2861618920253816e-11
3.2898289049176806e-10
7.181823630162717e-10
4.5155212942701906e-10
5.924899180311309e-13
8.492391886092459e-13
5.971976837770195e-10
3.137776207513385e-14
2.8816838171251483e-15
8.222201361044866e-13
8.457768857559528e-12
7.969699226948207e-11
9.193497380239078e-15
1.6182216078130742e-12
5.72994346784532e-16
6.843144281876354e-11
2.874093452299425e-12
2.242468716852975e-11
3.548512003258264e-12
2.7820218888633303e-12
9.77496179906248e-10
4.4815699591866064e-14
4.364647519310803e-15
1.1082899784317325e-13
5.591598452356347e-12
3.6197040000994635e-10
3.1781123106134854e-13
8.17157951204152e-12
1.1307375806475721e-9
1.9761171803059165e-10
4.5228231423656037e-13
8.195072971681545e-14
8.326301029811464e-12
1.4175615454080916e-9
2.944252780281273e-10
4.364653836459234e-10
1.1360216997694347e-8
1.8897626631107164e-10
3.763554330069161e-12
1.6879274489671088e-13
4.260997381566123e-11
1.075325646640777e-11
5.804071247406564e-10
3.7723829272345906e-13
1.1289168731887647e-12
7.167361036068856e-10
1.5601791855238242e-9
1.0328631770441474e-9
1.6796687089161446e-11
1.394263118159783e-11
8.934014193362929e-10
1.266950810382552e-10
2.525178430406247e-11
2.2054280550118398e-11
4.995284094874695e-11
2.2456681301794704e-11
1.8445284759389627e-9
1.137312524174652e-10
1.250029753961878e-11
6.541282466184235e-12
2.3849780209616552e-12
1.564060542296701e-10
4.453241184931879e-13
1.6738414215843989e-12
1.7439391122314654e-12
1.927814974546572e-12
2.2722868243318226e-12
7.837794725497239e-13
1.1261329185559183e-13
1.5579802875361964e-10
1.636743571903073e-12
4.477697676639718e-13
7.987763336528405e-12
1.5856288470946389e-12
4.887151136750918e-12
2.326888966315448e-14
7.875225452420758e-12
1.8318728685759414e-10
2.420897731055149e-14
9.514510993365122e-10
2.030638804913003e-12
5.19633617454577e-15
9.18070009214461e-13
4.839037574967609e-11
4.2577778298375244e-10
1.887385055340088e-9
2.8677040823072428e-12
1.8556531170892948e-10
1.6776339613089796e-11
1.0844219146883606e-13
1.1914810792607208e-12
8.038168022409104e-13
2.8243270804102404e-9
6.482803662218957e-14
7.740516495702197e-11
3.4797347348193354e-11
1.2612691334933577e-10
1.1600564994973596e-14
2.3468720765656157e-10
1.1628189275707518e-12
8.425628524503528e-11
6.134929216904364e-11
5.773057380078715e-14
7.389017051918302e-13
2.6255218661434197e-10
3.156117352766711e-12
3.441770281332649e-11
1.3437432787179772e-11
8.213397301348867e-11
7.400194325644513e-12
2.3208100682662964e-12
1.080295794749905e-13
2.2403542823251434e-12
4.4203692964720145e-10
1.8245018237423396e-14
8.461325015440666e-11
4.869587855559826e-13
3.799887794577948e-14
3.1394509361139145e-11
2.4796658888446617e-10
4.6458181681079506e-14
3.222702476071941e-11
1.0845358886539695e-9
3.996769766780657e-13
1.8885657828853778e-12
9.421598690037276e-10
6.801888372002873e-12
2.2427161073938553e-10
1.4813419163328836e-11
9.427363938667836e-12
5.050135595141909e-11
1.3273255113202993e-11
6.890222554932302e-10
9.578077577563989e-11
2.595759838455793e-14
2.8504606962311523e-16
9.521856359788775e-14
2.4603846716499756e-9
2.939693874283059e-10
2.791438098977749e-12
5.815810345759317e-10
9.639224531599547e-10
1.818501057236382e-10
5.750935039238353e-10
6.584672464462243e-11
7.607929462913587e-11
2.5298129124126516e-10
1.3090664140755867e-10
1.2369213213187762e-12
5.757785563565148e-14
2.8287939510770612e-11
6.746834581744773e-11
5.637506720909247e-14
4.57701815870731e-12
4.9243267300125097e-11
9.740610085707232e-13
1.6009888937521928e-12
2.009661442595481e-13
1.7888490301712995e-10
8.70272264452224e-15
3.590280333077341e-12
8.229639140240772e-14
1.7385384636533485e-9
1.879264807032524e-11
3.238152588250469e-13
1.2406926204366143e-13
5.5855422787367604e-11
1.0507042908598557e-10
1.7153604976374033e-10
1.482207563143034e-13
2.2186366180126188e-12
8.734054507876508e-11
2.7835164906678877e-13
2.0682114206027375e-12
2.0333150997070323e-14
1.1715367970029996e-13
6.807450136880938e-9
6.365697273133748e-10
3.5985466005005633e-9
2.7970453082542853e-12
8.775354760295786e-11
9.492474312724713e-12
2.354630272356412e-9
2.113150155634563e-13
2.779794900903159e-12
1.6665867561741496e-11
4.2730058572026883e-11
1.0056331856134422e-12
1.1099362008630514e-11
2.1693762847669796e-14
3.9231217620466857e-13
5.497040445465892e-15
1.0163165377098028e-14
5.955625577857752e-11
1.0331532031238198e-14
1.0808068071066142e-9
1.5409766017504743e-11
1.4340921367511675e-12
9.949858067189141e-10
2.0252642215406214e-10
2.4682748496368406e-10
5.535980141844639e-10
2.999975769556875e-9
1.939828332682628e-9
1.0440002941718554e-11
4.6351046267294307e-10
1.9649007398219095e-10
6.970317081774813e-14
2.1787055705752473e-13
1.154383112842389e-12
3.1947792323882984e-11
1.5107534089556883e-9
3.5725217881320466e-10
3.2569945661516456e-14
5.136985043081657e-12
1.2070208006971837e-9
1.1230892650770411e-10
1.4414895883952935e-10
1.8688003545270331e-10
2.536524802697473e-11
2.4630002911326107e-11
3.4789917035760505e-12
2.1552396822011114e-9
3.614933755797604e-13
9.269927513936247e-13
4.1535176817779216e-13
1.1539648955044457e-11
5.092248600168864e-12
6.982640073709532e-15
1.8782232107931952e-11
1.1251427969026819e-10
1.604742231026572e-11
5.140019227496745e-11
5.506583107356941e-12
5.433597462354483e-12
5.624419046149973e-10
2.476557085868031e-10
2.5295454709875677e-16
3.7872198910560945e-11
1.179889839807448e-13
2.910232710574847e-11
5.1448025033738e-10
3.5805253472055316e-13
5.017879049478834e-10
5.708900193139827e-15
2.720448982068281e-14
4.021911242443509e-13
2.3362451146613937e-12
8.836227934841659e-14
3.084714607515198e-15
2.567398322023027e-10
8.163443151071623e-12
9.634376508378651e-10
9.494539737357413e-12
1.6218938197471235e-11
1.7571350424647777e-11
5.157191493828946e-13
7.385255755183989e-12
5.983721599784145e-11
5.205224356552556e-10
5.5979474588140575e-12
4.35620120522539e-11
4.922204145138648e-10
3.949884849088853e-13
2.6446127939680865e-14
7.961239841913086e-10
3.629202619493214e-11
1.2571048717478125e-12
2.0272966249181386e-10
2.827867646987793e-14
1.7690858372354438e-11
3.0789174739176015e-10
4.371205556678504e-10
2.383159771977254e-10
2.2271142782881285e-10
6.845374387865382e-11
1.9725955254598563e-10
3.283017080758223e-14
8.548150229655917e-12
1.530889674115842e-14
3.731876306020042e-11
1.6076897974079827e-13
1.8334537943350392e-12
7.886490810906924e-15
5.278481248466021e-11
1.5189656173860771e-12
2.517239699134698e-11
3.563710319625392e-10
1.0963040420789132e-12
2.93178754959208e-12
1.8195399019634527e-11
7.931007988032771e-11
7.885081941059878e-10
1.1978626704882607e-12
1.167271867984042e-9
2.527551717324577e-13
2.2023976595621765e-10
1.2888985216174772e-12
4.0864585985177166e-10
8.167572699504768e-13
1.3611467913997182e-9
6.730690607907003e-12
8.698838295120769e-10
1.0020676347645976e-12
1.0184072522205812e-13
5.056880150440685e-12
1.9646557572920796e-12
7.523090235335172e-11
7.736064881707135e-12
9.024140525937024e-14
2.478612756030755e-10
1.9207756553131597e-12
3.093634403283626e-12
1.706009630421512e-11
8.097596797239576e-14
4.737135014734071e-14
1.184109281081562e-12
3.5493119805951145e-13
6.153461205013037e-13
6.416080276850331e-12
2.780518192237017e-12
9.654284590723818e-13
4.604631132001849e-12
5.558380610453639e-12
2.3689862221039627e-9
1.241991252019902e-11
1.9503137683592244e-13
3.643289518227694e-11
2.2015494960869698e-12
8.05532759442646e-12
2.0713421856382575e-10
9.192102215308966e-11
1.9362768612071534e-14
2.7469927496390642e-14
4.485458997769204e-11
1.8704403498835525e-10
4.991699578628715e-10
2.388686039009147e-9
4.736528828192412e-11
7.637644531859757e-14
2.9845750577140826e-12
7.223165672910028e-15
1.323634875535343e-11
2.602094248748302e-12
2.9791021860402415e-10
1.709174382696432e-14
1.591499383077741e-14
1.1642585775758473e-14
1.1644564145011962e-10
5.036923699858702e-12
2.746054959353577e-10
7.998660672293367e-10
3.1416400609851726e-12
6.06645659220881e-14
6.202582249839704e-14
2.4295592340150934e-13
1.9002976449715346e-13
1.4847852390355547e-15
1.2563481994114015e-10
4.64213825033329e-14
2.4607210261512085e-14
1.5128220849132264e-10
5.33921918951729e-11
6.875071946808273e-11
1.784318814151718e-11
1.693257769946831e-10
3.5146390543688064e-11
9.226330737716182e-13
5.932514961427117e-15
4.598163436134536e-12
5.788586487796838e-14
4.3984167334436936e-12
5.913516699994772e-12
4.403830952191774e-11
2.396727935962236e-13
2.9347618689733264e-14
3.01493663222121e-12
5.568978379348007e-12
4.072429703340094e-11
1.2756832140459886e-10
1.157262823733709e-10
1.4981846835746963e-12
3.0119803309952455e-14
8.429017570757474e-13
1.0652720581869994e-12
6.02315960359788e-13
1.3218471517442661e-11
1.0330568974640358e-13
1.776087539125651e-11
3.8026429990937394e-11
1.6730860429700412e-10
6.123145265095979e-10
4.429380323816695e-13
4.858680427310439e-10
4.373086346252334e-14
8.58694670113549e-11
5.322827519862435e-13
7.909700668303537e-13
1.6158557746376183e-9
1.5824960262027898e-12
6.045544369396187e-13
2.8483890516398705e-11
7.25404201976529e-11
3.7332855829877924e-14
3.093218698649056e-11
1.163308771253862e-13
1.5089298105353134e-12
9.68388780050545e-11
1.1447711757075602e-11
1.1860603970657605e-9
3.053606440386412e-15
1.612503049745699e-11
1.9642205844723235e-15
1.879902680262865e-10
5.238071872274993e-15
2.0135716104640621e-13
1.1113189577165893e-11
7.590531699045851e-10
7.949851248242962e-15
8.187651933916559e-11
2.8642545966911118e-11
5.464241314832967e-14
2.783270979685153e-13
1.1802352519312808e-11
1.546101029977008e-9
2.2209321414649956e-11
5.0036988850106545e-14
3.503882511914003e-14
1.6192635062028533e-15
5.077474765951419e-16
1.3330167729313807e-9
2.516914620111967e-10
1.480365996324034e-11
2.812904633796153e-10
1.6376551614910996e-14
2.3024860724519945e-12
5.416545575207253e-14
1.4933514028125666e-14
4.949250115868573e-13
1.0757837022208287e-10
1.05545572995423e-15
5.665565159463638e-13
6.064596758092378e-11
6.658019182223141e-10
2.456166981467066e-13
1.1118557425055808e-10
2.6490508942266703e-12
2.278017261787525e-12
2.5985321896476096e-14
1.6240227137631967e-10
1.0845969170281012e-10
6.879386564317448e-12
1.0942739112613942e-10
1.5245884935358984e-11
2.37100089898539e-12
2.2728358123265011e-10
5.227061155157898e-10
4.0202262320943694e-12
1.3392204709821745e-9
1.8816180558192235e-11
5.711592501736844e-10
2.2861945353194016e-15
1.2678452688476591e-8
7.615931619442506e-10
9.688570776482346e-13
1.271982122331279e-13
8.419758238050242e-13
7.403843461877153e-10
1.2308289844508581e-12
1.1166389210104885e-11
2.4359055981695924e-12
4.879264954112957e-11
1.3322763132107351e-11
1.4732489955435778e-13
1.2990891967703683e-14
1.0539766028208196e-13
1.917481930164588e-11
7.405841592877427e-10
5.1272095653724356e-14
5.755515797135339e-14
7.801243015178143e-11
7.410868360355118e-16
7.08466133038055e-13
4.39829706511384e-15
3.796732174441954e-11
1.4121218556400862e-14
1.7477536425499576e-13
1.5143846427030524e-12
1.5313857662171444e-9
1.8918425372583822e-10
6.455732261884073e-16
3.343863200019713e-13
2.454445465422085e-12
7.247990905496399e-11
8.628334343420868e-14
2.1312729468213624e-11
4.0062969434804067e-10
7.904187335685195e-16
7.2329036766596164e-12
1.1287004951059169e-13
2.2010392063749216e-10
2.5173647094657584e-11
1.5719212117682583e-12
5.0241093305307046e-12
3.901432557911331e-12
4.061320971628177e-13
9.354170768604619e-14
4.890590487252359e-15
2.3252124092261027e-14
5.3753730167762355e-12
3.09633822727658e-14
5.128698773361076e-10
3.529597414608702e-10
8.079535763238677e-13
6.236564109365247e-10
1.5377927173125098e-15
7.560432467817978e-10
5.826734383284734e-14
8.522259894281234e-12
8.07021568024703e-11
2.3311630493975395e-15
1.2540855708858753e-14
4.758307104513821e-13
1.6748517541177965e-10
5.763245741032253e-11
3.928713574683247e-10
1.0664561646865679e-11
4.71336501820993e-14
9.866122325380418e-10
5.721446323683036e-14
1.9042212696451993e-13
3.973972304507584e-14
1.9439745550774273e-12
1.198372605873526e-9
1.0421892570903468e-11
4.507349599704341e-12
1.1194527301788407e-13
6.282425505960721e-12
3.327791433783089e-10
3.3548600823331505e-10
2.4156003174945233e-14
5.729943976547411e-12
7.56053813079813e-13
6.407247153757699e-11
4.507240981577934e-10
3.763131539421788e-12
7.461168803997351e-13
9.196567186104356e-10
1.1937467670125542e-11
5.48993693902193e-15
1.1299025455684169e-13
1.2853158994527417e-12
2.772926718120401e-11
2.2012261903597468e-10
2.4116770239890646e-11
6.435935142238717e-13
2.307583711150365e-15
3.703974525183457e-12
5.759959373110278e-12
8.4229968939827e-15
2.4929195030367177e-13
8.232565877671007e-13
1.8292473117853385e-9
7.033455618887239e-13
7.600151082069612e-13
9.160611087485526e-11
8.410596186997914e-11
5.781729996468141e-13
2.7276647065595068e-14
3.62962601075428e-9
1.7060797095705907e-13
3.845818510015294e-14
2.280461679787825e-12
5.405339395369906e-13
1.495538543651287e-13
1.4347472005611113e-12
2.077175055216482e-12
1.1244325113804892e-15
5.365995603690743e-12
1.9570963644265014e-11
7.914164933190084e-12
1.0770800587807319e-9
2.111298502495401e-9
1.0048598972320421e-11
2.6016014348783076e-13
5.375411297465324e-13
3.958256184161607e-10
1.098644164930908e-14
1.1445665971261105e-10
1.627647534671152e-12
2.2377861589010855e-12
1.0223195976554878e-9
1.0939971174233552e-14
3.528913851146508e-14
1.2267743185374127e-12
9.982678284850582e-14
1.0550048058015584e-10
1.6765323168485445e-12
6.770214060386164e-13
1.0029576764278379e-14
2.867961768673022e-10
4.556109399891275e-10
4.013698504578032e-12
2.35604171931576e-10
9.872983064192421e-15
7.409168733671238e-16
5.152303836042516e-15
3.451810935934567e-9
1.835259343864719e-10
7.868421017705295e-11
4.772102433923024e-13
1.4408265264380825e-9
9.779419920005284e-11
5.092449829825058e-13
1.2580809213235214e-12
8.810533580129667e-12
3.7074295676982606e-10
4.442231694906745e-11
6.18456460643787e-12
1.8743738061462375e-10
1.4436483837923543e-15
1.1832191348280386e-11
3.917153316979089e-10
5.021051982522872e-10
1.56829768220445e-11
4.338610028850619e-10
7.823987577740076e-11
4.087099812639356e-10
1.983941209182094e-9
4.049024540849777e-9
1.0967285128736757e-13
2.8304168216301384e-10
4.879568502447771e-12
4.207720849593124e-11
4.948990644097481e-12
3.888382711832916e-11
3.229088052870309e-12
1.0132478648812158e-11
1.5422575035645437e-10
6.813232249150424e-10
8.915251380492082e-15
4.602859589687582e-11
8.208011838360681e-13
2.837248956671917e-13
2.8224413984669746e-10
2.8267918838316606e-13
1.819263912479856e-12
2.75654705098986e-15
6.826610250122616e-12
2.8027905195624174e-11
2.5500684808615295e-10
3.954997188451756e-11
1.055970187253701e-14
1.9289090997778984e-12
3.242239490254442e-13
1.1454710876460402e-10
6.866131507021929e-13
1.2516249301716379e-12
9.479455723393719e-11
2.7671766051754433e-12
6.304017309747479e-12
4.730409922562057e-11
1.0455431853011685e-11
5.5314574559980706e-15
5.513147862801238e-12
1.7601937838032527e-14
3.140190846924325e-13
4.2358116487889013e-10
4.069859963426039e-14
2.0931567002777416e-13
1.4129088362755555e-10
2.505902653491404e-10
1.6668916131152356e-10
2.0557713411415275e-10
9.648282249070304e-10
3.576536322399027e-10
5.419354360979583e-11
1.6636530564581593e-15
5.42042522170404e-13
2.2584747434714992e-10
8.141932485115794e-16
4.588083098572538e-14
7.767560018303834e-13
3.501802476063394e-12
1.7388922905648108e-9
1.5079220841054335e-11
6.725405944628398e-10
2.9910475535013934e-12
3.358674921678984e-12
1.1790691525324616e-12
1.940428584590387e-13
1.8848053812738046e-10
1.9134768609875296e-12
1.4508016630031242e-9
2.358650286465907e-11
3.598301198359925e-13
1.085921776553285e-10
5.880069973775942e-15
1.5324249860297333e-15
6.685624354845573e-11
1.2098819730400254e-11
8.320407900453284e-13
4.677310115984543e-12
2.5811880654366713e-11
4.10268150690178e-14
1.9535987157792565e-11
1.981243712768814e-12
1.7451349035313929e-10
1.3638060156568093e-10
6.977198846646345e-14
1.2897589225084148e-12
5.136224084921699e-11
1.4871671038460288e-10
6.436961796558105e-13
2.8710592399973417e-10
2.8176623456272585e-16
2.4557211941306198e-14
1.687302660281576e-14
6.595705210853858e-12
7.302248029834329e-10
2.7268436759942313e-10
3.310506524001009e-12
2.9796829802370244e-10
3.344782874817242e-10
3.4260852707339337e-16
3.3979511963050543e-10
2.7561466492347487e-12
2.397062143581727e-13
6.317746887548666e-12
6.238868424112628e-13
2.2747519072177917e-14
3.725432490491428e-15
2.1206389187507624e-11
4.458668636311576e-11
4.8561866573534915e-11
2.9382802113460063e-12
3.6734893942910953e-13
3.3590376320472598e-12
4.020879524126946e-10
1.053909496784092e-12
1.8124841701937855e-12
1.0001569775264367e-12
9.111567302829962e-16
1.6853937780855597e-9
3.098142798638498e-12
2.667265542174573e-10
3.3787069364154405e-14
8.461087199464506e-11
6.173509640051179e-11
1.552825454672231e-11
9.98630087471762e-11
1.922475184635702e-16
8.517253730279218e-10
3.6838951490954327e-10
1.5511872777048244e-11
9.625809752484302e-10
5.745406511827983e-11
1.497879989060181e-10
2.107827052537712e-10
3.6951910002172047e-13
1.6995748757431474e-11
5.609213420570227e-9
6.930332377655878e-11
1.0364379299508543e-11
2.891052687837986e-10
2.5614225580513844e-11
6.268702259939274e-13
9.101774604068197e-16
5.770727984799804e-10
1.3426151575461706e-10
2.151516569942887e-10
2.425201512575091e-11
6.249024394921686e-11
3.6415238566590614e-14
3.0573211305048244e-11
5.695860353371928e-14
1.8572959647056898e-10
4.5010578602711426e-11
3.697480033293586e-11
7.28650490903149e-14
2.724661918798558e-11
7.061788289478241e-12
3.37634163405337e-11
7.143633580258826e-16
1.138889332395142e-13
1.3054076303297088e-10
2.8228158480095926e-15
5.763340830650122e-13
1.612735857522924e-14
1.2847718042127783e-14
1.2783301827256716e-10
3.4491866032901727e-13
5.144916623472111e-14
1.5059034027261798e-11
1.7409573562418842e-10
4.201734877709031e-10
3.637878783608812e-13
1.3886695275625285e-10
1.6260014942488844e-10
3.620531932857443e-11
8.005987224706306e-11
1.3813423083984336e-9
8.972964869239323e-13
4.857555842254534e-11
9.671180346170978e-12
2.9856870259432184e-12
4.691258049656192e-10
4.2823818308146985e-10
3.855230275381476e-15
1.0418898431875756e-13
7.421624785312078e-9
1.1432848113308144e-9
3.7323815299340713e-11
7.375538403197546e-11
1.9763558250685853e-13
5.577799747525739e-10
2.854640300275665e-10
2.6244904475589033e-12
4.719895853091589e-10
8.067738556857431e-11
2.918896366531482e-14
3.0882389538552284e-13
6.774433122269471e-12
5.6761533193070106e-11
1.2208637230858003e-10
1.950631812695595e-14
4.15242626083076e-12
2.035455685429873e-13
2.85375917317235e-10
9.162900960237563e-12
3.3243383584293588e-12
2.9572271383397708e-12
9.569803290157379e-9
4.472515715272626e-10
2.769995769788216e-10
9.24227843408913e-16
4.018460358510817e-12
2.3975329675418467e-12
4.090795539324808e-10
7.536438971405111e-12
9.80821252714434e-11
2.379153384232469e-13
4.321071065575026e-12
1.7346513434278515e-14
6.704263968822138e-12
1.0502747131600445e-12
2.9300035543140643e-10
6.79199993583895e-13
8.495198033988355e-15
4.687156775537767e-10
6.927810063898788e-11
1.5306943562842717e-10
5.088728182613447e-10
2.2558841192471714e-16
1.8059618745533333e-10
5.079551796190122e-10
3.2499516827643137e-10
3.6321592176287867e-10
6.291255028340725e-10
4.044025328895825e-10
2.444238433313735e-10
2.0907934973753165e-10
3.460698211979023e-15
1.3055579933370104e-14
3.13089228079327e-11
2.6447396137869655e-12
5.36661496309153e-11
1.6269803439513657e-11
1.239663226195908e-10
1.3650593980903235e-11
1.3937992324008965e-9
1.7181398630931507e-16
5.481885620100906e-12
4.849375783935242e-16
1.2309896788624613e-12
5.935792984966717e-10
6.032250870366918e-12
1.0156889468318627e-11
1.6944273031170481e-10
2.138928132757837e-12
3.1246518566013154e-14
9.569364202799007e-12
6.40891205543808e-13
5.398595243782558e-13
1.0140603862285792e-12
2.1943880145837532e-13
1.209043102807111e-10
9.850992552522177e-12
6.031569312306618e-12
6.264126773825595e-11
5.422010600416914e-13
3.461305577493295e-11
1.8812220244605514e-11
5.993563419350047e-16
1.1557926109385165e-11
2.0701539477458414e-10
2.4506567651585136e-10
2.875701768687991e-14
1.5772349122928457e-13
4.137147342046566e-12
1.4209242647413754e-10
1.9514650022596009e-13
1.5598405760411572e-10
6.805357701526381e-11
1.639568050676372e-10
3.710173613601023e-15
9.623246438881421e-13
6.201807564093005e-10
1.1510812195465938e-12
2.57147579340972e-10
4.057002383020575e-10
2.367544223365919e-10
5.808630706698369e-10
7.679659263788771e-10
8.650048362132024e-13
1.516871889041041e-9
5.2797995073338406e-12
4.0653753173721957e-13
6.0120548554124735e-15
9.648165620410579e-13
1.2480005665838824e-10
2.770781181066325e-12
1.8580607440822423e-10
9.863986263632269e-12
3.529101519918001e-11
5.284664326813233e-15
4.265039332582434e-9
1.9790106894104654e-12
3.422058718263517e-11
1.208239971312014e-10
1.2257582772678542e-10
7.842260725464511e-10
1.8371451484250014e-12
3.2342149228021094e-11
1.509905142756134e-11
7.257883494018821e-13
4.303828787005519e-13
1.2065780438413236e-10
7.903706743234455e-11
6.504736206739994e-12
2.357356478510693e-13
8.621373686457595e-11
1.18553637832432e-13
1.8635286070443976e-10
4.1784217055464436e-13
1.6556050156588195e-10
6.564551107384602e-11
2.2841948681455557e-15
2.5152838422220422e-11
8.285902386485261e-11
3.142855153240923e-9
5.260817594970301e-11
1.5898208131118747e-10
2.485043973467559e-15
6.066507503567567e-14
1.4091187806580106e-11
1.2553886249429303e-11
6.151261777531319e-13
5.49269614585101e-10
3.598991019061046e-13
9.041723028893434e-11
8.194302476121653e-10
1.5456074973497848e-10
1.3339051340015082e-12
7.964333472234962e-15
8.026005453144893e-11
2.058933453004026e-13
3.3826026733829486e-10
8.314137295140668e-15
5.596334570226043e-12
8.414522516632421e-13
5.886708331681818e-13
5.509588534980454e-12
2.264876598172768e-9
2.8806982827558934e-13
4.179054120352362e-10
1.0893911236901098e-10
1.3198761338561776e-14
1.022928020515941e-10
3.855546653265138e-11
6.645249072587149e-12
3.3927678003225334e-15
1.137196544501383e-10
2.9314325127211685e-9
4.2901915244831345e-12
4.678519268625238e-15
9.620531845238546e-11
3.362673071952335e-10
3.452980830965386e-9
8.697628648728305e-11
8.76966069235586e-11
2.5190497030522504e-10
4.346444230263928e-14
4.293993364347242e-10
1.596296723489471e-13
5.684166957552887e-12
3.646857384671301e-12
5.914212161422476e-13
2.416833914698062e-10
6.12868291073066e-14
4.447568211195505e-10
2.965996950165738e-13
1.413864301323716e-15
7.235375141994345e-14
1.490871016365966e-9
2.07350438207424e-10
1.0904143253739028e-10
1.8659950198634656e-12
3.525794689694244e-10
6.064857455504381e-11
1.423666509979155e-13
3.562869065794067e-11
7.405100132598236e-11
3.4999992924629177e-12
8.209533344763346e-10
1.4599682731314811e-10
8.535446283235908e-11
6.243481720660175e-13
6.502365858286788e-15
9.806337558275779e-12
1.2489732040731578e-12
6.837554248861573e-11
7.066032369376489e-10
2.2626741619851246e-10
2.5866037047769085e-14
3.5481927505100176e-15
3.65576312779069e-11
5.288583368298461e-12
6.515696112768436e-10
4.740627541851905e-12
3.8761396599742665e-11
7.749700714931267e-12
1.695524642003121e-14
6.322171872504439e-13
2.2280067884689572e-11
1.3792307060712112e-12
1.398957339297533e-14
2.431262204222772e-13
1.5030492687409905e-10
2.353701084976133e-10
2.9829394127604116e-13
1.1962130121634743e-11
1.6861642762149435e-11
2.9171924378489546e-10
7.04258581149803e-17
9.344980291619724e-13
8.13574801753955e-10
2.1381044823658574e-11
5.4949705710136365e-11
5.951387695654346e-13
1.9859893771374942e-12
8.988246292968568e-11
1.0268719797673848e-12
7.660566178131179e-17
3.740471798862559e-12
6.702834709059273e-12
1.639456101460494e-10
1.7627821485911439e-10
1.6107003076919293e-12
4.431152135833301e-11
1.2057606330435194e-11
3.634087508580201e-11
5.2970034761088004e-14
8.38364007721757e-15
3.1121050659599177e-10
9.752038553931075e-12
4.1952374059266973e-13
9.015609394465205e-10
1.0286015007326665e-12
3.4917308929655906e-14
8.961924058963513e-11
1.2299298813709216e-9
5.02698158961556e-12
8.111097285626127e-15
1.9072177824291518e-12
2.0747655006687792e-10
9.017688289293742e-12
5.111001283357754e-14
1.6929380791750955e-12
5.6888670241861845e-11
4.608504632082777e-15
4.4525292135172566e-11
2.4567475691156993e-13
1.0500351607950004e-14
1.5536304225106613e-11
7.651123504706172e-13
1.505955433857708e-10
1.0137054394054378e-10
7.092995380364582e-16
6.57973755778944e-10
2.687159245577074e-9
1.2788606787937452e-8
5.569454485852826e-12
1.6244815569344933e-11
1.9300401653504288e-10
1.061859945470978e-12
2.768856622829977e-12
2.1930132943322338e-10
1.8743986742950424e-14
7.246766383859855e-13
4.435813158445489e-14
9.789597565179657e-10
4.103532498176209e-12
1.309378280407159e-9
9.75782545883584e-12
2.9784925042050276e-13
2.427341706710234e-9
6.244263635203026e-10
3.288857516058132e-13
2.185917815024105e-13
9.884272945907646e-14
2.066194553599485e-13
1.2311333109501974e-9
9.862123143102403e-11
6.732562696989022e-10
3.73443858894274e-14
7.549459741845853e-14
7.792283690237787e-12
5.724010171799518e-17
1.9265938511706703e-9
6.768841565618556e-10
4.025752103080425e-12
7.676313921258429e-11
4.716783577532293e-16
1.3384907328033563e-14
1.4222140851440994e-10
2.0703452944527177e-10
2.1784434036753987e-13
2.392426093431009e-9
2.696400606494706e-11
1.6373330492521308e-10
4.2522502863801283e-11
6.673103382190739e-13
7.530589833019017e-14
3.4814077563908226e-10
1.0182738121763215e-11
3.787733368949388e-10
1.9224053612400687e-14
2.104398044338407e-12
6.8035034480633365e-12
3.660666217667259e-11
3.7068418196049794e-10
1.1203459299910688e-9
4.074385779313626e-13
2.1920527364798708e-13
1.7788341810207435e-10
1.4721444771418147e-9
3.2721340579228935e-12
1.6865262095541758e-14
1.341345768532414e-10
6.547588714632864e-11
5.687914835162116e-14
4.669325370738229e-11
1.265029519105253e-9
4.7236079059027977e-14
8.577178143899719e-13
7.37525271540301e-13
1.5808151459364778e-12
7.468687565964091e-12
1.6631512374421576e-13
3.5853299617280165e-10
2.9421802036774526e-13
2.566270453918865e-14
3.503915271205477e-10
8.62895353133124e-10
7.071117625441997e-11
3.904835118088544e-11
1.2886866395524973e-11
1.8895288923976146e-13
4.48670649484712e-12
6.063589569635669e-11
6.360918202061638e-10
6.128343405427376e-14
9.053983968541542e-10
7.369366105585663e-16
2.039019416189996e-13
4.646089772855669e-13
5.283051262176186e-12
7.139168619765337e-10
2.862414271429262e-12
8.230434979583035e-12
1.708393537184044e-14
2.3921137623386124e-13
3.1610423535850023e-16
1.2085814656857327e-13
1.512992200685241e-9
3.921401317633911e-11
3.44991362782968e-10
2.7563246073443098e-11
2.381313430190423e-11
2.2490996340957226e-11
1.4073304927371019e-8
2.67301619156568e-10
2.2458938437693004e-12
3.02618821507497e-11
3.292859845477508e-12
3.0834041794797013e-11
4.665167489409715e-9
3.422397524852654e-10
9.110669451170564e-11
3.664870456654015e-11
2.1450264157209075e-10
1.8433535055301675e-12
1.7726619248627463e-12
5.964866592177838e-9
2.4992569252753514e-11
1.777642792026509e-14
4.1609157348025137e-16
4.10639296705846e-11
3.6775829633034256e-15
9.435192676412284e-10
1.8498222617895435e-9
2.807736264900616e-11
4.117623486547181e-10
2.9834139034468023e-10
3.865557598847152e-11
1.265483321224796e-12
3.729041179725014e-9
1.5027425689883136e-9
1.5328155375141513e-14
9.958614185645797e-10
2.5598280319334197e-10
1.602730694957219e-11
6.68458224956657e-12
1.3601461795633075e-10
6.332788460546701e-14
2.582390017409276e-12
1.4746289301890204e-12
7.1659786046953265e-12
9.712652393984172e-17
1.0636372795584175e-13
2.668432126000274e-16
1.471457450238167e-11
1.4107538278885632e-16
1.7438762843633945e-11
3.0563159740457643e-10
1.9752749684557065e-11
9.498928194431818e-11
6.4376826122851814e-12
1.397863994930114e-17
7.784641770947333e-13
2.1815775759151044e-12
3.629734902233155e-13
6.076774769276191e-10
7.471839725575745e-14
3.099308682394403e-12
3.4785773586672734e-13
7.827586820781184e-11
7.788772974259457e-12
2.3460874460091407e-10
1.7973790409104116e-12
1.2641554156282694e-9
6.030534050378733e-14
7.635340029818776e-14
5.9191167068435e-16
9.647523885299064e-15
1.7462689910396805e-15
2.414691740464998e-14
2.443451732745888e-12
4.526661755178421e-10
3.6251758618814245e-12
1.799569684926454e-12
5.3632643734087393e-11
4.825277526748187e-9
4.348364437994114e-9
1.7526627070374918e-12
3.84753388445358e-12
5.317846766690557e-10
3.248909564533937e-13
1.3545451941308448e-9
1.6302289802256358e-12
1.5599050024171636e-12
6.940112576612885e-15
5.695262130135075e-12
8.387119402049268e-12
3.7226168998326054e-11
6.829718917909886e-11
7.319761887933811e-11
1.8554161146153266e-13
2.59988398178667e-12
1.574615690949405e-9
2.737721698436313e-13
1.3604233305916626e-13
1.6432605080964445e-12
3.952976369825524e-14
8.078373158273352e-15
1.1144954198162667e-10
4.203017271338551e-15
1.6656396121518464e-9
1.178087299085717e-11
7.519838556257271e-14
4.4976929361973564e-11
1.1153224533935657e-9
8.985162060021554e-14
6.766072775611037e-11
1.6662649918810886e-10
2.3915168348688237e-9
5.162120358615312e-11
1.8196540313850657e-10
3.4339252688911014e-10
2.0838876490696316e-14
1.1862960306695777e-12
7.560541953966614e-13
3.2512101813750437e-10
1.258753624111587e-13
4.1409500301592665e-12
1.2835701011582807e-12
6.654635486387544e-11
1.3892169064547858e-9
6.893025677948081e-11
1.1953123179646431e-12
1.4126949421542016e-16
1.0159746456714469e-12
4.918128981082747e-12
7.747071877060792e-14
8.206667627395326e-15
2.552039808984223e-12
5.087333851088529e-15
9.202440532556782e-11
3.042713013291172e-12
1.9173423776220265e-14
1.687228294422345e-10
3.096477802870397e-16
7.132701532671216e-10
1.3699158825070582e-13
1.1203206762605267e-11
9.82461611167399e-10
2.8242659615008744e-11
2.3711057095061058e-14
3.7825527745131277e-10
1.5194640701853373e-10
1.1360464496010243e-12
7.286962865493692e-12
2.7352809172973165e-12
1.967417498802036e-13
1.4781888566159542e-12
5.607896425432897e-16
7.163110824592106e-12
1.0149894131894821e-13
3.005575447908029e-11
2.2870138887935716e-13
1.9251956369401478e-10
1.8002835143944107e-12
1.5085814465365247e-11
2.2009649387432725e-14
2.6696664553764582e-14
3.5183897952431757e-12
1.626589297299812e-11
1.2581795153837822e-13
9.714944542255067e-11
3.510005156721061e-13
9.901985841311042e-12
1.2394507162547501e-14
1.1252646937040818e-15
1.1562287351370963e-11
1.1970476262546358e-10
1.6820537479402842e-12
1.4616779646186826e-14
1.3961072312745039e-9
6.802442401567173e-14
4.026297575585585e-11
4.171204289276649e-10
2.0286246507494332e-10
3.856557999415634e-15
1.8540002810233605e-12
3.14388820745846e-12
4.151740357466137e-12
1.8279533419297222e-12
1.6237643926307288e-11
1.0676446623235356e-12
1.80620806132972e-10
5.462778578630816e-17
1.6878902673574748e-9
2.1985992221867715e-13
3.684681017836021e-10
7.479157706766151e-9
1.065294584924068e-13
5.463680163396246e-11
6.617286205603403e-12
1.3647883209251914e-15
9.981580231498706e-14
1.7873761927033607e-9
1.1469696070017655e-12
6.730968382598486e-12
1.7102509853906244e-10
7.563725190090032e-10
2.2873755561384406e-10
3.5452651924007195e-16
2.558100837270328e-10
2.1549833482512163e-12
6.798962407175768e-11
1.2792433501878105e-11
3.189967112452053e-11
2.7894661304800883e-14
9.851850110223395e-10
8.035197595617184e-11
4.457995694711536e-13
3.0275902037844767e-10
1.0397366339951733e-13
2.6638372912743818e-11
2.961719429081551e-10
1.018302930786331e-15
5.437804795313114e-10
8.442862826205891e-10
7.630117381302368e-12
1.964054716442445e-12
2.5898750179281612e-11
4.920371184542153e-11
2.444135218370838e-11
4.696457395169324e-13
1.3890567642618982e-10
1.4526582055782956e-9
5.185432670049179e-12
7.99076038818803e-11
2.8516990299059347e-14
1.9649887340245575e-11
1.7704713823043437e-11
2.109411150719413e-12
9.40241142357766e-12
1.0478906080913172e-10
1.5104489210765447e-11
1.994278327528979e-11
6.493930292682184e-10
4.418594472213845e-17
4.479404396986487e-13
9.456021836509518e-14
5.843024580233459e-11
7.717642728033046e-13
1.3535278864245382e-11
1.4025472183110839e-12
1.3079208675698935e-10
2.5996020412192796e-10
4.116831019679577e-12
6.242517493625699e-10
3.765460193753655e-10
4.3983044900655806e-10
1.1708749719458703e-10
2.594511723041948e-11
2.6653608016247624e-12
3.300267977956885e-14
1.079742195316788e-10
2.2144087365640715e-14
2.7403188850045246e-13
4.710330051677294e-12
7.703060323355793e-12
2.8112560236922114e-10
8.060647492389238e-16
1.5575987232451234e-15
3.1906712451020305e-11
2.0666692299371532e-10
1.2108679139821872e-12
1.3449790836702141e-11
1.720674006043045e-12
1.4206344539389275e-10
1.491623674021172e-10
1.5349681146194707e-10
1.973738907097537e-10
2.597957410983759e-11
3.8355871031675404e-10
3.3014276338767173e-12
1.081746197579534e-9
2.3524224610234175e-11
5.1695276810592605e-14
1.1982187926970034e-9
1.3497694840949052e-10
3.88423218212887e-10
2.1271986838883852e-11
2.4016244981447155e-14
1.7403068842077806e-15
3.6342706361752046e-11
6.336623864793244e-10
5.343416392609056e-10
2.604476532272362e-10
3.7152425360985326e-9
3.533962229188262e-10
3.0993994377293663e-10
6.434974051921644e-11
4.801652702221211e-13
1.351186481436278e-12
1.3454674837439347e-10
7.01549675198812e-13
1.2790909301297935e-11
6.465828569457196e-14
1.5488769159746443e-9
3.2510382526895e-13
3.41300658119509e-15
1.1351204587475914e-10
1.4490593190759176e-13
3.855511715619182e-12
1.529248494485082e-9
1.192911907852157e-10
4.681852856110486e-10
3.001073145088805e-14
9.941184277612974e-15
2.386780264786155e-12
1.0823872950942142e-10
2.750650120149496e-12
6.774538918436303e-10
1.1694215582438922e-16
2.921106764424611e-14
7.002959377515059e-10
4.890606577949772e-10
2.2581066912691733e-10
5.534992636071686e-10
5.300285605973795e-12
2.6679923886753997e-14
7.755783852218463e-10
2.2453434888032383e-11
1.0186945826099624e-10
4.4291475107576645e-13
4.2542616778126967e-10
6.537633586705368e-12
3.949601897739909e-15
1.616862830180754e-11
1.5117798157334267e-10
2.7132226253230022e-11
4.565792472815317e-13
3.029567502989926e-14
1.6863224231651183e-10
1.657656156349524e-17
3.2269986337740313e-10
6.096498215114584e-13
1.586536082287552e-14
4.161833546925064e-12
2.1684615190440414e-9
3.0071936940382514e-11
6.79652022166788e-11
3.285602423480621e-10
3.8101625924036166e-14
1.8599893528318398e-11
4.9037626112281024e-14
1.5429109325498088e-12
5.6326517993282086e-14
5.150596991215935e-10
3.4633154995732204e-10
1.387781343772539e-13
5.7208990104218305e-12
3.2751922191894374e-11
1.089413242028282e-11
3.9129830040583874e-15
2.833022169119957e-10
2.8037163171042266e-14
1.1341824418760266e-10
3.006778535487644e-17
6.570198823429742e-12
7.359755239052269e-11
6.518512654502314e-11
4.587469579823239e-11
5.992995286956571e-10
1.9239563069393738e-9
1.3083918160481362e-12
1.868694490481127e-12
1.6360170700257586e-13
3.5538914441026885e-15
1.6427492071810624e-10
7.448415402368606e-11
9.055945252342248e-11
2.733147088709751e-10
2.916127467101831e-11
4.663933618806119e-14
2.409617422275847e-10
6.241442974818441e-14
2.365593650147954e-10
3.582080080097661e-10
2.031148934082435e-14
1.0128500220549745e-11
4.615492224851779e-15
7.601045873133085e-9
3.243101068708319e-12
6.404344001270376e-12
8.847820106939734e-13
4.384256991177853e-15
2.598808409744721e-10
1.3450810846222498e-11
2.658461439630719e-15
9.31104918586305e-10
7.52149989218276e-12
4.85223021702253e-13
2.304398441752618e-13
1.2326883177286496e-15
1.4363685740991553e-10
1.0712400972790487e-15
2.359633728069715e-14
4.695980366209072e-12
3.278045803188267e-11
2.239987404711654e-10
5.701245307953051e-10
4.3393112096315116e-10
4.302841670950867e-14
7.23450869125494e-9
2.6834744266935555e-10
2.584065186214634e-10
9.138712386137725e-12
5.351114562836355e-13
2.1765068757124327e-14
1.8467815392246568e-10
3.286730256537857e-11
4.891116504473108e-13
1.2263771017104776e-15
1.2298235872643413e-15
1.2002535021791529e-11
1.0441431147579613e-16
1.7261450470251255e-10
4.717698160330987e-12
3.036665292646133e-9
1.1965521815092277e-11
8.928701172014765e-14
2.8249365048135475e-14
9.604963411577934e-14
1.5817804315999784e-12
2.0572273600405167e-14
5.597743962591756e-12
1.5763106036294025e-10
1.1121901480100959e-12
2.242108838154125e-12
3.783515288430892e-10
8.891820210252707e-11
3.874597972535408e-10
7.436909175080203e-11
5.255786460776922e-10
1.7401722524036615e-10
1.4879396201152274e-11
2.9420740590384027e-11
1.9238923794640175e-12
3.600545216925515e-15
7.764065777190109e-13
6.342101609255494e-12
1.5059604310789137e-15
5.114407148579467e-10
1.6142496909829249e-12
5.740503822431742e-10
2.9063039798902393e-16
3.848757704615996e-12
1.6155220765368156e-9
6.443186043558444e-11
1.9726236169470227e-13
1.1294540565105973e-10
6.334318655717837e-10
2.66624340407925e-13
8.134044796137701e-14
2.398361569933568e-11
4.116456675850983e-12
5.0345510859287834e-11
4.2199243839872536e-14
3.9095892546540474e-11
6.920803823568842e-10
7.365274895789488e-11
5.9550907541246984e-12
4.598252370052323e-10
1.8853368951452842e-11
1.270724041368234e-12
6.883159176475578e-12
1.0491954306298165e-9
3.989176023136697e-10
6.161364216115662e-11
6.046819776206909e-12
2.1305306019221955e-10
3.188638408315849e-10
2.453601122961784e-10
1.2456822988287942e-12
1.2529354263040977e-11
3.511748460980652e-12
4.136144502867046e-10
7.634537488058463e-13
6.700821376639887e-13
1.9838330168927673e-16
2.1137756509376567e-14
1.1184954174135095e-12
6.720454676865382e-10
2.285160147164542e-13
2.0364026413121588e-11
8.18123148784789e-12
4.7154724168691665e-12
2.420602497785724e-13
1.8705596516785148e-15
4.822706985718987e-10
6.89477863267342e-14
3.417902406253391e-14
3.048245951841619e-11
1.4766072830234855e-12
5.214577441324596e-11
1.3321758095860831e-11
8.149892486223595e-14
5.856003769946791e-14
4.687510588993991e-11
1.991138615847474e-10
6.900709096095513e-11
1.9357675400547122e-10
3.636064537970158e-15
5.115884616508627e-13
1.949360869455904e-13
6.45393902071323e-14
6.18764697144793e-14
1.2568377710065074e-11
1.9661019477831137e-15
2.2965602597378006e-10
5.4864222233022174e-11
1.4814242115657838e-9
5.158373722433011e-12
1.3526762179460986e-10
8.83199555171724e-12
1.081736844171298e-10
2.5232090986509358e-14
4.684558371492015e-13
1.2493496657216683e-12
1.466460128627142e-12
6.087474431033133e-13
2.5517452817407682e-14
1.4339912170188917e-15
1.7322742285849283e-11
4.9141523361728216e-12
1.0389703694475314e-9
1.8509009489560196e-14
1.7836422415771417e-12
1.1386901154766771e-14
4.2898411345507205e-11
6.921642454128875e-11
3.2251350005448027e-10
2.833954175098788e-13
1.2698740258784626e-11
5.615737980428602e-11
3.1730373541080966e-15
4.4607459907669915e-11
1.4018098023883778e-11
2.2216891154423296e-16
7.695761838022438e-15
3.4851919590938275e-10
1.325535485868025e-12
9.077802865160839e-10
1.1926166342664592e-12
6.659033414652696e-10
6.502548345911607e-13
1.2338693787996273e-10
2.8877273600699824e-12
6.3973213577548e-11
1.7776158842708784e-11
5.80214039294912e-10
2.4088224805311068e-12
5.650694835071066e-10
1.5165884558568307e-12
6.91026712582469e-15
4.994167126338516e-10
7.141630598176529e-14
3.7015479787859e-11
5.710538115879251e-10
1.0427442702976113e-13
3.0487166052628796e-14
2.0180852991211526e-12
5.085836324305604e-13
1.540867226130789e-11
3.004611028471608e-13
1.1494383572401136e-11
4.627092891358659e-16
3.1755716947003745e-11
3.0704510581349377e-10
3.0175526323498904e-12
1.983775505385813e-12
3.965952942934213e-11
1.9077984230251371e-10
1.3355002783221966e-15
6.760845714829202e-12
3.139165809656084e-10
6.9747086189194e-14
8.640694956860665e-13
9.138869894781131e-11
5.070768109656435e-13
8.346501794553308e-11
6.44671690971878e-13
4.728606766654944e-15
1.710448980229682e-10
1.5122373823647665e-13
2.3585144691468573e-9
8.956170837665909e-12
4.3903540880284423e-16
2.70776637442208e-10
5.2401916435736254e-11
1.5476722053034965e-13
1.826747484564586e-13
4.637572468489852e-12
2.60906505849125e-12
4.747486093966763e-11
6.222060936551052e-14
1.065520572358611e-12
1.0775665397314263e-10
2.9026428980809844e-17
4.068560140194658e-10
5.472421702520892e-10
1.118599587362904e-11
2.5580966234818854e-10
1.5726312962548598e-10
2.3364461299383403e-14
6.600290869807641e-11
2.19758659552358e-11
2.346914809409302e-9
1.6559865585892481e-10
5.46695565448813e-12
3.487980964116923e-17
9.043531409138248e-11
3.316983231433138e-14
2.0992615834225279e-13
1.011787393549963e-10
2.6110860098926474e-11
1.7319228633427162e-11
1.8957419131401768e-10
3.285788217347099e-10
1.322286047766507e-12
1.07308159010183e-12
8.103534835446376e-13
2.7523695514001208e-12
6.456603314191932e-12
1.0491420877304959e-10
5.0532866044389575e-12
8.797115702440066e-11
1.2047263533402442e-10
6.837460961348494e-13
7.601926898535451e-14
8.964808000481365e-11
6.834528173544105e-11
1.8445523064378135e-14
5.815432643415305e-10
4.5428444914073446e-11
4.841600390479921e-10
3.7081590474946596e-9
2.031645151324826e-12
1.0409066959777001e-10
9.112445578573896e-11
1.8850257703329757e-13
2.490897090349095e-11
8.261315764395666e-14
2.0113985505311793e-12
4.060646329588193e-13
7.320912118385842e-12
2.0763641516397267e-12
4.0756751416294e-17
2.1020073557110826e-13
2.9528625448641795e-11
7.886970427175729e-12
5.221895671520633e-14
3.878765682793447e-11
6.461353360810326e-10
1.0399712353048632e-10
3.372385986979919e-13
3.120387556749374e-10
1.0757592555328733e-10
3.484091823751101e-11
1.0670846866917469e-11
5.530895486905034e-10
6.534254990094926e-13
3.6564281877567926e-13
6.585292519983408e-12
2.571433004761035e-10
1.9533100106929017e-14
3.023075031965076e-17
8.190836387471054e-11
3.9431232912295704e-10
5.1588093024788293e-11
1.1952737875868018e-10
4.093550602563038e-12
1.128047423782574e-11
5.4866249444504683e-14
9.44218340021487e-10
1.4302509449485583e-10
9.486371508501884e-14
4.583251331584046e-12
1.4122949468877272e-14
2.309849585699639e-12
4.3013686254084815e-10
4.058199468729767e-10
1.643701283496115e-11
1.792312204942443e-10
8.94016688305344e-10
6.750100810904365e-11
5.956826991023796e-13
7.118361163848297e-16
1.2866727375934971e-11
4.865724445110603e-13
3.3029209908350785e-17
1.96751281585827e-15
3.537850781769362e-9
5.939699148062327e-16
5.481512453894483e-10
1.841323388847023e-11
3.4484565873547494e-10
3.6122070329764004e-14
2.449253691571386e-11
2.2222891353613498e-14
2.4323755723758926e-13
2.076719136172621e-11
3.8775543951500865e-12
6.071248592532456e-10
1.514728874901449e-16
5.485404194290473e-12
5.06202508033239e-10
1.7415674214363106e-10
5.5520527655734364e-11
3.9414421418680675e-11
1.412929658816289e-10
2.0164292869918114e-14
7.441806201266941e-13
9.430286249362105e-10
6.027203951103597e-13
1.287582969460921e-10
1.1645936537223786e-13
5.596469356794021e-10
2.6085874482220997e-14
3.743133656558346e-12
3.816025482450102e-10
4.5490452207906406e-12
8.512142718763236e-16
2.6129555449807882e-14
1.1709299959462223e-9
5.012882019971903e-11
4.873720642646068e-15
4.206158278912782e-15
1.0814148503218397e-15
1.7937949166734266e-9
1.2325781221899373e-11
7.3672031678027e-16
6.889988787274758e-14
1.7804265186229331e-9
2.634154558792147e-13
1.4135719516029965e-14
1.15794487396681e-13
2.6889319650294023e-10
6.834394362312653e-11
1.8814866937502753e-10
1.2206632824285499e-12
9.334679549229189e-11
1.851566001857412e-15
2.0314178503349777e-9
3.486572842438436e-12
7.824998128033606e-11
1.637897917387043e-9
5.732060102899979e-10
3.1630943638912446e-16
1.247259201264242e-10
5.889318332247909e-11
1.2484742251845907e-16
5.000896907203355e-12
2.3132898171922245e-12
1.0979391786473179e-13
1.1852279942588226e-16
3.058381897093423e-11
2.340066929791332e-15
7.391901550367988e-12
2.8315780333810677e-13
8.644833352283612e-12
2.906313459595078e-12
1.995717355459564e-8
2.8154314323161393e-10
3.4435075429763884e-11
7.93605334139813e-12
7.343266786399187e-16
1.0308485596529859e-11
7.218730488214326e-13
4.2883334008747775e-11
1.6200797660361218e-17
1.4981067026971696e-11
5.1784806426988554e-11
1.0256892109663492e-12
1.4514316451664244e-12
6.825387826836232e-11
1.3992124786760623e-14
1.646259924106964e-14
4.5712570952357785e-15
6.686845161384032e-10
1.2990435898876438e-14
2.944905183593261e-11
3.4809083918005937e-11
7.934440211356864e-11
9.343459162534092e-12
1.327175655244043e-10
2.2590865225590968e-17
6.133446762439342e-11
1.2219945562838133e-14
4.388714951089712e-11
8.065448913732758e-13
3.884962771335372e-15
7.002738330376084e-16
8.374308604855023e-11
3.654623849810507e-12
3.2026437125356435e-15
2.5298696275331715e-14
1.9000772995977417e-11
2.582982512473554e-13
1.6247868896351293e-14
1.7008348254908208e-11
3.035493958531456e-11
5.951804660336999e-13
2.3731900666629693e-11
1.6013555935969864e-14
7.192455867268943e-13
2.2703489076616083e-13
1.8643727394949858e-10
1.3363881225595628e-10
8.654327759055955e-13
1.0637241778704853e-9
3.100668288633283e-9
1.6329722709684e-11
6.505948553282914e-11
9.198621646323569e-12
6.651332978563739e-16
1.2963289446189826e-9
3.5641534705348297e-12
1.1091618192786954e-13
6.129606431668893e-11
2.1800705875766996e-10
4.665865986349986e-10
4.325077652477495e-14
9.954784532679747e-15
1.6236172074941507e-17
3.773075791468003e-10
8.042468662431688e-12
4.989827576201807e-12
2.937262396374747e-15
6.374076015044695e-10
3.5878475026473877e-17
2.0001378703979915e-11
9.171219771963779e-14
3.3619024187604005e-9
4.971466744676403e-15
7.736369847654066e-12
8.561760502382614e-15
2.9005984484897105e-10
1.2938855374820783e-9
3.490055184255597e-11
5.616688662142442e-16
1.4083670839679499e-14
2.633465024029271e-10
6.54851531803475e-16
1.5891497455257221e-9
2.81951775241801e-10
4.611396313696102e-13
4.089685144737815e-10
3.5261317876669394e-11
5.885941668726686e-14
4.980198721230734e-11
1.51000069032929e-9
3.3755690239629236e-11
4.219099370880958e-9
2.933695529648787e-13
1.0716929862312517e-10
3.89710601987245e-17
2.733927027233425e-10
7.037316955315837e-13
5.329017605989504e-12
6.018252049068554e-16
1.9535237734660393e-12
2.4965303640072256e-14
1.323375785200293e-12
2.027106070917734e-11
4.153920431703076e-14
3.094452054561941e-10
1.7199230082419595e-12
3.47491821525057e-10
5.8374209099645045e-12
1.7248253293047161e-12
5.876240342476718e-12
4.523565568655717e-10
1.2788391129069685e-10
5.630717825742904e-13
5.379338324514232e-11
3.582179306274075e-12
3.1574752180767508e-12
3.492740515013319e-11
4.0447543457542185e-14
1.2060966575101809e-14
5.5242592449292105e-12
2.3860226662131494e-12
1.1618485014752024e-11
1.0127299057878279e-14
2.3071743229807623e-12
5.577052127604926e-8
2.297679712189256e-11
9.42942678366159e-16
4.3774538552923836e-10
1.0792199224057763e-15
1.568870563421266e-16
3.786813561611668e-17
2.071915510671088e-15
1.6828639610313227e-10
2.98117499643164e-13
5.987602397641134e-10
6.115957462941712e-13
2.4552175417301006e-10
5.596837564259962e-14
1.9796470833038524e-16
1.1067126713798535e-10
2.4009060942058206e-14
9.609407150853476e-15
3.646476850350717e-10
1.2222054906801571e-11
6.954916693653421e-12
1.1834722150524155e-11
8.893195680645431e-13
3.118796736258734e-14
3.219375259561606e-11
3.1567936247860683e-10
6.7741745138199494e-12
6.558421261281098e-13
3.1024247259681405e-13
7.328376877078459e-13
3.9523673583436437e-10
3.185503451608837e-13
2.0377687304004176e-10
5.467027592628562e-10
9.030037447162138e-12
2.101197072531716e-15
4.9877498392530213e-11
2.182458024550406e-10
1.0008559549371876e-16
1.500632726030038e-12
1.371300660931495e-13
7.997525695845858e-11
1.6984320076327285e-13
6.98271056386975e-12
1.7249980234621606e-10
2.196822322285497e-12
2.2818872297999462e-10
2.0458355024297435e-14
4.7639103098932703e-11
1.7911428956550097e-10
5.036828883754868e-11
6.096884377393636e-15
2.1409011466267606e-10
2.3687072753972735e-11
3.058065739245542e-12
5.681993842170944e-13
4.203680226725836e-11
2.1410347158947481e-13
7.923264299321554e-14
6.130510942821713e-10
2.455416932850615e-9
5.174428655160236e-11
1.2527529722922125e-12
1.3699710391687986e-11
1.2233801102717346e-10
6.203737125753078e-9
4.3613471479105895e-14
1.8086535666378067e-10
1.5685037156746789e-13
1.0538335946569154e-10
7.819173969434772e-18
1.126489942238225e-9
5.182550716561651e-16
1.007136529173791e-9
2.8700075355866147e-11
3.128503809283489e-13
5.652747927892758e-12
1.6269372308141372e-16
4.375445401363973e-13
1.3153690827412401e-14
8.374942796624257e-11
3.994571560861064e-10
1.732289200531613e-12
1.9117395793033186e-13
6.2554256872036e-11
3.164245921459807e-13
3.788806516483201e-12
1.1478706542095043e-10
4.956712169960162e-14
1.9925911559217512e-10
4.44174780339468e-11
1.2034085668839198e-10
5.29248543940282e-10
9.198821238376778e-11
1.6083410261808284e-9
6.593806811837276e-13
2.2717968418131122e-12
4.992968867394537e-10
3.9073922107008416e-13
2.1034037864167665e-11
2.5151616811156558e-11
1.9811360324143913e-11
2.707374640097066e-13
2.895836452992841e-12
4.426009490161306e-10
1.4989969346800724e-13
5.515266181776924e-10
2.4949781120418425e-9
5.2296680985675524e-15
5.731035169153254e-10
2.2166071157501046e-14
9.165847747348365e-18
1.8859246918269001e-10
6.532961804240795e-13
2.5588543205278587e-13
4.1504142262875203e-10
2.2611567493004452e-10
3.717955433529583e-10
4.1345635950517375e-12
4.887624070010753e-14
2.517545773101793e-10
2.2840492867875173e-16
2.0569827202851623e-13
1.9002385566197283e-10
3.54013032783863e-11
1.6475182806749804e-16
6.315548308766763e-16
7.674326881783582e-10
2.400674298765252e-13
6.335122731035841e-10
2.0174963221097934e-10
3.783385913409422e-13
1.0600631292008906e-10
1.0195855889611293e-11
8.560809082109776e-10
2.4420603345086514e-11
4.252027045181184e-12
1.500979395987519e-9
4.316820965024675e-11
2.6339855289650955e-10
4.781810576861106e-11
1.4037764356625805e-11
1.7882571051082213e-13
3.9566058317602056e-11
3.3636930957469616e-11
1.7205943204368965e-16
5.226820424686795e-10
2.1565427661718737e-11
1.7706896062361545e-14
3.221098029122642e-12
1.9193564856251038e-11
1.3867186340954821e-12
6.786866515344398e-12
3.8478963323726023e-10
4.2737895148560454e-10
7.912691536338169e-15
4.1808339364911826e-13
6.770204335607863e-10
4.383197522217618e-11
1.3701740258586077e-14
1.5529056450953206e-13
4.6377047904015755e-14
8.887549623280833e-11
1.3569509917429088e-11
3.3973812247382994e-10
1.992161654188675e-10
9.855044113192303e-11
1.0507094666399664e-12
4.711574933210805e-10
7.625881992302052e-11
2.2975657535565462e-15
9.307030073017883e-12
1.9573807828319884e-14
8.72524944894601e-13
1.63029685582624e-17
2.2273127321604256e-10
3.440713959841751e-11
2.1387340080272603e-10
4.4702214190913755e-14
1.1142374111898948e-14
7.447629984316731e-11
2.4638900892147968e-14
2.852978081044667e-14
3.1656885967816905e-9
5.435970894885858e-11
5.953641693359403e-17
9.81599718476199e-10
7.80018161433096e-10
5.381098910204165e-16
1.7952606239763503e-13
1.5553235668148587e-11
1.0110520743118478e-10
4.490690159691734e-11
1.0745802621808853e-11
8.379890806068439e-12
4.366137872304752e-12
1.7587271919383615e-12
4.411036605708835e-13
3.381724582497733e-10
6.994670165970421e-14
1.9207433526328493e-13
4.8914408445524726e-11
2.091649220193875e-11
3.9354370345780244e-12
2.6507121800259143e-11
5.854303686015905e-13
4.1532803448323503e-13
2.172247654041336e-10
1.2796786019450848e-11
5.011063959215142e-10
7.015539189409911e-11
4.5377819840884304e-17
1.7468677841955804e-11
8.524891641156135e-14
9.327861393338522e-13
7.351884531360273e-10
9.152759025280095e-14
7.679308089160053e-10
4.587938235719426e-16
6.450298456025551e-15
1.2090502515546621e-9
1.6434790870135893e-11
7.766754677465994e-11
1.837693934728593e-9
8.16572341278425e-14
2.794758417903863e-17
1.803628989431537e-10
1.9074696282305135e-13
3.2919414551744124e-12
6.608141641517809e-10
2.3711985558355114e-14
1.999004482482643e-13
1.0898927093758793e-11
2.439938734249744e-12
1.566517479699907e-12
3.663504035883329e-11
5.960675686141518e-10
1.3943977300648252e-9
1.3317641235008994e-11
2.0662104558482075e-13
1.9566279694155314e-11
3.961462918306457e-12
4.5332120762408596e-12
6.487591620237171e-13
3.594013268728592e-12
1.987942040827949e-13
3.7218869753573165e-11
5.278227285651968e-11
5.4370604852725506e-12
8.10459099916606e-17
8.61182257818516e-16
1.0855022543949805e-11
1.3777704943425648e-9
7.233868350662601e-16
6.8733605265714e-11
2.8641340837324385e-10
9.561950730973157e-12
7.081216096670369e-10
2.5564144921167155e-10
9.284361829537656e-14
8.245652831974418e-12
2.955117616289965e-12
1.3844240258694836e-10
6.884854567623399e-12
3.005046801457377e-11
9.984062276414957e-10
3.9897056106773014e-10
1.1761911196078522e-12
5.020785852316941e-11
6.585311253029126e-11
1.6966071942837467e-16
3.0124894642894125e-15
1.6152783856174612e-10
1.0492418854718234e-12
3.4920061590763678e-15
1.572374545853905e-11
1.341346519529875e-14
1.3627298142693536e-12
2.073118318139568e-13
5.806493328172849e-13
2.025637871580421e-9
4.070643190784399e-12
2.884942549969713e-10
3.031088048454731e-12
2.1840524882001284e-9
2.3190393397667325e-11
3.5714575095505057e-13
9.348688638395954e-14
5.15829552473491e-10
8.489562761555051e-13
8.570849189748312e-13
2.531632041977916e-13
8.16098015408281e-11
1.2816651786671443e-14
2.011021218952531e-11
4.502680945043359e-16
2.4500923255885536e-10
4.242619004011579e-9
2.1547036821532614e-10
3.078183981397099e-10
8.374175054282591e-12
1.992038916321879e-11
1.638166411728144e-10
2.1193008057689034e-13
2.86785244825289e-15
2.9899696015770496e-11
9.451067007121149e-12
8.076312108052312e-11
4.817646004664343e-11
3.5729548824893733e-16
1.018154598595786e-12
2.5740122566724096e-13
8.462205186164023e-15
2.289970528519008e-12
1.5244872787618842e-10
2.810442828749365e-14
1.2911202522993632e-9
2.9297908673653336e-10
1.884632850696504e-13
1.1831917788377198e-11
4.167700835669652e-10
5.274920046332338e-16
3.09712619905096e-11
4.321145365937123e-12
3.858205468884091e-11
3.088412295326287e-11
1.3806912907512296e-9
3.2769120703135774e-13
4.9480795512171246e-14
5.641658185076162e-14
1.3158107195885327e-11
2.2140598537225678e-14
1.1721881938117397e-12
5.596302422100546e-17
1.2140661920693913e-15
1.5527101447175282e-13
6.270154073664207e-10
6.477183527819841e-14
8.079854017398977e-13
1.011407108008994e-13
2.8950317415794805e-12
1.22237546588582e-10
3.595686944875768e-16
5.763982352529953e-11
5.651676066764085e-13
7.503964798794965e-12
1.272718019215404e-9
2.4375363751982132e-12
8.610844855013405e-14
5.615148280126003e-9
2.5166246262305754e-12
1.1197875417860586e-10
5.744114716228161e-9
1.3725878053185362e-15
7.19957093169999e-11
6.358140133002804e-12
1.2369619528323404e-10
3.466111492251648e-12
2.510998584051554e-15
2.126579299111665e-11
2.861930290515378e-13
2.5248548373310266e-14
7.898832267448275e-10
1.0992618679111533e-8
1.743163189198196e-9
1.7820516177313926e-10
5.781868910667243e-9
1.2149525400314308e-9
2.7883254083788185e-10
1.670777885337732e-11
2.1613354276634587e-17
7.721710537104597e-12
8.366690606912503e-12
1.10354167092335e-14
1.2768676446598217e-15
5.0557087778214224e-11
7.059867699648676e-11
2.9425425672283707e-10
2.093092021980237e-13
3.187898469776886e-12
8.624462692469248e-16
4.192248011605969e-15
9.298288921603472e-12
5.2753952605949215e-12
5.5842768459031176e-11
1.8728448221435148e-13
2.3655564377573374e-15
3.229093827486983e-14
2.735684612840342e-10
1.376021973668378e-12
3.795512306755577e-12
1.6208495685561956e-11
1.926014482842479e-13
2.8064547486333174e-12
6.975006843503155e-12
7.730366959593674e-12
1.314280597055113e-16
1.7847767940223871e-12
7.56983345042349e-14
1.76638867168182e-12
8.650318320973684e-10
6.657466151220842e-12
3.643596055538177e-12
1.2572720381864881e-15
2.505737167577816e-10
1.0089853206748818e-14
6.360769594485253e-10
3.326031647950018e-14
7.261453603110672e-10
1.593444625004539e-13
3.180128436907513e-11
6.26066220421542e-12
1.29233704106415e-12
1.7306450830976594e-10
4.3507785272405077e-10
7.822141253221046e-12
1.869694701675915e-9
2.198764339952457e-14
3.8394887566943645e-16
1.9337662232290463e-12
1.2482666716372896e-9
1.4749656485467086e-11
1.325403213753115e-12
5.006892072628011e-13
5.700038678695331e-15
1.053063927849445e-12
5.0164948308951034e-14
5.239332055121511e-15
1.5922437374448781e-16
4.709492571845344e-11
1.6172892127084372e-12
1.392792303771162e-11
6.49759459140062e-8
3.309291231745082e-13
3.95328160559942e-12
2.9849630603957575e-12
2.2577075289415573e-10
1.6980931252573692e-10
1.1881410374544235e-14
7.627918899861391e-11
4.46778972334557e-9
6.080578282382096e-10
8.48837925523358e-11
1.8269502477218054e-10
2.212062992866427e-10
1.0990245413383959e-11
1.75574740395751e-10
3.42078445709902e-11
6.493584830691049e-16
2.2434084751925415e-10
4.0869440096164846e-14
5.970901563534836e-14
2.760691344564504e-10
1.4622506314373085e-10
3.435734008562098e-13
6.503448388895467e-10
2.4424261910869753e-13
1.740741518819739e-11
3.789621032459239e-9
3.3389051019836176e-13
5.464646718685253e-12
5.172827896588883e-14
7.251005332506917e-10
6.915479943161889e-13
2.6611362901061467e-11
5.335786309886347e-15
1.1905282219233867e-12
5.890297851367852e-10
2.8164662591082734e-9
3.488399631059693e-10
1.8058358545130748e-9
1.2668051879415842e-10
1.2740795455866997e-16
2.6105889052772256e-10
2.863569917712675e-13
3.0366835301152223e-11
1.0495366479583153e-15
1.5962567540606375e-9
1.705399725841054e-10
9.839819611994651e-11
1.4291048770006307e-15
1.1072811330907639e-9
1.0834788977424255e-12
6.812898983714912e-13
5.179063434131446e-12
2.504400655758704e-9
5.85721163401928e-11
1.0182283588801824e-13
6.718909216986769e-10
1.984075624249262e-9
4.294559182553152e-11
3.371276607160429e-10
7.632096884767358e-13
3.734279766014064e-13
6.015757059105849e-12
2.3173268329039128e-10
6.404054341095675e-11
5.283701201838855e-10
9.745559113473876e-10
1.6009070134738556e-10
1.5064997815121261e-10
6.614718799355952e-17
7.890476968650585e-12
2.260022486541037e-15
8.015329801767126e-15
1.880960498615949e-12
9.814261072240073e-16
3.1341820782134573e-10
1.7443793857123489e-9
2.1098145811147207e-12
2.707704843494244e-11
6.777600730891137e-11
3.484734352874428e-11
3.201711856249987e-11
7.247816048968779e-10
3.261987414411116e-11
1.12538353426479e-11
5.548971761203928e-14
3.436882983766505e-12
3.7453715615346694e-10
2.139318707782757e-13
4.451964704705713e-14
1.435427602847637e-12
6.751483684773265e-10
7.847095160486379e-10
2.7019960168273417e-11
6.218133092065071e-11
2.7333009064357425e-16
3.4015382899895503e-10
1.2831301522295398e-9
1.9968281380145805e-10
5.024172137514093e-12
2.5793885420019855e-16
1.0359057556981826e-12
3.754497760519953e-11
2.1184753315783236e-10
2.809083210955768e-11
7.510254889950962e-13
3.981506042458686e-9
1.501016956410213e-11
4.563800917429367e-13
3.3812580247059895e-12
3.119045063660301e-9
5.125086024997701e-10
2.0442612485497061e-13
6.174648223375206e-13
1.373146913838486e-12
3.756808093664093e-10
3.1115226086116227e-10
1.0713044946038254e-15
1.0970295276561544e-12
9.9842485731651e-10
3.7678968367102815e-12
3.109804823233097e-16
1.417535558071695e-10
3.607330036685296e-14
7.489300089349708e-12
6.737685764401856e-13
3.097802222698089e-17
7.029547373862906e-13
7.1546371855084386e-12
1.9532792006040465e-14
1.8434281426473286e-10
1.3672130658719193e-10
1.544246218430089e-14
3.374731226011603e-10
6.117990117959398e-10
5.064099102893015e-11
6.114761525554407e-10
4.735624148834658e-10
6.065232177766106e-10
2.8599897907477894e-10
1.8796492979410953e-12
8.99445393597372e-13
9.88063631974034e-13
8.208049565488206e-10
9.026201530653492e-12
2.2375933315793675e-16
8.54357169511973e-12
1.0938683744867768e-9
5.919477562379821e-15
2.675941903160439e-12
6.2215985367394835e-15
3.5612241329548554e-12
1.535462739576364e-11
4.8755332084585746e-11
1.0186092032161157e-9
2.1141427116523354e-15
2.851490426850451e-14
8.985043184664946e-13
3.310559337428312e-16
8.429991607427539e-13
5.796920779057284e-10
2.579635616414386e-10
1.3193763080736984e-10
2.497175435999495e-11
5.390267882812744e-14
2.8544800866158166e-10
2.0050176874972885e-13
1.4754356785712048e-10
1.7386064068597548e-13
4.8589120054244654e-17
1.2243559756567488e-10
2.229898427425565e-11
9.676707159408608e-11
8.87673869689583e-12
1.0979385227497758e-13
7.590158939649118e-14
1.1127254030428584e-17
2.1115552269389018e-15
4.557125040856816e-14
4.079190887773686e-12
2.075515061885169e-13
5.692830432782102e-11
2.5520638611037526e-13
8.110261951988618e-13
3.1971908690926356e-10
1.6013897868133075e-10
7.596373749005333e-11
6.934322136493718e-11
2.7531706061178937e-11
4.0542665641020264e-10
1.4974714272876191e-15
2.6648727564854382e-12
1.9370191586620597e-11
1.7716534319553584e-11
8.86690721532645e-11
4.0645906876994686e-10
1.1083078202518257e-14
2.7560971087842093e-9
8.67141575514168e-13
9.972689474092772e-10
1.1788094842000942e-10
4.010046697931939e-10
6.310197446813431e-10
6.291500718615908e-13
1.6661034440255312e-12
7.004543478479172e-10
7.071984645214762e-14
7.32198328629859e-10
1.1153691104950383e-16
2.035058378137893e-12
4.355687377139192e-12
1.7563044541456948e-12
3.087398925533369e-14
2.470392274419144e-10
2.3075855962134856e-12
8.864871987258947e-10
3.284300191820872e-11
1.04331931137012e-14
2.1153845879438156e-13
1.47582050065544e-11
6.23187207178701e-13
1.3280095045579807e-13
4.614100670576285e-13
7.098563209190751e-10
3.776584757489635e-9
1.5637844273402864e-12
6.560583652705711e-12
1.1711344868665687e-12
6.790406463966948e-11
6.209544397724093e-11
4.0091113024120306e-11
7.375535739671096e-10
8.009205331746793e-10
1.0606045582845177e-10
1.153800420687207e-11
2.7964716836183777e-11
6.43610960101253e-15
1.1377947739428097e-12
1.0860435552642517e-9
2.244789516161396e-13
9.21984879011429e-10
1.043453229813074e-11
5.012089088783159e-10
3.9099675907494595e-11
2.9298201726190998e-9
1.4107785427435833e-12
1.287089441409097e-10
1.0592720012478698e-9
7.756391517395455e-12
1.134118451119357e-11
1.0987825235871419e-16
2.241234980258917e-11
1.0410568992591503e-10
9.50088783241674e-13
1.0622251039143859e-10
2.391117080811708e-9
3.268979299505135e-12
2.0296238442216072e-10
5.016067127363474e-10
4.214967300030077e-11
1.6326786365347623e-10
4.975400347137713e-13
2.058017609096749e-10
1.428434327072958e-12
2.099912876106538e-11
3.8263093971978285e-10
1.0135369510320665e-9
1.210239328023047e-9
2.342363479058017e-15
1.005892067173039e-11
1.7330218133956493e-10
2.3515435093235254e-12
2.1979771129863346e-10
4.372493565358283e-13
2.287809950938102e-12
1.0416263168025586e-9
7.025983966175515e-14
2.361420699321734e-10
7.286097125289676e-17
6.93178462468969e-13
5.023168893617087e-14
2.4003157296731597e-10
1.0145950064722934e-12
2.9024807156583776e-13
6.511964676659255e-12
1.2327071404282608e-11
4.912931745649436e-11
6.005964215515963e-14
2.447048917645983e-15
6.141453539710733e-13
3.6314254281845018e-9
1.2472954921705329e-9
3.8192610945688927e-10
1.4227308169189965e-10
3.191049583532949e-11
2.0439521161025385e-9
4.7612507178238426e-11
2.46298361551464e-10
5.202105079419345e-13
4.155040663004303e-12
8.756401440420585e-12
1.2307608719258383e-10
1.199153822950353e-10
1.0582281711837162e-13
1.892672231871448e-12
6.485915568107987e-13
2.075699499736976e-11
2.476274968010399e-13
2.1962450093186482e-10
9.217351607447988e-9
5.601407861727943e-11
1.2191479034926644e-11
2.7769619759318144e-12
1.3202657660650997e-14
3.911068316504055e-12
1.6644538846780368e-15
1.055983594885072e-9
2.1671365628029425e-9
7.865997105627282e-14
2.7071522368282295e-12
1.5518354820594932e-10
3.346110293822723e-10
2.8635713712830673e-13
1.505788251157525e-12
1.4716117270959866e-16
4.2032297867693784e-10
5.050891869122034e-10
1.6037390676906095e-12
1.113935453353373e-12
4.232419151491179e-12
9.09390533949648e-14
2.729808764379193e-13
2.1959251639867062e-14
9.861612750077017e-12
9.904246868457194e-14
1.1492105825564345e-9
9.15300145391326e-11
3.839020243129611e-17
6.7618999081673536e-15
3.2675269028703356e-10
1.791748787911899e-10
2.0907478730052502e-10
8.953967680209466e-15
1.647895440876891e-9
1.3275694621099781e-12
4.203233859056693e-12
3.256282556850096e-12
3.4551433648260228e-15
4.602990606722523e-10
5.947729916496609e-13
2.1234047478571206e-13
1.2637508418108391e-11
9.114959466264917e-12
1.0885110245133054e-9
7.538038075581557e-11
2.1600919995323948e-11
1.1640796053240048e-9
4.492980997076933e-16
9.41326856871534e-14
4.150964871553468e-12
1.2665719159965296e-9
4.7579508078176354e-11
8.22339163285047e-11
1.8059968985260713e-15
7.970632284237651e-10
3.424912758865438e-10
1.882485513083293e-12
4.045126919390632e-11
4.1404996769080726e-13
6.368575183613403e-13
7.802696217967385e-10
1.850955068851223e-12
3.6331242060472244e-12
4.107599317684166e-11
5.320424342905826e-12
2.691908946524176e-13
3.3770383358662017e-10
8.103560199140539e-10
4.209113310713003e-15
2.1995058424407054e-14
1.8998341351024836e-12
8.435202330995424e-11
3.361610413223614e-14
1.1853116626309129e-17
2.788453375958993e-13
8.922879401735537e-14
1.888660284623484e-11
1.052628717426811e-17
2.418580510655011e-10
3.1957101980676944e-12
2.1781375038865738e-10
9.848781305617617e-10
1.6477531572947582e-11
1.702768970501864e-13
1.1194149083360196e-10
1.556036287946308e-14
2.6092534437781708e-14
5.888653311799992e-17
3.596861463321366e-10
3.4990231817019955e-10
4.103660385347072e-13
2.372087309468144e-12
7.823980346022638e-12
5.3885964629974375e-12
3.902362322587454e-11
1.4059200399220284e-15
8.379931909938716e-10
7.05512331867407e-16
1.1304643102246873e-9
2.0971572868889604e-9
1.892952775858809e-12
3.7462472653861705e-10
6.903723875935712e-11
2.472474203870148e-10
3.910025489941387e-12
1.3861120646557906e-9
8.350679609559444e-13
9.969252472545897e-8
3.2993410516800857e-13
1.7973817525612032e-8
7.348839720835818e-12
8.563428615007249e-16
1.8560436863157524e-12
2.800111729007148e-11
2.055873797001436e-11
4.1005101475023614e-10
1.283753145462532e-10
1.194744559987797e-14
9.46511789140622e-10
2.805760193304641e-9
3.089212332223297e-12
1.2919932072550574e-9
6.238699950364307e-11
2.011362087738272e-10
2.424927148647755e-12
1.3933987580167032e-9
6.350614163248955e-11
8.372171280074829e-13
8.421950819568025e-13
4.700596026609765e-13
2.3425460139025216e-12
1.913014113524582e-10
2.2740819287810106e-10
1.637014943458758e-10
6.763060028099007e-12
5.651717616388304e-16
1.7072954452868774e-10
3.166232917724792e-10
1.4556163902746788e-10
2.0194439973900105e-9
6.421373660232346e-13
4.235440445000718e-10
1.5471559014474495e-11
8.364619453868034e-15
1.7604627910250223e-15
1.659104546670005e-10
3.911167395276011e-13
1.1861733580999328e-11
2.0467627869984296e-11
1.4689368877622063e-10
6.424248439324242e-14
2.875729638395848e-13
3.963271350746703e-14
2.9810593158477373e-11
9.363319738948546e-18
1.0086240650068273e-15
7.563573064958719e-10
3.354525655163886e-13
2.48209427788179e-11
1.5378039802107817e-14
2.2815883171921962e-11
2.3852199364430207e-9
1.6440269776585147e-14
4.643420386411555e-13
8.488588720036116e-13
5.987950117694504e-13
3.181817278745102e-10
1.180590008178953e-10
2.4671091860225867e-10
1.3590685518010868e-14
3.01843414565526e-10
5.295724373179791e-12
6.414349467382899e-11
4.3829875303259553e-13
7.863059208284467e-12
4.86841293259346e-10
4.241296313068602e-14
1.034511491476246e-11
1.043713218362106e-12
3.3132346176586616e-10
5.423287011029575e-10
4.0161509822361573e-11
4.727614994841915e-10
2.903077311118156e-10
8.385906340535275e-10
3.5012292146846257e-15
2.2312954964827964e-12
8.88569146470251e-13
2.7699451339450265e-10
6.347080324938257e-11
2.563709482475024e-12
1.467850313427925e-9
7.0618486959940114e-12
7.850416670223549e-12
6.1470847397567e-17
1.8585275685523732e-13
3.6327721440330423e-10
1.9781689540993418e-13
2.892466969939216e-14
3.569569485107449e-11
7.522173847120223e-10
5.7406051458934665e-18
1.263183586913115e-10
1.1770387333674552e-9
1.626657119913974e-13
7.07188613228475e-12
1.9796106066533058e-10
1.7605561696926187e-9
1.2432466305074024e-11
9.386144786464275e-12
1.389642427844031e-13
1.4727998551050177e-11
5.726311026112316e-15
6.873845447718448e-17
5.398124713561791e-10
2.210830715884751e-14
1.9435227027956509e-10
6.402704054152935e-10
3.4421751921328946e-13
7.97955986843317e-10
2.5040671410831695e-13
1.475445594595749e-11
2.1785772892147966e-9
1.323693298737466e-10
1.4187014387803338e-12
4.8577713417345014e-15
1.662349308290863e-12
1.0686286518367996e-11
4.461953919391173e-17
1.0216101622789881e-10
3.2188641384660647e-9
8.980525894956498e-15
1.907074466463394e-11
1.674695786175886e-12
1.1497544404677199e-11
2.9092528529688742e-11
5.923388415786678e-10
8.103518251084039e-11
9.157919456034527e-14
7.66473614361235e-12
1.3050835714479566e-11
5.701360968110438e-14
7.345044746924778e-10
9.328395984146188e-11
1.3028124503903838e-16
2.1415213719851325e-11
2.787281132811619e-12
1.1415005258447365e-13
9.283843335378531e-13
9.13505842669107e-13
2.2939574430210696e-10
1.8171321297882802e-13
1.987070099530719e-11
3.268154426895427e-10
3.107766288479373e-10
9.051130371736218e-10
4.866134562208869e-12
1.3863030046464148e-11
2.3193676709638598e-10
5.687592461028226e-13
5.960114689185526e-10
1.909938354081026e-15
8.692413666266643e-11
2.790098779691278e-11
2.370152331822702e-10
4.39835273329655e-11
7.30581953655983e-10
2.595696409971929e-10
1.653776088740019e-13
4.478394522796691e-10
8.084071189370208e-10
5.155689513227548e-18
4.5531143002617673e-17
4.743269253423842e-12
4.710586260099466e-14
1.262614335883235e-9
1.0148654872836686e-14
6.2576114925924826e-15
3.157875051379025e-13
1.748914290053988e-11
4.607721067877751e-10
2.035401033966345e-9
5.462299886456035e-17
4.123914644189883e-12
2.2137410573653396e-15
8.955742760310447e-11
4.353550252059165e-13
4.0747083669706386e-11
7.337592217378725e-13
2.933828833491594e-11
5.536182070252443e-11
9.465971070038269e-12
6.319726055732311e-14
7.988358193550562e-10
4.392108708307667e-12
5.254068971917727e-10
2.75312964355169e-10
7.727148795406442e-12
1.053043403009312e-11
7.353532850760684e-12
1.888418282245045e-15
2.1286672428936765e-11
1.18078930929838e-14
2.1345087969331595e-10
9.174187243126091e-16
3.3538560252561817e-10
1.963928685435124e-11
4.8251260788541735e-14
3.867181552269114e-15
7.202543921753592e-12
1.5813675586017464e-13
1.50665930034329e-10
8.80173293459876e-12
4.410261858823734e-9
2.4891463956054413e-10
9.533799599323256e-12
4.6131111028856295e-10
2.450417169903181e-11
9.105299100024088e-17
8.654897055773089e-16
1.0120272459313388e-8
1.7728517639010019e-9
1.2469407220108635e-10
5.508447899869886e-10
3.0995261594700655e-14
2.9142487752562696e-10
3.2942840293031106e-12
1.7661495647909256e-10
2.0334683052143563e-10
4.050518806736646e-18
4.4925137484058226e-12
1.3323142104006106e-15
2.1539589726922286e-15
2.9834220417829235e-10
2.237703266424299e-10
4.45656077408043e-11
7.981894661204404e-16
3.164109731606494e-12
4.904923509470596e-11
4.8918953831792623e-11
2.1100791942064266e-10
4.447757627218356e-10
3.475046297002825e-15
4.688030474553092e-14
1.5991940063418112e-11
1.5744403277612732e-11
2.590928307744579e-10
1.719837798026565e-11
7.458623884952316e-10
1.0729634352492651e-11
5.750348741441766e-10
7.464590735555139e-11
6.898823979643918e-10
2.92806680399512e-11
6.00009292057038e-11
2.4278843226448394e-10
1.517521244744641e-11
2.0990417701180627e-10
6.24340353367549e-11
8.033040187512472e-15
1.4480270993001602e-15
6.310853838159327e-10
1.0655873733818701e-16
3.904528413808575e-12
1.3394686824572012e-10
1.8865984194508373e-9
8.623120011201756e-15
6.416944788267825e-11
1.4090262728015995e-12
1.1225167594034422e-11
5.489457075139081e-16
2.4613945398132706e-15
2.1824956243988517e-12
1.7602278417840474e-12
2.837438261844355e-9
1.0730369974009954e-10
1.3835208179374094e-11
2.5776031414337643e-13
5.7479478488837e-12
8.532468839790965e-10
4.5796502661125063e-10
1.3296262606375478e-11
6.944689430275537e-12
5.338530737225104e-12
2.2488487175039254e-11
2.9299627263753954e-13
7.711828331897298e-12
2.0610289079856356e-14
8.540679281178461e-10
8.544497857148576e-12
3.748084462861873e-9
3.0503924343942252e-15
4.588856711673876e-13
5.983974564195484e-14
2.5548426444170064e-16
4.187320913453637e-11
2.852790498928223e-15
1.370354399022729e-10
1.378969697448664e-11
1.2491052463380055e-14
2.2252803824365206e-11
1.466694771905709e-16
1.923278769198587e-10
1.5865831289666195e-10
3.7307643346550705e-15
2.343878955670344e-10
5.166737462037295e-16
3.558097386390027e-15
1.251936560643276e-15
3.5271802598670895e-16
7.673881038779321e-14
5.599192407941394e-10
4.843228946464566e-10
2.150503169379142e-14
1.0134235863577606e-16
3.110160319119228e-8
1.8891146186903786e-12
4.68032984140036e-11
8.000444091676153e-10
3.7298648430614376e-15
2.4314845229768975e-9
4.1534533238132015e-11
1.0829556128030178e-9
6.400894224595645e-17
2.363323776839637e-11
7.401607974795846e-15
2.094304517209411e-10
4.3005563018015315e-9
1.7181919835102103e-12
2.682293355890267e-13
3.6360477384744823e-14
5.768933323233387e-10
1.3352565164485197e-16
4.416617517265536e-10
3.034507409545979e-10
9.247042503772785e-14
6.874391425571243e-11
1.7765480463408746e-10
1.452503367642205e-12
2.6327181715445316e-11
4.412257542806732e-10
1.303385083069059e-9
1.811030771079913e-13
3.567330703202661e-10
2.0295141343063906e-10
4.506245917171296e-10
4.957982401985655e-16
2.1187293669347768e-16
5.199812371849561e-14
5.176940600505601e-10
9.38712317536104e-15
3.2189187852673744e-12
1.5885726553172481e-9
4.121346438968491e-11
4.34417565324539e-11
3.508663614169866e-17
1.3300138747021503e-11
1.8141576920111132e-12
1.877593034817123e-10
4.0058661824513566e-17
2.3875799057905135e-10
3.1910693104182244e-12
4.7352260823315555e-11
4.7720978911394225e-12
1.0823938494571669e-14
1.0613196790013792e-11
2.368407598144449e-10
4.165413373337747e-12
7.479339205884023e-11
3.7851175614990294e-13
4.1089666714432307e-13
1.6712476819863892e-10
4.2334405319464965e-12
1.184926072511818e-9
1.0991442266511605e-9
5.719795248141723e-11
4.8441081450006383e-17
2.3216325822033882e-11
6.518437481658417e-12
1.4007247816637434e-10
3.177954091898046e-14
1.415376312619844e-10
6.302005599051784e-14
4.103938946977075e-11
7.213890232138288e-13
3.258747146004357e-14
7.191498294444514e-16
5.265383098642221e-12
6.087096031189803e-11
1.6823695239905532e-16
1.2662478405566314e-11
2.739980833205145e-10
3.1353285727345137e-9
7.907348277276249e-11
1.0861058265644767e-12
2.436851611198993e-10
3.349568006952698e-10
1.6607718779377759e-16
1.7681706152283267e-12
2.5927226809058855e-11
8.041344504917226e-11
1.1591170358030776e-10
1.271852556530988e-13
1.5303350675720113e-12
6.733071049756694e-12
1.1334140704426052e-10
1.3120226313103664e-10
3.609283615635163e-15
9.831759365107278e-11
3.8113338892322245e-13
1.950876855407488e-14
1.2729223976168278e-11
1.8827390281862322e-12
4.855365368052085e-10
2.4503892404441047e-13
7.63017866126359e-13
5.747874548876043e-12
3.808666704775931e-10
7.596083128740839e-10
4.49143225647869e-10
3.395537416390867e-10
3.1281857053614733e-16
2.220161977166439e-11
2.827645593323192e-10
1.1397553017143006e-12
1.1726023164977907e-16
5.0947494788487705e-11
4.759730370228043e-13
2.531957976619754e-12
1.2895151765702245e-12
6.115527010068884e-13
5.785814132328987e-18
1.0531583645713716e-11
9.56459192058859e-10
1.1112941366678643e-14
2.1996678631652367e-11
3.987712625113507e-10
7.371412534669784e-11
3.0221565710998848e-12
1.8027445158923414e-17
5.290913140156874e-12
9.036002402480213e-11
4.3907950353871626e-11
7.355624727207603e-11
3.8647020878422014e-10
6.120669723421177e-11
8.015288256867316e-10
8.294187816046082e-11
3.903021349906235e-11
1.6462510227860245e-9
1.579413314755366e-15
2.4569558004315398e-14
6.246271839180946e-14
7.182074257409004e-14
1.6997639681753886e-13
9.752813281741094e-11
9.186104593451794e-14
1.4057898808573392e-11
1.868940080468049e-9
2.5423142736186766e-12
5.441319390641594e-15
4.714360787671671e-12
9.726749518876053e-16
2.9006608935993924e-13
1.7203769676530975e-10
1.714752051555895e-10
8.783228083782254e-13
4.1467359303181245e-12
2.2702845451873593e-13
1.0685880317498733e-9
3.6286980461115007e-10
4.352139646499994e-11
1.3459941045583157e-11
6.633101639419275e-17
2.402640964669571e-10
2.058394839853274e-13
6.012360650793001e-12
6.090887227591874e-10
5.002275035266344e-10
5.0024631991757965e-18
8.705953996609219e-12
2.1499088436660177e-11
3.6609529693225885e-10
7.872952344827036e-12
8.930578212538802e-12
1.8684559190183736e-10
2.081728566097955e-10
6.636949440980512e-11
3.170374578464927e-10
3.728794360433374e-14
2.1112613016806645e-10
6.167895583403764e-14
1.730542744047599e-13
5.4872142690911967e-11
4.319740651564465e-11
1.439629198899586e-10
2.2215955101627487e-10
1.7521981940370386e-14
7.191386754501302e-17
2.104427885967188e-12
1.4922298399442748e-12
3.9452629224823536e-15
5.026730317696064e-10
2.0670247951175505e-10
8.302018677882006e-13
2.5064336433289772e-11
1.9543238786338584e-14
8.350703961968415e-12
1.1361752920902321e-14
3.8563120187141735e-12
8.921524256442967e-13
4.340632806414304e-12
4.474792117101679e-10
1.0319121723403071e-9
3.625702697680999e-9
1.5599656263380306e-11
4.692496052582559e-13
7.59761484670494e-11
1.2202883841318634e-10
4.478789551562223e-16
8.997713121831601e-11
1.4281517143965465e-10
1.4328685787117017e-12
1.3312367936954597e-12
4.906012347472202e-14
3.0118725536383647e-10
1.6805449557329086e-10
1.0021445626566324e-13
2.069455170484462e-12
2.66861367064611e-15
9.607973005796385e-12
1.080096403033472e-10
4.974662805208897e-16
7.997329186750492e-10
3.658500000253897e-12
8.64087711191093e-9
1.0384056858648631e-10
2.2984480859916002e-10
8.289061482711639e-10
4.86450299291692e-10
1.448888805567357e-13
4.541430323370965e-10
1.9295007698717963e-10
6.058957468711883e-9
3.2833748604932564e-10
7.684074810738735e-14
2.2286197712720867e-14
2.686927610791703e-13
3.364886089722245e-10
5.984317438787306e-14
1.3831306583032964e-9
4.080936794912036e-11
2.795454146576524e-10
5.567519819925976e-11
1.8311241579501516e-12
1.2447571426788716e-11
1.042341740310014e-11
3.9375107485149757e-16
1.398237116162703e-9
6.742049106986022e-15
5.287623207690762e-10
1.1249423138099147e-9
1.1415305648135231e-9
1.0295015140376567e-9
7.578187017735628e-12
3.466559172880905e-10
1.2534885190005463e-11
6.190052826061951e-15
3.009337478404443e-11
4.5983768548784834e-10
1.164509328241094e-11
9.005646354572091e-10
4.3666864988006415e-9
5.414344950866799e-11
8.733631584901444e-12
3.3869561125716393e-12
2.64173244519996e-10
5.742940456191457e-14
8.604647730309054e-16
1.2108912813135341e-9
2.611060406043639e-11
2.119982460822681e-12
5.959049725993244e-12
3.2408969746098946e-16
1.3762264056600868e-10
4.6698191999406384e-12
4.7459841557581424e-11
5.475156788169534e-13
2.9989822243330597e-12
6.682655249210092e-16
4.215797750136184e-14
2.923828693343099e-13
5.6671924528445e-12
3.2033929398038125e-14
2.4986104379165964e-12
2.8007220515275345e-14
3.5235233497264047e-10
9.232505139890906e-11
2.666308706960359e-11
2.5069924689355784e-17
1.2033741623599797e-11
4.752333248306955e-11
4.142247739680519e-16
1.6847862628541378e-18
3.6842504361221486e-11
1.1783362898168208e-10
2.5840694946766357e-10
7.941768871636196e-11
7.70786054935039e-11
5.197309240392537e-13
1.9854917774328115e-9
1.742375186842977e-11
3.986185665892089e-11
2.5966043435869426e-13
7.068885649483302e-11
5.763359003229191e-11
5.246807843507832e-13
7.798496565702638e-13
1.4642761883131887e-9
4.317389161781803e-12
3.415470606111177e-13
8.831328036822435e-10
2.9496244603042247e-10
1.0726793531067517e-9
5.298941123850999e-16
2.2828629147695813e-16
8.61667620922596e-11
6.993738102078016e-13
4.086006373935009e-11
2.958133995595046e-12
4.869432733355891e-14
1.793820956286816e-12
1.0116294430754125e-12
8.070726898503448e-10
5.7543777089593716e-12
1.6232055240578447e-12
8.896316188633125e-13
5.389530046685798e-12
1.8472369497330433e-11
8.513914510772738e-12
5.6598171916364914e-11
7.660156443255325e-15
3.394524826629071e-10
6.680731710282753e-11
4.209708573678853e-14
4.121093479806074e-12
4.213031930589889e-10
5.900692955414167e-10
1.4680895400091503e-13
2.6890395999904386e-10
5.119646643787339e-15
2.345780045750244e-11
6.156895908455019e-11
1.3933664990767633e-11
2.657174060659923e-10
5.31690585679858e-10
1.593525085458061e-10
8.747301364309331e-10
1.147741411957924e-11
9.325742029686795e-11
1.5604655411856055e-13
9.666144868304089e-10
4.253009494216489e-11
3.40351585928461e-11
1.6825734165329267e-12
2.9285374865305113e-10
5.278159165608757e-10
2.0281367610047838e-9
2.624113657787961e-11
1.4455822464358183e-10
8.217203253054277e-12
1.185638326223993e-15
5.399449630553005e-12
2.7952323573087044e-10
1.1165972622074791e-10
5.5557950012294494e-12
7.513592434787483e-13
1.0077260858691717e-10
1.9360635442915004e-8
1.183379318690408e-10
2.3802412234011053e-16
6.513739188320653e-12
5.2171708438284765e-11
1.3992072507747408e-12
1.515405140895155e-10
4.600252314883073e-16
7.597515902384384e-11
1.651124791758256e-11
8.26524398054522e-10
3.2800267886162065e-10
9.483323860302742e-13
8.759114670853157e-12
6.520946208744488e-12
2.0478365602224266e-13
1.0754450516484819e-15
8.937618775650711e-10
1.1559626090202988e-13
6.81263542634187e-11
4.313547442020479e-11
3.254267883668691e-10
2.0865216319039733e-15
6.638322789688079e-11
4.189164482674442e-11
6.791646106061556e-10
6.568539910799067e-13
4.634240547794026e-10
1.9343426536647518e-10
2.7310463363893746e-9
1.6688906084387049e-10
1.5804173546474524e-11
2.0337540367189693e-10
1.9047708471543584e-12
8.975105787366045e-12
4.233867526641247e-11
4.0385408222547995e-10
5.7600237897538516e-12
3.659071371821817e-12
4.1651627783110606e-16
1.8280996240042716e-13
6.578732583423434e-10
4.66968247409367e-12
8.675337608252123e-11
1.9481012435904058e-15
2.3250289465961946e-12
2.7180801833664353e-10
2.0416515177026874e-14
5.42135702081891e-12
5.645569440523414e-14
1.4282410876205743e-11
2.1782530040153027e-9
9.048107343652375e-13
1.147622730654085e-9
5.265258146255437e-13
3.547490511406822e-11
7.303480137987193e-12
4.3450432047175455e-15
6.038311769882562e-10
2.0652318022204253e-11
1.2226208718907129e-11
1.0002183558566207e-13
3.008874886372736e-12
2.630472387465885e-15
1.1474385994729314e-11
7.009780514110578e-16
6.82875923266074e-14
2.034082033572791e-13
7.788563825749605e-14
4.569865223963382e-12
6.684622157544758e-10
9.470971682041543e-12
9.575968294473474e-11
4.04569683832926e-12
2.64629373221991e-10
1.3066406150195177e-11
2.7959118638260192e-14
5.03560268939908e-10
2.8821328638058388e-11
7.867625038614911e-17
1.2895147424500758e-10
4.941397932695863e-13
1.3508535081942307e-9
9.427080858612759e-13
7.838284244701681e-16
2.6783763152243913e-12
1.126612217736749e-9
6.886302582048803e-13
4.26404934380783e-10
6.297962092808684e-13
1.354834972207896e-12
1.0972011404083502e-13
2.991940311719283e-12
2.1429231509773228e-10
1.3510489928482818e-8
5.753402729174231e-15
3.108584056008561e-16
7.930457849086234e-17
7.580663491923792e-17
4.053448569008222e-10
3.0154197778285036e-11
1.8466523758331674e-15
1.2246632595847793e-11
9.33140980605853e-12
3.4321819147766098e-12
5.754089484150876e-10
1.5203503053072954e-9
4.652150242519354e-12
7.905578867064603e-13
1.0406776968624304e-9
9.261084544543688e-17
4.098919976771509e-10
1.452377683718145e-9
1.4577897055597249e-12
3.18970667916096e-10
9.884686169278425e-11
2.341617838639635e-10
4.253661375862972e-10
1.052159004932515e-9
4.471763664961211e-10
3.2357789766288693e-10
5.438195684363004e-12
7.977741609775105e-12
3.5380343817847093e-9
1.1733018458683907e-10
3.6622303384429833e-10
9.211561499541187e-10
5.586829746299993e-12
7.194298552973628e-14
8.934036872746661e-12
1.3321481942767498e-11
4.461423546436849e-18
2.3625704051844384e-15
1.3513261070907013e-8
1.397008310995034e-10
8.037883036354266e-11
2.2569937777902583e-11
4.515740288317681e-10
7.095977224563741e-12
9.346752192160235e-11
2.8402089838098463e-14
6.308978926407701e-16
2.2902337658480016e-12
4.342060874399486e-12
1.0687677599950237e-15
3.7057521878046415e-17
1.67416193528325e-14
6.0615744865578624e-12
2.543545815765539e-10
3.566667301008308e-16
1.398038744489514e-14
1.0946789095077526e-14
1.1360282514172876e-13
1.118995442353684e-10
7.686643456779494e-11
1.5292354599594077e-14
9.396834105181875e-19
9.73199999381074e-15
1.3548790427420643e-12
6.232021139507865e-13
7.49154866678022e-11
4.574337244440281e-12
1.273384157736171e-10
9.326524204349411e-12
3.754315479352998e-14
4.007134095313226e-12
4.693189191309151e-10
4.633170365281444e-15
5.461414985707834e-14
5.066373658541399e-16
8.535983509976701e-15
3.685035935251066e-11
4.87626900912766e-12
1.277378080329545e-10
2.8793568116379087e-12
1.36862106292936e-9
3.9499496669074786e-13
4.39396181951696e-10
2.5720585650401485e-9
2.760624077362169e-13
4.353586808630143e-10
1.8806964378376306e-11
6.718393869085716e-11
2.9426895935988514e-9
3.0741554076444503e-12
3.971337002859558e-11
1.2257165279745481e-11
5.326011530328138e-14
8.33266305752539e-13
2.476469945585894e-11
9.469227241726821e-15
2.185001013558562e-9
2.8534957177417594e-11
1.7422292809088045e-9
1.5494014675103266e-11
5.3961390791308015e-14
5.808958711364439e-13
1.0944507146389252e-9
1.2577186578923245e-11
5.347577814081169e-11
1.6637202056751483e-13
7.628297921729416e-11
1.146703931762507e-10
2.669739429140141e-15
8.940148416441266e-14
1.5199551517066803e-9
1.9610924116793034e-12
7.141920296881443e-13
1.3991499070675639e-10
5.915986034092477e-12
6.420952287603522e-9
3.935069050099467e-12
1.649379232873e-13
5.367221175915162e-10
2.1025971908955e-12
1.5522343431761576e-12
5.74703860998364e-12
2.306901297471186e-10
3.3588554512517005e-13
8.940952714655367e-12
1.3811150201473832e-10
7.707309311231145e-13
5.095715824105329e-11
1.4227960454090463e-9
2.860991744195927e-10
2.1270236852294066e-10
5.537645679386102e-10
2.5942202883477917e-10
1.6899832508923766e-10
4.826553012881009e-14
1.384936230286126e-14
4.790642451247653e-13
2.2078894086739677e-14
3.1642067444134866e-14
2.4516291088158717e-12
8.269411308068706e-11
3.372104650410442e-16
8.001369240039278e-16
1.1357359847117522e-10
5.120556007194407e-10
7.012261113464169e-10
9.50420214916156e-16
1.338012912955405e-12
2.4717581503023385e-10
1.9520335170581283e-11
3.092166642585989e-17
4.8762501840818027e-11
1.819252838395082e-9
4.848971116719245e-11
4.3878854380767437e-17
1.5740362992366299e-9
1.2482322977781637e-10
2.0456241858051484e-12
7.587117468342105e-17
3.0718487445057963e-12
5.885366341225039e-17
5.812534436166322e-10
3.622155618197392e-10
1.429732195360764e-12
5.829056212272953e-10
6.428637884791245e-14
6.137064847118525e-17
1.0701542928934425e-15
7.534035250761713e-14
4.3585287489058167e-10
3.3613278006964947e-10
1.3855512613697424e-10
2.3097826471848496e-10
9.079378847046989e-9
4.939862458259537e-9
5.0395064496814436e-11
2.7538250558513136e-16
1.4113987142831178e-12
2.858713487594813e-17
5.035801915475493e-11
1.5738444294543072e-17
1.5252211404183672e-11
2.3042272198101777e-11
3.3999952747294464e-13
6.484562896602541e-18
9.112127005749766e-12
1.626988761732481e-15
1.2943728313771878e-10
1.5570119929299003e-10
8.692706997957188e-13
3.1964498376787836e-10
2.928133759351683e-14
7.678894752834806e-13
4.262009518512865e-10
1.9425899008449283e-15
5.9117141377248e-10
1.2178779824272405e-12
1.0809563613061411e-10
1.0723599496683556e-13
1.2438196356607075e-11
3.5731663154908713e-10
9.190930752620156e-16
6.912876827325953e-10
3.6055343807395397e-10
8.469461276943325e-14
2.915256706522757e-10
4.251403872583875e-10
1.3190469435351242e-11
2.7080063063935736e-11
6.316963128867937e-13
3.7148580518862415e-13
3.865094658108475e-12
1.6749715323578072e-12
1.4502212706824586e-10
1.840974231843934e-12
1.339866284677822e-10
1.6514695524476427e-10
2.2832723441013568e-10
8.971602111316297e-17
1.472461196214656e-13
7.762965881795935e-10
4.326833211411239e-12
1.3935585617145486e-14
2.3166141347727482e-10
1.3932609433949125e-9
6.630479909777923e-12
1.2728959734086399e-11
7.550168760535647e-12
3.0988642603431784e-11
1.792710606182164e-11
7.317792276328598e-13
1.348613379595731e-9
4.2189812167041396e-11
6.379277456049e-13
7.239945565280677e-14
1.1143604267786483e-12
2.2309816486348945e-13
1.256931534542364e-17
1.3650291089373323e-14
3.3565982739207376e-12
4.906357924322839e-10
2.2001803937627992e-13
1.1468458898387555e-13
4.404423400985921e-12
3.1878635303301787e-12
6.2022431346174386e-12
8.977703357821897e-12
5.949970348497317e-10
3.8397683405488846e-11
4.022696959035709e-14
1.694047926775739e-14
9.375140089292552e-11
1.4372858708325674e-16
2.911562464153375e-12
8.401677614986137e-11
1.626270305913415e-12
3.2294335807454347e-15
1.9736917063274034e-13
3.6329158189395297e-11
3.634867518166914e-14
9.220918881944586e-15
2.4082580781251403e-10
1.7143190643260297e-10
3.3203604137902426e-16
