1.1654662304692553e-9
1.4987594609390386e-9
5.089312447328925e-11
4.213401376452039e-6
6.277636718412033e-11
1.7007994595593037e-8
1.66115209406846e-9
2.13908816615321e-11
1.3828664401409332e-11
2.0264638905032747e-11
3.621652738395275e-11
4.0243271351178084e-11
1.969900211105632e-13
1.7094809431699962e-9
1.293875129268373e-10
1.9056403797948897e-5
9.204450893400553e-12
7.026517171074708e-9
1.803109098573299e-5
8.923068677216485e-12
3.0803843435676386e-11
1.6930602193443925e-12
1.4844548170963581e-7
1.7007919091953735e-7
7.526110861579561e-8
1.9745126741134767e-8
5.124155020962241e-7
1.8524211540676424e-10
2.1970688343320142e-7
3.213562121580058e-11
1.4979194799220525e-5
1.4724351654875934e-10
1.0602235991361071e-13
8.436968511429275e-8
7.022240841283325e-9
5.773000910131167e-5
4.1584980237330676e-8
6.610300175480629e-11
1.2882612788190175e-7
3.364653243006478e-7
1.2757639130008366e-10
1.1645061837235499e-6
2.2420326928008772e-11
5.575078433857357e-13
6.610767584785668e-11
8.452986532854109e-10
6.904601465624073e-12
7.436576710972047e-9
5.30522784076021e-8
4.708181476991088e-9
3.219292266180802e-10
1.0043160464308516e-10
9.058529585216952e-7
5.518836892604232e-12
2.648285780735646e-10
2.3721462700307236e-8
4.827261626353177e-7
6.342719264384453e-10
7.523708559757162e-9
1.492734470136782e-11
2.1010702773115152e-12
6.606311308616695e-8
1.8002435685503547e-8
1.4238593653926983e-9
5.903773073692807e-11
4.237394087425532e-12
6.831077129157546e-9
3.5311040708514055e-11
3.419739335517691e-9
5.476943384859243e-7
6.8247519946635e-11
5.6487478161576545e-6
1.8529980112531418e-9
2.077002228014155e-12
1.1972065591913741e-5
5.6838449550746484e-8
7.297560132763322e-8
2.416818158057406e-10
4.115937282726112e-10
3.199660687803388e-8
3.0686839191511824e-5
5.553726577128638e-9
6.793413167765024e-10
3.856375276699783e-11
7.601307468011733e-9
2.816486971116663e-8
5.190936782211318e-11
4.231667002115186e-12
2.623236490041927e-10
6.084326501946189e-11
7.437789806964127e-11
4.051171980600041e-6
1.2003256154405665e-9
9.799685304409167e-11
5.605555563849895e-8
7.438958602905509e-11
6.5270229071422775e-6
9.93878923507947e-6
2.2577409423920518e-5
2.8169676419528773e-11
3.223054496395381e-11
2.608213923533564e-10
1.0969406612793796e-9
9.723586612400976e-13
3.081063894010384e-10
5.616810398179685e-6
2.700084822307713e-12
1.379958869842116e-7
2.95816580763217e-5
2.6856655870832045e-8
1.5792584624435255e-7
5.982962955144837e-12
1.7005561800606538e-10
2.941245514627995e-12
1.8016916660442104e-11
1.4990514005475276e-7
5.408379517381955e-6
5.930381654403661e-9
1.2082429439633905e-5
1.803319102942029e-5
2.5952797157056855e-11
1.9965745064556781e-13
3.333553575912237e-8
2.047798281615762e-6
2.1642132243204327e-8
6.854991749633142e-11
1.3190705772750192e-10
5.237702060909229e-6
1.8842341217413438e-10
2.3939957779521677e-5
5.599904997550833e-11
7.130742646378114e-9
1.865076751473245e-8
2.55290875594695e-7
5.0066363099143356e-11
1.7853566460815268e-11
2.3348108564086296e-8
8.307457290441677e-12
1.3790463653037945e-11
1.2080516404270094e-10
2.607690510638358e-10
6.433836384135048e-12
9.369887205361012e-15
5.098554042681144e-12
7.083167995952446e-12
3.279626436720022e-9
2.8811161138492324e-9
9.401325032783729e-10
4.475458354154007e-11
5.633896137871461e-8
3.1116739952563698e-6
1.8421764012752735e-13
6.92302124472472e-8
8.67742331569715e-11
2.995061124771105e-5
2.9066191074727144e-10
1.7830711590424702e-14
6.1659990347350844e-6
1.5063193286180536e-8
9.767971789477454e-6
3.260426667718603e-10
1.7972690840934758e-6
2.4199620729498306e-9
6.105735760736495e-8
3.22596358657212e-11
3.2329701990611056e-11
1.1401513424506646e-11
3.6844080042230394e-9
3.0492109979755706e-10
1.4342952453648013e-10
1.567540768042328e-9
3.291811284600189e-6
1.562368285212925e-8
7.723467975108389e-8
3.1390739482119083e-12
6.865688002361037e-11
3.376574788439719e-10
1.3491119157743275e-7
1.0016624830314269e-5
1.7135503132321537e-10
1.6915447392837598e-9
3.707912073805238e-11
6.694772668802159e-10
9.895540428738936e-8
6.066583138392204e-12
2.8726134754133326e-7
6.809453369623353e-11
5.387287886017242e-11
8.119471955200835e-7
3.973779454530227e-11
4.1408374447967746e-11
4.897110102953637e-12
1.966585153003609e-7
2.5709936024628084e-11
4.904374790036743e-12
3.279597649279178e-11
2.4418859665039975e-13
4.134847045655932e-13
3.950340633033531e-11
1.5548643632935717e-9
1.094991601962361e-5
1.8996890995654285e-11
2.3267353551307396e-10
1.6606562657556741e-10
5.4529209323352035e-15
2.3261777782209893e-10
3.296450584133259e-12
2.212841362638507e-10
1.8130883226017e-11
3.677991369042035e-12
2.767192962867613e-10
3.347878034736102e-7
1.0350895762773311e-9
9.39723526968411e-9
2.8334949364283002e-11
2.9030463156567115e-10
3.439550417796579e-11
1.2532100358413246e-10
1.7632871121717798e-7
6.235565038188268e-10
2.0797946351235514e-8
1.0959035992220354e-9
1.6188416513330456e-13
5.877288650549354e-12
2.0167874345471802e-13
5.349002751880879e-11
6.071402385974406e-11
1.064198711726567e-10
6.325046704012359e-11
1.75916508560812e-11
9.727631430262875e-7
1.482874459387273e-10
6.120190077151422e-11
4.621346164028589e-12
3.8358586135410786e-11
3.9501761570306796e-11
5.143738442620109e-7
3.934269760131129e-9
4.052756587375344e-9
8.962146745756257e-12
5.778025139531532e-6
3.8562511755999134e-7
1.375727319183827e-10
3.4983983452303045e-12
3.992221021017935e-12
1.6921086098602344e-13
9.433356287786256e-10
1.0985084246586234e-10
3.7784418599753406e-10
5.924278516074306e-6
1.5313031407950204e-12
1.523289503832001e-8
9.280944668374796e-13
4.764553841463014e-12
1.3516817250238717e-12
5.7156570787566865e-11
0.0002678364027129172
1.6205639957538725e-7
2.7923856250021393e-12
7.14871406630926e-12
5.744568268467966e-13
1.2171170371500562e-6
1.3728401452420942e-9
3.332702611997105e-10
2.9634245056257175e-13
6.840455051741206e-12
1.0088363761592576e-10
9.238838922004377e-9
4.330255756462086e-8
2.4733627984973988e-11
1.4196881440852762e-9
3.498547121243637e-7
2.2422439130385672e-8
6.355880935124897e-12
3.0112072811360105e-12
4.915063791960639e-6
5.43541356489872e-11
2.2285922877139926e-8
9.619426101882767e-13
8.21270688158437e-12
3.2604367882036197e-7
1.5560598250689961e-12
2.1391414479042553e-12
2.8958056549280877e-8
5.678518033257715e-9
6.078036002626593e-14
1.7296908611092203e-10
8.412764432357773e-7
9.82590309486451e-11
1.7903194419685186e-12
1.1942348509747944e-10
9.928733493138809e-12
1.0737096825628888e-12
1.3798962201068915e-6
4.7057091948159806e-9
1.0326753851577297e-5
1.5929306843277015e-12
1.7050270415270244e-12
8.687421048223181e-12
0.0003524217231068143
1.3612304439606187e-11
1.8037905258305947e-13
2.844909017392692e-10
8.30993973836145e-12
8.373848903896239e-14
1.0160156167708293e-8
5.421077366727112e-11
1.467775876231326e-13
7.533795557852204e-6
1.786666271243944e-8
6.058781402286393e-8
3.1861774695678076e-9
2.0820873882822364e-12
1.2168927176874259e-11
2.2417203271415885e-11
5.166729751925989e-12
1.9115887112694868e-9
3.309429184484664e-12
5.598135786710871e-6
1.3015772536752345e-11
5.719739446417589e-12
4.1511532633644453e-11
4.515330887475179e-10
3.338177108443016e-13
4.087043950467987e-10
4.533973396888476e-12
1.3573335478886784e-8
6.656363993774406e-11
9.948308150704007e-9
7.985388531692936e-15
3.3330732562823538e-9
5.255743787453974e-9
3.1115035124238443e-13
3.347203553460815e-11
2.1376012194812727e-12
1.0681799544008202e-13
2.1887884028104245e-5
5.564341145648471e-10
7.686107945796784e-12
2.408736601601771e-10
5.1624543357417375e-9
4.152421952274847e-10
2.656957759891814e-8
2.175672992048971e-9
1.09518153929762e-6
4.500457465687643e-12
7.314510295017674e-12
1.1193580696489554e-6
2.1451081355146414e-11
1.0309660263696818e-5
2.5474649338863877e-12
1.4895017360761218e-8
3.143438343776767e-7
1.0983408244696476e-6
1.729688052220048e-11
1.6630942235639497e-9
1.6508166934237154e-10
4.481728210584391e-12
5.571624194170004e-6
5.437368060080037e-10
9.701611615453774e-9
2.7046883642683676e-7
3.0588134595968767e-12
2.6742540792595106e-10
1.2202919283952751e-10
4.780827321041467e-9
1.3220388364175874e-9
1.3357277498659591e-8
7.146429988194431e-9
4.757736535518645e-12
2.6116828496076476e-11
1.0418017712910847e-8
3.8296160946424374e-5
1.618143467566484e-7
1.0225536031845766e-8
1.3347513640168926e-5
1.60822067224853e-10
1.5927841780911034e-7
8.335870147970534e-8
1.1744689462675233e-11
4.3979178142025555e-7
1.8517099426678114e-10
1.288297319821937e-6
4.418190903267717e-7
4.9690895432099614e-11
2.432311026937224e-12
5.815416258564896e-7
5.851263736034574e-13
2.9746994198377406e-14
2.0390928012593321e-13
1.710611077237864e-8
2.9608652951949994e-10
3.735560772896686e-8
4.226942764232397e-10
3.09316893499043e-10
2.56131716315295e-12
4.095182550355799e-9
5.115338799663626e-12
1.3828469711219129e-11
3.096831268904e-10
1.9509464402858534e-9
2.4557457163301386e-9
2.275779158006002e-13
1.482744858275464e-11
2.3394674978656393e-10
4.455694026583929e-10
6.3847999157872606e-12
5.218645379142331e-12
1.2578131082798603e-8
1.0501684727053447e-13
4.655660712758482e-12
3.370772535516832e-9
7.819748703650643e-11
4.545644589127967e-15
7.378012368281944e-9
1.6054750111959634e-12
5.637130180633867e-14
3.6307671720320813e-13
3.583762172376742e-9
2.7325270885897414e-9
2.0479973450963696e-10
5.5813693489431674e-12
4.284623764944023e-11
1.2462009741145884e-12
1.7290893879202727e-8
2.9992964799699716e-13
2.322132994259449e-6
1.4582769288622976e-7
3.369410651821332e-14
2.647737725447352e-8
1.0933323199749848e-9
2.4637812201578573e-11
1.7328894553877258e-9
5.2257296540912545e-8
8.281407370178692e-11
1.4402813891387252e-11
1.7653685753468667e-6
6.261530049511582e-7
1.5409797479273294e-11
2.7064106527638404e-10
4.887051842899419e-7
1.4794007799506487e-12
5.739262004481267e-12
6.568127689346343e-7
1.7645218038225907e-11
6.54024609173333e-8
3.242324373359255e-11
1.6899618584690556e-5
5.232846386525598e-15
3.603152763183775e-8
4.0060230531625765e-9
5.96196127380518e-9
6.819716002103903e-15
2.3759150927594473e-13
9.109727468320643e-11
2.17126628848278e-7
1.664512442212223e-7
2.1496877868351894e-8
2.3823912450226382e-11
4.914366430520188e-6
3.399284936440825e-10
2.566410389811058e-8
1.8728648866762867e-11
2.5196849410561327e-13
1.9236147366235624e-7
8.08935429602274e-8
6.924804074298408e-11
3.130413362510811e-11
6.189132119161216e-9
5.0205867025737986e-12
7.731350236563786e-9
1.9373892699034626e-10
1.7357305685192023e-6
3.76299863987153e-11
5.897362147651072e-7
2.1339934216699992e-8
3.0211506750910366e-12
1.1136722860647813e-11
5.274895590639482e-10
3.7549040398834927e-11
5.5586325107243445e-6
1.929041548960492e-8
4.3256052579851587e-10
4.782823278324114e-10
3.5960153324396965e-7
1.0812133379005422e-10
3.7414813825185044e-7
5.912578936635904e-13
6.407414133149535e-12
1.651053193112768e-11
1.0235723685151823e-8
1.227753259306323e-13
2.734750075619587e-10
5.0748143445283454e-14
1.8761260202837927e-9
8.023784386725226e-9
9.209792860352157e-8
5.752363846773651e-8
1.428130367468186e-11
8.983759877553998e-7
3.864438823822678e-6
7.094462105775459e-7
1.8645270537804216e-14
1.9162313413112368e-10
2.574655757173843e-11
1.0460378192791969e-13
1.1523757564324865e-11
1.1807932813689374e-11
3.042203316270618e-10
1.1447826162215388e-11
5.4987783736713e-10
5.618025408689387e-11
6.946209108932011e-11
4.28535267197687e-8
7.494664441533557e-11
5.070267293953595e-13
9.398979516171977e-9
1.329352735755793e-9
1.8137023202498152e-10
1.1163039046648446e-7
1.0190605015419254e-10
1.1363377513212818e-12
3.684630465697637e-10
6.489250717337682e-11
2.480777847972329e-10
1.934977909185363e-11
1.399157669873713e-7
1.6584227217001848e-7
7.330432018526498e-11
1.304024784684552e-10
0.002655144373212658
9.221123262815114e-10
2.4747639500236177e-6
5.081184483109874e-9
1.5155281386387687e-9
7.702512157111611e-9
5.7599550572565e-11
1.0331971964676981e-7
2.2788667437947237e-10
5.530524994266134e-5
6.467882979100161e-10
5.362035256853115e-12
4.260093092451901e-11
2.0150045277416095e-9
1.1627058065850162e-12
1.0059276317958175e-11
8.479459322152002e-8
7.190389703074187e-12
1.2473995882891896e-9
1.9359895470357385e-8
2.3869398357316232e-11
7.851367853660082e-8
5.5372291180739256e-12
4.941978267387951e-7
3.5028530238256704e-12
3.7334623020141053e-10
1.4556713250497221e-8
4.871205092536381e-10
1.170881746920623e-12
4.532576027674925e-10
1.3752414262700515e-11
1.0089883246659325e-5
1.3019603394883394e-9
8.931740312513662e-7
3.757970095266566e-12
7.62608309340086e-9
1.491961870030765e-6
1.104996617569176e-11
8.548206471655335e-11
8.836750651998622e-6
1.552186315516187e-10
9.316176174053652e-9
3.553179319032577e-11
1.4917154909290965e-11
1.3328094261730887e-11
7.44170619613275e-5
1.2859749264430331e-11
1.144768413828989e-9
3.913201125309462e-8
1.5225900468883217e-5
3.0692503903339785e-9
1.493378432414187e-11
2.7997265759115873e-11
2.2937346785485554e-10
2.3721954360604438e-7
1.2007035726686036e-11
5.278050086258968e-7
2.3742622563825782e-14
8.034147100117414e-11
1.737071029131087e-6
5.568426533061313e-12
5.585649069525824e-10
5.294606498567504e-9
7.046768953410533e-11
1.5561036616889722e-8
1.8795908605466974e-13
2.02176695222617e-9
1.0795612261119894e-11
6.60118756224975e-10
1.3768345511251224e-11
5.418027199761428e-10
3.029043131978866e-12
1.1528290970256761e-5
8.427682122925361e-11
7.877842756935268e-6
6.081725349501113e-12
8.32007598507932e-9
4.365057577903276e-11
1.1284049761046737e-9
5.931109972071555e-10
7.163795180787628e-7
2.2206083616980043e-8
7.771105862763663e-7
9.410200402298698e-14
5.391368462266205e-11
4.30369520446863e-10
2.6656194916749633e-10
7.499950161928485e-8
1.737635220542467e-14
1.0883291130183019e-7
3.912523274212624e-8
5.6351052430637753e-11
5.393153119057736e-7
1.7851532421848197e-9
2.4522056888606255e-7
7.87457738254504e-12
1.832382190781488e-10
1.8386711647729802e-8
7.77237676366781e-7
1.2736695316776896e-11
3.8915734114140054e-10
1.8607332936212758e-11
1.8548097218793273e-13
2.0977974969097764e-12
2.1933916097795865e-9
6.818822518782956e-9
2.956269651506685e-11
2.7463663469771486e-8
3.1213076035007414e-12
3.272253438379836e-13
4.2155222390998757e-13
9.209779114942227e-7
1.6841613971182007e-9
8.305500569756846e-6
1.5987542731717932e-8
3.7408384774505985e-10
6.132468176854533e-10
3.81821096676138e-10
3.44849376473489e-10
1.0658460477994721e-6
0.00018089555144648218
1.2368248172403216e-12
3.334497192961365e-9
3.5177839538878016e-12
7.197985446568186e-9
2.0741026826174795e-11
2.934633831820183e-6
5.694669408899913e-11
1.1009486683787981e-7
3.0850785225197345e-7
3.207904526701526e-10
3.552056552360263e-13
1.3057238707538873e-7
3.5928869420010975e-6
4.5053381107525856e-11
1.275862292680342e-9
2.708073156415348e-8
3.019866631654494e-6
1.9937010872826214e-8
8.894870206656409e-8
1.550656738666143e-6
2.7499470907538438e-8
1.3653200098691747e-7
5.4489691381380184e-11
6.268701261087824e-13
2.999477115776971e-11
2.0290356591182846e-9
7.81737675148058e-9
8.335196214728367e-10
6.889007379737599e-14
2.8191836324493497e-8
2.7623925761000662e-11
6.097311484176923e-11
3.7262059728244093e-10
2.5715352237968863e-8
4.493184397531915e-5
1.119974008473962e-12
2.3927539610744026e-11
4.767510131088357e-7
9.415679880914637e-13
1.0799528006179296e-11
1.1423047261731378e-8
2.2820129132161878e-10
5.224643674754237e-12
3.0302501680671997e-13
1.4085868012609746e-11
1.4981817846413203e-11
7.68390501953708e-13
3.604936179998633e-9
5.77243420948892e-13
9.628946499802163e-10
5.020673434221611e-10
2.0536019695149858e-7
2.665200097579506e-11
3.7120914141758926e-7
3.9883179738629365e-7
1.698816476701414e-7
1.1964298986673317e-6
1.1483388041356453e-11
1.3079926311002454e-12
3.5833725679178465e-9
5.574335922039176e-6
1.4643572370882792e-8
4.975306322150269e-10
1.3213117009466395e-10
1.3148779830334744e-13
4.582140552813808e-10
2.356954243711689e-13
1.4620971341039283e-10
7.659307600191537e-11
1.7237857639171868e-10
3.4793875052557755e-12
1.8656955223481567e-11
1.3898144631058159e-6
2.916192663317106e-8
1.5497783903285928e-11
1.6788964269427726e-10
1.490909556389803e-10
7.970583476418914e-10
1.415079960538528e-11
9.203663682298638e-10
4.5159993798255764e-8
7.435635350217367e-7
1.1910669488516775e-8
1.4984285238740101e-12
5.797159555052759e-5
7.669195052219393e-7
1.4061721390441477e-5
4.840158906824333e-9
2.9643004619571953e-7
7.448595630393121e-13
1.2877381098524047e-12
1.0822431057182571e-9
1.9467243638377007e-7
1.7905508682966857e-11
2.2314938296722367e-11
1.774317369124379e-11
4.2302666659527206e-13
1.5800162178360308e-6
1.6557666829085293e-8
2.6209646101855066e-10
3.89432821548241e-12
5.409140679775234e-12
1.6565274062753115e-8
2.680089925824193e-8
0.00012868070994264395
5.387120628974774e-10
2.2456658055634025e-8
2.0759717488202756e-8
1.495565150488827e-12
2.308929686717838e-12
1.6980710504067152e-9
4.671942500624359e-11
3.809269993323512e-14
1.6759285975258923e-6
3.035578458449165e-6
2.502391768943915e-6
1.5215460911313227e-9
1.4807031378652282e-9
5.7747105703661794e-5
8.798353686786749e-10
4.012620182195596e-6
4.435170934138271e-12
1.0189280160822536e-9
3.1468800856164848e-12
2.3090792106907356e-9
3.4969931011157344e-12
6.221326742842208e-7
3.470856035487151e-11
2.609532451647342e-10
7.348038753533906e-9
7.861518316968275e-11
2.6086953771045782e-12
6.318427131129762e-9
2.075906186698332e-11
8.58296973117634e-9
4.162333925987385e-12
1.1248840271126139e-11
2.0832520754375873e-9
2.506774940081197e-11
1.9048100768478343e-10
9.44900476663077e-12
7.54352370798543e-10
3.752324197327706e-11
1.6905638752254488e-12
5.606104437573604e-10
2.339889523094936e-6
1.2060398834364017e-11
2.5146035699298512e-12
5.349434509893418e-12
3.8489054893072153e-10
1.5788124582098678e-10
1.2976850435711764e-9
1.5889188157509012e-12
1.0863240845795871e-11
2.4429868367136396e-9
7.63007842444696e-12
2.2890119521709968e-11
5.205671754539546e-9
1.2559992688305286e-9
2.474631543403195e-6
1.9281137286941186e-6
5.905420131784664e-11
3.666497066983993e-6
4.902697515854224e-7
2.1458247376808405e-6
1.298063742190399e-10
1.1966777915122082e-8
3.550420899595095e-6
3.1060041613859245e-6
1.3527048331224967e-5
2.1080254660571734e-9
2.420132179702695e-12
2.3532433467472955e-11
9.674825175764475e-12
2.1156287013593327e-8
4.025312910080685e-12
1.028370922827909e-10
3.29793405363931e-11
1.4539113246129977e-7
4.532413216474167e-9
4.127088030852533e-11
4.358297653386031e-11
8.234183724588592e-9
1.3422344552405654e-8
4.545669160566858e-6
1.4772505584097958e-9
7.643973512446023e-9
5.3917630121037665e-12
4.847716591368829e-13
1.6974258529639858e-7
4.308527437106597e-11
3.19868161308542e-9
1.045280143516196e-9
8.391369628146994e-7
1.4047998253100878e-11
7.851218582105756e-9
1.3829839581422214e-10
5.599720249691451e-9
7.541899017268467e-7
2.111231802414094e-6
3.128672050541353e-11
1.102202121779856e-12
1.3384326176974636e-11
1.792974233033754e-8
8.074958663878049e-8
3.7663980243898285e-12
4.755462515602976e-11
2.8102241712141306e-12
1.395184237847077e-9
2.3696631706135994e-11
2.3730549189276213e-8
1.5069998713098762e-8
5.803077140789657e-10
7.626445763958158e-11
1.6024424131422365e-10
2.4380666240980263e-8
3.3802644987232085e-7
6.618051233878048e-11
9.177441220238749e-10
1.1820650075777412e-8
2.9408736611351876e-7
1.292495524992545e-8
4.689595235795124e-12
9.408572600050765e-12
6.461817816656238e-9
1.7724266694636214e-10
1.9184263737867463e-11
7.069197640981882e-6
5.827334670467206e-9
3.377600993452469e-13
1.9758497074791247e-11
6.945476142584149e-8
5.393488881246331e-10
1.0729851077045791e-13
2.4362739992253094e-8
1.374256852431585e-7
2.4066102673660165e-12
1.3512495801425988e-11
2.1578812955767598e-10
3.309175394503515e-8
7.338724553578789e-10
2.3430817285464553e-9
2.7216025929680288e-14
3.0365572319138105e-9
1.0694626166791833e-5
4.76296998996067e-8
2.0020557114641734e-11
1.1336837232065748e-10
1.488075467951086e-12
3.5724451123065316e-13
1.5283823976037452e-9
9.199258906145383e-12
1.414060969687806e-11
2.0206002097422533e-8
4.010201937117796e-8
1.6385085493996136e-7
3.3017900944894e-11
2.9616638328360845e-10
4.4573696029054017e-11
1.4278068310499412e-12
6.5817333438041235e-6
1.739799177868097e-13
1.8780891008789818e-11
1.9585440820470834e-12
2.824734504213671e-10
1.0502184554015034e-12
1.837811678972049e-13
1.1736919329088168e-10
1.885039165923401e-5
1.5852776388839244e-8
1.6742700670322825e-9
6.133868694422098e-9
7.724834576886776e-5
5.8847677796181196e-12
4.8232470710948796e-6
5.243925460448209e-12
3.364812613451714e-13
2.7225817108789636e-8
1.5970048947468923e-13
2.6171469120990323e-9
2.034086261808502e-13
5.9453363199042834e-9
1.0632967012722044e-11
6.754876747162413e-9
1.4449225322672815e-10
2.6960553377565423e-10
1.0811155642125955e-12
2.0850101284666844e-10
6.463044477677608e-14
6.29008859405805e-7
6.893734033357301e-11
2.372435960830825e-10
7.691752696381263e-10
9.092624684297298e-10
1.8943034429871245e-9
6.524228278947786e-10
4.223484388516274e-12
3.055614361685408e-11
8.751213490275959e-10
6.9627124241183e-13
3.786974988398175e-7
7.045232164330925e-12
6.272994819254384e-12
8.979338175612126e-7
2.6090780007382826e-8
3.911767121570679e-13
7.187354094705474e-8
2.204181384455986e-11
4.738746316018498e-11
2.4270157676144994e-11
3.246465627577992e-11
1.594637864549274e-11
1.679959223709856e-11
1.0181017757352419e-5
2.587218959637277e-10
9.511621217284106e-8
3.036971007343114e-8
1.1050298084270892e-5
1.0745068662736168e-13
8.866753989688786e-12
3.3308428013434e-9
3.4770408572630826e-10
1.796049810204243e-10
8.86264903758278e-12
2.8277479264301086e-8
1.0794720836516176e-8
4.885549431237576e-13
4.977718226844012e-11
1.3994218233806838e-12
6.6393521875489016e-9
4.935026485045791e-11
3.856234428286517e-11
3.3045541010302326e-5
1.9118958297931402e-8
1.4661924381335056e-10
4.5699830721448824e-9
1.84893409615098e-12
2.050944566057937e-8
4.98265832563512e-10
3.366086122455302e-13
7.884461734793787e-12
5.132628502216978e-12
2.5443746394273094e-7
1.5616154329193383e-10
1.2485976039035809e-11
1.5125131603909522e-12
2.1277369856553432e-7
1.730338943790726e-8
7.2708216576141455e-6
5.013307022942429e-13
8.026963218541991e-11
7.320492139598448e-11
2.0659346323393456e-11
3.970815798950391e-10
1.2210810007534207e-8
1.1383108039460586e-10
7.487376570588088e-9
7.621653165374884e-9
1.1367780265992966e-12
6.668269545563712e-8
6.8546543556497336e-9
2.627285265887114e-12
7.578549522234753e-10
2.3347330908818192e-7
5.791857646774322e-12
8.409808168007965e-10
8.454117106564967e-10
2.234076915886004e-12
8.681668139491194e-8
1.504339777751111e-11
4.972721182427744e-9
2.5319510032409236e-6
4.7328761861593554e-9
8.775356097753444e-12
1.3449105712046152e-9
1.5309455805328651e-13
4.011037891311424e-9
8.242356844048909e-7
7.0857127435221765e-9
4.99780421856921e-9
7.960241266825132e-14
1.821075467630916e-10
2.6428418133665473e-11
1.645976220827354e-10
1.106654507406829e-13
1.7828677842940491e-9
6.643979940245416e-15
4.283207802272239e-12
2.08850915677569e-8
7.7682351854928e-9
2.0813178117937494e-10
1.9438358049488818e-10
1.064791607590694e-13
1.2469771949252466e-6
1.9577272723410105e-9
2.8175042009658488e-11
5.391058744889526e-12
1.2266410612819105e-11
3.798528983902868e-7
7.009195132697666e-12
1.108397264508612e-10
4.775026492035669e-13
2.140254389791276e-9
4.516410788675711e-9
5.85378729516505e-10
0.00010000102037053331
2.5141744138099505e-12
1.8428370786888953e-12
1.3403163757531805e-6
5.208745004929964e-10
2.8044822654694367e-11
1.9053327120866977e-6
1.091712870698294e-12
6.456860724550678e-10
9.671038913808394e-14
4.949836570094184e-12
2.9077367865280926e-8
3.0646284202145505e-5
1.4255574155092866e-7
4.0572021046890265e-12
1.66108249253155e-11
1.7107037752290294e-10
2.2493243044120227e-11
9.995932975337503e-11
2.63589975766848e-10
7.532736352548439e-5
1.65696183420107e-8
9.447272401367437e-11
1.8665159652866777e-7
9.591731084303306e-7
3.1735383923134267e-12
1.7917858459269097e-13
1.4088491496215367e-6
4.443099651056501e-12
6.590024540506744e-9
9.217778955660056e-6
1.722971699644126e-10
4.4923970358286654e-11
1.2968679258020052e-8
5.77145708573015e-9
6.277422245126607e-10
3.7256903461933227e-6
1.1435513484644587e-13
7.90676322906372e-7
5.317173982405294e-11
3.955215366599782e-13
2.4169444743167467e-8
2.4616799184222843e-9
3.016455044847411e-14
1.4289998435842057e-8
7.675442279579899e-10
1.9771233186092383e-10
5.7177981655957445e-11
1.364830946982203e-11
5.90432568221654e-9
1.5205950269518705e-11
1.2928751558794957e-5
3.725350868659959e-12
9.150685047630668e-10
1.6205889631427104e-8
2.16406323187111e-14
3.3740395261485046e-13
2.8015787787373837e-12
1.1048639433906834e-12
3.56978322584813e-7
2.7688121755839896e-8
6.164124349268603e-11
1.1671889400451351e-9
1.5393563997053411e-9
2.5050025808529127e-13
8.994932067545745e-8
3.294766294184579e-7
4.474538781701045e-9
2.4273200589396236e-6
3.676407401225262e-8
8.603153583238015e-10
1.0154845733311474e-14
1.3167352805330178e-13
1.204327407636703e-5
9.511548957035861e-12
4.32536359167774e-9
1.6702432820131463e-11
2.3064939799687723e-7
5.986765342834429e-8
7.207956818355818e-10
9.162078469596166e-13
2.8821939204668196e-10
8.08805958388363e-10
9.922975555683203e-12
2.0601484696706668e-7
4.156619083297378e-11
8.388438037486203e-9
7.616686479160888e-11
6.00295367915232e-10
3.4206148611745925e-8
3.199561678397372e-10
1.5071798211977077e-10
5.976909888539043e-10
5.352377714660208e-7
1.3942923014650244e-11
7.4074531311733454e-6
1.902334158086497e-11
3.137778285367876e-11
2.848981233209282e-11
5.590259176704309e-9
6.466220664663641e-13
1.3621295899884923e-10
9.425096893231808e-13
1.0321562007517854e-10
8.025552830585549e-7
2.709274498751751e-11
4.148684521432644e-11
1.8192795431643685e-7
3.3366371324572556e-11
1.1678329376446514e-10
3.152333479941925e-10
8.291064797787617e-12
4.0308896820203253e-10
1.2461710783880827e-5
7.482709996228475e-9
4.039082363785963e-9
3.963572166451423e-9
4.274848959238392e-6
5.702402771973358e-8
1.1248806032533584e-12
0.0008553920352500178
1.416775698519065e-7
6.691401947787122e-14
1.2497904321722338e-13
1.935874035540237e-13
1.8007513101138062e-11
4.005570707267187e-12
3.5300012503580004e-12
6.757827480905368e-10
2.447969747441184e-12
1.2951944148367857e-11
3.047531978853981e-8
1.5006627884435724e-13
3.0790629781076713e-13
5.999035886264204e-11
3.1696446973892444e-12
8.220703273215923e-8
3.845891059752516e-5
3.1584380062172845e-14
3.3986035868973374e-7
2.0169489455956952e-11
6.771418760356299e-13
3.953266318084602e-9
8.551533842531724e-10
5.6612746646062904e-11
7.381672251393178e-12
1.444370757371884e-8
8.155901592296896e-11
8.464830501309893e-10
2.959030151785369e-9
1.1177823293944038e-6
3.081835499600443e-9
1.1862843085599658e-10
1.0308049503970532e-10
7.071565864947995e-11
3.0464996662323223e-12
4.522549293381825e-11
2.6914718629500106e-8
1.6435178116989043e-8
7.217592391582944e-8
2.583091413032651e-12
1.9610994783704467e-9
4.1322097342164916e-11
2.732724072763899e-10
1.21177135262163e-13
5.273929075077267e-14
1.4955828437850433e-12
1.6260320878912987e-11
1.406022314343981e-8
6.341439286951697e-10
9.80783882976196e-8
3.942699339608568e-9
2.6972353230311457e-10
1.1578565204159877e-9
1.0464630164134983e-8
1.3051483886787817e-9
6.2769595033046e-14
1.375376689473404e-9
1.1837800513922383e-9
4.2105197596808715e-9
7.316549131501673e-15
1.3558348877864425e-7
8.46643888982367e-10
1.907644657696815e-12
1.1606075224797355e-11
2.3560217944734212e-7
1.139445690132318e-10
3.76319649033662e-10
2.3509221145135046e-10
1.4054159973456598e-12
1.8313454362127925e-7
6.63935617685996e-13
3.310686762307839e-9
8.758440290462493e-10
4.236562456014445e-8
5.186479468330041e-10
4.192677469752612e-10
1.0968686048685054e-11
1.668757900912486e-11
6.1629342689423004e-9
2.409207955348824e-9
7.868692303156669e-15
9.968674956277837e-12
1.3540251010942853e-10
1.7189165364064365e-8
2.3860847677757846e-10
1.5475453180022857e-14
3.119452282687608e-9
2.2390708404646682e-11
7.546479295061187e-9
3.490976149611911e-8
1.0335452512350634e-10
1.26755989017874e-12
4.135674046763532e-5
4.2055190989462195e-8
5.617263076825152e-10
2.0308489411812628e-8
2.001768937874359e-10
3.7219110672827425e-6
6.871610315701529e-10
6.737212299521306e-6
3.763120127961406e-10
7.018986741256159e-6
2.583973572080314e-13
1.4513654601645102e-12
9.331531425908186e-10
8.296246514109888e-13
1.9725780240476516e-11
5.074269049716137e-9
1.2823272119306052e-7
1.212660624476911e-6
4.952931821234145e-8
1.4661171171046338e-11
3.7159569814139586e-12
5.822189273745576e-11
5.147027599689055e-12
3.868429451281312e-12
1.655828172086242e-9
8.904931754914186e-13
1.8278987237925438e-13
1.5762072654009676e-10
2.0115739056832954e-12
1.5425046701240127e-11
4.4845460955870155e-13
1.611243092404519e-10
9.118496629363455e-9
6.190487997308427e-12
5.293243420991227e-9
2.9904381419990924e-8
6.845831501059018e-12
2.2419002045693193e-11
1.301068337087494e-8
1.7041105362818106e-8
1.4893203955064664e-8
3.846507657518039e-14
1.2034300183839527e-9
5.689220865242009e-9
3.854183751062449e-12
1.3263216176115853e-11
9.587407939453143e-14
5.160870891186349e-5
4.0226451569060804e-10
5.571346696374936e-10
2.560868487526856e-11
1.3616975588261131e-7
2.1368716630534562e-12
4.892572712661278e-10
2.4290034318748124e-11
2.1405917806663246e-12
7.319299140469978e-7
7.546991259182528e-11
1.8313562740247073e-7
1.844038635161076e-15
3.5900169005645075e-12
1.049258750877275e-11
2.153908757847453e-13
5.534860812731044e-7
2.0722642936988026e-6
4.627434415937204e-11
1.6005226070356682e-13
1.9772910490408903e-12
5.25109934883171e-10
2.9168195555763055e-8
2.2334863730211097e-14
2.3604254246204247e-8
2.8054878785097123e-7
2.52810461819319e-6
2.404363456238346e-10
4.098973917621854e-11
2.395877512884708e-7
1.1703382396552301e-11
8.769521114134592e-15
3.778864886098427e-7
1.2444970606265994e-9
6.725506991114862e-11
4.290952545164776e-8
4.569045307968167e-13
7.673333947461227e-11
5.777584669445535e-13
7.096259535388353e-7
2.0353433402521058e-10
1.159411163561611e-9
1.259284794127141e-8
1.2234478563322982e-12
5.020730333372671e-11
1.1302716594436709e-10
8.050536266780255e-11
2.8668130759040742e-12
1.940731626640717e-9
1.1397665976765515e-11
1.0664760842551549e-11
9.415169642522942e-13
1.0227658379246653e-5
1.1754402649164692e-8
4.525940705577602e-13
2.674437566401192e-12
4.5154322337153094e-10
4.639843768872162e-11
4.651407023436395e-12
9.545258357371596e-11
6.456087999297756e-8
3.975950438999539e-8
2.585022539503893e-7
3.277487193677133e-14
4.345949125070521e-11
4.089161408389479e-9
1.7950596320944013e-6
2.865476399423515e-7
2.0729800972933613e-9
1.1422524366715809e-10
2.4597781502892664e-12
7.32218989607499e-8
1.6118430383778398e-14
4.557797760634067e-11
4.302140563620566e-11
1.5947638459556929e-9
8.248102714270847e-10
5.003431985510105e-7
7.187006060958904e-10
6.963449638926207e-13
4.832034040780292e-6
2.689594835658601e-7
1.5326209115703448e-8
6.940122958611485e-9
1.6735677806179282e-8
2.206611441313733e-10
3.9407137880422147e-7
1.455387730117583e-13
3.6090278534669576e-10
2.363229987512621e-8
3.7171866273992554e-8
2.2372550101695785e-8
4.7636172496410737e-7
1.2313031636994204e-7
1.4145119336004955e-11
2.088963747379299e-8
1.639692523829305e-12
1.2468975263275737e-7
9.471054522494189e-10
7.07963423335502e-7
5.88348936503369e-13
2.9013367963941537e-12
1.2550914672222553e-10
9.220924128656967e-9
1.0283125839637553e-9
1.1152153409344023e-8
2.414420936935266e-10
5.487345186803929e-12
1.3997874563501225e-7
8.258718196537733e-13
7.010980632720325e-11
2.012535364352487e-7
1.8846053290543876e-11
2.9818434531205637e-9
4.231171390928431e-8
4.066383543747115e-9
3.647558229323057e-10
2.0259922547098115e-7
3.637061762558113e-11
5.825443351034535e-11
8.491675302282541e-13
2.1283418606528107e-8
3.669506655197109e-9
4.86278748016401e-10
2.5102851478643086e-11
3.850591687235662e-11
4.8878844525908404e-8
3.5300775362156684e-12
6.4255470649029146e-12
2.0541104980155197e-7
6.439228013175164e-8
5.723069932126164e-9
2.933668675292526e-12
1.642686557102737e-12
6.852126496866874e-10
5.200109854543667e-11
9.688367216790923e-11
1.7779049234915502e-7
6.531078824060998e-11
4.300356280454977e-12
2.804512605010432e-9
2.8462825563340837e-13
6.5274467237513476e-12
6.719331698323328e-14
6.619925421614843e-12
1.5744353005156997e-7
3.6271784025646146e-13
1.2956208013621137e-10
6.675813277145413e-8
3.2859825857204896e-11
1.3098374201207717e-10
1.0236352651650394e-7
2.0541313728594956e-15
2.358748361622301e-11
2.4226400153250225e-10
1.0433087759772275e-10
8.923986228442913e-12
2.6899075671693474e-7
2.7319218623003888e-12
7.323886254069314e-14
7.166609321689366e-14
2.0059558272887255e-8
1.3846165317944151e-5
2.7217619635869198e-11
3.597294530650762e-11
2.7046345959129913e-10
2.3431718998988634e-10
6.492653447696848e-10
6.327957451729e-13
9.436509023551861e-14
2.581522485622134e-10
9.767456963559328e-12
4.463944513049934e-12
5.282829363864965e-13
4.647872340844234e-12
2.1466761742869739e-13
5.618369601848533e-9
5.037365148045714e-10
6.077676698791279e-14
1.4210246155438203e-10
2.3586332009140742e-6
5.2111167216116184e-12
2.123205117286248e-9
5.889636088896221e-14
7.571876253069044e-12
2.488094479089437e-10
2.2929250944197412e-10
9.191168196739767e-10
6.480487067660109e-9
8.901131118038267e-8
9.180910475570323e-8
8.637190097879085e-7
2.106783832822477e-11
1.0138051757810585e-8
2.813180377788804e-13
9.554398777468401e-12
1.7208451867661652e-13
3.139035371433546e-7
1.1002041835944669e-7
3.040763974684855e-12
9.351626068054318e-11
1.7216647851043471e-9
8.886590677695077e-11
1.0320405334808603e-12
1.2541632992498118e-8
4.7154530836683406e-14
2.774256542925452e-9
6.8336470032352996e-9
3.5231253379218625e-10
5.28284178475146e-13
1.8626999600045573e-8
6.108670248286981e-11
9.266372645738358e-12
1.4002543651018666e-10
2.3424813287332662e-14
1.2746194368613586e-10
4.249627563542442e-11
9.370586983685451e-10
4.2812999911397704e-14
8.307140031878744e-12
6.9270069304937996e-15
8.844472655704868e-8
4.024073886898355e-8
3.621268607827287e-13
1.8335874509535068e-14
3.624855125582672e-14
6.250725007228035e-12
8.702173246618644e-15
1.5529058103225542e-10
1.320596904603068e-9
4.400500737425485e-9
1.8952465976211276e-11
1.3778874230443823e-12
5.3060842425170005e-14
7.3103993174644e-14
8.789227191811095e-9
5.173346165488303e-13
2.83619969061146e-14
6.289415181675503e-14
7.791055763807278e-15
4.103104656883737e-12
1.0024139662273495e-9
6.932062409150795e-10
4.315280872379028e-8
1.6509600867038225e-11
4.359675418398272e-14
3.1415187366836217e-11
2.8392556974827722e-8
1.5288279481403293e-10
2.3093496092436907e-8
2.3693661162968866e-10
8.860091928863696e-9
1.1659414606409716e-12
3.49187617760514e-6
2.8457359838132975e-15
3.926157845809496e-9
1.0224574156803838e-13
1.2448810655862806e-13
5.780737432701834e-10
5.616736174550912e-12
2.381715630667806e-8
3.0080744406359883e-7
1.568210769055057e-11
2.8770465264975088e-8
1.0514512213748016e-11
1.924962715119464e-11
1.427008441069952e-9
3.4276032557727266e-10
6.349500075239264e-12
1.2714516520450958e-13
2.204173175256496e-12
3.544081019914128e-9
4.418461577757046e-11
3.993486111432861e-11
3.949503143494373e-15
7.959441825169207e-13
1.2684644493435918e-14
1.4470923399537923e-6
5.44073954802183e-10
6.8068462094407986e-12
3.4223325358903635e-10
1.2601555842603025e-11
6.182071821213849e-8
2.1774440438842595e-9
1.302074909472408e-10
2.5600556691685315e-11
3.486854664047528e-11
6.528094140914979e-13
2.7676990179736037e-10
4.435458456441071e-14
3.986186118777359e-9
2.49526731589482e-7
3.9569044931645277e-13
1.2051059857837503e-9
2.9953407162329194e-9
1.8005283644423666e-9
1.489757840503786e-16
2.3632766549802827e-9
6.125779570325468e-9
1.265020531999535e-6
7.419799796476473e-12
2.6125617706820584e-5
8.741528020572743e-7
1.1393933143677783e-9
1.3125379914906232e-12
9.179022999578724e-11
2.6695839949787294e-9
3.689726034437648e-10
3.489080075857249e-11
6.627844938465061e-12
8.048004319195987e-12
2.587434861218544e-14
5.280916962011502e-13
1.8113845673241004e-6
1.3125442083647864e-9
1.4047184014815887e-8
2.2475067855833398e-10
9.332426534782875e-12
5.279197725733888e-14
4.017006177383285e-7
1.0386029801054216e-9
3.881053327724907e-10
4.544597371227467e-9
7.179587350013039e-13
5.085862935491682e-10
6.357357465875384e-10
1.468503293182975e-12
2.2491254611390795e-10
4.017437110710314e-11
4.757605098561e-9
8.616785167736078e-15
1.1921347102493272e-6
2.6398973231708912e-8
2.2568467644983723e-11
7.963676403601474e-7
1.3697024707827305e-11
1.5504741217808161e-12
2.018647177447336e-6
5.139500620590783e-15
4.1959102321188466e-12
5.196502347175283e-14
1.1147980374601814e-12
4.4618370955949263e-7
7.890814179717096e-7
1.0853920725029085e-6
2.3433157511012156e-10
9.827282276779491e-14
2.116129956372321e-6
5.005954472366728e-8
4.1880640728392264e-10
4.6922204393528445e-9
8.85209021533808e-10
1.0502438321951402e-12
1.0806601061838691e-8
1.6942628320908314e-13
8.177173277079847e-12
4.6853802265468585e-12
6.253869461114697e-7
1.8974850467026806e-12
7.464797861930902e-11
7.705078601399802e-7
3.1108366412176926e-8
2.347508424102188e-10
8.407570488487046e-14
1.0903547846084361e-6
2.3774820166092917e-7
1.4112497067939182e-12
1.2288704492364019e-6
2.9956430182439253e-13
1.1737449891655658e-13
1.3822020955975904e-12
1.6138651586789854e-11
4.308811357817201e-11
9.487895624595282e-10
5.235950787121173e-7
1.7793921389366796e-9
8.968375349815649e-12
1.4333821593416804e-8
9.305650337914904e-8
4.691746753524541e-14
3.3524583342722765e-12
2.9610993823597595e-12
6.831118071724558e-9
8.34826942066197e-9
5.286408035685794e-12
2.095565673404965e-11
2.2448274760692558e-10
1.67524976286568e-10
1.3258980689913652e-12
9.559883570921935e-9
2.3188819262287744e-8
1.4349565696939308e-12
2.2189188701391867e-11
6.613725171995417e-7
1.1197702422404083e-11
1.7976048952427466e-9
5.2870710514866823e-14
9.309368144245931e-11
1.2248993556510917e-10
9.28643133373401e-10
2.8068394346418184e-14
3.5895927808178107e-12
1.980871745143933e-6
4.499753462868272e-11
5.1610336394009305e-12
9.550870556385823e-14
4.1382861470154824e-11
1.8900328943687378e-10
1.369251884572247e-9
2.058327509422153e-12
1.070019477473194e-6
4.001843421492944e-6
1.7547288262105825e-10
5.6130553696544916e-12
4.859742891488395e-14
8.915255944197359e-13
9.552247622922135e-12
2.7265744393813115e-10
7.788042531995779e-6
3.33204300581016e-9
5.328038616121365e-13
7.939818993745705e-12
6.6347618254717415e-12
4.76120728225442e-12
1.112328718675831e-9
5.701012024645383e-11
5.864854036790311e-13
1.6474149100130675e-11
9.310645143475032e-10
1.8337343537664414e-9
3.910292663631495e-13
1.5903221240073698e-10
2.7095048705775163e-14
2.1476027732145633e-14
1.546592157107199e-5
7.957724969087774e-12
1.415609243853341e-10
6.560622860034375e-7
5.448587175304047e-13
7.374424618802866e-8
4.198623941170837e-9
4.9077840936770405e-11
8.006265860504972e-13
4.516334827714873e-12
7.511570520560836e-12
4.768785408249667e-7
8.253594206920973e-11
4.025583440617092e-9
8.198295098362658e-12
6.358970617488367e-11
1.5410504084770592e-12
2.960929304917116e-14
1.724367420807121e-14
6.345977559633624e-8
7.196582661315953e-11
1.0715854813328892e-10
9.466210654345036e-10
3.735459628290024e-12
1.5459276281125604e-13
9.624955478475923e-14
5.398412055381954e-9
1.523144779586428e-11
1.0300590221622602e-7
8.529309753831343e-13
2.03204266457612e-14
9.361566393645385e-10
4.74929685534198e-13
8.163661640971965e-13
1.3145421726400958e-7
1.127547066887624e-11
4.961159325108641e-11
1.269624065670989e-12
2.5009824092141737e-8
5.311099975097348e-15
1.2528037139795992e-8
9.516949428670404e-14
2.2589216311804622e-7
9.174280541304375e-13
1.0013979431433458e-10
1.1221385790944857e-13
6.217021741157226e-6
2.493735252918151e-7
4.4831425387461556e-10
7.17752256185177e-11
7.596125338390852e-13
3.874411393950078e-13
4.406696747219577e-10
6.611295826262398e-7
1.1590542843322184e-10
1.9924790453164763e-10
1.6858550059742088e-12
4.853316658366375e-14
8.268315073893873e-13
4.222387974235728e-9
1.306391212514948e-8
2.722384605611654e-7
1.534719112679971e-10
6.368266432376443e-7
1.3900583715813606e-13
7.120557830225008e-11
6.655380128910151e-7
5.557965043617417e-13
2.931782603451036e-9
3.4417642754336926e-8
3.2433267863500954e-11
1.3700145309770758e-7
3.1171765544322516e-9
1.827441136837165e-14
3.8428395147450805e-7
2.3658028310881275e-7
1.2949599851979384e-6
5.446815145195816e-13
5.661560033481054e-7
1.3355838332775927e-14
9.057044316421497e-8
8.788131168065632e-13
5.524179467634012e-12
9.583668234901698e-11
4.283066481656602e-10
8.899601629878643e-14
7.196261438864933e-10
5.312947691963742e-12
6.954938193832504e-11
3.3042273873916816e-9
1.0169848155905672e-11
8.882035917810827e-11
2.3177769748942754e-11
3.16725470449169e-9
5.8015829011877014e-11
2.3512918799975635e-8
1.4350075684828697e-8
2.952870518484952e-7
4.373415137408035e-10
2.0948780742448597e-9
5.377798566640198e-13
3.9878923189758936e-11
5.9856967757874945e-9
5.6361543471687594e-11
1.8405076765973783e-8
1.585803802739389e-5
1.9094768960109312e-13
2.6709614047697014e-14
5.957580379374384e-12
7.178856490914205e-11
4.659820436013317e-11
1.1023681602061854e-12
8.220319995193915e-11
4.751769051600479e-10
6.190686130496471e-7
2.3031991085656776e-7
2.1844489944950555e-12
1.7641593365798774e-9
3.007805817838114e-7
8.061924652301358e-8
9.559742967975838e-9
7.024774017168443e-10
1.281850676559182e-13
8.821253309559361e-8
2.8102853595083155e-10
1.0734531088179501e-10
1.4194262889643064e-12
9.40396807611766e-13
6.360072374501524e-9
1.8897543179821604e-6
6.557975562274852e-8
2.3846148617556374e-8
1.2130880909918357e-13
1.612556337905569e-9
8.299784712751565e-8
1.7209582473205798e-8
1.5475230173812652e-7
1.039435411032913e-13
8.482392244699348e-14
8.148530286463023e-12
8.818707019181235e-13
3.2219217807982164e-11
1.902461096635384e-9
0.0002333038911115802
3.178425527857953e-11
3.7598107863871266e-12
1.3930671367786884e-8
3.045396778482348e-13
2.3445092285034006e-9
1.358939108753582e-11
4.894028499281362e-10
8.30012289205727e-6
1.509196769840944e-9
1.2564939814372815e-8
5.869816445677159e-8
9.529053231155496e-8
1.3335945461753975e-7
2.093155493824924e-13
4.1294933202292847e-10
1.4717988721933926e-6
2.219101563644282e-9
1.2546747965240825e-9
1.8597746526066995e-8
3.4057695159054396e-12
9.905038309695234e-10
3.109836312666842e-9
2.8839198910860335e-7
2.5529911652495525e-10
2.0292597252868573e-8
7.518367159284879e-10
1.2344738987548863e-6
4.191113009170677e-12
8.60280826022121e-6
5.0274862089422116e-8
8.099267290008052e-10
3.0504754904902404e-10
1.3397465930320573e-13
5.589577159190266e-9
7.45005514792768e-10
4.610519865261258e-10
2.4494893894854833e-9
2.0413001484697835e-10
7.776948122439211e-16
4.112745422496013e-11
9.33866675082351e-9
4.968122700299045e-8
7.470551926145916e-12
3.0200482228031855e-11
2.0960418521018046e-9
3.1331182803208207e-10
1.5553708833640215e-14
4.40512913768885e-12
1.1775970734250071e-8
2.7837568177041297e-10
9.35697122857061e-12
1.9064315304630404e-9
1.1837764540780768e-10
3.182557609241054e-11
1.0550211814127132e-12
1.1223656987657358e-12
1.8385958361637944e-6
2.6527212675158126e-7
9.441306463967385e-10
2.2328465614461738e-7
5.522875425163584e-14
8.719539565115253e-8
1.1729640066116635e-12
2.5661446817442895e-10
1.0440017964294061e-10
3.7792398558040326e-15
1.4163447242380948e-11
4.269088192846904e-7
1.5370263105562752e-11
5.758290884111631e-9
1.1407043926483798e-5
4.818256023538575e-13
7.936092977781683e-10
3.405219932032585e-15
6.946860949590762e-7
2.944457125812628e-11
2.668471674965327e-14
1.73173803788952e-12
6.46936791884592e-8
3.1543763814387484e-9
7.555438529407399e-10
7.642293555902864e-11
1.4047410665797634e-12
2.300948523800487e-6
1.4788134855031016e-13
5.035563180102804e-12
1.9008337444791325e-7
9.553680169585804e-9
2.6189057752199944e-10
2.2754603201029464e-6
4.3598614563081305e-15
6.575520323876522e-13
6.9196437200834185e-12
6.229690321240527e-10
1.88943583618568e-6
5.151819371561179e-9
5.250495062915525e-10
3.3434371195013622e-12
1.5824857036386582e-11
1.7447883927401662e-7
6.128498625850278e-10
8.124886800162509e-13
9.840466101787514e-11
4.4202544216717973e-13
3.153213290579922e-12
7.529140857006964e-9
1.1431505781440537e-12
1.9846867608614288e-13
2.0295323212080465e-10
1.2782030907151537e-13
1.9342082334608575e-8
2.0386934438819566e-13
2.7317212189291593e-11
5.280440809778067e-15
6.645909437847181e-8
4.112826260469862e-11
6.205059131647406e-13
1.6029492717671703e-12
5.558215484151448e-11
3.8044228206931745e-13
1.9918124003103754e-8
1.187274894733014e-6
2.7465796788487593e-7
4.829642434258328e-15
1.0435242887491536e-9
6.224026300360845e-8
2.3547660616668503e-11
9.993896552238917e-8
2.128087260834488e-7
2.7991255530731628e-9
5.593051026606538e-10
1.277534541090117e-12
7.465517631147981e-11
8.711980601904119e-10
6.043791916849831e-11
1.1665328013793832e-10
9.188913487263272e-9
4.969050071150794e-13
1.2711293319277586e-10
3.888948552416515e-9
2.521994741282441e-13
3.8677066622990946e-7
1.1885767874479228e-8
2.96504425700083e-9
2.890041986236713e-12
2.268080842591894e-12
1.7489266323151489e-12
1.4915211611610178e-11
1.0915348344675202e-10
2.4876100171148745e-11
1.039820329335916e-8
7.997239637176765e-8
6.76987879073527e-7
3.1425414357563893e-9
1.1817456248297551e-8
1.479136536673856e-6
7.300548098586609e-11
6.8246968150273344e-15
3.9629419514340494e-7
6.555617615639881e-13
7.537297397862872e-11
1.5925339196402314e-13
5.6472152323906106e-11
6.359956248743134e-14
1.306950463479161e-9
3.480027028470807e-11
8.032062871202325e-9
1.201982117433983e-10
4.974430448361389e-13
7.571539118243746e-10
8.728153852893809e-11
8.567254697860355e-13
1.7601743760903877e-12
1.1568176425512435e-14
5.002981815073924e-9
2.1884134526288385e-13
4.112096309222091e-13
1.921441618384369e-14
4.267820519453084e-11
1.2711037626795097e-10
7.308932501972683e-14
1.7805399749246485e-14
1.5812556471115323e-8
1.644819372020979e-12
4.635245948979471e-13
3.6251085392131015e-13
2.3683350622421237e-14
7.096244471444453e-7
4.472274470550368e-15
1.2031348589510919e-10
6.068405869118963e-10
1.5730473478292328e-13
6.587847759029039e-14
5.075058823128566e-12
1.4832607386363078e-12
8.630644946080351e-10
1.6805569168292225e-8
2.081364999373315e-11
2.388377763073804e-5
1.0276969387852874e-8
1.7051624223311445e-10
1.3798681737491922e-13
4.9954516707079484e-5
3.3257080254367325e-14
2.2516853032726503e-8
6.816746496735781e-10
3.511675165059518e-13
3.7434636133404864e-8
1.9371402766416494e-7
1.2844997452193293e-8
8.919016306586892e-12
8.006452763006873e-14
5.124653519751266e-9
1.2728498594337342e-14
6.954472907928123e-8
9.778214116663107e-9
2.410279693784267e-12
4.870844090603532e-10
6.469744584233816e-8
4.8429943436417545e-15
1.9339549199813043e-6
2.6890346476959345e-8
3.4802561098698407e-10
2.6854181599623827e-11
5.470565175591556e-7
1.3146689975241238e-9
1.7223572189124618e-8
1.5501415433921978e-9
6.2369084946961564e-9
1.3962465290703725e-6
2.550899611124116e-13
2.1814321581269563e-5
5.5761617143675385e-12
1.7465326899555378e-7
1.8359547403040433e-12
5.114329588320966e-9
7.963223289571344e-14
8.729414753321688e-14
4.81812893385947e-9
1.7095525374393638e-10
1.0816177607760615e-10
1.0766580412577736e-8
9.37664624763822e-14
1.846235900520584e-6
5.275052004309671e-7
6.226685783443783e-12
2.6807792309527232e-14
4.531954375446909e-10
4.901894090497817e-10
2.6638033805887778e-11
7.04914589488749e-11
3.373459517347312e-15
8.236533208905184e-10
5.363784834235036e-12
2.8332648186758126e-8
7.470687752574417e-10
9.648755779167176e-9
1.6554374842262854e-6
3.699642679284984e-13
5.320311551941532e-10
9.347144879496743e-11
2.3667018981978695e-9
1.3646187724345433e-10
6.984599066371941e-7
9.007911649314071e-16
1.896353559606979e-9
4.471827394899216e-7
1.9525554611857915e-13
2.0400563729800462e-10
1.301550380007172e-13
6.091520875495721e-12
3.19415511406281e-13
1.9030642855006301e-6
1.3635163174052464e-13
1.2052912152432618e-13
8.093037824073333e-14
1.6067184636001552e-11
5.284344880735662e-13
9.351302027228125e-8
1.0547057044317952e-13
3.0406798079776148e-12
2.5675748754697534e-13
8.116144686443568e-11
1.8542892501380833e-10
3.994797437998374e-11
4.427618018352621e-12
4.048378208179693e-8
1.3432914605211606e-6
1.734560351743759e-9
2.590034563135872e-15
1.0439859537131472e-11
3.701397672487361e-11
8.232244915323848e-12
1.9399569128997125e-7
2.8866981745638076e-10
1.7054406262257328e-9
1.2912781784181994e-13
1.0457851310471519e-10
4.018935862458662e-12
8.632787218492992e-14
9.374163509425446e-11
3.540238235593493e-11
4.745698623533298e-6
8.206887079676151e-12
6.6690935634854575e-12
3.262990924284668e-7
3.659810558377481e-10
1.7257422971944495e-10
4.76494174073809e-6
1.4645107693561112e-12
6.24260760925586e-8
1.7257681957862492e-8
7.405559522304483e-8
8.838623900191739e-13
3.5191321301741475e-5
1.785734761695117e-15
2.845019078298617e-8
2.0481817126424286e-6
2.5769671465302114e-7
2.241118155353791e-11
9.569862648038703e-13
4.616782021525076e-13
8.324608689807843e-13
2.6239330758864552e-14
8.648047046583301e-10
1.0708117060208725e-10
3.3472560569065535e-9
1.5187405615256825e-7
9.86058129328374e-11
7.130794841980258e-10
4.516331024325256e-12
2.3060588520970388e-9
2.064746977813095e-8
1.9850232848427932e-7
8.324427641980675e-14
1.1657377178530636e-8
3.0777228116844073e-13
3.971864624634274e-9
3.011419558140906e-9
1.6983241082144462e-8
7.770611820181664e-7
3.063471513736361e-12
3.4363056820341343e-15
3.061760315454526e-14
7.221090015309276e-10
3.051953598285723e-11
5.819629129909812e-10
1.0974744491488255e-13
2.8011066434504465e-15
1.8818485849619134e-5
3.956730111917965e-6
3.69766905230577e-15
9.522998683663248e-7
2.5245737946396538e-5
1.7031331769845217e-12
5.637043677473092e-13
8.374691756296221e-13
1.2296918613167695e-13
1.567113384482016e-10
4.1228703562598154e-13
4.167758428184572e-14
1.0304372348756822e-13
6.320665578992973e-5
1.1652622415665408e-6
1.322928686024273e-9
5.686729289796303e-11
1.2437275293715602e-10
5.6880382711378625e-11
1.912019913683146e-9
1.0239017917723323e-7
1.4963977463919133e-10
6.024685720047485e-9
4.137424218720488e-14
1.6915041744188141e-12
2.2414892554557288e-10
3.445539113072048e-11
1.3771029110486895e-9
6.155113813801975e-11
2.716839784913471e-10
8.913179676220279e-10
1.9014273614119423e-7
8.911766928311942e-10
5.7470753047768706e-12
6.423093954395093e-12
9.551073341655514e-13
1.2530500394825745e-11
1.2369185475103595e-11
1.5992852445553977e-11
9.72104043899045e-13
1.4786426073302316e-11
5.995364098003503e-10
5.593109664554936e-13
3.3236906884956467e-12
1.6269045183917226e-12
2.8068495747027523e-13
2.171210941403444e-11
1.9618537281054134e-11
3.387796980520815e-12
4.9558157000339806e-8
5.3848527091384285e-9
1.4542568749199326e-7
2.069814916788135e-8
3.2661069123052305e-14
2.497052754831029e-13
1.8090891532773435e-8
5.876269610807915e-6
6.448329336514053e-7
1.0131682793122892e-8
4.494544405447332e-7
2.6981770955160812e-11
2.807534445574096e-10
9.308748959629954e-11
1.1869156278920485e-9
1.134796891975414e-5
7.215579777437061e-10
1.2038815914938844e-14
1.1149108366544642e-7
2.5235299995792576e-6
5.908756378834157e-10
3.435843581890729e-7
4.364176674775847e-12
1.852766652071666e-7
4.383329232401068e-10
2.065881621182429e-13
8.876756351534067e-11
1.2180707342630515e-14
9.446733287765001e-11
7.298002304131008e-9
8.056847472323422e-12
1.2831554274100689e-11
1.62425339713467e-10
4.0040278690505504e-10
8.057898313700303e-8
1.5735065803248633e-13
1.3668818409694171e-6
1.091981194641447e-10
1.423694646313696e-12
7.11550325041033e-9
3.2430869847453937e-9
1.4700539575920717e-8
4.056432606201567e-13
3.6371964361402357e-12
3.1127505678906936e-8
5.6986402310817515e-12
1.0565199486864678e-10
1.272311389801403e-11
2.076904761057863e-12
1.2797848989872981e-12
7.076222241360875e-16
7.1628725190168575e-9
2.07368202160085e-13
3.3828275604742886e-11
8.302453476491933e-12
3.418147707795262e-13
1.599311110392116e-11
2.2255033431100685e-7
1.7471035966198328e-12
3.274632839758455e-11
8.875298508339817e-7
1.8333770289405255e-9
5.390302742312686e-11
1.6892126662972767e-7
1.1873448686282877e-10
7.053363059652003e-11
4.791841647448591e-12
1.4744572976620094e-5
1.2491970953722085e-10
4.3307936055847214e-10
4.1079379944689105e-13
1.7016226584305265e-6
6.850736024786321e-10
1.5703481870366881e-7
3.821915067014336e-12
2.2990214852044017e-7
7.583293625277539e-8
3.580916216280058e-9
9.323104093200495e-9
7.078946166853176e-12
2.5958807669716377e-6
1.1655190626998754e-9
3.515949489881464e-9
1.8959480836216222e-11
7.921807650924424e-6
7.333044642017349e-13
1.2726252558161397e-8
1.7426069413251083e-13
1.9855623965988935e-10
1.5306665983511248e-10
1.489454319679186e-7
3.1409244315720675e-12
1.2758542833080972e-14
2.6407075423563723e-13
2.5270267793722997e-6
3.001155420469156e-7
1.191944276131076e-7
9.20243202419475e-5
8.865455771875832e-8
1.1708798298692875e-11
1.565389385844158e-10
5.003276444980006e-13
7.011294295250449e-7
1.861703026487531e-12
8.64572286171117e-6
2.306829771098098e-9
4.3523853956711817e-7
8.18438616530724e-12
2.4991886204514456e-14
6.576026052095493e-6
7.92910008753464e-10
9.516365387921054e-6
5.667846154490669e-7
1.6491669802142474e-8
6.754593598339211e-12
3.6695532257352937e-10
5.515975588116549e-8
2.5900141709270895e-11
1.0688550191818674e-7
2.051851417876664e-12
3.2126314953176054e-11
8.424906447428752e-13
6.588030689519088e-11
3.148814627689847e-11
4.804714806516129e-9
5.872336341277011e-14
8.193081961704574e-9
2.7874316808109997e-10
1.7764140261377445e-12
3.884209217356112e-8
1.2015394555132014e-5
3.9359677664207725e-11
1.9845071588611222e-7
3.6326565519006194e-9
2.7871635845471827e-13
5.418682636997779e-11
9.273857226943504e-10
3.2035752077690163e-9
4.655762841739846e-6
1.6893475388634124e-11
5.412286805168313e-9
4.367801865559976e-16
4.96914428321375e-8
3.284696048668974e-16
3.853677969248956e-9
4.22858710050455e-13
9.123065140545518e-9
1.0755188342494958e-12
3.46213037469085e-7
7.3098959742452284e-9
1.249859825310472e-14
6.330458698828238e-13
3.870981232264506e-11
3.151545928536738e-7
9.773299166142084e-7
1.0871016853740357e-7
4.779686539253007e-9
2.255672022020057e-14
8.275513889548288e-14
6.226016021070401e-12
1.2824255979069615e-11
4.196197728474595e-8
1.2296732226686677e-10
5.892666291585149e-12
4.593660752588344e-10
4.166956435018716e-6
4.121044039649836e-6
2.762950473325653e-12
8.168276217961885e-14
9.658360576504896e-5
9.282379680716666e-14
2.8831232567094656e-13
4.341536052955986e-9
1.1525849101712421e-8
2.1083437158298248e-10
1.173338690989096e-11
1.23277014240719e-9
3.0332985550438283e-9
9.27878168720723e-13
1.289838724947332e-11
8.429233567189004e-13
6.546001768680058e-9
8.899209240851249e-11
3.144261187219019e-12
5.5044346946953615e-9
6.04479849778823e-9
3.5933032750938867e-7
3.847308692631788e-13
1.3864374747537576e-10
9.158187737048864e-10
6.99406185015322e-11
1.406824338689757e-9
8.941871375003662e-8
9.403289657288077e-9
4.91179907971694e-6
7.26786420874688e-11
7.618146587043364e-6
3.860073131762325e-9
9.799123873875821e-10
1.3508837636683246e-7
6.34937356062337e-11
5.115382380821998e-11
2.2827387590691403e-9
2.433086248246361e-6
1.6658786806114522e-10
2.8619313973829233e-9
7.71797975277981e-12
6.741347545764072e-9
6.324132506612521e-8
5.863879271098596e-11
1.4534963555222351e-6
3.1450734781184193e-9
6.046197363119947e-15
8.422208312043578e-13
5.451776480201295e-8
2.4787406613400944e-6
4.6115071786575915e-10
1.4819930145894844e-9
8.634920855655655e-6
9.333135784260347e-15
3.916453117095303e-12
4.8393068523482e-10
1.4188812064588908e-10
1.8838001823652436e-15
8.631173378152634e-8
3.663144528790036e-12
2.0075902600971908e-13
7.859533346109909e-10
1.2864332827446517e-11
1.4434418309672765e-13
2.0119358915470753e-6
2.1045387248378378e-8
2.6496098612690907e-10
7.444094998823479e-6
3.694525941988537e-14
5.293060775686567e-12
2.7224730997320515e-11
2.911959805425289e-11
8.498204819403497e-9
2.4217669783280194e-13
1.2207584246559908e-7
3.0237373892605696e-10
4.952819840478856e-10
6.40393888616824e-10
2.771996136619178e-13
7.64978646758675e-10
1.03925573306424e-5
4.088623500895881e-15
1.0880609241929234e-5
2.361755432304593e-11
5.2814720208597896e-15
1.0425402288494587e-12
7.448994684117464e-12
4.2959126638327247e-8
2.1670082987360538e-9
3.717233799664968e-5
8.96747319230911e-10
1.2457230105979734e-10
8.219964604977173e-10
1.4801716336084815e-13
2.9474628720216063e-8
9.408174767216494e-11
1.261771910103472e-13
2.658423440546113e-15
2.7461772957700903e-13
4.2492018556636255e-13
7.962010858059555e-13
3.437064131852887e-12
8.873426540106437e-13
4.406920850446892e-11
8.511008270379477e-14
6.8739552548219e-10
9.768345180018468e-11
1.1513567699697894e-11
1.8128117403361224e-11
3.2884722136746363e-15
7.860825495145546e-9
1.3849454354167645e-12
7.79733121720017e-6
3.5505971259307286e-8
5.251303915845739e-8
1.2308150466669634e-11
4.711865567662069e-10
3.992560340266291e-10
2.9464011997801137e-12
1.4636356067085925e-8
8.698996293762811e-11
3.5122317590888975e-6
1.948614630055336e-10
2.5916811899987245e-9
5.245997670195418e-9
9.758952284756487e-8
2.9714026757657185e-9
9.898604170555523e-15
6.009633869113703e-13
1.0654582663260535e-6
1.6389718984298516e-11
3.731943857810955e-9
6.267875040978385e-12
3.119317129920441e-10
2.883954964390824e-11
5.15471313233394e-12
1.1556422868432265e-6
2.073796385598094e-13
3.6077238345539516e-10
1.1692007705981355e-6
1.6133366489091015e-9
1.2833029530655706e-12
1.9950244730734333e-9
4.917730537766158e-14
1.3644820521033328e-9
5.753067246788112e-9
1.0004908199174414e-8
4.2625850292337475e-11
2.689197439915704e-12
5.219463735497444e-12
6.61408951026387e-13
1.987426924155463e-12
1.5013751599794984e-13
1.189832634703831e-9
2.6289453564821796e-10
9.591479354306508e-13
3.445752266044894e-8
1.3774640458378377e-11
3.2772064585219807e-6
6.335929143182773e-13
1.9782218271026533e-8
7.133189632405346e-13
5.0427570432782885e-9
2.4674570203430953e-14
9.521885618414016e-13
1.7623298170247042e-9
4.614443481181569e-10
1.6836810078690258e-11
1.4001260109623778e-13
1.4496376912939099e-12
1.4739878713550088e-11
1.1690287025789395e-8
3.532188405581128e-8
8.754307563395602e-8
8.07573945827404e-9
6.584339751761431e-14
1.770198576213416e-7
1.1697118683015068e-7
7.21829769243964e-8
2.4993844001308263e-10
5.514727549832588e-14
1.7188212862407332e-9
6.673146747438271e-10
2.843443509555637e-8
2.2873638149197563e-11
5.822543543793375e-13
7.051824482039828e-9
4.97426562194177e-6
4.123915338359483e-11
2.02837038982282e-11
2.164557318616539e-13
1.0826038518532837e-14
4.679076104236025e-13
1.4603498808857426e-13
5.1704108564226575e-9
1.3932527549159825e-6
8.811658434576175e-11
2.103964229720587e-8
1.2476042787764574e-11
2.183171173448693e-10
9.660629256597938e-13
3.512761330079061e-11
1.3380241052160805e-7
4.060001498000441e-14
3.2261751563174944e-14
1.5289781701988232e-7
2.3237271952140266e-9
8.091357313774985e-9
8.838643303800273e-13
1.7773013154278695e-9
4.051733445998146e-11
1.2574522382802159e-8
9.968394251748123e-12
8.357469459101938e-10
4.609870569484843e-13
1.5887841390162524e-15
1.0624827728224207e-13
6.38142972856694e-11
1.0227964028404609e-10
4.841449271515326e-12
9.647939617393424e-10
1.0629935184934998e-9
4.274703877772971e-10
9.194285728836337e-14
1.4106393679297754e-6
1.4181501522113237e-13
1.7621071146282523e-12
2.078097581990008e-5
1.6469294515599556e-13
8.626488123744377e-9
4.3341466695884646e-10
1.4109370252571364e-6
6.6563563215841e-11
6.66134864047397e-12
7.895087896091523e-12
2.649195368640929e-9
1.165614757667178e-9
5.653159258120819e-7
1.3355087421280406e-11
2.44922661908116e-13
3.512579307751723e-6
1.4448594407815133e-7
6.332436083113225e-10
1.4845627700266498e-5
1.8856777707000607e-8
1.3040825926503893e-13
7.61521570699297e-8
1.064095789841838e-12
7.226642685816979e-13
1.780748823087885e-10
1.0023804765334334e-12
4.466882304557677e-12
2.5010356777493128e-11
2.3786002724673397e-14
7.775862819771536e-14
4.072332234245208e-11
6.431356463094642e-13
9.537601263000042e-15
1.927051900890874e-12
1.1634182880191013e-10
8.166046023976735e-11
7.424626536584994e-12
3.3269006688750344e-12
2.3580231168173255e-11
1.252725700255638e-12
2.906664646055706e-11
1.13251856509225e-10
1.214961976521913e-12
1.053434129049943e-8
1.853014450100717e-12
4.1707678332209103e-10
1.583093529142796e-13
1.2663320805711237e-7
7.107080856060558e-11
3.839036035133548e-14
3.662926713244759e-10
3.653736300877705e-11
1.8323961081348056e-10
2.970163944416976e-14
1.1507357512046531e-10
5.989192516227072e-12
2.8307266573794294e-10
4.489741794441449e-11
5.857689614913964e-13
3.440990949654823e-8
1.735482582050099e-13
7.63699727047085e-11
2.448912040581803e-11
3.1675967501155887e-10
8.680386760445598e-10
3.3428848571401283e-6
5.0808850864007885e-8
4.614034323967018e-15
4.749480883643459e-11
4.1714254465375965e-10
7.462338289473678e-13
2.912789906505902e-7
2.1118258171414258e-10
8.418905538959614e-8
7.948852196608274e-11
1.3458744265145059e-9
2.1827216095597442e-8
2.7795072102814947e-13
6.578373626498439e-15
1.2889155473195696e-10
8.065332435338008e-7
3.1718578098014484e-6
1.2701629204269792e-12
7.545296358550781e-7
1.8455914861548915e-10
3.329022913549513e-11
3.137769203037671e-8
2.9644126843706236e-8
7.122157361927625e-12
3.059993997030137e-8
1.048690170239003e-8
4.220830925406816e-10
6.495651471458608e-10
3.461620269554443e-7
3.867880229812255e-11
2.3763300060750547e-7
5.13734438386127e-10
7.284133702166247e-9
1.8221954197766778e-12
5.161547345220226e-9
7.020968339786176e-13
3.432868662335262e-14
2.3133387658754748e-11
5.735100357729065e-10
6.3980607835918745e-12
4.360887258447392e-7
4.789436122796274e-14
2.885813820842396e-14
3.7934598119432835e-14
2.0237374585031555e-12
3.0857960816324556e-10
1.356246862500034e-8
4.901945325663967e-14
9.713734008557155e-7
1.7429966062389938e-12
6.962950724536234e-14
1.0140752780570927e-12
4.432869200552056e-13
3.787889379283147e-13
7.906412268105727e-16
7.277569316647199e-13
6.753937482993852e-11
6.927679944817092e-13
1.070884552014334e-12
9.262445281270657e-9
1.464501031774553e-9
3.298501336550966e-12
5.1512799993052865e-12
3.1173123359415875e-13
1.821251812369342e-15
1.5025236843695153e-15
1.4743012466247864e-12
1.3148229031282744e-14
2.811105791535452e-12
4.1958412062061925e-10
2.0135163472737017e-14
4.1775254533249625e-10
1.2095391786956227e-6
4.406002139481478e-14
2.604453062154774e-10
5.410433270426851e-12
1.986739218902986e-9
3.150969925133181e-13
4.7570943213389254e-14
1.1656349967238308e-12
4.947392760930874e-13
3.362479458562863e-9
1.4573225756111025e-12
2.0629364456202805e-5
2.682591491354798e-9
1.8191016048541604e-10
1.7849028169014568e-6
5.5031664409620997e-11
3.3279208104769478e-15
2.2522518256353083e-9
1.0369496535887425e-6
3.4251984189925224e-8
1.719731678932993e-9
3.3548532599282137e-6
1.2523206134917414e-5
4.844330513262978e-9
2.9581829973625216e-6
1.2023778492164033e-14
5.204680100668418e-12
2.3018588230087975e-13
5.382132461380653e-7
1.1452779563447075e-13
7.342790889342461e-9
8.979431138298502e-12
5.969178060559015e-7
4.234390691048673e-9
8.538627641648572e-11
6.634266937798797e-11
6.323235232560243e-11
3.842477503118856e-6
3.069594936245595e-8
3.979286393249156e-12
6.524037914599173e-14
5.117832336406198e-10
1.7458567927916725e-14
5.194019238503981e-6
2.1097524530025353e-11
2.4283783416329775e-11
5.9571802866664897e-8
2.6589438726560945e-8
1.6060380963933158e-6
3.6483187236958e-6
1.486550537171057e-12
1.0965675161864598e-9
1.4615756163639374e-13
5.830613007148189e-13
6.506353411249133e-10
2.148634019968843e-9
1.4801028766531293e-9
4.284714562764372e-6
2.2239128603273734e-12
4.251257943989984e-12
1.9940441890810647e-13
1.550311875807445e-10
1.316950900152613e-9
1.1849761801455837e-9
0.00016321469698370424
1.1213349575791382e-11
1.3434159639448653e-8
8.620238471129822e-8
4.336000342287965e-15
1.9462504739267605e-5
3.633411735938483e-11
4.971867552382249e-11
1.255223673544899e-7
6.389933598796646e-11
6.90011842770992e-11
4.66941908693546e-13
3.2474633611649045e-13
3.4829905595873064e-13
8.523037913948032e-12
3.042621483459712e-11
2.3339192384311083e-12
1.4710165495194765e-13
3.495994202807258e-11
2.0918030989549213e-12
9.970109894624343e-12
7.099541622101261e-13
9.892713245820416e-13
9.181958798887363e-13
1.0133198693818674e-5
2.673964294785954e-14
6.33579435033982e-8
2.21157133022637e-6
3.251591743392757e-13
5.518417292249065e-13
5.488086551985602e-14
6.62813220286597e-13
5.708983758278471e-12
1.5184711919967897e-11
2.8568804293413643e-10
2.4314235352665412e-14
4.104086601940846e-9
8.195343633019627e-8
2.0867798673688223e-7
2.2258176966995222e-9
1.0346740449290049e-11
8.561824934588081e-12
4.585717782329344e-11
1.2300743232222907e-10
4.5587694593337845e-14
6.343551971307023e-11
1.4976705474099722e-9
9.623237309823634e-9
9.148190767065776e-11
3.4414042184568036e-8
9.015822655201881e-10
5.937965002143116e-14
7.19098125040553e-10
8.871820953318252e-15
5.929459998223068e-10
1.7551395108338257e-6
1.2451163974022106e-5
2.773070934732473e-13
5.384361880201722e-12
8.44507245211342e-13
6.848540227485618e-8
1.3988502521553773e-8
4.485069006812208e-9
6.457057132603418e-9
1.645553971056151e-12
5.549228171801498e-13
1.4962077498166822e-12
1.3168424111771338e-13
9.232366227178264e-10
1.3728079183100729e-9
4.5289460077564414e-11
3.067554583914464e-14
1.373786665401746e-14
4.991779197164326e-10
3.87107725065768e-8
4.3415603751582233e-13
5.546154011469137e-13
3.721727282676096e-9
1.148575694509661e-8
3.7756923663369713e-13
3.3056708951354205e-13
1.418584042071096e-10
4.898888370085235e-12
6.3350121667491405e-12
1.4468252841143686e-6
6.282725843664877e-10
3.6125785895898066e-14
5.083604410923356e-13
1.5291235006271577e-9
1.1008705546326118e-11
5.451204141568041e-12
1.623736777810008e-6
6.617968169870905e-13
6.466805309336156e-8
9.883457219142705e-9
2.1605173274970264e-6
4.1071668601773514e-11
6.971945710703029e-10
2.3269042453692997e-5
3.618330934285741e-9
8.277129533611138e-15
1.1563923008220588e-11
4.945059714200741e-12
5.01143373817718e-11
4.949781986877326e-6
1.6184475360917192e-10
3.315433672616074e-14
1.0379231902689805e-9
3.205127582226456e-10
1.1097855404176764e-12
9.10757009505863e-9
2.059089287286788e-13
1.411324807037714e-12
1.2797278298876762e-6
2.501645452069318e-13
1.6895910136422563e-8
6.181821281053256e-10
9.95142055655425e-15
3.783883360960177e-9
6.992792794447488e-10
2.071911541572947e-9
7.23038478243657e-9
7.818058369837537e-9
6.603631957819274e-10
1.0243955732995429e-10
1.6587253149167827e-12
2.3438753188280534e-11
1.1942463437201275e-9
8.570193327967195e-10
2.6202856477004787e-5
3.852605781296025e-14
3.7198217029742154e-9
3.419685544835662e-13
4.4993454443406565e-9
8.176412009179634e-15
6.040360522954582e-5
2.0705825240906953e-9
3.783553203665738e-14
4.281439215650242e-6
1.796616917034351e-11
1.4959763310819867e-7
5.177439502886011e-12
3.016742713784085e-7
1.883961407238302e-12
5.950841836555834e-12
4.828121296768193e-8
1.7030038491171807e-8
3.2074339562968995e-11
6.160776746742807e-15
5.800231169908464e-10
2.9863657927693395e-12
9.475363303276221e-12
1.3825493717641335e-9
2.055996972057923e-9
6.52722254087591e-8
5.544008912081825e-7
1.6114061356134289e-13
1.3208542483492196e-16
2.890979912014614e-12
3.17641769324565e-11
1.1134898144617095e-11
3.5616397064620697e-11
7.347096436355835e-12
3.995535327339991e-12
4.9105814730080865e-11
1.3053637156359768e-10
1.944006191157682e-13
7.470485124631925e-7
4.508783407117141e-12
3.0445456583655926e-8
7.102308385320483e-11
6.091906816042152e-11
3.317817543485836e-15
1.2231967609985315e-12
2.7907953701521375e-12
4.2804217646371655e-13
7.491029916186433e-12
9.461972867386482e-12
2.774982943600018e-12
1.5206448825722935e-9
2.0251010704455688e-10
5.308330608576389e-11
8.213809412279525e-13
1.2716316475384e-9
1.5049000026971813e-13
5.560501246530154e-9
5.091808637700482e-13
1.2362299242781855e-14
4.328582727234188e-7
2.7993181444972866e-16
5.6211577348902385e-12
1.8701948918578757e-5
1.0559329956576109e-14
2.3779110041370297e-9
8.517935289437995e-13
2.345402497127172e-10
4.369584338982891e-15
7.011417022983178e-12
4.538861335286992e-9
2.8726280491248005e-11
6.267280894269741e-10
1.1432785690921095e-13
5.474134084391126e-9
2.9741632235643527e-12
1.4194072470502658e-14
3.656532243263946e-6
5.9941548386872324e-5
1.8194310880152938e-8
2.004357453141246e-7
2.4647929931341523e-13
2.0769379705644918e-8
1.6435997897069762e-8
1.8426431097822585e-10
2.1426627866646634e-9
2.5587529812365733e-13
6.83226004798683e-7
6.390052595161765e-14
3.1768106098357715e-7
8.21058602001338e-11
1.767899504933851e-12
3.3227492453910063e-13
4.3469926514864965e-11
4.828619704529401e-10
2.7524852946487945e-8
2.0745644359087575e-12
2.7715014009636426e-5
2.359195362388158e-8
8.402394757709186e-13
2.157437643059243e-9
1.5744115868000817e-6
7.123359885458168e-9
5.502849207622727e-14
8.637757832247677e-9
6.838369648415872e-12
1.3468804080167673e-6
3.126497586301238e-7
7.431949501902706e-13
4.1255665045181635e-6
2.5289001085786004e-8
4.463275499317442e-9
1.625142569982124e-8
2.0219485500928953e-9
9.598713407222587e-12
8.67459110561468e-15
1.7150915065841628e-10
9.465444712296027e-7
1.0603372528578849e-13
1.4499289018184977e-10
1.551006211090539e-11
2.469655188676532e-11
3.812401684985322e-9
1.2126744598349187e-11
1.2566204909076602e-8
5.96856027479634e-13
4.651083969658556e-8
2.095902891985642e-10
9.899168146448921e-5
1.236031653061872e-7
4.320142577638743e-12
1.5182157268007356e-14
7.578702450583433e-10
8.162264992469979e-7
3.01544893066444e-8
2.9971196457746784e-11
7.843223427009188e-7
1.7808054642638242e-11
1.6413454840711888e-10
9.52441278346217e-14
1.984961159173245e-14
2.2526235561062381e-7
7.987067901750476e-14
1.5924756386820545e-11
2.4130927144551014e-7
8.577621163929871e-12
9.903381002665905e-10
4.7012095159155006e-7
2.1937901273641264e-11
1.045480494133935e-6
8.167024653803895e-7
2.5972804615623996e-11
6.963954024684827e-7
1.048540447708489e-11
2.382418802234367e-10
2.3354405427703216e-16
2.399622508674582e-6
4.417652935494272e-12
1.0462002965297923e-10
1.8036000938864e-11
1.1245706045796379e-8
1.1438960033777721e-8
7.241515573141635e-12
1.9683111694833753e-8
1.2313435777750237e-11
9.158500201701696e-8
5.524451453621576e-9
1.1027283046864642e-10
5.178223265342845e-13
3.632893982782178e-13
1.6740795230549205e-9
7.642827217744836e-9
3.190101885309108e-14
4.552807920416544e-10
5.223083065417501e-12
1.0652889472668236e-12
2.365903314861783e-9
7.473002661722056e-10
1.2973357218933542e-7
2.2109688764714254e-10
9.342715481229671e-13
4.0795592920841445e-12
4.5353918042862574e-7
5.008707291391462e-11
6.786987863379315e-16
3.04587077507724e-8
1.5873057509021206e-12
1.8648389230049522e-6
9.562974326505012e-13
7.325055155079385e-10
1.3482283567241602e-8
2.054908500145551e-12
2.401288540488229e-13
1.2099834065161652e-12
2.2245351358712617e-9
8.289350620059493e-12
9.619161320232489e-12
3.219026531367706e-8
3.3933460971848683e-10
5.422166674102104e-12
4.017778853143041e-15
4.893260729127927e-13
3.2725544320715524e-10
6.975227889060183e-11
7.290869898174834e-7
1.3354606985228164e-9
1.0150897512772982e-9
4.3281253436119126e-8
3.6048372823841754e-11
1.8698630042813653e-12
5.757606192046924e-13
4.355135998000906e-11
4.6497884466574635e-14
4.361435443708248e-10
8.608248481385041e-9
4.1950131529302075e-12
5.1881825679035565e-14
2.392547035498029e-5
3.265473233824775e-11
9.768652928771697e-13
4.641024051781115e-13
2.8881653826312946e-14
9.630700978271994e-12
2.1489333465377826e-13
1.295541424196638e-8
1.8056782965948545e-6
7.098417862747792e-13
5.570803025051583e-14
1.6578779536034447e-12
1.6448054672079748e-8
2.7073078212392198e-12
4.581081857794645e-10
6.590806501817627e-15
6.980629268097287e-6
3.1211511240859527e-7
2.194196828839039e-9
5.960002892094491e-14
4.779726224823938e-12
4.0958194587715884e-10
4.460243147199968e-12
2.057873338122571e-11
1.3656345701455213e-7
2.8330890509014143e-12
1.0638261964742817e-15
7.821086983198475e-12
1.2710027534909e-11
1.884803737838958e-10
2.392094733881403e-9
1.1121601172664032e-14
5.906721184281592e-14
8.847622278593114e-10
1.1805876224415297e-11
8.75131973200839e-11
3.336450738066572e-13
4.773766087837428e-11
1.4239500889195525e-10
2.7621660329601287e-8
2.237181111658643e-9
4.689660697940109e-15
5.376794514711086e-11
2.0563855345804278e-13
1.5876909477868723e-9
6.643782384603061e-12
4.125599725526424e-8
1.4856527499973378e-11
9.364286943934812e-15
1.0840345552340116e-10
1.0080428113099938e-6
1.1565958266418953e-11
2.4014275986183438e-9
5.696994896310101e-14
4.651984453115785e-8
1.639471679795101e-9
2.4140130888295765e-13
2.103133888704898e-8
7.622144118485276e-13
1.760772231306249e-7
4.246305162037571e-10
1.2182586565764958e-10
1.3202808184557818e-12
4.906294358299127e-10
9.846627897445249e-10
1.7165542288129027e-14
6.3181441547819066e-15
4.033629280645431e-10
3.166124653661288e-11
1.5981971319795324e-11
6.6182234421859414e-12
1.4617528457178582e-12
1.1026533046087222e-10
3.925367212547709e-8
5.491630121739828e-10
6.311990243663885e-13
1.0380288105883742e-14
6.800781147650469e-7
3.1327182468290864e-10
1.6596496208499487e-11
1.477145929280613e-9
5.604202343678974e-11
4.5198984017552476e-13
2.535670743057288e-14
1.0990193967570094e-11
2.8638567849610425e-14
4.5570246128893856e-10
1.3024878662228698e-13
2.028546140603798e-13
1.7098085902263047e-12
8.498305033043142e-10
4.3276584469075e-8
5.271873076832023e-10
1.929866918930965e-15
1.1172054689441519e-14
1.5283240918539825e-12
3.599020198712431e-12
3.713979351268289e-11
3.234394279194507e-16
2.314653746789894e-9
1.1934002764090809e-13
1.2629564698414876e-7
2.2106326901361213e-7
5.931063369877634e-8
1.0094892795505106e-7
3.957069884759521e-9
3.4493184661939367e-9
6.619561722809582e-16
2.2497052879312187e-15
1.6655901565347436e-13
1.2318351861794529e-10
8.968208748438255e-11
3.1780927322388646e-10
1.4035523551920804e-15
2.2200070946242252e-10
1.5787246337476927e-15
1.8040191038951597e-8
1.9693623438134876e-8
8.743327244225097e-11
6.610428350025918e-11
9.047957096185994e-16
8.088179764959656e-10
2.8730906142491917e-8
1.1419923413423524e-9
2.7469426368489015e-11
8.904332558650819e-5
1.385572471376246e-13
2.113031822662577e-9
3.134941002284898e-9
5.393955933408895e-10
2.5973748117419464e-7
1.4138789121819348e-15
5.192172480351422e-12
2.3909340917655587e-9
6.7513741642615e-14
4.1737966257389104e-13
4.824674850140724e-9
6.14990682885332e-7
3.6386810656147496e-6
1.7234894058672908e-9
5.4916244029116565e-12
2.0872033844680632e-11
2.3747580248759843e-8
2.578388055208776e-10
5.709618695960212e-11
0.0008046588945449445
5.789006146658768e-10
2.666988653401951e-12
3.720576299016543e-14
1.156976608460534e-13
2.0997536132353462e-10
3.326553671117542e-13
2.705102352024459e-6
9.367688078861718e-12
1.649116611023094e-8
9.650897001301682e-13
2.4063838101792785e-9
7.110225146360048e-14
1.1146709860167886e-11
1.1548287329128405e-12
2.7116331412773577e-10
3.8038221419043436e-14
7.016760383522283e-12
3.391430904237933e-7
1.2772471950668125e-10
1.4972243854470079e-12
7.37383702712767e-14
3.1556115388003746e-6
1.735270350381514e-9
2.1415079583121838e-13
2.61363073165394e-8
4.861268257018374e-12
3.6520067806042816e-7
1.8763918087449877e-8
2.0890304670018498e-8
1.8300640184005983e-11
8.348926286686878e-12
2.06560758731754e-11
4.95151150452789e-8
2.970543806509362e-9
6.042252161463945e-9
3.2577008280906656e-11
3.881743523081915e-12
9.607342270067371e-12
1.2637150972698868e-6
1.1179467334120682e-13
2.2754803201239695e-12
4.940708915978125e-10
9.991495154339139e-11
5.041898459105151e-12
3.4155761859402174e-8
4.0656099415652207e-13
3.8323229333718317e-14
1.9974484399228163e-6
4.954933263005815e-5
4.737851069239175e-12
9.051869385188645e-7
1.623650061069525e-6
1.2841031038339387e-8
2.983247103256825e-9
7.534714173449049e-10
6.676871650452491e-11
1.1387937236550711e-10
5.017211677355148e-12
4.6982826772430867e-8
3.349654334001694e-14
1.371704403400755e-10
1.327996131470372e-11
1.540736080799802e-6
1.1905944670688358e-12
4.444474490459037e-14
5.101359146224262e-9
4.659025142953272e-8
5.4591583895687254e-15
1.0703785596847341e-12
1.3989241748305655e-8
5.5317921490013245e-14
2.3448518246962853e-13
1.3343883307359159e-8
7.774380956574808e-15
3.5895269427904164e-12
1.9617715868874718e-9
2.9836157632577947e-8
2.9200915838812026e-9
1.610712219441157e-14
1.1169947459648799e-12
1.0011483116170489e-10
3.562245737541339e-9
2.3788187587624265e-10
5.941309014147125e-12
1.4480554878729001e-12
7.536953502055191e-12
3.657049526717114e-9
1.7050189331597495e-12
3.329514725479279e-10
2.9289822599834976e-10
1.4471598036273265e-11
8.619218115144376e-9
5.38623963074877e-7
1.766412904921525e-11
2.632240381747656e-12
5.877242203141008e-8
2.2630560852716673e-9
4.3906325934883733e-14
2.9414280749471634e-8
0.00014538474964331607
4.825495981761429e-13
1.2855547846025244e-7
3.1819468444004726e-11
2.1314657736746373e-10
9.900725849719194e-9
3.057260893827623e-10
1.3516484236334109e-12
4.959654735012482e-15
2.4077449545427223e-14
4.113031991049719e-13
4.2794659661671043e-16
1.284822683828149e-11
8.631248772844182e-16
1.8687045584302403e-13
5.56059624020459e-14
2.665559930987669e-8
9.01548724361004e-6
1.0590732531836645e-13
8.086323801878693e-8
3.420638946990895e-14
1.680735393994754e-7
3.0918851871999617e-7
7.784295048556682e-9
1.8436697781697345e-12
5.925077447094789e-14
1.2363813526765191e-5
0.0010820962326705808
3.971227832833774e-9
1.3640908689713791e-15
1.7609211214904283e-12
4.411423847078693e-9
4.037207666264105e-9
1.724209702556245e-7
1.4600835878665508e-6
4.436415773594686e-17
1.7263536720555384e-13
3.185644500732319e-11
7.835786883241227e-10
7.656346440169346e-14
6.435765227177495e-11
1.1505277961019555e-12
3.2986735145784013e-12
5.76717028358915e-15
1.0530273589797054e-11
8.138991665028e-12
1.1333656675139003e-9
2.1773891191185515e-10
4.271357737477166e-13
8.573357073221372e-15
2.6456564415998196e-8
2.8389627772829744e-10
2.152453356853658e-11
2.789720012964076e-5
1.3697106354930457e-8
3.855628972619607e-8
2.0305752912213053e-7
9.055839721811961e-13
1.4347963653539773e-12
3.7683360774658056e-14
1.076964503203137e-5
1.0691612485399404e-9
2.0262702046783218e-7
5.677814158884941e-11
1.5076053721297578e-6
1.6290841786787292e-6
1.9597128070915953e-11
1.6683833578612583e-11
8.000974993420068e-12
3.548078043863801e-8
3.572577505662555e-13
8.727889328792062e-13
1.5807933687563786e-12
4.995464880497865e-13
1.1574774183027879e-13
1.4572516670455217e-9
1.5099090649199314e-8
2.9438258152153383e-12
1.2115959071688803e-11
1.5276077100083186e-7
2.2175804711621825e-9
1.0544347870873324e-14
7.444887826449658e-14
9.155359666933019e-17
6.236600584362032e-7
1.6449260616325716e-12
1.0174687580877199e-10
5.737845271028595e-12
1.9206256337960513e-13
3.972782484166212e-14
5.112443600805728e-10
3.8093859970573644e-11
9.769562985269327e-11
7.156630504119936e-12
1.6247202024343368e-8
4.565745058180219e-9
7.487900542329185e-13
7.703611883279387e-10
2.3564145898502832e-15
9.832268566441002e-11
3.0526678256265838e-12
8.292968565521744e-14
3.565615759206533e-7
4.128021046429337e-13
3.727199393606446e-9
4.973414824196184e-13
3.924480405512512e-9
1.5394314630608154e-13
1.067736562475391e-14
2.8097047353011663e-8
6.285221156390972e-16
1.0573535924441839e-7
0.00021672529505218198
9.58293273096155e-15
1.6508680201609052e-10
3.729592353910889e-9
4.162822737188576e-15
7.693227662972297e-9
7.01193082787335e-9
3.1963003854914e-7
8.575331465937618e-10
2.9652292969352836e-6
6.17010632525485e-7
6.031242095301427e-8
2.4590153096270446e-9
4.090434089172589e-14
7.47725843233611e-9
7.591017057260929e-15
3.2104936703845225e-12
5.759048018454806e-7
1.432920822728424e-9
4.0335383460394625e-12
1.1500034459017014e-10
1.0905295421715934e-6
5.298047478973509e-11
1.924642193464504e-10
1.075235595808248e-12
9.27779909447944e-6
1.1827949493672683e-8
2.7428396069674133e-10
7.952318844169608e-9
3.12460258300238e-11
1.1520016473128368e-13
1.25854136093298e-8
1.561597666813483e-9
3.7333287185508256e-13
8.205569201820914e-8
2.348423936005823e-10
1.302437877967729e-10
1.688644482432446e-12
2.8699035783360242e-8
1.0158880547962804e-6
4.864960943088784e-12
1.04722013682382e-13
1.02055058383624e-7
2.64108387420306e-8
0.0008720208566941503
1.6854071764133635e-14
9.558606602036882e-7
1.271284094368001e-6
1.1536448480194068e-12
3.371298845390694e-11
1.5283499015454337e-12
1.5528386760797267e-11
1.6600002422180445e-11
1.3610537910544318e-8
1.0805702430746917e-10
1.6888491221887155e-6
9.427650639474516e-10
4.240381016489165e-9
4.42909374847006e-6
9.541378361318157e-10
4.465833241006393e-11
7.875335554605125e-15
7.287084292262875e-7
1.1533022198475305e-10
1.180900380673008e-9
7.385350480429789e-9
8.861757003378926e-5
2.338444789381117e-13
4.688499416573599e-8
9.157849454772105e-13
5.522938820574823e-11
9.589106437614462e-10
4.61041786055727e-14
1.426840987828615e-7
2.0754901788825763e-7
2.557711336654486e-9
1.4315152685178058e-10
7.181898925654621e-7
1.1659984176670168e-7
7.87233369297643e-9
4.0178162505184296e-11
4.418867998474839e-12
2.9694553057093965e-11
2.823788844360668e-15
1.2853764869321535e-8
9.244676203365435e-11
5.73281200766238e-8
2.6700362279068954e-13
1.0134126764542759e-9
2.2297289998182347e-13
2.4629070184604933e-9
5.56557004419823e-8
7.538109036906848e-13
2.2072221956187953e-11
5.8662683687525125e-12
1.4458944772773994e-10
2.0511465079397084e-9
1.270300263346036e-11
1.5204977694200453e-9
1.3505648290322795e-9
2.124432405631337e-6
3.93241932172042e-11
1.1148965288041769e-7
7.78757835661955e-9
8.897609717455332e-13
7.970846050523438e-16
1.4439130362899544e-10
5.642603051729075e-12
2.287844218008088e-9
2.684082573218075e-13
6.5944409928789e-5
6.298165787565413e-14
7.378977197826015e-10
2.3297183244928367e-8
1.7994573460679066e-11
2.9113124814069116e-15
5.795494397810808e-11
6.5571729422871696e-9
1.3496466183382826e-10
1.652779333495135e-14
