1.5030467406473643e-10
2.1056539657908822e-7
5.573871915926355e-14
3.7428373807666844e-7
4.0526101601307547e-10
7.750643966173394e-13
7.686904996811575e-18
1.0980880640212095e-10
1.9233769263124945e-13
2.0311051850639654e-6
6.687748009672761e-12
1.919307697194216e-15
1.4735113923371144e-11
4.333468572048002e-12
2.897901922210755e-14
9.224239807459847e-11
9.549445815560127e-9
2.2739988665239485e-10
1.05129673390943e-7
4.919906234363871e-18
3.496936053331307e-10
7.408255006446695e-13
1.4698298094165031e-8
2.2718444595097178e-11
1.3466388556051576e-14
1.6617376037590792e-10
1.209193593460907e-12
6.1796515988551696e-21
5.339967927818228e-11
2.553757333835883e-12
1.9128060249707268e-11
2.631826903649018e-13
2.403329170008734e-12
2.7104431696081563e-10
7.771888338076008e-12
1.6204225960294082e-9
5.552481351481391e-14
1.0405099326672677e-9
6.672458847841912e-18
1.573481988889726e-7
1.2786440242311869e-11
1.7144597709844144e-14
9.043407114387053e-13
3.534367772532716e-11
1.1527922063783384e-14
2.698337468518894e-14
2.2486257857026794e-13
3.598693150736625e-14
5.059616037831871e-13
4.1766037347113836e-13
2.3385321304840846e-10
1.3698078817496478e-13
1.3831476702699414e-10
3.4847553523680577e-9
3.19939001467604e-15
2.0728900357111552e-11
4.506234751709316e-15
1.0028992797741233e-10
2.3950448060374983e-15
2.498815273896443e-15
2.88519094672669e-9
1.7787445979791848e-8
3.6796685214294976e-15
1.930470907854983e-11
1.6927006496540223e-14
1.3551691446802715e-8
6.039814690357564e-11
5.799483212782522e-14
2.8227286108777958e-15
3.083169345884521e-14
2.6410810789194225e-11
3.6434215544052905e-7
9.959935916142599e-9
1.7338252905474647e-16
7.070624151739856e-10
2.653923913988611e-10
2.848155338987874e-12
6.930483372698952e-15
4.70754861741459e-13
3.306853948776896e-12
1.3562210087696618e-16
1.6277315387374667e-12
6.672585525931866e-9
1.1358300493426234e-17
2.9121218161305532e-12
7.082025941145566e-15
1.1504633850986917e-13
6.3308098225733765e-12
2.033275816232235e-12
3.340743392800018e-12
1.8212616645547602e-15
3.676985221618168e-13
2.164569468606347e-13
6.696383125430896e-14
1.737981024317739e-12
1.092852042988473e-12
3.4250255955403906e-17
2.6024062637689475e-13
1.514636477317967e-17
7.067038752544317e-13
1.7551203841839633e-11
8.240556216201652e-16
1.7299022279043467e-14
2.683781217707891e-11
2.3846872224527642e-9
1.5700656247060395e-11
4.1312444026987765e-10
3.39625685960588e-12
1.3817825663722837e-11
5.310832051694604e-12
4.422899644981884e-16
1.4139379089132156e-11
2.3514714797481e-11
7.140140482999953e-15
4.1294773079323356e-10
4.793012919393495e-12
3.084601435671869e-14
2.1269928461713658e-10
2.4704699306072542e-14
1.423869078626753e-15
1.4901732393546043e-11
7.902179264067884e-9
1.668717117395808e-11
4.3746361871441095e-18
1.5041434380399562e-15
2.925745880088221e-12
1.7096189630735328e-17
7.365346068788357e-11
1.4198193589014923e-13
4.736191226510617e-15
6.4024846151359465e-18
4.2680056212214136e-15
6.643936544777981e-18
2.1359571380018634e-11
6.28315190139014e-10
4.1832056944344016e-11
2.32782609140047e-15
4.7912924483444886e-12
2.2417573589352503e-17
5.0915605283149563e-14
2.6015575616802013e-17
6.277513604429613e-14
2.0403369776948107e-12
1.1065967001491912e-13
1.2190616429324407e-17
1.5264836455397892e-11
2.386875048211972e-14
1.0146898904466437e-15
4.081610471067481e-12
9.33650152798943e-19
4.2868031114136265e-15
1.7498780321995903e-14
7.902459253936786e-9
2.0857228556450135e-10
1.3028604744115657e-13
1.7733304612906253e-16
7.362781526326375e-16
4.0408998354101457e-11
1.505437466925379e-15
4.762122734415306e-12
1.1745900215604955e-15
2.837569252622697e-17
1.5727727922689054e-16
3.2358315520327227e-14
3.566429670113927e-16
4.751206733610123e-16
7.116851866220761e-18
7.21364460601236e-18
8.927233948501567e-15
1.0201269711652589e-13
5.152643545070293e-13
1.0060292823317194e-10
1.1768621460983046e-14
1.1585609628559786e-13
1.333375143906418e-15
3.340239536240842e-12
3.0327362341058255e-13
1.2180757504127656e-15
7.60541056803823e-15
1.0011689557062614e-17
1.8862374484180666e-13
4.6403692436415376e-15
3.016896243489639e-17
1.287519296281937e-15
2.5756742614272592e-9
5.049703854211002e-12
1.2155383771620365e-17
5.175037651280759e-14
2.984588625243722e-14
1.2455923232969493e-15
5.672602970495497e-12
1.4210574085259548e-17
4.3287987551427315e-19
6.572475114312615e-10
8.872603741860248e-11
1.2746580800075505e-12
4.7192032403089e-11
1.0250774327705594e-11
4.214746348465387e-11
9.177925727796302e-15
2.876262823116618e-19
3.1289398283833057e-12
1.0791564171479008e-14
1.05544341622314e-15
8.173047918158888e-18
1.2444914134153266e-13
2.6013791057896316e-11
2.21272064551042e-17
4.2614192484739505e-12
1.910131024603647e-19
2.0934144755861725e-16
6.6643562626261856e-18
6.248863765711373e-18
1.662201310214476e-13
8.198371459979193e-13
1.788932305140587e-17
1.2566482097733754e-15
5.7861391023113095e-19
1.7774242958060154e-16
1.3381012160934085e-15
3.120332405697237e-18
2.9159204336757548e-15
1.3524636430967115e-12
2.067175688611569e-18
7.807743793907501e-14
5.569464859900948e-17
1.3476321075266344e-16
6.551967950226811e-14
7.235344958316296e-14
1.2532789781356135e-15
2.224164123916781e-12
1.3388730369609699e-17
1.19188972204664e-15
3.732383419854549e-16
3.9997611929153295e-18
3.4028771634918873e-16
2.002196230641112e-15
1.008772672098824e-13
1.0649855141714544e-10
1.0204272831100396e-17
7.426273027708726e-17
7.07843424729778e-14
9.371304932395796e-11
1.0139398427475797e-16
4.765636633623469e-11
1.2062513528269004e-17
1.1929562821024923e-12
3.785421350175364e-14
1.273964177416757e-13
1.0326387748975281e-14
1.6271720208140498e-14
1.190756464770989e-13
5.758519922631411e-12
1.3015374986356089e-12
3.379452160091667e-15
1.787696256924267e-15
2.4123947603804595e-18
2.3366864918529963e-17
4.2462094283716583e-19
2.282982910484754e-16
1.560319571314877e-17
6.304519477676866e-17
6.1196714708153856e-15
8.727885259460998e-15
2.2979633124369758e-18
7.092145353207779e-17
2.896639424383753e-16
3.425750643756904e-16
4.652911715753402e-14
2.0403959984688812e-16
9.027021993474938e-20
6.131468358244885e-15
1.504716109510753e-8
8.028045550781674e-18
1.0180985313778129e-19
3.731703109931817e-15
4.921357910936728e-15
1.2495099722371895e-19
4.723000623542561e-12
1.2181961746829635e-12
2.3099299605352274e-16
1.8328994636548982e-15
1.5283985395479833e-12
1.4885655160762887e-12
4.710773991700374e-14
6.995541794074237e-11
1.2494700606929958e-13
3.1157152449406423e-15
4.2486023983856765e-19
1.6858341778403884e-19
3.5717861576545005e-16
1.1904907748114133e-10
1.454404364019046e-16
1.4514965050690896e-20
1.991297607168979e-13
1.2672282136334383e-14
1.5469961562964006e-15
1.3728322642058525e-16
8.934697258942632e-15
5.079504282992393e-12
3.89595242498362e-10
1.7926630788866436e-9
1.29241254451414e-15
8.977664478976452e-12
7.5075914693403e-16
2.0334615100846977e-14
7.693871876488515e-15
7.472893841176851e-13
5.936012023447614e-18
1.2033265092396286e-17
1.221072512696388e-16
6.327548507279893e-10
1.0583007445255905e-17
3.7563971992623025e-11
2.005615007772436e-16
1.6369858218977658e-18
2.7431726491460803e-10
1.3758148727347084e-10
2.4166445780537215e-16
5.801436248314161e-18
2.307965346693512e-19
1.455914929523255e-15
1.15640317413343e-15
7.907875121777311e-17
1.3260123400972244e-14
2.863052055630286e-16
6.096886792066589e-18
2.1707657878991704e-13
1.1471530374976584e-17
1.7793492110930762e-17
3.401083337045017e-13
8.458911801181567e-10
2.2775830404350757e-12
7.192932211262812e-17
1.2649546337788036e-13
1.1042064882491377e-14
8.480398410508815e-14
4.5397751262069405e-15
1.7435027618258053e-16
7.304525552949237e-15
6.13290856776004e-15
3.9711935109002044e-18
1.2788868985317738e-18
2.7114177053501246e-9
2.0087288126110447e-16
8.720514008316074e-14
2.7200230659802907e-11
5.652421654910303e-12
4.723103525463699e-17
3.8957837816296e-18
2.6984361386439573e-18
1.9128257671441383e-16
7.364656866965797e-15
2.8022716531816137e-13
2.0264801639770237e-14
1.7523462496147547e-17
9.758948227528562e-10
7.09297133027808e-17
3.309446340436169e-17
5.7277590099087706e-15
2.138935987983852e-18
1.3810415587663154e-17
2.185632181775293e-17
2.825555453969177e-15
9.383021899009204e-18
2.0215360728941527e-16
9.0290901865409e-16
2.729950273188957e-12
8.87349209154298e-14
2.0685083734610945e-15
4.573873702015835e-18
5.175599034598288e-18
5.037323955543176e-13
8.379213876796807e-15
1.2693289643765653e-13
5.032806486243044e-15
2.147486129715126e-17
1.5047615607306486e-14
2.0011688196651857e-15
4.529734236999829e-18
2.084741744915349e-19
4.627637424469827e-17
8.50402081519304e-12
2.3284215735428934e-14
8.66934813235359e-14
6.681664486926653e-14
4.066490358744906e-19
2.6259292645604166e-13
2.119116338436584e-15
8.175074451959461e-15
2.147922769488925e-14
3.940485213898191e-18
3.54560051405259e-14
2.5257506888216715e-13
1.2743327706854718e-15
5.742336525086689e-19
2.306846234742168e-14
8.295739785128672e-15
8.151914582386235e-17
1.0286793503977973e-11
1.4665025817124525e-14
1.9149861890089292e-19
4.904340054424084e-16
1.6424545774886086e-14
9.097401382500418e-9
3.292443485640033e-12
2.7899128878228235e-17
2.1755114120969757e-10
1.5673286230226268e-18
3.968886082210392e-18
8.97183236584383e-18
1.8587117320042424e-13
7.85119413531141e-19
2.7185319678914492e-9
1.7780770211107835e-14
8.733412477489358e-13
1.2550342575283701e-18
1.2757839519136402e-12
3.6882079714013866e-15
1.3671415918289951e-19
8.718109060375338e-16
6.954479335924145e-19
2.345530000054234e-16
1.288314958616946e-18
5.094177681449398e-15
1.30617024180292e-14
1.0851621909815497e-19
2.6852418358300145e-19
1.0965405594989442e-16
4.111765448527259e-18
3.903756683850941e-16
6.94165839934121e-17
1.7308508600623116e-12
1.2175130203530363e-19
7.227591520025147e-19
2.3554096571047336e-18
9.486476986930696e-18
4.232616569472844e-13
5.677761671580613e-11
2.4869985451169412e-17
3.1276165820682228e-18
3.237300647303412e-15
1.7788536487125086e-17
7.839831795558496e-20
2.4672600181308846e-18
4.226441790760833e-18
4.086641865372506e-18
1.7915582710174443e-16
7.407368921221703e-19
6.666840579491797e-17
3.712087992700079e-16
8.792953591275853e-15
1.7258867394825877e-16
1.4543367533047415e-20
3.074551984904873e-17
4.9276839475245994e-18
1.5850042400867135e-15
1.332484706955342e-8
7.479640062800286e-17
1.6177874631917212e-12
1.132176020877264e-14
2.732048160390299e-15
6.004384740733075e-13
7.447825767354938e-13
2.166194971517518e-10
1.8689529826739134e-10
1.1417949661860642e-12
5.991041271071815e-11
5.9824134792152265e-9
2.2084644973757497e-16
1.9697750374391938e-15
2.5511670503350763e-17
5.557882778333815e-19
3.3639479979818193e-17
1.0591771600097413e-18
4.2891173888300124e-16
4.49935587123256e-17
5.905117260494021e-15
7.072727015809817e-17
2.440582779892549e-15
1.0803817236921762e-14
6.927234701259641e-19
2.7573416141267333e-18
1.5018584333184278e-17
2.9048387730909585e-12
8.8670041774676e-15
3.5702463121120256e-18
6.260583312180676e-19
5.19907689471885e-19
2.4510999948967927e-17
6.57381017870898e-16
6.579212525848259e-11
6.551894123376452e-18
1.078220381409616e-14
1.147198220261138e-14
9.027585079451241e-12
1.5477729061956499e-12
5.65436647062421e-15
9.646429820638508e-21
1.2743979121777158e-17
2.8276705337117454e-17
2.2339895366935964e-11
8.770498110189395e-14
1.7529060383896286e-20
1.8575280810400304e-20
1.6531824550146136e-15
6.965643513365513e-17
2.2415387342636048e-21
2.902908201977413e-17
9.341244881947997e-17
3.750549341193855e-13
2.9429735200799643e-16
1.7684075453036396e-18
1.2127736761112288e-17
3.005471895479602e-14
1.7718336850789036e-18
2.6619027935288963e-19
1.0834013164034385e-11
9.781735475082854e-15
1.2858733884318375e-11
1.587477041221211e-17
2.9601481065894737e-16
5.4766366151958414e-15
2.4921945664604004e-15
4.3655259907747266e-13
1.2066130014375209e-14
2.4016230424448583e-19
1.2164034564768163e-16
1.525086780948169e-19
2.2122589260190283e-19
2.773765260932365e-14
1.0696369895461986e-14
5.718824074985849e-12
3.0382268545887313e-16
5.730175342313476e-17
7.739004014385725e-16
6.852665505348796e-21
4.451742122487558e-17
1.9686888300600245e-11
1.4639511913254865e-15
2.2173383734831188e-18
6.779201619928248e-14
9.443436616837617e-19
3.868359653842184e-18
8.886786807902214e-18
1.6003050681968825e-18
1.404656562805303e-15
3.7702626550916777e-16
5.784535183604543e-20
2.1743944288361218e-18
9.804092159514264e-17
5.093219723051989e-16
9.367929488205045e-16
2.259704127580415e-19
1.6844791783701786e-18
1.9165459313036963e-12
3.3112630446049354e-20
9.577345317308095e-18
2.814844698345354e-19
1.0396862384646575e-18
5.016601294567698e-18
2.637295152075174e-19
1.7075343776915862e-17
3.085373339957994e-15
2.609200206353148e-18
2.618441170940263e-17
9.747445777818204e-17
3.077482388193682e-15
7.28254563529537e-17
7.735366024096565e-17
1.0321506071867457e-14
7.017422221238192e-20
2.6819959191981605e-9
1.2811289507396392e-11
1.767414297037586e-16
1.4518045603378205e-18
1.3521841715737443e-11
8.865045589981191e-18
1.3936122302933828e-17
8.231725704366071e-10
9.023658457795407e-20
3.625812203116246e-18
1.1702777693690649e-18
3.4648815140933997e-20
9.29178062124712e-15
3.5000325968656645e-17
8.1414262806299e-19
2.17193359292411e-15
6.809732427026134e-19
7.58316004437849e-17
6.204235521101939e-17
2.923872072198559e-13
3.002443270101655e-7
6.420831015078873e-15
4.2906027128473885e-10
5.911782179419955e-15
1.1018993844288695e-16
7.693222934125008e-18
2.989021162248885e-16
2.1177557786677237e-16
4.6173869166702314e-9
8.668044148689885e-15
1.1290944991634247e-17
8.191040069999863e-18
1.6089559838839871e-18
1.0214791781086167e-16
5.1976069950410744e-17
2.7951385870805695e-19
5.3817477927103135e-14
2.8741436505155524e-16
1.8106732864192213e-19
1.1983045365811514e-13
5.0132554002631656e-12
1.1890214164370442e-12
2.2095991331355395e-10
1.3236416333867008e-15
9.424662625414221e-15
3.828886985176309e-18
1.1361792115702278e-18
8.894886188177304e-14
3.3058238994763067e-13
7.665557469694594e-17
1.009137807880001e-14
8.178763927197243e-19
1.3303153584839956e-11
3.4025055733887635e-16
3.4344997625920426e-18
4.4186929780453706e-17
4.7686186711894484e-15
7.007658119310797e-16
2.047618131939991e-17
7.958905899671525e-16
1.6993291125987777e-16
6.065055753346528e-16
5.034977855919122e-16
1.0298475698877252e-18
3.778608744526032e-15
1.7273543858095056e-17
7.94451197471006e-15
2.060913917214155e-18
1.8501703433044293e-16
2.0388365011061739e-19
7.389573138308435e-17
4.185673652303093e-19
2.7421728553979643e-13
1.8606519056817133e-14
2.235431994781772e-19
6.91600414241104e-14
5.2794635691743296e-18
4.007599424110362e-10
5.672281690872842e-16
2.119640068201917e-9
3.5178250408781847e-11
2.398543580018735e-16
3.263811436864852e-16
6.764406598123271e-18
9.609917625689357e-11
1.1181922167916256e-19
1.6322359220823045e-14
4.94547804293245e-17
8.669581876238166e-20
1.0528774242617273e-12
1.6720336626977796e-13
7.220700932670012e-16
2.510682428014099e-17
2.1826094686078433e-16
3.660324990746857e-15
1.445187294627773e-13
4.91373699856325e-14
1.452750887587867e-19
3.8833550016377905e-16
1.6735693544670955e-13
4.639434442621796e-18
1.0598589424106974e-19
8.76825879081569e-15
4.985424295372015e-19
2.7555573403786467e-17
1.1791715561255793e-17
3.51004965833513e-18
2.592707374898945e-11
3.048063945498312e-16
6.897781409005972e-19
2.8211559029287242e-18
1.52051997041332e-17
1.0288254412564456e-15
2.9215050993052806e-16
8.822099098136714e-11
1.1174362363473858e-12
6.922712174799051e-16
9.62347554982868e-19
1.3439810706434284e-21
8.939844695142411e-17
1.407818613757975e-9
3.137488914408971e-18
2.804894788967313e-18
5.664824090606961e-13
9.538973252446584e-18
7.0286283554154626e-15
1.5691035761818166e-19
3.8462747474972586e-11
1.8575468908468462e-11
1.7047076580092048e-19
2.995049856829152e-17
1.6057072634113252e-14
3.34615991212727e-17
3.0796709100499405e-19
2.713949503404384e-19
3.0006769585422012e-12
1.1437029473707767e-18
1.4676297439944893e-21
1.4870584523465084e-17
1.0789049431990599e-10
3.1406919734377975e-16
6.25293101486873e-18
4.983038550344867e-12
2.137455330795154e-15
4.681209941869017e-21
6.55637605304001e-19
6.031410089596611e-13
4.751472402823212e-14
1.734991792503797e-15
2.7346967265003273e-14
3.5361339559044277e-15
4.595372609582792e-17
6.29113370314696e-18
1.2854754191088047e-15
3.015762204703886e-18
2.149880174947321e-15
6.241143682134118e-14
1.1716531634340544e-17
1.320856100921112e-19
4.006008839483355e-18
6.602859109688204e-15
8.499366077896794e-16
6.592558340369026e-16
3.493744104341063e-20
1.196471409050491e-19
2.4532250844818328e-17
4.2115873468701234e-17
1.7023382639633967e-16
1.0480658300718847e-17
7.886759772766604e-16
4.351318655726434e-10
9.94886685505223e-21
1.3335885504499485e-18
4.844217493881295e-18
7.376049044010858e-19
6.138794029682724e-16
1.1193642347363513e-18
1.4393643936936532e-11
8.837579250094117e-13
1.3385493363742591e-18
6.047953926044391e-18
1.3107673984198968e-16
2.745641868410065e-7
1.888493558672507e-18
1.8022562432074068e-15
4.846748148167394e-15
1.4990397570777276e-13
8.133534007733039e-16
1.4386765215344165e-8
9.999990132866215e-13
4.919939781432367e-19
2.4171281843579305e-18
3.7243119960931605e-15
1.1228521408500029e-20
3.436001163796408e-21
9.217038046063134e-15
1.07446637171233e-15
1.7892167652431305e-19
7.9097479840245e-17
2.9101885149531833e-14
1.2562235972124338e-10
1.6767269074309174e-15
1.9532412824621487e-19
1.5749922132924356e-16
6.577780480453725e-16
2.8098647862737044e-19
1.299326686326543e-10
4.016266142212103e-14
1.307020528970884e-18
4.781010035430705e-12
1.760057404990536e-18
8.606320088412324e-18
3.407332515111727e-10
2.488260680813702e-16
6.5411353444993226e-18
6.968951540991884e-15
3.044957975589142e-15
2.8144647283402903e-14
4.897646045958502e-15
1.386906519741152e-19
1.0123181555460122e-15
2.7417026557115504e-15
7.877248331503653e-15
1.7952260454495192e-9
5.0585982572586e-16
3.2574677187374013e-19
7.688617064466015e-16
2.6672094075752104e-16
3.196758837940944e-17
5.114167001205549e-19
1.0947202001852325e-14
1.658535609393434e-18
1.2903559089705738e-13
1.8804005834760928e-19
1.334458352763374e-15
6.249156831196472e-16
3.654679127473434e-15
1.463349582470164e-16
3.761476644368773e-18
2.2548218769146005e-18
2.1105101317516704e-15
5.536634836687489e-19
8.363685522543941e-17
2.4497402787750956e-14
6.820171924629058e-15
5.225677528027835e-13
8.656223422721841e-20
6.917376247365767e-16
2.2524930531136495e-19
4.819750244370913e-9
6.985726484729976e-10
1.6953398705447127e-15
6.915883241181287e-14
6.4831679340872725e-15
1.3767368440339624e-16
9.12103257474518e-15
5.3382895806666655e-17
7.972240325599444e-20
1.237370391863745e-19
3.576169197584562e-16
1.937237970190421e-15
2.280562696552541e-19
1.1747780858199373e-19
8.922856487940031e-17
3.3695454126066754e-17
1.4964979027457832e-18
1.1778376517400913e-15
1.0458866768674479e-10
2.2121983909730134e-13
2.380958247773643e-17
7.12783310088873e-18
1.3713874384979362e-16
3.425482091160484e-17
7.100672266096942e-16
1.581208410074093e-18
1.48930706592352e-18
1.143339466168627e-13
1.140994439103384e-18
8.74484248844386e-18
5.5391745959740805e-14
3.3797581673777713e-18
2.2883126814872446e-19
2.9660370613998206e-17
3.4483987505433225e-18
7.622890631553884e-19
3.4031925987277392e-15
2.020716696699804e-15
1.9830641400911447e-14
1.0814692284134811e-15
4.0764674924728205e-18
5.1777977118357976e-17
1.1965750325560634e-12
2.9602796436521863e-18
1.0021343386876454e-16
6.182331381297448e-16
3.756525288989616e-18
8.130226202990781e-12
8.302874324162194e-12
2.739370917428144e-16
4.382234336184009e-15
1.861388168841203e-19
5.75827231696017e-16
1.0754701981292946e-20
2.770569988650715e-19
5.684756816466942e-16
1.599368279253368e-18
4.344469272569099e-20
2.4820014325781957e-9
1.7811892051912453e-15
7.310913011434432e-18
3.1925857728895134e-19
3.7546042888541795e-16
9.292705424272632e-19
2.0640523345946008e-17
1.2030730000951805e-16
1.8544040122891351e-19
3.862801113697734e-18
2.762464522746533e-16
5.147601309981467e-19
2.6394665059400938e-20
2.5525117017492243e-15
2.4830301233514654e-14
7.05410251540541e-15
1.2704909418272611e-19
4.0538676266527095e-16
2.6694010950169713e-15
5.038830879615897e-21
4.020569209071352e-18
1.6839745816930222e-21
4.302805959651721e-16
1.5624807848027936e-10
2.159588055565065e-15
6.411261903348726e-13
2.80178245818921e-13
1.3550714369753753e-18
7.263393984351343e-13
1.4906100161392663e-10
2.0270616454320446e-14
6.234496989036553e-8
6.677426057583991e-16
4.1276301248186965e-13
3.3015304624761755e-19
3.831284072169558e-9
1.5637897417358182e-20
4.458681919595184e-18
2.4254799347831908e-15
7.528875317303323e-16
4.067232781892271e-9
4.043633142409443e-12
7.089411061660129e-18
4.756327652393594e-20
2.7337631526135087e-11
7.095920802339766e-15
1.1522519981430773e-21
4.554560946894314e-18
2.4837154145028815e-20
2.936998472657979e-20
4.083451294439893e-13
9.314146164087828e-13
1.4620907304343724e-17
5.057671375682091e-15
2.2146239695514885e-20
7.867006275397245e-21
4.8688105739416616e-20
1.2349330983084093e-19
5.539432886463493e-19
2.479581982101139e-16
2.8401249539093742e-18
1.5794057464416127e-17
2.5455983496075045e-19
5.147912004786539e-19
2.4864500774826016e-8
5.718963733700486e-20
2.780948368138314e-11
1.1558262847026753e-9
1.5674065075580032e-17
1.0017493907704416e-12
2.8778042075964797e-17
1.2044452684792398e-14
3.035679644249852e-17
7.487937785874468e-15
6.254036669785355e-17
1.3189811449671883e-15
5.354883699396948e-18
1.3045566786086742e-18
4.914316935771726e-14
1.5033242904424246e-16
1.4881054972023333e-15
7.907027496463147e-15
4.1824122418765797e-14
9.522068966701798e-16
5.413568101876732e-13
3.751082841520393e-12
1.7125516198878599e-18
7.535517387361649e-14
3.5038120080574753e-19
3.886544732585443e-18
2.2390236266111002e-13
1.2431290993825792e-15
7.327974737674983e-19
1.2628736700859873e-18
1.2113518586728257e-16
4.9625658917571305e-15
1.1955933973680396e-10
5.783495182147473e-17
8.944683606225366e-12
1.9270619968541334e-15
3.3909157818607526e-11
4.3255296593693286e-16
4.3427656779112006e-15
1.1789390053078504e-19
1.2564586112196e-13
5.834342433058665e-18
6.432544926608855e-19
6.496254329961601e-22
7.380868406892179e-16
2.768766393723781e-22
3.081348458077737e-9
5.934423380179755e-17
9.685357861303893e-15
2.906158554585481e-12
9.863889189028393e-12
9.562903740633921e-17
1.2007396912602351e-11
7.186244322398634e-17
2.1428536110145137e-10
4.195452329787509e-12
7.884223612041502e-18
1.0063365597032527e-13
1.2264996492000436e-16
4.9445610784361584e-17
3.6459561443547486e-22
2.8163935479129177e-18
6.40037887363174e-20
1.937364475265947e-11
3.757437263970266e-14
3.349323878159536e-18
2.860070217173134e-19
8.18656526091941e-16
3.873740877529458e-11
1.152908476995496e-14
3.28641787844961e-12
4.85025773667217e-20
5.279349723756215e-19
7.0944872045201e-12
2.5045522815037497e-20
2.6083150108925948e-15
2.71056304600016e-11
4.2524448913231054e-17
5.0539757305825405e-17
1.461572447775211e-17
6.166297917188012e-11
6.789319178534206e-14
7.388726418505839e-20
4.351326267783351e-17
9.724492016560401e-17
1.9064271515604594e-16
1.4352392259227954e-16
3.4980955722457675e-16
4.500455602400153e-15
1.2290395087228636e-16
9.67585277662077e-18
1.1595425572992424e-15
9.073649389311205e-14
1.2223465873748937e-16
2.733219957623479e-12
3.1024354665094037e-15
2.311003537046839e-16
4.0022452211168164e-19
4.680386136964787e-21
6.910450668563467e-18
3.06936558467586e-15
2.2442956763003525e-16
1.4971547589557279e-18
2.828197446376269e-16
7.920639692394255e-16
6.893302301898835e-19
2.71572744822172e-17
2.7763785747820855e-10
6.510315024228587e-16
2.811820179471188e-14
2.073803172764377e-18
3.663679238894667e-17
5.650930549063674e-19
2.1243710262316758e-16
7.224273724316096e-11
2.7469130805538295e-20
3.69158310565388e-17
1.2564702643754133e-15
6.197641361038659e-18
5.72483228941458e-17
3.0657463562382904e-15
1.7304189705878874e-13
2.608363523015598e-19
3.576017062566495e-16
1.7932473610297795e-18
1.987184300870981e-13
1.4723413186637253e-17
1.688811911124784e-13
5.2176105566609585e-18
7.868402562080181e-16
1.4334269948670615e-18
3.2101556380902584e-17
5.9988180835327725e-12
3.526665471863894e-17
1.1208948156060921e-14
3.04478190113788e-19
9.150914678305055e-19
2.943755914901551e-15
3.796970978226548e-18
6.84039348726893e-19
8.156269776638538e-19
7.143657284397035e-18
7.06171332771993e-18
1.7395456655385039e-15
4.389102592518938e-12
5.928089189976609e-15
1.7206217929349202e-19
2.1173995752189433e-15
7.505354253626966e-14
1.5040681177675777e-19
7.869027192367847e-13
5.2205941385652336e-17
1.1354450607090448e-18
1.6142399336345025e-17
3.921512187493291e-17
4.7170821991037505e-19
1.2545075716568443e-18
4.251028362127046e-11
2.1995371272932767e-18
1.3852986965558873e-19
1.6084635779543197e-14
9.299592826101205e-18
7.385482602804338e-13
4.935406890254918e-18
1.0789648716788081e-20
1.0907000530405956e-16
1.0981216543613748e-17
7.715958681435015e-18
1.8474053061750396e-14
9.862591239783179e-20
9.317735070936996e-17
4.01110007875487e-12
3.999064394738976e-17
6.007497916906278e-14
1.5529780011366196e-12
1.557513544043206e-19
9.628273152394763e-15
3.0776016812644628e-18
1.462905979050696e-20
1.1928136858851315e-17
2.741539207572998e-19
3.979104956196646e-14
1.4629049982932675e-18
2.3651285404577042e-12
7.80705492971948e-15
1.6717043916322705e-14
6.129963737330877e-18
1.84256149816397e-22
3.3028411180768185e-19
3.1336786176394403e-17
6.752770160936139e-15
4.048679346798104e-20
7.027778311719644e-18
2.891423367486602e-19
2.1132895628044837e-17
2.1269411223342352e-14
7.722947222706012e-20
3.017962732466219e-17
1.3210741810169908e-16
1.0730471820657067e-19
4.394161163752809e-15
6.905216374968695e-13
3.6426532856221663e-17
6.091974821729612e-20
2.7966713004368403e-21
1.2905745915182807e-11
8.432255564050991e-15
2.4616630256578594e-18
1.5637207818493118e-17
2.383710850208296e-21
8.285794389155551e-14
5.811205949205118e-16
1.8118882809051458e-20
2.3404047806178605e-11
3.653287474534656e-15
3.145537971714378e-14
2.8871213111714993e-16
1.1735980630348161e-17
2.0398492410366962e-21
1.3935667378137508e-10
9.38649065279781e-18
6.331630012414501e-14
5.726933997686837e-21
1.631673670152678e-19
1.5485347938583211e-22
6.197636420602548e-19
4.140108563231187e-15
2.962436133676805e-20
7.299052941442997e-14
1.5558711806117727e-18
2.28981811801056e-13
6.79600049164418e-18
1.035462225947603e-20
4.7120346316897236e-17
7.531914620996506e-15
6.441686963011463e-15
2.9987438095750402e-15
2.796346916614858e-16
2.997311589156846e-18
5.896933533496927e-19
1.6619702269608581e-18
7.621417274429252e-13
7.528627395113245e-14
4.065252818541063e-20
1.193710704571147e-18
1.3662731906962962e-15
7.427686802567675e-20
1.3199597941180177e-20
7.128877862567243e-22
1.2360890999270055e-16
3.404438533181824e-16
1.911138237940463e-18
2.0778645254250063e-13
1.7824996870795744e-11
1.6486478158639452e-19
3.640697299026989e-17
8.679957923272742e-18
1.0497124788788072e-15
1.207139457276454e-21
4.1408679778575094e-11
1.947521563238844e-18
1.0519457533601508e-8
4.135797702368469e-14
1.0445986542169242e-17
8.388329996030295e-20
2.947213456116889e-20
2.2125623320168173e-16
4.374371701165631e-18
2.944511113052003e-20
3.054278857139831e-20
1.7958552320423545e-10
5.5770254001827206e-15
3.2885717996970143e-13
7.505919690959002e-17
1.1338311567462108e-14
2.3278137058520246e-14
2.986503064758305e-19
1.547168773295004e-15
2.6647581886508036e-20
1.8048856119126286e-20
1.1365856439660372e-18
1.597250730835281e-14
4.5327312344106925e-19
5.331291211304046e-17
1.534788230758311e-17
6.48102807643629e-20
6.1216296048192235e-21
5.031276562171948e-13
5.4672872265366295e-15
3.623368689517037e-19
7.449085935220459e-21
7.946352338870712e-16
5.638658680526369e-20
4.100578890883896e-20
8.4620940111671e-19
1.8768685965175978e-18
3.125196788207768e-10
4.1070026046412686e-10
3.420691829211212e-16
1.3839219971640713e-16
5.829467288206194e-20
3.392446270495094e-13
1.1524710094877738e-12
1.0760949355745284e-15
1.900220136937255e-19
1.4030010157827416e-13
3.136977095622367e-19
3.2774602386912405e-15
4.91578040412011e-16
1.1897852125002207e-12
6.219752594375633e-15
7.134098650644196e-21
1.8658962093750554e-15
2.4820258490123663e-18
8.160013980979855e-16
4.398376723806476e-18
1.1922281122906075e-13
1.7636526751721586e-17
1.3654828467343117e-18
5.977595373351453e-15
5.133359162589484e-18
3.022798310220015e-14
3.6815207416861357e-16
1.6938739591966634e-19
1.3512091700003326e-19
6.859179385208875e-18
7.89834825022766e-12
1.4131306124756917e-13
6.232744887836669e-16
1.5287965391879648e-16
9.234247407008245e-13
9.944650382373498e-18
2.442606913733102e-17
1.4663703740100028e-13
5.734097313945162e-19
5.124767979316715e-18
7.732227503617362e-22
2.2351764722685912e-14
2.962849209329446e-19
3.8882378401440343e-11
5.726077100310109e-16
2.5312599299372764e-17
1.0515352071663522e-12
5.578047102974846e-13
7.839587041799842e-17
1.3120021550167755e-15
6.721264353313339e-19
5.6089608476311585e-18
7.157834727894648e-17
6.227846378241117e-21
1.16415348780421e-19
3.5586359202021975e-16
3.223383483509908e-20
1.9156738117522863e-19
4.533736285710932e-16
2.1817881832892355e-13
2.3414630859452526e-18
3.537074066541913e-19
1.514067837559399e-12
2.1398373387176515e-15
5.3997097887029996e-14
1.519972274918724e-20
2.880623443271626e-14
1.5811965182917867e-19
4.199891120208373e-9
2.79176498459576e-17
2.234603759552876e-12
8.787526341740853e-17
4.3615898088276565e-17
5.119096622159912e-21
3.187548162720756e-16
3.865713656102569e-12
2.1232833249408978e-13
6.977528599471804e-14
2.0230396913743798e-17
2.3834080151122098e-17
4.628177809737266e-21
2.2642874057934492e-17
5.51449323294748e-12
2.687829039957933e-17
4.0896207890582737e-19
1.3765550153174986e-16
4.615646284887698e-21
1.5495911324182274e-18
2.794510585393816e-18
7.231136356815667e-12
3.883301849056106e-15
8.392722907697373e-21
4.3490282733274185e-12
4.152631536840347e-18
1.3409317167942979e-21
1.5177373410912842e-12
1.2198153863996686e-10
2.358011783762235e-16
5.500207988563594e-13
3.6522451109646604e-14
4.621128477040239e-14
2.550790055756875e-18
7.089913304390364e-21
1.631918679643109e-13
1.6950347054216713e-14
1.201515089888036e-14
6.075648214618721e-21
1.0441095595075461e-17
1.221495830383887e-18
1.3578207865276192e-15
3.2651779855750014e-20
1.4038384582905467e-15
3.856056159216802e-15
9.260976594509369e-21
1.773868205858912e-20
1.2569640832526237e-19
4.4086596770830114e-13
4.983548632709434e-21
2.2567245048527556e-19
8.332420180608251e-17
9.121629459061668e-20
2.7497489142310514e-17
4.033988777293349e-20
1.285902073025972e-19
1.8017521598172922e-14
7.340806631786055e-19
4.27296227774401e-18
2.5832464616986062e-15
1.782371109466241e-15
5.869179100179273e-19
2.6302024584256595e-16
8.526627011357111e-19
1.418111369828339e-16
4.714987004228623e-19
9.3508155223705e-17
6.410429679411876e-16
2.2830358632363783e-16
7.563346324523994e-19
8.652467388058089e-20
1.178342651399725e-19
8.299265140349181e-17
1.4125249996902759e-15
1.9652872518927033e-14
5.163335805839538e-14
8.642876231022637e-20
9.407845062665115e-14
1.4557451675393353e-20
2.0652197378272815e-15
1.2646064874953115e-15
9.678549986669698e-19
1.8188504690276917e-17
2.9279780933749205e-10
3.49387739882022e-17
6.184964600547638e-15
3.5648077625788393e-17
1.108706993491911e-17
1.2046835737279641e-11
3.717798826413238e-10
2.57502928167232e-17
1.071246402562516e-11
3.151941022405906e-11
2.701803093163074e-21
1.5686488648091737e-13
2.84882446812119e-18
5.188572926247718e-18
1.8382301424941505e-19
2.569712583527196e-16
1.7599278654921055e-18
7.416971026860806e-20
1.3370899320730749e-20
4.134986735229524e-19
4.840881712884544e-21
5.01167277847881e-17
1.2419686269886795e-17
8.268015881870086e-15
7.725336647680751e-15
3.688924710611994e-17
2.528402462008864e-18
1.8792093080916496e-16
7.507651117979784e-18
1.4015267094905002e-16
2.6658388388571324e-14
1.327058601425295e-19
7.980917873541009e-12
1.0802876412737071e-16
3.504100640192513e-16
9.997634900405215e-20
2.149776071181149e-13
2.9651979231063363e-12
1.8467349310009123e-21
2.5396719528786575e-17
2.4891718826099695e-20
4.537713867836791e-14
4.463544629262028e-14
6.048340634464699e-19
1.2884807685177168e-19
3.3258776172724158e-16
6.900285918584382e-18
1.3479170223187854e-12
1.6385787925576373e-17
2.0901375057419062e-17
5.507639256455074e-19
1.594309323401988e-19
1.8153566498928194e-22
9.15643057753444e-15
1.0819035988175504e-16
2.6634177755935632e-20
2.746328891493721e-21
1.316405792954984e-18
8.361199215507449e-18
2.547100637806154e-18
3.7385675903807607e-17
9.048139802766839e-18
8.034864369382895e-11
6.163991851748485e-9
2.2378013003759648e-14
8.860291063329501e-16
3.008577942224346e-17
4.0955117423846e-15
3.6535096691830065e-22
3.7864311377975195e-14
2.2164810016498886e-17
5.84358331704955e-16
3.275291709534799e-20
8.406334558142358e-19
6.196537530784383e-16
6.759766483265296e-12
5.3908564435735084e-14
5.599927615185372e-14
4.622928552606957e-18
2.0335766120484488e-21
1.0152437664874991e-20
2.394690155305674e-17
8.938559544412102e-18
3.541549561838925e-20
9.778238762009432e-16
9.904596056295853e-11
1.7878659136228543e-12
1.5398871003255584e-15
2.259913310243303e-19
5.659457129031801e-20
2.9058379905635056e-10
5.061969249538437e-19
1.5358542825043666e-16
1.2872297523198075e-14
1.1538838587090246e-20
6.118832442177341e-11
1.3435377880718643e-13
8.772878218622553e-8
2.88286792598984e-17
5.6426407824891805e-12
1.6229745064698217e-9
2.2918979253888776e-18
2.083402568363789e-22
5.006532687507477e-19
4.487709048797932e-17
5.534424555204918e-23
1.2047901947512585e-19
2.494006124066515e-17
4.705647538157703e-19
3.2565904876478145e-22
6.986760951915579e-16
7.094617332797459e-18
1.5494777191969214e-17
2.1605762314033006e-17
1.4286486659679168e-22
2.3604053821914374e-14
9.598867495411122e-19
1.6181132195215973e-17
1.0766059710290137e-15
9.648350688619298e-18
1.7721416522099966e-14
3.542588421996275e-20
4.777868104686332e-21
2.0290742423582948e-16
5.023739195215238e-16
3.40182831380221e-14
1.0217667543865559e-18
5.872396482132468e-10
5.968512647154924e-13
1.7748459204496835e-18
7.321902631439131e-16
2.533106522540761e-16
4.133884247669123e-14
3.204368502881738e-19
3.2484112193918938e-12
2.8483544006780895e-18
2.522710321862695e-15
1.602230273336312e-16
7.704132326409524e-19
1.1442267374816263e-18
5.008330891304255e-17
2.113795738745051e-17
1.8402034850891628e-20
2.8799239350157095e-13
3.568282155712e-21
6.608136690120755e-20
1.8824408468157752e-17
5.206556049363849e-13
3.776817929433204e-18
6.972534233826917e-18
1.3784987807082855e-13
8.994878521055264e-20
2.290046553200781e-18
1.10513986289067e-17
2.3550905021660243e-19
1.2980918073888167e-17
2.5706679958307017e-15
4.513921703864701e-14
1.2007647541736735e-15
2.1009122090165005e-16
6.721200174426658e-16
3.647284070738421e-18
3.726547197700144e-18
7.501312761091869e-16
2.637145879583162e-20
3.0152645984423996e-18
4.378202075514459e-15
2.5091417478814997e-19
1.3396749107748987e-18
7.039397725451088e-16
7.580045936180664e-21
5.136991022768762e-11
1.5191286772796003e-16
1.3285850116420285e-18
2.1254385145185227e-16
1.6101645196869817e-11
1.9751789270720535e-13
1.0571171760002577e-17
1.0930952547925545e-14
1.5786966285672604e-18
1.6050969484779315e-20
3.914281791786153e-17
2.620694294211186e-21
8.916426362961087e-20
2.8682558439564665e-17
6.764264266796605e-16
1.9519402918715827e-20
1.2765014161917685e-15
3.915124191212711e-12
2.5291164524238333e-15
6.757246986483849e-16
2.945359069989797e-19
4.1619509896039944e-14
3.5533369559947204e-21
9.46846920172977e-16
5.9223811117561105e-15
1.4238605591977469e-18
5.644500889916429e-19
5.613870799986029e-19
7.449077196077227e-20
7.275967479476413e-10
2.861397247291703e-16
4.004516480511183e-14
4.4573899514913005e-20
1.1463048877456822e-18
2.0736849720260875e-20
1.3713186719798435e-14
1.582088192474897e-17
7.594951070853427e-18
6.328511203800183e-21
2.7820590450327056e-19
8.60901495017059e-17
3.614053918836555e-14
1.0498001104540868e-16
1.6634870165941952e-16
7.239107498777118e-20
2.66512157017731e-20
3.996559811958483e-16
1.215899575116936e-18
2.7085273603207106e-20
9.359414929773376e-20
2.0305345380179157e-19
1.78222349640782e-18
1.6051498595770776e-20
4.505500658996065e-20
4.692647525893329e-18
5.742514970294422e-21
3.3522975298410203e-19
6.188307479068613e-18
2.956559508720947e-14
7.96707082471897e-19
1.0706927630527207e-17
1.5627298285025489e-16
1.475991931905146e-20
5.283261556428026e-17
9.225391714137133e-20
4.445629081809223e-19
2.65612636699596e-22
4.2381120537968764e-19
2.9391553056507573e-16
2.6600990357714655e-15
4.82147615121271e-13
2.876391874357694e-19
5.145642803388755e-16
1.641373732740632e-13
2.5303855620580824e-17
1.2191371396473661e-13
2.004090586355704e-18
9.042604316399246e-20
2.9332667067708004e-16
4.994329351209541e-13
3.9603668186758226e-21
9.919199912266326e-20
1.1307686733331906e-10
3.217912601207407e-16
2.1729385149145698e-16
5.35727808016165e-17
5.720986338142965e-15
1.214796564758375e-15
2.459283792353217e-16
1.446355274357305e-18
1.1292879878318711e-18
5.013477380626116e-19
1.9986228706013147e-20
2.5161618196208347e-15
9.10990201289007e-20
4.701138760012765e-16
1.8358644934162139e-16
9.453862619374078e-9
1.6279342434096742e-15
4.855655583656543e-16
1.9785940850189863e-18
7.093934569474265e-18
3.202959393880783e-16
1.5567307651671099e-21
4.8005814180912183e-14
1.4063734426941018e-20
2.1929458956540755e-18
1.5397282024021174e-15
1.4491907678445327e-18
7.573969746423103e-19
1.5873513808595303e-14
2.1868116476855545e-12
1.0787147048578455e-13
5.2809025476597375e-21
4.2052115008610793e-16
2.3742184384829733e-18
4.442927535742135e-18
7.644706562335518e-21
6.2903196195287685e-15
9.69070692824923e-19
3.409413214268199e-17
4.672271256828347e-16
1.006689868454793e-12
1.4864519146401026e-16
4.082347466328395e-15
3.1836700883939555e-18
7.530220249415498e-19
4.2588734028298916e-17
3.3925314178462697e-20
1.1443156402567377e-21
6.21998346107131e-12
3.1787245868736896e-14
1.3691485660154909e-16
1.2745341320987354e-13
2.70159688086438e-19
1.1207332251152562e-9
1.95268365234731e-14
7.974678768864949e-20
1.1667454250370782e-15
4.498945154187777e-18
6.0924191885955e-18
6.975863753808269e-20
1.893169513304216e-14
1.1069863019781896e-14
2.545621329617326e-19
1.324327832918037e-15
8.363861974743944e-12
6.938930586968145e-11
4.3531864405674866e-21
8.572572477040095e-13
1.5262216176508395e-17
2.72298343394427e-17
6.050889453082559e-17
1.6195900628867778e-21
3.7408574799602327e-20
1.2391665818526307e-12
5.474253775542913e-21
1.1955490668063749e-8
3.7842311587776437e-16
1.9050038141905837e-18
5.031373258927498e-20
8.345489585199214e-20
5.4242139612284685e-15
4.729654129706878e-16
7.426901638284173e-17
2.232274634563881e-19
1.4310094562639256e-15
4.1826494617865676e-16
3.3092713735901387e-22
4.812094220786554e-19
3.4477118256912333e-18
2.071030539501528e-20
2.9656331583848905e-17
5.032973003610982e-18
5.852729076705711e-15
3.2451044276935067e-17
2.8604998422667755e-21
1.172271060406024e-10
4.835567651266699e-20
1.664795238801893e-19
2.545117805463384e-18
4.892821092284403e-19
9.231341525540108e-18
1.153377993043631e-15
5.336758151717454e-20
1.8779755078693667e-18
3.4410521769301877e-17
1.9725631163663818e-11
3.6371131158441623e-19
1.3718775651097098e-20
8.019321718694638e-21
8.622969981593304e-19
9.36413818852186e-19
1.595627135918337e-17
1.6672683803304747e-16
7.023208804516151e-17
2.746693418323519e-18
5.7582154798383655e-15
8.808127464327868e-18
3.5032803012505393e-19
8.860322888343023e-16
1.0045644813544681e-19
1.0286962709233157e-14
6.9153172783715e-18
9.484534445437234e-22
1.6935064448008196e-19
5.0011519134024916e-21
8.573277384855173e-21
1.2667634517545385e-17
1.9418130364366482e-16
3.68638180882204e-21
5.454040361190752e-12
3.527365558286687e-22
4.447373422492163e-21
1.36127580941916e-16
5.480385907740134e-18
2.4550718332868386e-8
2.0742506773211337e-13
7.122402251921342e-18
2.6740151746526425e-18
2.0193111428416016e-21
1.4592637162286452e-17
1.4832194666285001e-13
6.285009424543343e-15
8.780602333835272e-20
3.1727112412332213e-21
7.416291659768212e-14
2.6627718479589706e-16
9.501285997704862e-20
3.749217295811754e-21
4.45409520446461e-15
5.105919547694502e-19
1.0442333439055657e-22
5.71782418436757e-15
1.223306312405597e-17
9.769752206376841e-21
3.3405299221388696e-17
2.3922739353153748e-18
5.905674893784564e-18
8.402115760704367e-16
9.417195704912349e-16
1.1298415991324604e-17
2.106170777732781e-16
4.744034692354846e-21
5.3181622709535344e-20
1.5591064627086942e-16
7.14854903088356e-17
7.245322429771172e-21
2.840884329155968e-16
2.9359989200247324e-22
5.1910371637292696e-12
5.38420183477582e-23
1.4944663539806362e-18
3.7479020578203703e-17
3.6219932837120613e-22
3.3916247193691505e-20
7.971013336940127e-13
1.637052819314483e-16
2.465779211106765e-16
1.950617197128804e-15
1.0739852880624891e-14
1.5470152680505442e-19
1.5356807765445788e-18
1.7852727149513836e-21
5.456416691087002e-8
1.2861272072419807e-12
1.7636120937141693e-12
9.019265192028804e-18
1.9967542049112578e-17
1.3552359611019604e-18
2.7201384109473005e-12
1.161134154242965e-19
9.2164193214203e-17
2.51708731589718e-13
1.6909200192180388e-18
2.2910737161484133e-16
3.3736947908725096e-20
5.924658087693685e-19
5.581061735052535e-16
8.49237834271035e-11
5.587436380559948e-18
4.739360522035348e-18
1.4529838323836933e-16
2.475663975968588e-21
3.4027937055396277e-16
7.33265828442576e-11
8.493931959019671e-16
1.5216299741436832e-15
2.12050823740473e-15
1.3005850782718963e-19
1.7681011312799246e-16
3.1632689653382023e-17
3.291374154143246e-18
4.805721463538972e-20
1.1229656924372642e-16
1.5860754504084357e-21
6.1099763233364574e-18
6.794300552726602e-18
3.171500877448097e-14
4.0084444180265294e-16
8.427912186703285e-9
2.5495947230025596e-18
4.401994880285726e-18
2.5706214082291612e-21
1.9445259426489755e-21
1.1746413618955833e-12
9.95211215225859e-19
9.498888732811195e-17
2.1327905017146346e-16
1.817842436654691e-20
2.654278646790778e-11
2.8090340308606082e-18
3.5579852318600364e-19
5.087878523642052e-16
5.087523512425512e-16
7.190317641825855e-16
5.937919939187543e-20
1.5541489214754607e-18
3.7203861088873404e-22
3.074197745508987e-13
8.872675003545456e-16
6.677275220868503e-17
9.252675530789185e-17
4.9986788034160495e-19
3.4425428919833804e-22
2.0024367453029684e-20
1.3591695484514548e-20
3.7740595355540526e-16
6.142554561751586e-19
4.106550931272526e-21
9.375694927310842e-20
1.8334367664907865e-17
3.546649295594585e-17
2.3966723321209516e-18
6.375012280575247e-18
7.43704912655696e-21
8.102585327988605e-19
1.6977167394814257e-20
1.5446221391512915e-14
2.2409428458580155e-11
1.0245325560248792e-20
2.162022684826698e-15
1.3199135120291735e-18
1.479586168021765e-17
2.0269762169832035e-13
3.443589276319917e-21
1.2704633354032731e-15
1.8110139496643398e-18
8.953595620903048e-18
1.1950339856053277e-20
1.83754165682379e-20
1.2879090925235063e-14
6.657337402143132e-21
4.044771851747169e-22
4.25567753296754e-18
1.9181126635850283e-15
6.19701969452148e-13
3.0249444235408923e-18
4.20313643792537e-22
8.703881648854659e-16
3.4952421765434025e-17
1.8765820437542934e-18
1.5909943008984704e-20
1.8677578480865566e-14
3.765888877616285e-15
3.853211270645317e-16
2.0666530059358052e-14
8.605086199043852e-20
9.707743128988366e-17
2.196505598537981e-16
2.7565497842531334e-12
1.7698792015825966e-21
3.905421816933711e-19
8.166690033829203e-22
2.4147931506385307e-16
2.4671236965410085e-16
2.3317051333278175e-18
5.572855529767416e-18
8.131820829749457e-19
1.7501059130578363e-20
1.0039624803796321e-16
1.525546289228867e-15
1.2076504882820626e-16
8.831374874898399e-15
3.0760284880697357e-15
3.5416048545666164e-19
4.822122718319997e-19
4.699090274726708e-19
6.352424155145114e-14
6.216454318417916e-15
1.048118876542055e-20
5.425135376756633e-16
2.1602789320591343e-11
3.6221266758231256e-17
3.764122101038622e-20
4.712714940823735e-18
2.3346854920784215e-18
6.008953452015623e-15
1.1003052332058649e-21
7.47975715316681e-12
4.888495694815317e-19
9.311014585717969e-23
9.796067711210125e-19
4.40090332264645e-23
5.649784161893633e-18
9.057309237991552e-21
9.082799252808318e-21
1.5067831693651915e-17
9.473708785516928e-18
1.0372634301268198e-9
4.460197946895378e-18
2.787027110746225e-17
9.200786466735314e-17
2.7729057199824215e-14
1.3608464624615639e-19
1.268856193382504e-14
6.044818718983765e-18
2.5316031689238773e-20
9.284654865568055e-17
5.786895173057163e-19
2.8780511805209615e-20
2.5218418893556825e-15
4.5437639013111674e-13
3.574679755440174e-15
7.266817519929166e-21
1.0936242123760674e-15
2.1017565357231565e-19
1.789760861854848e-19
2.5909584106106086e-20
4.339287148721675e-20
4.792547688732544e-21
4.547992490666508e-17
7.507573573759196e-17
1.6312217183774875e-15
8.0498856100173e-20
1.466186559736958e-14
9.28647598289532e-17
2.0993891921808355e-20
8.563976155683643e-14
2.60660734604507e-17
8.872123608487326e-19
9.216944363636961e-17
4.605281880340123e-21
7.481929951950531e-16
2.68651920281539e-20
1.388085041056442e-14
1.602355060110379e-18
1.086478748639056e-18
3.8696867399781276e-17
3.782300703650273e-21
3.4031609437973134e-15
2.863019839562935e-20
4.66755392199589e-12
3.745770163235765e-21
4.06871069280758e-21
4.1956334339974334e-11
8.125433934654471e-12
1.3838751069472047e-15
2.5737379640175572e-17
1.25592565049332e-17
3.008361265392017e-22
2.5172099716272894e-20
1.1674905977475184e-13
1.5171629209562377e-19
1.6080772095235174e-13
1.927452839072717e-13
3.560194545179846e-19
3.489478883587977e-17
1.4681563074297832e-14
5.529424019301246e-13
1.6278528459923087e-18
4.547313021478498e-20
4.3165161870325593e-19
3.883016261030223e-18
6.800506232212707e-18
9.606505690285144e-15
1.3682687518012399e-15
1.1396790505415142e-16
2.380372744297722e-14
5.269563121959695e-13
1.2955256203923878e-22
2.5908264616082884e-17
1.633441550361712e-16
3.15926713093079e-14
1.9695432280100582e-20
1.3860344391212706e-17
2.902429760469993e-13
6.85088625624437e-17
1.4994233290528066e-18
1.837205597455212e-16
1.0848959843942637e-7
2.5742191473700205e-13
1.585751535271472e-18
4.900278475646405e-9
3.9052980347602505e-19
7.286535233957173e-19
2.2363190505237342e-20
6.644309753174881e-17
1.220741461327448e-21
1.2337512729633349e-21
8.481147123838829e-13
1.4947518139319884e-11
4.764151651653963e-16
2.412701158835134e-17
2.5475421008034004e-21
2.3948198435671745e-19
7.78814009795885e-19
1.622678434622929e-17
1.2888230390760433e-18
3.8528328244885555e-20
1.4047541562719485e-11
2.3120047069116605e-14
5.88646640479606e-22
2.1073470358497057e-15
5.430081247936906e-14
7.558240865870301e-15
4.900713520975654e-18
1.554764974819781e-20
1.1035566502489035e-15
1.3462715548991513e-20
1.0936191978088297e-20
3.4280984314454376e-18
1.5292564740735713e-20
1.6192037036735248e-12
4.994548906605168e-19
4.066797729236341e-14
5.4670056981112166e-15
7.740170164339564e-19
3.722364102513534e-21
1.1986181745882842e-17
1.2941284891551876e-17
1.170048626722308e-17
1.0038915701252594e-19
2.0743527590603304e-15
1.7399377681211453e-18
9.691618589533768e-19
5.882565138818673e-19
5.8635818784946364e-18
7.782426441344517e-17
3.65220257228819e-20
2.74691201252196e-21
7.54094409549065e-19
3.894371486517887e-20
1.776421473045258e-18
9.181768630179678e-19
3.727986262751656e-16
6.470726799489603e-21
2.0048039979602951e-22
1.383269337473514e-16
1.5933184709150022e-14
1.3489298318109708e-20
2.1475011243001116e-15
1.9537157482309392e-16
3.421504997783083e-21
2.978221933050682e-19
5.921642117043562e-9
5.423944712713807e-17
6.060195501385161e-18
3.081721342279031e-21
7.832556369953558e-19
2.0823796565274982e-20
1.6408554611257607e-20
5.608870789408793e-9
4.001998131085285e-16
5.420781299133746e-19
3.203209342339288e-19
3.980258286323218e-21
2.0766720175420123e-16
2.248218820204146e-20
1.0284421566247867e-19
4.685971089119941e-19
4.399236775200891e-14
4.9586550105589e-10
4.3486144715870835e-21
3.846247602595225e-16
9.085779025847602e-18
1.9071082754898294e-18
2.5874804023380436e-21
3.254499988283378e-20
1.0882324573193306e-20
7.972967605727822e-12
1.3631806324263648e-16
1.0092749046043042e-11
2.932993292497373e-17
1.2518945073124523e-11
2.944790657286509e-21
7.364620725303069e-16
5.834444148296592e-19
2.781909822579231e-17
6.712496604510794e-19
7.186634063063422e-15
1.3735772305693997e-20
4.728640524992841e-21
1.1909242454896755e-8
2.9358948974582185e-18
1.7068936039805192e-17
2.533071074968974e-20
9.426326671450913e-21
4.260656471588119e-12
3.2277121550734395e-15
1.63065133789305e-12
2.4220482282511515e-21
3.969268584900579e-11
1.0489709761193535e-18
2.186435609630321e-17
2.066738852747301e-15
5.3403640887543403e-20
2.7735211079633643e-17
1.7349957636189014e-18
4.8528496340677156e-21
5.184745902776075e-18
1.537512517712942e-16
2.3907856943315343e-14
5.563687992873724e-17
3.5251884506462854e-18
4.443318439845179e-19
2.4252584847900674e-17
1.0009284263789608e-14
3.3841152174525755e-14
1.0211291820572906e-17
4.35303219730495e-18
7.466462937422405e-11
3.6683178399190446e-9
4.034876244186415e-14
1.9676256537892208e-11
1.279067341167175e-12
2.743506355424078e-17
2.9860929462804565e-18
6.383707161060554e-16
2.6175947578604e-18
1.4182888599828672e-16
1.9015707121458762e-10
6.299089145990172e-16
2.395965948610777e-16
4.6150454691169605e-18
2.39431842399389e-17
4.2167638370929465e-20
9.557656541461905e-17
4.351770369914179e-14
1.588568429255679e-16
2.124858529606031e-16
1.86447991351011e-15
8.387119775004536e-19
2.417029576667192e-16
2.0516768184363495e-17
2.4515150806999856e-22
1.3373766067248253e-20
2.0050236876878366e-15
8.854538002081957e-15
1.5384205567306439e-21
2.396683744193992e-18
3.462425189244029e-21
1.8460235621470385e-16
2.6737523968576438e-20
2.5868911821580065e-14
3.746955242422134e-18
1.1536247805348068e-15
5.262155892499387e-22
1.2886453035799173e-15
5.989280184331471e-18
1.1850457212292301e-14
5.775530638105501e-19
1.2158653376345745e-14
4.060348337971463e-19
2.7318468651006054e-20
6.807595095175246e-9
5.225306774184681e-19
6.9279968775004204e-15
3.885787000847959e-21
1.6092236722566966e-19
1.1558276492479343e-19
1.3229584337651503e-15
5.990570040248384e-12
5.976620115080066e-14
5.4964192588936484e-18
4.929819611005566e-21
1.747588625394583e-19
5.379133000705779e-13
3.368763476218824e-17
3.647793106106735e-19
6.857002502591958e-20
5.712821062030287e-21
3.296987268471498e-14
5.065461134190719e-22
3.8635256829787836e-16
2.6235798677877095e-20
8.936380689533388e-16
1.5609768824152366e-20
1.930223267927893e-21
1.3761541444200013e-20
5.302271259815884e-17
2.2876098328957196e-15
1.9494637536698062e-15
2.093619312771065e-16
1.2867741976597268e-13
2.9198872594399747e-18
2.09877225101508e-15
8.352046637906241e-16
1.8108636607706415e-16
1.0128765232843694e-19
7.391734171291623e-15
5.893335971553486e-20
1.9920071406026625e-16
5.0888920879248306e-11
2.0205411599518146e-16
8.623378217648255e-20
2.809674166767018e-20
1.4849540640098158e-18
7.276486479431353e-16
1.6421181678946133e-16
6.757503696184795e-14
2.278394644671788e-15
1.6583905930518114e-15
1.1607834019071678e-17
1.6723689930572937e-14
1.3772771704622091e-14
8.712176438743131e-20
2.346116180520425e-16
1.2888972882778094e-17
2.656316020302151e-21
1.0758420580899103e-9
2.6094227477665162e-17
9.122543991342255e-17
6.554922340428756e-18
3.855318973628933e-18
5.38405305097562e-17
4.456722739490364e-16
2.803624053518073e-19
4.663693331627553e-16
5.242774011523372e-9
3.3756476458122746e-22
6.939246668219313e-22
5.159045608959869e-20
6.109556211756612e-15
2.407737552319907e-11
3.800036061696792e-15
5.012564285436026e-17
9.022911984326249e-20
5.516283666602202e-19
3.905813415771316e-22
1.529207938550223e-19
3.3886470839739654e-20
5.668677658758802e-21
6.165107914916564e-15
7.247367179831451e-22
1.0653190245691958e-18
1.7715833768985985e-15
1.9472060088122858e-15
9.230371660012092e-13
6.408840288739884e-17
1.3514869074288981e-14
1.8586773253447405e-16
4.7970934083266684e-14
1.7397218953135494e-16
4.031869970502766e-20
6.313398230042183e-18
1.0887314327063396e-7
3.511796624871592e-21
9.940452567315923e-19
4.253647219825333e-14
8.449951812758864e-21
3.031788278295517e-16
3.082286100954641e-17
1.3539636991978213e-21
6.536341963899228e-21
7.629966151713009e-19
3.673017028117447e-17
8.28098922543135e-22
4.120296880514523e-12
1.1009416087105164e-11
2.3510438982857266e-21
2.4600665507376504e-15
2.7973842971088505e-13
1.8001048557821984e-13
8.641867375215751e-17
4.2851621141084305e-21
6.291766182929576e-20
9.346411192713849e-24
5.63771913022185e-23
4.629312975646245e-15
2.320945685994495e-18
3.709876174241924e-15
5.826407420723881e-21
9.850123380232087e-13
8.494035033327797e-18
2.1379864187236732e-19
1.6332779167745746e-17
5.232919559127655e-19
5.209708184707511e-21
2.206064738344765e-16
7.547516666039757e-19
2.6522079547855267e-20
3.533564133292954e-21
7.15076547075192e-20
5.222982937738154e-22
6.133399973479061e-13
1.0125158297225995e-16
8.90050690439822e-22
3.582029764480716e-18
2.0021317187493363e-19
1.085464672338846e-19
4.7527863549900215e-21
1.1534682574368259e-17
6.353666353048265e-20
3.063756699013824e-17
8.516646922787918e-20
1.0278757565810938e-20
4.677318659257175e-21
1.9706413852338086e-11
2.0647673886138573e-10
6.469951212660196e-17
1.3860062169551142e-21
3.1645509590568835e-17
9.1059919929907e-22
3.1619027254415235e-22
8.443642893991818e-19
1.0495552017737453e-10
3.9531802568619534e-16
4.0871700016322223e-14
6.052341199841748e-19
5.418627544501957e-16
1.570558638357352e-11
9.9114004960838e-21
1.0181139892748396e-15
5.624477249425663e-19
5.844847585220391e-18
3.332960164811495e-17
4.906089683014054e-21
3.1108104391153624e-15
4.0802397739727543e-20
9.410180654628667e-15
1.855853412424915e-18
3.2472515742881504e-21
2.629330350528327e-16
2.1995868590206034e-17
4.914297448446841e-16
2.437879072677881e-22
1.1795497131866328e-17
9.117648424823055e-17
7.343151176449473e-17
1.860313115201627e-15
4.828091735873554e-17
1.1386410582049454e-18
3.8908061373262477e-13
6.765946219770301e-16
1.1920618677928279e-20
4.473304988661344e-19
1.4627189805362452e-12
1.3520730174432815e-12
4.81258852963436e-14
8.26044038278363e-16
2.906055800078579e-16
1.2617278329849718e-17
3.0509438939633053e-22
1.0057560618115786e-19
9.313664793792255e-15
8.770205367903058e-18
2.2111476292985124e-19
1.0136751838016316e-21
1.1227673687903531e-16
7.12804569634019e-21
2.029194878722875e-17
5.237577267601591e-15
5.6713815268482136e-21
8.492050647408055e-21
3.3384839245522936e-13
2.798804374716912e-20
2.6067435557846824e-19
4.337497355356734e-18
2.854989608875855e-21
1.7380396746528012e-12
7.636250554822637e-14
1.104277353653271e-16
3.848315397348357e-15
1.66453707188705e-20
2.456088669111712e-18
1.523262446457603e-20
1.1242531415534926e-9
6.97355794357557e-21
1.2235681277695151e-20
4.779728435671368e-18
1.011617426045783e-15
1.74864256399256e-16
5.886927318497086e-17
1.2153174724927958e-15
1.2685867199371463e-14
8.164085195527997e-16
4.179603339803103e-18
1.2120017186595871e-15
4.45244381236541e-20
7.626183662280999e-19
2.865831461261424e-16
2.0926175907769417e-13
5.413208219156152e-22
3.970676620811239e-20
3.68904317363207e-19
8.229703338815233e-15
7.745773137011656e-23
1.0174552805351094e-22
4.8916055686938584e-21
1.5112833416565926e-19
1.546236433980051e-13
2.6695144752251552e-17
8.176899367487551e-14
1.848757092723184e-17
7.989972414975311e-17
1.564168407963192e-14
2.490668000443658e-22
1.0425872781713574e-20
4.337602568951106e-17
7.689529393039406e-21
3.579069072617671e-19
4.317880110279413e-21
2.5261337786204553e-17
4.752541863879124e-22
4.316160581737687e-17
1.47080064234527e-20
9.43348948204238e-21
2.91847760323709e-19
5.864716424253407e-14
6.710677205887633e-19
8.522752795350465e-21
1.5510976735674615e-19
2.724228048730586e-17
1.917671354398151e-18
8.966045190447828e-19
5.571618353792509e-20
1.9235934815205645e-17
2.1715843536491974e-18
1.580418957895277e-18
5.388040519324907e-21
9.515361210012562e-20
9.132068966028665e-14
1.6971797558695688e-18
2.8796211044410352e-18
3.8984352798844125e-15
2.124469031223153e-18
1.490873487484714e-19
4.969543884048962e-22
3.3731040938272095e-14
7.6171764048820345e-19
1.5422020634763984e-17
2.989264796633285e-11
5.867573377366422e-20
2.710827979157001e-19
1.8926160751810427e-17
1.6998477328891854e-19
2.9048239659721266e-12
1.2471158950903406e-19
9.636663927904505e-18
8.14562832216261e-17
2.709600137824897e-17
6.849289837017529e-9
1.967835691539857e-16
2.7520590562506063e-16
5.421703084120698e-18
2.2485924477664868e-15
1.203604273637829e-20
1.1990761020357368e-17
2.4679884678060864e-20
1.1189926508082758e-11
6.887501473668255e-18
8.938678375243658e-19
1.532402969761615e-19
1.0763304302521045e-21
2.1250267048511785e-20
6.3007432400843836e-12
7.774097235727991e-13
3.252674822136908e-11
2.2270926330665934e-16
5.952421737857841e-16
6.996689880290523e-15
2.939745900404386e-21
1.0217613183809917e-19
1.5141077349233816e-18
7.904999211715051e-20
1.3807915248500255e-23
9.008192846214584e-15
2.5289564481666018e-18
5.231504493970033e-21
2.6260830922897683e-21
2.932933811278159e-20
8.029537399766661e-20
4.821051865164073e-18
2.9590139290473403e-19
1.998006352324445e-17
2.265923149703825e-22
1.2779312853254332e-19
3.0749301463106185e-17
9.641265741114902e-17
6.101778062834643e-13
6.593786358549325e-21
1.7975281749515566e-20
3.4850863676776093e-16
6.5648330824530214e-18
2.083169139846831e-22
1.9596130207708174e-17
9.003950024748025e-16
3.2451582345485076e-16
2.7912056840798663e-16
2.8961346188012587e-16
8.911350653733278e-19
1.4712992282342965e-18
2.864613515974035e-15
9.137010456593383e-18
3.463022537689153e-19
1.0990666174915344e-16
1.963933589240668e-16
8.944050331106012e-21
1.0642102707681684e-14
2.442957955665092e-19
1.1135326552392798e-17
3.139530037171587e-16
7.370498924536374e-22
1.5598586076582291e-12
1.5429806003452712e-18
3.039021624273871e-21
2.875484759731258e-21
9.416347504340032e-20
1.158724626959116e-19
3.0169755073483774e-15
7.80142794985824e-16
2.8629502498663624e-14
1.925189135886475e-19
6.332917620067397e-19
1.3190862308092958e-16
1.2939647218072167e-17
7.323008056481698e-21
1.0084959230819437e-13
4.788229172645602e-16
4.272354244373721e-15
2.3108341135068233e-15
3.4826398052668044e-15
1.1207772326840356e-21
4.222461435041256e-20
2.3131152630511517e-14
4.451911293931231e-15
2.656010061474106e-17
2.6129018642135143e-13
2.533103505325497e-17
9.575718550425776e-15
5.565030156314187e-13
5.268137646913828e-16
8.323097220874443e-20
1.1915477978363438e-19
5.878568107060217e-17
2.52207822908953e-19
1.0639835529165063e-12
1.7474014286289071e-22
3.1789288479440783e-12
6.233697999557058e-14
1.7347746700709905e-18
2.259253209980369e-9
1.1056866413706761e-14
8.22827471706665e-18
2.4723207075738704e-20
1.1683902342400499e-15
1.855434588581258e-20
4.4889223457969845e-20
1.2363014172173372e-21
1.3545880967617987e-20
2.1311104848351317e-21
1.0765813542703465e-16
2.0641825384177476e-13
6.916522543050351e-21
2.1842874338809657e-17
5.712664812221212e-17
1.2386559190745426e-16
2.276801675689735e-17
2.685616407096463e-15
1.0525730571362594e-17
1.9897732687111455e-19
4.900150098656926e-19
3.427635265854741e-20
7.496083527712229e-19
3.6614738976592717e-17
2.7808067311269347e-13
4.273581827049449e-18
5.148012737772051e-18
6.064351158356527e-18
1.5621664635007733e-20
3.297340170259651e-19
4.4867406290897456e-8
2.0723149050932762e-19
4.905360707209507e-16
1.9758616687523116e-17
2.024227398013102e-21
5.11068457028502e-15
7.958069305990552e-23
2.18757566384094e-12
2.8727996545008135e-17
1.988353007082121e-15
4.3558158667954155e-23
2.125527771662062e-16
1.6668565329364023e-18
3.0404905188713604e-16
1.4674486566403426e-19
4.302042199221277e-9
2.7832629000220144e-12
4.665818055698569e-19
5.481746752600127e-21
1.276680558700063e-21
6.3370473144868345e-15
1.6155821683565423e-21
1.1736574408819354e-17
1.1728931819241536e-18
1.7042832577808852e-17
1.0372628833411674e-17
1.377580340170854e-19
3.956097597998916e-17
7.149758163700505e-20
1.6995215908756687e-12
1.420747149727231e-14
3.539720592722821e-18
1.8190349907714213e-18
4.786047507224356e-18
3.815827527685965e-17
7.814096698457683e-15
3.874956034494671e-18
1.8651043126180182e-15
3.663469529601186e-20
1.1785658691512675e-16
9.558295176473492e-16
1.2356808859048918e-19
1.3229802147869632e-13
1.0600169607439212e-21
1.8358108563426866e-12
1.3449062643005535e-12
1.6508421756383235e-17
2.0316546004919944e-16
1.596121304460396e-17
1.852198553828222e-14
1.6604394335856292e-18
1.4693567474425e-19
4.165757610623905e-18
2.385472390206704e-19
3.513372883479998e-14
1.272726353007539e-19
4.845115027833689e-17
7.577047544943405e-18
1.53001615619905e-16
3.667181400749315e-17
1.3807560455360359e-17
3.365202978486002e-21
3.0730484792016117e-21
1.3715036461254192e-19
6.949229275642442e-10
1.5729612512080623e-19
9.63711788319779e-18
3.668416730757556e-18
1.3184680608821693e-14
1.9186870585403353e-18
1.0421455869359127e-14
1.2702400741109695e-19
2.0788663086102046e-19
1.2689946611328103e-17
1.3016775789798186e-13
1.251258563824947e-20
4.508279395580058e-15
4.428598081129373e-18
2.1259186158462144e-18
8.759866193704482e-19
1.428670163857779e-14
1.6041866924869746e-19
1.190429489909281e-11
8.40475785795592e-15
9.230653415021851e-18
9.828903837594312e-17
4.42142907582276e-18
1.0819182181427092e-20
6.944738557334368e-21
6.414414203478392e-22
1.564756985848516e-17
3.0082473907296494e-16
3.742711849241409e-18
6.286694238020957e-18
6.3834969553874805e-12
2.251163600462137e-23
1.0210597854871752e-18
1.007939518198947e-19
9.281202040145605e-22
1.3008952016546339e-20
8.828380425085594e-16
4.2793539957569074e-13
2.3887818202806664e-17
9.887368472694236e-21
2.712867258583068e-19
1.9623133914363954e-9
2.2810595439074902e-21
6.864371952278217e-20
5.323642460181221e-17
2.0511344156600596e-16
3.2412721303274426e-16
7.813114690555974e-20
6.143838602852189e-16
5.565954008292274e-20
2.3628272533379773e-23
3.098835312008509e-16
1.5925042730384989e-15
6.970465559550537e-18
4.567249967176764e-23
1.6683503385699408e-15
3.291919524808012e-18
2.208131872034246e-20
3.586354015589634e-21
5.373462526051395e-20
8.351951681596527e-12
2.010058591991739e-19
7.656648004015445e-18
7.050928371549198e-16
2.0514782179012287e-20
4.735171628778966e-17
4.789806609548917e-20
7.509302903579706e-13
2.1265568335305835e-21
2.027661699571706e-21
7.812394994907145e-21
1.3411604922242576e-18
3.707892733562263e-18
4.0823549029268e-17
1.3159550644162338e-15
7.673697376312839e-18
1.3982991237450393e-19
8.422548361592299e-21
5.984012017510946e-16
2.913805747021817e-12
3.6614705492790166e-13
4.392371144725298e-18
2.868188520946854e-19
3.140360881288223e-18
1.0994057209658758e-22
3.287332524732495e-15
1.17825639864553e-16
6.3286136459006964e-18
1.561956996673462e-21
1.0714695552109462e-18
2.876825799051406e-20
1.4499336954186802e-21
9.277176267790117e-19
6.05167849900762e-18
1.840154047005751e-15
1.813531775714091e-15
9.458006834670419e-17
9.93643707559983e-12
1.2870566957947973e-14
9.459727280905133e-19
9.78871231910699e-17
7.218909953703813e-16
2.3705525992537237e-21
1.5693210753710828e-13
5.023730586764921e-19
1.8613726315345974e-17
2.714231058042248e-18
3.144297672418409e-15
9.26883707090771e-18
8.8989961431158e-22
7.754107197199159e-19
2.6002799333074865e-22
1.5790987746211408e-13
1.209248623813858e-17
1.7305669804342062e-11
2.619617408880984e-19
4.433034624070517e-18
4.8915918841532665e-12
9.845641342133928e-20
5.535486220250722e-15
2.047098177096894e-13
1.9851600563919032e-20
3.405056467289266e-13
3.273727031511318e-15
2.8808120907519422e-15
2.939612199229104e-14
3.27962391645083e-17
1.437866718148271e-9
4.278638629414873e-13
3.7233077050473454e-20
3.1369264807928974e-16
2.0739361839324844e-17
3.7252727035029006e-19
4.824453122663901e-17
4.995050683929935e-18
5.561409819829398e-19
1.2739895645945643e-18
3.901499604866689e-11
3.0528247841593315e-18
3.426494969663688e-19
4.140113674079023e-20
1.4838278956748842e-20
7.864040897961698e-16
2.1297319312414346e-14
6.265649206914132e-18
1.312105746326445e-16
5.768218539311e-22
5.272408266338124e-21
2.283935350186744e-19
1.2793691445572391e-21
3.129249027248933e-19
2.2625403154923303e-14
5.690246797757477e-15
1.3358466258031577e-14
3.224004466519152e-19
2.5657229051675743e-21
5.04196771726559e-17
8.824068775071604e-18
5.592454146500662e-22
6.937967092505861e-22
9.686714876446625e-19
1.6372700356112395e-21
1.104213194283481e-19
2.4845865293416974e-21
2.544238416880102e-22
2.2722674203780846e-16
2.0306950502697306e-16
1.0545064537352754e-19
6.835854103787796e-16
4.144803670123654e-13
1.3399723056189913e-16
1.0411893119231266e-18
1.126501011225953e-16
1.1495354676391119e-17
2.9226813605876234e-20
4.423953223928138e-16
2.3942502083086725e-14
6.958752916606359e-20
2.915812909089294e-18
3.754820617544853e-17
4.003050200670684e-18
1.3137488434025536e-9
1.8788361647755881e-19
2.1793814320040566e-20
6.47446657527317e-19
8.605597309506413e-12
4.929175107297433e-19
2.635510507237592e-12
1.5996490796428815e-15
5.772069056269252e-22
1.7533268609737849e-15
5.852060024744258e-21
8.862087602889847e-20
1.1247158314350573e-19
7.997311245477147e-20
1.054928331036587e-19
1.7773425056050894e-14
3.946323586271368e-19
4.908455926133519e-18
5.583347061393789e-15
1.2329293417488627e-17
9.346989066435918e-19
5.146783554924806e-11
1.3340411922149754e-18
7.036804616885976e-16
5.9654081393356935e-15
1.0319737162268492e-16
2.1202113302161337e-17
4.263246947459645e-21
1.7480870879242833e-16
1.129237902944267e-13
1.389579050662017e-20
8.933700980377993e-22
7.616579253002865e-20
1.1166694910364747e-19
7.990844350978894e-23
8.157252974970235e-24
1.084527746140163e-18
1.530207425613076e-17
2.130233643874614e-21
1.4477606115585134e-14
3.67244941444603e-18
2.0843523104175823e-13
1.867632029082385e-12
1.8340071032200507e-17
2.1664049420026836e-23
4.16745043894328e-22
1.1182099141882585e-18
4.444927882446731e-13
1.3135783472086308e-12
6.786758501594853e-17
3.004628891777711e-13
8.31869714486176e-17
5.40932669494277e-15
1.3133229585890041e-20
2.4249843796231757e-17
2.466003346223418e-22
2.8208361780910716e-17
3.836005012059065e-16
8.283646346831484e-18
2.266976546566248e-21
6.568537247612634e-17
2.5214204540687115e-16
3.020202760975397e-14
7.444899479981793e-19
8.627673597616275e-10
9.379635994720743e-16
8.184785322948022e-19
2.0327823751408797e-14
7.601982482904113e-18
5.782211370355426e-14
4.488256954087379e-15
5.159836964871804e-19
3.915036694272425e-17
2.903317165081488e-17
1.5435437558961135e-18
1.8866612383252417e-14
1.6090271164437347e-16
2.183878722790425e-20
2.5406456497349525e-19
1.0061986204317462e-18
5.457884367599455e-20
7.19441795295809e-18
4.011620589590636e-14
9.2157467066781e-20
4.2977175866816683e-17
1.1475473802027654e-21
1.3981718114331272e-18
4.764197299785993e-16
6.053451675531069e-20
7.92873680752333e-17
1.3430062309753914e-21
3.372299528464369e-17
5.4198087594253846e-20
4.5758125584950895e-17
1.9231372416996978e-7
4.043008258671364e-18
8.061067104319543e-19
4.1783728647156947e-19
1.4827481711829997e-16
7.114467450046007e-16
3.828599151489104e-16
1.9029341380159452e-16
3.637847797263634e-19
4.583391903734982e-16
4.20207945475154e-19
9.36187429811408e-19
1.8671434316933013e-15
6.448404758378807e-10
9.17154120108329e-20
1.7390600991538018e-16
6.904016716428929e-18
5.638804911330349e-17
4.9303358673432767e-17
7.042155163592984e-21
5.270675851396185e-17
4.649865114435309e-15
8.711832560521327e-19
9.427234791621182e-17
4.5934350865194434e-17
9.057277307954796e-21
1.7343088472517035e-20
7.656362312254344e-16
4.22099243354614e-17
2.605181421521735e-19
7.695736550229392e-19
1.842986988917316e-18
1.994044828284865e-18
1.399356230932787e-17
1.0562869051756999e-22
4.2042856942890326e-14
9.196814961024823e-21
1.4790481673139745e-16
3.4195326820475514e-13
2.764683463891947e-15
8.018125780492098e-18
3.335576487889082e-17
1.516138837071726e-17
1.3692705172369897e-18
2.2961466096816936e-19
1.0623895609576101e-19
1.2451020966584041e-18
1.34614866149609e-17
2.3117815285321627e-12
3.4946787016144386e-16
1.8529420395497743e-15
5.643504265405855e-19
4.519488747475175e-19
9.490805763167793e-21
1.4054269628680078e-14
4.9826716739932733e-17
1.3218125499558683e-20
2.0985490601278855e-19
1.7496126395398583e-16
4.474100843378121e-20
3.848589763973104e-19
1.2286395120530073e-14
1.2548601952903608e-16
5.455292069024612e-21
4.493703307536303e-22
1.0909650112275e-18
9.825142782356137e-16
1.2729842107582784e-20
7.553742550066352e-18
1.185126985162999e-16
2.835844858127514e-15
3.9054549556252005e-17
7.131631583594681e-21
3.7100455358310434e-17
1.3823195164820905e-20
2.9079740850869825e-14
9.4765811551284e-18
2.874025410027462e-18
1.3739472097684732e-17
1.1742738465661464e-18
3.037332576882243e-18
8.690793220341841e-21
2.8649926161342975e-16
1.3149805385343343e-18
1.892736898882798e-15
2.6678335185446357e-19
8.360751065209802e-19
5.135213401776794e-18
5.1251990460030274e-21
1.0670727709623595e-18
7.422824290032944e-14
9.056645108281758e-21
4.798226816948357e-9
9.502487930121413e-15
6.78615314473517e-17
9.897106716062736e-17
2.883393909260966e-11
1.5539361266664536e-17
4.563107790024224e-19
6.441946410637318e-17
8.257873488654077e-17
4.6557285224849236e-15
8.265205932647509e-19
5.712483726811706e-21
8.771346913477495e-18
6.815350969587156e-17
8.240227326649081e-17
2.3838005206790677e-15
1.340620282356221e-15
6.65775040802322e-21
1.6125236256984384e-17
7.516188446155991e-16
1.327199055906087e-16
5.081614284620362e-16
5.56171882158796e-16
7.03704265072681e-21
1.3081301176344923e-16
3.8653669127586623e-16
2.519818298629256e-16
9.933613622269764e-18
3.8553550204316805e-20
8.870406489589807e-22
1.815833166621408e-19
7.592966206235613e-18
1.7192481259790644e-15
1.3896559204608759e-22
1.0415586988262358e-16
1.1842177673779386e-18
1.0613073133761881e-17
1.08839117954536e-18
1.2448580787633773e-20
2.1618782572712848e-19
1.858805453837296e-16
5.795110911826475e-22
6.508955517938301e-14
1.1663697443567026e-18
2.359361882697344e-17
7.196584462295074e-12
1.0342062251683654e-21
7.910090811111805e-18
3.03350695520598e-21
3.191842021947502e-15
1.6312191878253654e-19
4.291001225616548e-21
2.7279513205557567e-19
4.028869292176876e-15
8.90018374368239e-12
2.679951210734804e-19
9.362685971336423e-18
3.4324177252624403e-16
1.0817916039102094e-17
1.509804395842052e-18
1.8437147264632933e-14
2.214366504153166e-20
1.1948962455701969e-22
9.901784547551835e-15
4.637955661790196e-16
4.050100968240502e-14
2.7215172889407923e-11
2.1954958045601207e-13
8.588108611043641e-16
6.461919614188824e-22
2.914856277134137e-18
6.792046477177485e-19
8.105268112971746e-15
3.6698377814778155e-22
6.291393570106345e-16
1.4463840152254669e-12
1.440383137522651e-13
1.0720378685922682e-15
4.3816235580476815e-14
9.905034261460961e-13
2.1517426807123894e-21
3.097385406388115e-22
5.761037258404851e-20
5.040837244304099e-15
7.728709214985592e-11
1.2376356634626561e-20
1.2387534590166877e-18
1.5092887649290262e-16
1.2501853324026229e-21
1.2068217558489779e-9
1.2930148327416098e-20
9.539493563374384e-17
8.134144097739092e-19
2.2593778287707936e-13
3.667638711940394e-20
3.5930073831832826e-19
4.5218024408696754e-13
1.974090390476052e-15
5.329704962950268e-21
5.4034233535664076e-14
1.7857414762796265e-19
1.4433070301743014e-12
6.709184671307632e-13
9.725029419665755e-19
1.0866947409636175e-16
2.891794405705584e-14
2.848094111163695e-19
2.343535888605823e-17
1.3431002466240626e-20
9.535029910103637e-21
1.0521245314122519e-18
3.326869756668384e-14
2.9801140788863534e-17
2.6360843502160028e-15
5.785167169047583e-19
1.0256173931681509e-21
1.1890059000314812e-20
9.150144884628028e-17
2.1164363777920536e-20
9.16856793911673e-12
7.561746412462506e-15
7.458118326459285e-11
9.212224540384405e-13
1.061836828567041e-13
2.172589856466832e-20
1.8338596233559165e-17
1.0238148700291748e-11
9.721206011627554e-17
1.2194013587389404e-12
4.3179920771201086e-19
3.043393062449513e-13
8.579153360797394e-18
3.068191428090293e-20
7.801075675322538e-22
4.953983506098737e-16
1.6798753896368413e-20
2.6391316088605873e-16
6.7418869740841744e-15
1.088039819376836e-15
1.8617567882732086e-19
6.260857145901965e-14
1.8820390277406494e-15
9.974571036700972e-12
9.8466269067102e-20
2.188911369646115e-22
1.2175816159451832e-19
1.8431746851336794e-21
1.4707474224837167e-13
1.0653836960498523e-13
1.23181444336114e-19
4.4044550579774507e-16
4.46828039680406e-21
5.54144918959062e-16
4.097710565169251e-15
1.658878500320752e-11
2.454211999965738e-17
6.860159569514953e-24
2.3347630733596843e-16
1.6894446763455406e-15
1.4701056357871857e-18
1.1306029873049105e-14
5.406728046095192e-16
6.681255150495159e-19
5.963481343977986e-12
5.2200889828474e-20
1.1247047031323764e-12
8.182137265935087e-18
9.082324443019005e-17
1.2153061566001576e-19
6.762134722210139e-19
2.022490764920946e-17
1.0978756626749706e-22
2.6179380890737005e-19
2.031116240030058e-12
7.51338864400073e-13
2.109056834140366e-15
1.3805430606003956e-18
2.5935073635640052e-15
8.985302155629742e-20
4.3078907345236656e-18
6.67199512624276e-20
5.225574258350317e-19
7.90781136066271e-19
