9.615449703307415e-13
8.390190772981082e-13
1.304150928193429e-9
5.39781885471381e-8
2.5401507413148335e-9
3.1223598883407657e-12
4.594631885744978e-11
2.452779281340823e-8
1.1571233813885955e-11
1.1696118036990046e-12
1.1752046228155451e-8
2.8288030468025886e-12
1.3471974110267897e-9
5.482758029665707e-10
2.3814213685183474e-9
2.374044031201867e-10
5.61128545919531e-10
2.2679650398133827e-11
3.176111657337476e-8
1.3119161363109874e-9
3.581986167870804e-10
3.932175784823743e-12
2.2372395762089607e-10
1.9197928566176733e-9
2.2787613053616153e-9
2.261995867858479e-12
5.934233552203622e-9
3.241515698686303e-10
1.552877681951575e-11
2.294988792563311e-8
8.900609888207695e-12
9.326060845697376e-12
3.5213146713972983e-10
5.39180375003565e-9
6.840690092510109e-9
4.578481787097783e-9
6.948703764177406e-12
2.2058896713941527e-12
7.538367767372227e-8
7.112071306087453e-13
1.4164345285994613e-6
4.616071320671146e-13
2.0836696078915437e-12
4.71779601070107e-11
8.904108852255759e-12
2.5465008858778415e-11
1.0080420803264369e-12
2.9348421237435604e-11
2.811598067551558e-13
5.447585729476056e-13
5.1843138936038946e-11
3.364188851147851e-13
5.715061225518032e-12
1.3599990495984847e-8
8.01862136813039e-10
1.5005921909034418e-13
4.5034817280138e-11
2.2181926072937974e-11
8.819874969143459e-13
1.6433733794541473e-11
8.474430372994908e-10
1.7219312699342327e-13
9.637626273968118e-13
1.659312657840637e-10
6.843798862311641e-12
6.094752121018112e-12
2.70135878871786e-9
1.105084760090363e-14
7.014467394094006e-13
6.724748870450632e-9
3.36459584949277e-7
4.2678863330400323e-11
1.3193451343342935e-9
2.0551488386531764e-14
1.3670262012313667e-9
8.837154675442396e-8
3.152218118997683e-10
1.3758403295639634e-9
1.71357547433052e-11
3.120278184919014e-8
3.8056362946077054e-13
5.293085898318707e-10
7.349917387961435e-11
4.503110906968795e-13
4.3932918837337655e-13
8.673718445186213e-9
1.6632585131532386e-13
4.0113238809027363e-13
2.8960341352125353e-8
7.405718897012424e-10
3.8049786330076975e-11
1.888320230750722e-10
6.09113363049886e-10
9.899821696302774e-15
6.543969132312622e-9
1.7862737581907127e-13
4.206794327113905e-12
3.874067729860786e-13
1.0402835459787704e-9
1.3358439869564277e-13
1.4383995544427577e-11
1.2836707932240218e-7
1.3591934536991002e-8
5.658551433391268e-12
3.479258678303718e-11
6.096812313719545e-11
2.560833375615984e-9
2.7506935444661595e-10
2.5315754435059812e-11
9.26413423038292e-10
1.5362691099880583e-13
6.08839983792138e-12
3.350216640984578e-13
1.8119040093332835e-10
9.382762464582044e-9
2.877588731844914e-7
6.139658391652027e-6
3.473104242609869e-7
8.696219688611702e-12
1.5542937988609902e-10
3.7063358818996865e-13
6.950858090836116e-11
3.8485317266478773e-13
1.6180533476971848e-10
1.3211296269038222e-11
2.6214821648158e-10
1.844534409991682e-8
2.4076304341086732e-8
2.2939386553901824e-11
9.538431664544719e-12
4.077686736638107e-10
1.0059916058744812e-10
1.7578985362637132e-7
7.93560389332036e-14
1.2572076459001227e-10
3.38548762976974e-10
4.236891394311335e-10
6.364878814332554e-7
5.909435133180897e-14
6.465974442952767e-11
1.4594435163531899e-9
3.2784277812963156e-14
4.830425321769658e-12
3.656296734695595e-10
1.4194874428329417e-11
2.3124274803899813e-8
7.721136971745413e-14
2.105313248779028e-11
1.9553096186041755e-8
4.84984708135498e-13
6.881501477158985e-10
1.554971585119691e-8
4.631256516951374e-13
8.74672398952576e-12
1.1095562428197072e-12
5.486787697284709e-7
5.2037268845030073e-11
4.010565553668025e-13
1.3385120114795213e-11
1.999777686657976e-13
1.296949262516413e-9
6.640068722060855e-10
3.1072776499971335e-7
4.06468402268388e-8
1.2231201821390124e-12
1.462683644948271e-11
1.869737088863286e-12
9.026486784462438e-10
7.414024833722569e-10
3.58431425811176e-8
2.8751490414227467e-12
1.0167849669133466e-11
2.9301103155045548e-12
5.585437561275928e-13
1.215152185964446e-13
1.3515060631464553e-13
2.1268855237770615e-8
6.712332669205543e-13
1.0546305216011499e-11
2.059757911518981e-12
8.011132687300552e-12
4.995012083240947e-7
1.282028375167731e-12
6.890008945600166e-12
5.804579757488982e-11
1.460668409568647e-10
8.512255794072386e-12
5.110491013179278e-11
1.3552041779389264e-11
3.530315673338292e-13
8.331389797740013e-13
1.6486955095489356e-10
1.1260411900587701e-12
3.1762205188353634e-10
6.076861568450616e-9
3.274747225868135e-14
5.227029678411264e-13
3.4956709564687805e-14
7.597766747226875e-15
1.7607652585093376e-13
1.1516545272060447e-12
4.1842651148928507e-8
5.701075502855376e-14
1.8798074378320174e-11
1.6043226454529577e-13
5.2659030350659424e-12
9.668007094874646e-12
1.2815609939143628e-7
2.754199978237844e-13
1.8486576741076434e-8
6.089457772502474e-14
2.224867435595563e-8
8.300608059650781e-11
1.1359347055193576e-6
2.279893955530945e-13
1.5079368516101423e-13
3.8032396921080376e-11
3.7928487623639385e-13
5.0953714230431645e-12
7.756536097380787e-14
9.37916680882305e-13
8.68627404689592e-10
4.0507459580124155e-12
5.606523015157838e-15
1.6033421894426744e-8
3.643798222050522e-11
4.896442333799429e-12
1.0968528153970303e-11
1.56728305237604e-9
9.952437345129004e-13
1.7635723373342025e-8
1.5193570190517854e-12
1.7069384503866008e-5
9.182824904518045e-7
1.199264622572117e-11
1.8784038005121512e-8
5.0547814236231895e-11
9.552488081082596e-14
5.339949301846334e-10
1.1119585130653623e-11
5.006125624005373e-8
8.164157151312654e-13
6.698293831993373e-12
2.8063138250453305e-10
7.069198406639702e-11
1.451420362643209e-12
5.764668482994917e-10
7.537174953371196e-12
2.5958470365596176e-12
3.7799531547867634e-12
8.197173061184614e-14
4.973740154680371e-7
5.702832565458666e-8
8.061847919711198e-8
4.785527136045225e-10
1.2530961812043008e-10
2.322117927947383e-9
3.1647036861592757e-9
1.8801452952825654e-13
1.5217836911520744e-8
3.0238429270724406e-8
1.3132353979044174e-9
6.442594790695605e-12
1.1805242959660236e-10
4.971553926676443e-14
5.869818905560055e-8
3.3982813691338018e-9
8.385082557299696e-13
6.292847313864205e-12
8.418643447699295e-10
7.978892346409411e-14
6.346219569920839e-10
5.067948778817382e-13
6.3399556026223304e-15
4.774151740745192e-14
2.624584383792529e-12
2.0440036088914493e-14
6.560370604652765e-14
1.1770753662740345e-7
4.971716368797859e-10
3.321676802228433e-13
3.11441131917316e-10
9.00189896341541e-12
5.0085934900967624e-12
1.968181821511984e-9
3.768585384356601e-8
7.910725990284411e-8
1.65311614842744e-13
7.067508810306002e-13
2.6930205591754582e-6
4.069980197085364e-11
1.1326652517118502e-10
3.129849169168041e-11
2.5846895812540434e-11
2.254835421371098e-9
1.1531955012929937e-14
2.7768484568361334e-13
1.5068542074806857e-8
7.245862993171882e-12
2.0486929257995666e-10
1.4728895411772473e-11
7.478563006324361e-11
2.977263959443283e-6
2.316955670747618e-12
3.988036389190264e-11
2.0470446621652055e-12
1.6044284783536652e-12
4.977827372703384e-13
6.278256650449333e-13
4.532558434741895e-11
9.70733860459048e-11
2.144507959595139e-11
9.96360787721272e-12
1.1297661189571421e-13
4.010920527638578e-14
5.865425104456758e-12
4.7282039880796144e-11
2.6537478770754723e-15
3.9099513581066296e-12
9.686639004806403e-11
9.307383486216226e-10
1.1219312679194737e-12
1.7356935285744562e-10
1.1761220076079448e-10
1.0970642820045283e-12
3.986542338646455e-12
1.8346754342635167e-7
1.9772412148533444e-15
3.8534646344857286e-11
3.2228008270679846e-13
3.8486219231648133e-11
4.996476378219987e-15
4.486035847675097e-11
3.700768778120781e-12
3.0196123567765167e-10
1.6357870449590457e-11
3.061987207654369e-9
1.3085467886620994e-9
4.5355331752301795e-10
5.1400961649225076e-11
3.6617732678943156e-13
1.9283814257125895e-13
9.96394949146316e-10
4.492123844560454e-9
5.754404825884949e-12
2.786684016426454e-8
4.157284156002498e-10
1.6227395837901236e-13
4.433890614153699e-11
1.581004575280987e-11
6.518769159264894e-11
5.986759227003761e-11
5.382840363555447e-13
1.3600915513750022e-11
4.923520354723031e-8
7.863361074901146e-9
7.474318672222384e-14
4.854774729375829e-9
1.0599389400538377e-13
2.6736717124531364e-13
5.4556297296229066e-11
2.1338865755377556e-7
1.2276457369619101e-11
7.816280779997586e-14
1.5600580148530078e-10
3.9741271392199044e-13
4.253986000141063e-12
1.215675518758007e-12
3.649334261767001e-15
1.2268009168595058e-11
2.816767406326547e-7
5.7364193281260645e-12
6.688100506148043e-15
2.935283457463658e-12
1.203269445679354e-10
4.137642338236875e-13
5.161114009629061e-12
2.5493119100194753e-9
9.639955522702255e-12
6.136691241070676e-13
6.3000875078197404e-12
4.257700745738309e-11
1.5972674305215195e-12
1.7131756429538992e-10
1.4077846265664804e-11
1.5808820169394062e-12
3.38158854915981e-11
3.984561857995561e-8
5.011397511811905e-9
7.362823256942031e-10
5.793827194256719e-14
2.568393655167221e-7
6.77857386919506e-9
1.2555569952428197e-12
4.459874063640153e-14
1.7525709553316933e-10
7.577960041271575e-12
1.8968964771907952e-12
2.0768767256744226e-10
5.989612386170142e-14
4.384979854480783e-11
2.46720584507684e-14
1.1172225397788671e-8
3.420748044869285e-8
2.9099668670709823e-11
8.694139872822102e-13
4.659111869383072e-13
3.7895819315745197e-13
1.0277694304114659e-8
2.797857203297719e-11
7.916340176824843e-8
8.89288508187171e-11
7.016815807084508e-9
1.1036460267343225e-14
5.30467800072881e-9
2.308892025629577e-8
9.473670837646564e-14
1.8125061505449212e-10
1.0895104770112801e-12
1.2539506257886516e-11
1.4920262946904523e-9
2.943013592711605e-8
1.0995731131345776e-8
1.967653702335924e-11
1.0494206028508156e-9
1.8523733342838483e-11
4.987430407377522e-10
6.354237681798626e-13
3.632596898448314e-13
1.3557570098257695e-11
2.0090686841246346e-10
2.523826104790776e-14
5.6014573312614466e-14
9.021770449963246e-12
6.958597042945086e-11
1.6023967656603213e-11
8.441029989179306e-13
1.207453665111266e-9
9.07314790376002e-12
3.512760630141751e-11
8.959991033566647e-14
2.336339103258429e-10
3.973675411180727e-8
1.844163791156138e-8
7.231245001317972e-14
1.8611495668879538e-11
2.1923307470007243e-10
7.674359550692179e-11
1.2678095646399943e-6
9.65092843211645e-13
9.09783050266945e-11
4.708109748579172e-12
4.418464311067332e-11
4.5436266104487426e-10
7.86113082756543e-15
8.060296937121417e-14
1.131346623677545e-8
4.426670286973167e-10
4.659457520192461e-10
1.7421669064987543e-8
3.2229171489322093e-12
2.3956783390506408e-11
1.704893201540546e-10
6.504914230623306e-11
2.0161469940143043e-11
1.2610701263463812e-10
3.82484248124398e-12
2.6698339812748268e-9
1.6427670034518317e-12
7.699361763275688e-13
4.439742027474569e-9
7.031028072557205e-12
7.410746280752931e-10
2.8814577983220593e-12
1.0521856120930389e-7
1.7860611279645358e-11
6.888123717747222e-13
5.4006258233203574e-11
6.929026318367172e-10
3.128815269092887e-11
1.8787978867854563e-11
1.3570004184668879e-8
1.6913247663619797e-10
1.8851759576116343e-12
1.8966320611910477e-7
1.1479861586729974e-12
2.7763054850363396e-15
5.058008976187871e-11
1.0429318952982605e-12
1.9818460901749019e-13
7.152907580646122e-8
4.116215753471387e-7
2.293735477306166e-13
2.2827595183952624e-10
2.4311377077823687e-15
2.8480254097719282e-8
5.5716905187365494e-11
2.463409161220896e-13
4.690939144994768e-9
1.804507968468893e-11
6.547161492922594e-13
1.5500291846766312e-12
5.5481751625320006e-8
2.7077793140066525e-12
4.5072034087453e-9
1.6897992945592728e-11
2.3493969355591072e-7
3.5381922847566325e-12
4.95047174746473e-11
5.573367160697186e-8
2.0229517350070883e-7
9.088322375546433e-12
1.320562361315585e-13
3.8850939151338416e-9
5.142952409424402e-8
3.718015596271417e-8
7.451427960532788e-12
1.310372196055968e-10
2.516643579652788e-10
3.341785710828853e-11
4.2883738139548815e-12
3.4571187814072805e-5
6.544407898465746e-11
2.806190528441487e-7
1.0593381915797625e-9
5.209502489455004e-10
1.735136340985045e-8
7.825727669547692e-13
1.837971999034567e-11
7.003579707549907e-13
1.7231090686131384e-11
3.783670877991859e-12
1.0987249782405396e-13
5.666108742983011e-11
9.524801087464153e-11
7.83301948988145e-9
4.2186839046739695e-11
5.490583239156857e-7
1.9017242826485228e-10
2.394391449709627e-7
1.1744101189618118e-10
3.4158381342075413e-15
3.5565545431393654e-13
1.2811779499386082e-9
7.344919102899826e-13
2.1826707976113893e-13
1.2535996018069075e-8
4.1415023559567906e-13
9.78133804752116e-9
5.439463927413829e-13
9.153090797166522e-14
6.913403769024071e-10
8.870953931761456e-11
5.999060943652565e-13
2.9844185746240992e-12
3.777246797141486e-12
1.2030966614492938e-8
4.6292661857726855e-11
2.3122831619657054e-8
1.414039408649353e-10
4.2475135027825526e-14
6.256552094318149e-12
9.908071816753885e-11
2.4370577769211615e-10
2.1678254203962211e-10
1.078359349559493e-9
1.3131021070304385e-7
2.960524861862822e-10
1.8324363564756096e-6
3.3234549115376766e-10
1.19226446980899e-13
2.2118637284227754e-6
3.0324254729065714e-11
2.9675348563115912e-8
4.954519639705767e-15
1.8569203913368284e-8
2.185471637828295e-10
4.3486941260957725e-12
2.461753927520688e-11
6.672558130911958e-12
2.6478270843729036e-13
6.824169907558537e-13
8.737970863577985e-11
2.363304042746846e-10
2.767506241445242e-9
2.807109652187121e-10
7.545776609938067e-14
6.8159126757058546e-12
1.0592651188080996e-11
1.8007433738262852e-10
8.700795854328721e-14
2.4171507703521985e-7
5.388327840077615e-13
8.485342200932185e-7
1.500915287606602e-10
1.2479951376749643e-9
1.1314739666873505e-13
3.714550019100378e-10
2.99481047793892e-8
1.857859103038288e-14
1.2163564954368998e-8
9.068048468116582e-10
1.330053175185132e-7
5.279578427554043e-12
1.6681566560805156e-8
1.8504469755841356e-10
5.451824919639725e-13
5.63990406386845e-10
1.3890253604866279e-11
4.3358474255571956e-10
1.6826116148636247e-9
3.176898819438869e-13
1.519307759593329e-13
1.642823151363374e-8
4.4196687572283665e-13
2.0035969151072014e-8
9.884156240662117e-9
1.5641912001615147e-8
7.76614341659256e-10
4.432337841615231e-14
1.3590596988823318e-10
4.904366677031399e-12
1.5052518610881947e-12
7.926739226293933e-12
1.9660684111709112e-12
5.898599139272209e-13
1.5939193692509172e-14
2.992423619083405e-10
2.975946404442044e-10
5.3009472060438376e-14
4.811482768543922e-9
1.1567494048551751e-12
2.416743223947874e-12
1.2813520431988294e-8
1.528125013138873e-11
3.5981440876443805e-11
2.0222306099547384e-8
1.3879340324835437e-8
1.7367393485171014e-12
1.025598566551418e-12
1.016849069575255e-11
4.265630196465914e-12
1.1058482662125834e-10
7.798220576133051e-10
3.6100050079853905e-14
3.374472013798142e-11
1.4444035808022122e-10
2.453428696862677e-9
1.4946984393815552e-9
1.4326640018477336e-9
7.824897794292677e-12
9.769972943421904e-12
1.2537177589367204e-9
3.044104205567513e-12
1.892492669766341e-10
3.397528694852971e-11
2.353865859048203e-11
5.739933462007113e-13
5.961205627930128e-11
4.3051820630363e-12
2.891366404760972e-8
7.642807898689708e-12
3.4180321484218595e-12
1.0966952506301417e-11
5.768765759539006e-12
6.792367257052113e-9
6.970043340108782e-11
2.2584911027254287e-10
2.6926449959500293e-7
9.447342840249789e-12
3.628524893864192e-14
2.4633125223522896e-10
5.899384512949365e-11
1.2743184944974533e-12
1.0259361742542783e-7
1.213414988885143e-11
1.1432402613175667e-13
1.2282498572811332e-11
1.3868846688787736e-9
5.644179563936393e-8
7.519496663352345e-8
1.6634165493801434e-11
1.058997447547563e-13
