9.43266302407001e-11
4.464217821130899e-11
3.8649516351762176e-11
3.0387037485441634e-10
5.196256609180668e-10
1.8239745883329072e-10
7.975724366575927e-11
2.1606957520630216e-10
5.159619017404316e-10
1.00042164269402e-9
1.0230285270195621e-11
1.5281387895127357e-10
1.6660117530670217e-10
2.9432321195465316e-11
2.038659155653121e-10
1.9518701657853212e-10
1.9435289920563307e-11
1.161511112089769e-10
2.9397011134124663e-10
5.2245756042726995e-12
1.1680185284230947e-10
1.6506682211908453e-13
1.4412790086331537e-11
9.440231593511067e-12
1.353552105738415e-11
5.8100800239646264e-11
1.8938160755610927e-9
1.057531902322421e-12
2.0562838474177322e-9
1.5607073648689852e-8
4.0648020350071735e-12
1.2174214114056112e-10
2.816930375838549e-11
1.6740126820112498e-10
2.4965932403079783e-12
1.5304885667874946e-11
4.981650086113257e-13
1.5454901121612053e-11
4.1781626962457e-10
2.1960924256301422e-10
1.651337403188801e-12
2.9419001118692977e-10
9.065431472219361e-10
7.149844488510852e-12
1.524357616916934e-10
2.55768231841052e-11
1.4351545988108594e-9
1.0657071198837297e-10
2.9425239874893433e-10
2.5078099916805968e-11
3.458580294339154e-10
3.26846931730084e-12
2.359818222292582e-11
4.414548519125353e-12
6.8483760334949055e-12
3.358194946413511e-10
3.225778546797861e-10
7.312652327449513e-10
1.2255195352463965e-12
3.1679520249071884e-11
6.008877336271198e-11
1.1059058765617318e-9
8.137850504729546e-11
1.7442068450735307e-10
2.5762520876750743e-10
4.303131282314655e-10
9.394507824510619e-12
7.103897328926217e-12
2.274408393874724e-12
6.7784729562589715e-12
1.5326158274285373e-10
8.439079005808872e-14
1.1516904281888026e-10
1.3350761175938647e-11
1.4387450456459004e-10
1.208108584443506e-13
1.9312932228037687e-10
2.589817985546384e-10
9.037491968958225e-13
5.68998648354053e-13
1.5597407562341055e-10
1.1246589209660634e-10
2.2358519220027318e-11
4.3555029495201607e-14
2.1605209410827817e-10
5.2706881998339306e-14
1.373026577428401e-10
3.097897519933122e-11
1.2911245746763505e-11
9.591205225486908e-12
2.3539932075916365e-11
1.7364620811748395e-13
1.0936233964140359e-11
3.508163178784337e-11
5.14804588196596e-12
7.550813731266443e-11
1.3604322726121396e-9
6.374454690844073e-12
6.135466868627922e-13
6.312723208900586e-10
1.494623599213773e-7
7.350935317965116e-11
2.0581820409814177e-11
1.9866138212884253e-9
3.7733934810722414e-10
8.527909712648789e-11
4.540938926517171e-11
1.4423965870831807e-11
3.2143746850802677e-10
2.080213483291857e-10
9.467002648158417e-12
3.722961323386932e-11
2.3785900796387463e-10
1.2104335598020048e-12
6.2320355263439966e-9
2.9618622477483976e-10
5.395505840989959e-13
4.854796115232294e-12
4.1474354715661885e-12
1.8499409948720482e-11
9.18274398146281e-13
3.7677109737890494e-14
3.309103838341247e-11
2.5924135965896393e-12
3.5138435243513853e-10
2.569456384100772e-13
2.8338730124746694e-9
1.951020349550511e-10
1.6545543727544933e-11
4.7835222573479014e-12
9.939141051337488e-12
4.3842388067058675e-11
1.0184868262699689e-10
1.5882811604826956e-10
4.84821955577029e-13
2.710582855050726e-12
7.922940285290358e-11
1.9595799377908767e-10
1.505781675046482e-11
2.713069501032166e-11
3.890845793006108e-9
7.756081919312504e-10
3.2321216071795024e-10
2.2692832213717334e-12
3.969920648765901e-11
6.4900813550098e-10
1.4877979725644546e-10
1.174901282880808e-10
1.0159585882542527e-9
1.483800978867458e-13
6.718997494074165e-12
2.579751669970547e-10
2.815559543174765e-14
4.439804428131875e-11
1.972021295721583e-10
4.1938741570666615e-12
9.255842995542179e-11
8.880759884443157e-11
8.858822772480252e-11
1.9539815071420805e-13
1.0675959799806272e-12
8.475441836290382e-13
3.8633877936710365e-11
2.1647814068990963e-11
2.1976985709611732e-10
1.9419240356653568e-11
2.425010057709032e-12
2.5653191011389824e-10
1.614888024871666e-11
5.3367012694137076e-11
4.163324842739868e-10
5.5553375496786247e-11
9.47850964971653e-12
6.563895443554788e-12
1.8303092667859151e-10
2.175093951739822e-9
2.137696938857754e-11
3.94328986171944e-10
3.309218620627906e-11
1.2882908816998207e-11
9.126198649371203e-10
4.997530270675637e-12
1.5601993725418935e-12
3.2654952958957773e-12
7.743164626267017e-12
2.5414551266453567e-12
7.555746678111514e-11
1.0232174312941394e-11
4.115138653125114e-11
7.400890263024038e-10
2.1625008410826604e-12
3.3795799216475465e-10
1.777280455302751e-11
1.4747762620684052e-10
3.990135374923171e-11
1.300449109738193e-10
7.360176820950929e-12
2.001752938734412e-10
3.509568120697494e-12
9.83905439871705e-10
4.67133226234423e-11
4.885050943257798e-12
4.027966276793966e-13
3.1332119491003057e-10
8.874801723202046e-11
7.104089577748498e-10
2.843070058963428e-11
1.006060387832147e-11
1.7906950273461546e-13
5.398651802896805e-10
1.855944837974735e-13
3.3666223988156405e-11
1.7586775962383614e-10
1.9180988733609654e-10
9.114288083568123e-12
2.5467714649001025e-11
1.1731554723931208e-11
2.937898045095515e-10
3.2035048491786996e-11
1.3960299104514032e-11
1.195915112929364e-10
7.607614956169621e-10
6.93096868338495e-10
8.55968756679608e-10
9.590840918251087e-10
2.2339461849718844e-11
3.4927916679037956e-11
2.6435714045555254e-13
4.803780417235682e-12
1.0509527174899782e-10
2.6888477133981546e-10
5.9853837257855625e-12
1.5036171718508336e-10
2.1457822808945977e-9
1.8504924149560352e-10
7.117724094107046e-11
1.7265056227013332e-11
1.788606715262481e-10
7.413763127599942e-12
5.348403307678252e-11
6.276857136594644e-13
3.566437795482949e-11
3.791917741094271e-9
1.1796152703181944e-12
1.9374029556557905e-11
5.889112312947859e-11
1.058394320301497e-9
2.003607819846847e-12
3.6542801334021404e-11
8.958913649518246e-9
4.918234500771093e-11
9.285987346223008e-13
8.325498258339208e-11
1.3458785405912978e-10
2.120285400713282e-9
1.3798979285654726e-11
1.5524939198774267e-10
8.068646271291183e-10
6.528606900035133e-11
4.232208767780631e-10
5.957278645045014e-10
6.561206108467609e-12
2.429018393922546e-11
2.0763201706046416e-12
1.4366519672645543e-9
7.5324024022867e-12
4.693724770896113e-11
8.189917147354263e-10
9.412727204334711e-11
5.436689802336736e-10
1.6280815791158904e-13
2.1152447883925836e-9
1.1589841159183335e-10
1.9740027525971785e-10
1.451066340554516e-10
2.0940081714490582e-11
1.2563112529624128e-10
4.778232382394516e-11
1.5006280406321388e-10
6.455226837406396e-11
3.9062363073892316e-10
1.3224801079589062e-12
9.032754407717293e-13
2.349797857975231e-11
9.702627426777711e-12
1.7356728549216455e-12
3.9463521515070965e-11
6.901463045011099e-11
8.218107562123812e-11
9.170325325023371e-12
9.886219490507113e-11
4.4949952457737833e-10
9.117803523706546e-11
2.8950477099036013e-11
7.857400284126604e-11
5.062186343995535e-12
1.3741153919784712e-11
4.616245286148177e-13
5.003370409804519e-13
1.1092908219082985e-13
1.9547049199565373e-13
3.4569209905343744e-11
1.9044838672020813e-10
1.0173841161716106e-9
2.745310073966841e-12
3.10855775339504e-11
9.58641886292796e-13
5.3794486799599174e-11
7.607058192036068e-12
7.009672587334152e-12
6.446880029282254e-13
1.8404647065880894e-9
1.3444275705994137e-14
5.643753454863227e-11
4.0812930612124184e-11
1.8801716350761623e-12
1.525907265675813e-10
6.321697717393555e-12
6.136129674366681e-10
8.218664128890368e-11
2.766046995191216e-9
1.5142655459516268e-13
1.5157743260210835e-9
5.70087289049362e-12
3.7538046120365887e-10
2.3143877579483342e-11
1.313561029111905e-10
1.1966535538608106e-12
6.46214014471563e-13
4.8760704716572393e-11
7.134818832883424e-10
5.6694311252379e-11
1.480904495587532e-11
7.786862500857348e-12
8.993701921950411e-10
1.8433738126740207e-11
1.2232419321773584e-12
5.69644149600603e-12
9.713916168778254e-12
2.2090118275627587e-9
5.761060448607035e-10
5.138970801246177e-10
9.747758872217206e-12
1.2174668721103192e-10
4.2234637202682205e-10
5.014726399407166e-11
1.913597088553487e-12
2.5008447518714833e-10
1.5597785392111983e-10
9.593225510660626e-11
1.408002831482376e-12
5.41426374792504e-10
6.06642544004924e-10
6.713914318522502e-10
3.8123292638750014e-9
1.3225701164671396e-9
4.309113197246156e-9
2.1215797106599398e-11
2.5579399579532336e-9
9.787906479353389e-12
1.0532228980981322e-9
1.2918391084370134e-11
2.599660508083093e-10
1.0458436581105062e-9
2.871579397278028e-14
8.86767191056467e-11
3.0798948514921547e-11
2.4224208923949517e-11
2.1920833708541826e-11
1.817750126707838e-11
4.371082781006894e-12
5.8102944304219334e-11
2.4504308203130727e-9
2.3849841658716223e-12
3.9669720758502707e-14
2.503359945015988e-10
4.114162015231064e-10
1.6874168782702663e-12
4.753155506763349e-10
2.0225520266253178e-10
4.1806355914001634e-10
1.2640733899062937e-11
5.823115593878029e-10
1.4500494206937573e-9
4.567688616607203e-11
1.3228102443511714e-10
3.199335785233166e-8
4.07534118716879e-11
6.614549153045614e-11
1.1190190505180736e-9
1.808823591916757e-11
7.47475852411889e-11
4.802756898313219e-10
2.5379802273364773e-10
9.199304209496056e-11
8.844314683255846e-11
9.099807393885853e-11
3.499402276547873e-11
3.7674794015808243e-10
9.553281416838488e-11
7.682147929509009e-11
7.360768858809052e-11
5.500470552326164e-12
4.053780762825876e-10
3.303472603592456e-11
1.202943908001676e-12
1.9981383134988641e-10
8.78179884720243e-13
4.607534988242816e-11
2.0078891913890786e-10
6.897487842352102e-10
1.3169877152212254e-10
9.09747950456342e-10
1.068456768545102e-10
7.077470811986156e-11
4.744053376931361e-10
8.849495144832173e-9
2.686649007552027e-10
4.882118198282832e-11
6.713592805868913e-11
2.349735046821743e-11
2.8836671312932056e-11
1.0801123983550238e-9
5.626981347620245e-10
3.1681254680711923e-11
4.7416685299835144e-11
2.2565510510325593e-8
3.174525088780229e-10
7.151412285735191e-12
6.75081592999856e-10
4.555970355434117e-11
2.2500240711173364e-10
3.182528389699706e-12
1.9212189220875266e-10
4.84653790811043e-10
2.6715920563785206e-10
1.2127006324251284e-12
3.8683212015933943e-11
1.1618393738928962e-10
1.5864069811891529e-9
1.4537675357175577e-10
6.504708983320004e-14
5.413387085119631e-13
2.6861930617888047e-11
1.1931877266493165e-13
2.6972322555914935e-10
2.4378796965750126e-10
2.162970167016554e-10
3.00311356152889e-11
5.237707556370136e-11
1.7746248232145588e-10
3.31005772139924e-11
4.862905550519418e-10
6.745497943098465e-10
1.8396208622854662e-10
1.6139753288480552e-12
1.2128880860442038e-11
4.856314316442071e-13
2.0301017108786714e-10
1.4579871256592582e-11
1.634748619654747e-10
2.4228256422415346e-10
2.2629167919087598e-10
6.092522213851802e-11
7.135526768998962e-8
9.906008435170825e-11
1.1322439759036512e-10
2.0024545776620294e-9
1.3677393650680036e-11
1.7761078837888102e-10
5.952546411544384e-10
6.860765837599175e-10
1.6841461677571588e-10
3.2995012679233254e-10
6.135662962418206e-11
9.748282564405587e-11
1.843906038343343e-10
2.520267629828323e-11
2.298617305570568e-10
1.2014353571078825e-10
1.612310861015662e-12
1.0117426498154807e-10
1.4050292903034668e-10
3.4660320329466235e-11
5.077679992594876e-10
2.3723105117939856e-8
9.675984142069245e-13
4.955826651237241e-11
1.3342675017483778e-12
6.452193199028795e-11
7.581031673130789e-10
2.49740082395814e-10
1.947945267187215e-12
4.0033370764160554e-10
2.987750803397246e-13
7.423555566469553e-11
3.644951189741424e-12
3.801644692598516e-13
2.926751047606111e-10
6.609515704667597e-11
8.219167503124813e-10
4.775294076834593e-10
7.844231057536698e-12
2.9438695740269313e-12
1.0590605506321643e-9
5.1237783614709135e-12
1.3731374501245574e-10
5.6478580313724374e-11
7.171821111169425e-12
4.8430027532988196e-11
2.0009431810654117e-12
5.0993475855922165e-11
3.9062801055241536e-10
2.725999044951345e-10
1.328655570377921e-9
1.0213717813923369e-10
2.576310922794847e-10
1.114082133802824e-10
1.613424911073875e-12
2.8755147682798343e-11
2.495618663852482e-12
1.3998564820516477e-10
1.6438931188547168e-10
1.4725409925033373e-10
4.1042347356005483e-10
3.768171697740515e-12
4.1459288827350786e-10
2.538767226052433e-10
1.7480954633316711e-12
7.535561629048661e-10
2.6719930837686815e-11
7.070482251543838e-11
4.678144717487189e-9
1.841457826165252e-10
1.6878483493519952e-9
3.038998255703729e-10
3.524911815171353e-10
2.229767267188046e-9
7.856044608079485e-11
1.9640532232213746e-13
2.0992840326639864e-11
4.562664170721622e-10
6.819398471104402e-12
5.697493078134079e-10
1.5774246718728e-10
3.772267898800528e-10
4.380290438105423e-11
9.920439382455594e-10
1.7330411997888548e-10
5.81428997414937e-11
1.3553705742005393e-10
8.806075150871845e-10
9.64347101805169e-11
2.1019796354283828e-12
2.2058046898545913e-11
2.1982209565533714e-11
4.205950528749466e-11
3.424707529054401e-10
3.9860251752528835e-10
3.113712279294687e-10
2.698011227260239e-10
1.2092944888200044e-10
7.555289166026231e-10
8.973062554706995e-11
6.211062447509067e-11
1.2549059153191367e-10
1.8103543797494028e-12
1.129024693388694e-11
3.0397324225848943e-10
1.5871129383975125e-11
4.329326776688012e-10
1.0229174958559201e-11
9.21926400205655e-11
5.310413356452517e-11
5.1921298183689084e-11
3.803462327359199e-9
1.3099340598563771e-8
1.1176856288697241e-11
5.467434260417152e-11
4.9866421042532606e-11
7.66390322814627e-10
8.300031271837948e-12
8.322550609494853e-12
1.661313220743664e-12
1.196009128399009e-9
4.1259790946345457e-11
1.6785280079365403e-10
4.706620522358982e-13
1.7492200014502324e-10
2.0553844809406096e-11
5.796805788990978e-11
2.1193644919491758e-9
8.097212987834406e-10
2.0181121546804405e-11
2.594646508403435e-10
5.5104175094688155e-11
3.65186312307558e-13
5.1083438840578785e-9
1.705124074529136e-8
5.7639448229004594e-12
1.871559224937416e-10
1.7213696234569105e-12
3.0977122320557335e-10
2.2358979411123896e-10
9.665248982820945e-11
2.0250076640999294e-11
2.1162399421920258e-10
7.246713612868996e-10
1.478475425051184e-10
2.9965594906989654e-9
7.663944129004443e-10
2.7662181978508753e-11
4.740223076428216e-11
3.188788061799535e-11
2.826585858241232e-10
1.6176789255674678e-10
2.06823883189068e-10
1.0604863435831622e-10
1.2351463901591397e-11
9.419015208233947e-11
2.4077394888764495e-10
5.668175669835004e-11
1.1150659841595937e-13
6.447510428144531e-13
8.326494701168614e-10
1.2898708166903016e-13
3.3096864741720667e-13
1.071094991964585e-11
4.093630761565797e-11
5.616421200110346e-11
3.623580135133448e-10
1.1531335784519664e-10
7.459767069201472e-11
4.606928955421403e-11
1.0000662963975588e-10
7.476207929429495e-11
4.770666010237481e-11
3.034771113055501e-10
2.717390105727404e-10
1.1382537461796082e-11
3.252307627023035e-10
3.664349443064366e-11
4.253144804960435e-10
2.3163828468213343e-11
9.8797800915768e-11
1.63529553451644e-10
2.2548053064364324e-12
1.439303294617213e-10
2.3907246127958338e-11
3.43198667283643e-12
4.5759859880455043e-10
3.395815205373525e-10
4.2886781973240265e-11
2.244410339779068e-10
3.732619931626588e-8
1.2885861378904113e-10
4.5761504154647226e-11
8.361607933795214e-11
1.1820734610140013e-11
7.038391684982857e-10
3.4845095001308345e-12
2.848206354552029e-10
1.8754840988255275e-12
2.1942212191161841e-10
2.3527545804949765e-10
1.5862312389057765e-11
8.606276701500909e-12
5.871870241976113e-11
2.820913348672055e-10
2.0283865703798187e-10
4.6005106303700974e-10
4.0434524345710366e-13
2.2008610607040664e-11
2.229632476432908e-11
6.743105394104302e-11
2.2447882699891915e-12
6.7644516054075725e-12
5.0445983243048216e-11
1.1802986604557129e-10
2.604955390337305e-10
1.0898884060080214e-9
3.4157753030222717e-10
1.4351016700940414e-11
6.22761987185972e-11
1.6939898958568703e-10
3.797046760809681e-9
1.4258234407661976e-12
8.946567986689518e-10
4.4140772657836197e-10
4.1324661816725007e-10
4.146278769530123e-12
4.271243212096379e-10
7.608036427139288e-10
2.0628827797799825e-11
7.103936020852342e-11
5.158435830274155e-10
6.288079720862267e-11
1.1458310173441896e-10
2.4166257870122205e-9
1.7986381027272003e-10
1.9140429701204453e-9
5.9552507896079205e-12
9.599185180441854e-11
1.267751528581329e-10
2.135460930603636e-10
9.140397894936792e-10
1.3097303430612178e-10
2.2085316880184814e-10
3.1531208423075805e-11
4.320612646610257e-14
3.054643465630049e-10
2.4835307319015507e-9
2.561531334884589e-12
2.4598088562269425e-10
9.142144364618551e-11
1.0121452541520715e-9
5.7781262890321296e-12
2.843437725344781e-11
3.6652912087460865e-10
7.070173318243556e-11
1.3048442217683736e-10
1.0878401934260946e-11
1.5842744419682877e-9
1.6554634808366768e-9
3.805385822715235e-12
1.6821041878733914e-11
3.3181481288981455e-10
2.373025818842196e-10
1.3220417693885975e-11
8.273586034235481e-10
3.980871780063716e-12
7.240183156325957e-11
3.256807515128791e-11
2.423003289694233e-10
1.5946417489561433e-10
6.45769914341566e-11
1.4889773937120216e-11
7.980654412139507e-14
8.006718184897464e-10
1.3812269816250742e-10
6.08123787784577e-11
6.413885239171591e-10
5.236536085996578e-10
8.043541241190367e-11
8.453874128619045e-11
7.731358009134717e-11
9.514797249858767e-11
1.811510177937601e-12
3.925228984557413e-9
1.596984394209135e-11
4.142110512984238e-11
4.5960812173378207e-10
4.4804524017977304e-13
2.4308070058816954e-11
1.2083839479599682e-11
2.085255440354927e-10
6.765855905088434e-10
5.717669735610951e-10
2.4582397077176307e-10
4.884601060488139e-10
1.2494602307479577e-9
7.82532317047784e-11
2.1806270907195427e-11
5.211837894981315e-10
1.23004056484633e-10
3.1437711096018655e-10
5.77717715855167e-11
1.9667332445687823e-10
1.6481669574437543e-13
9.322945517584243e-12
8.970538176533803e-12
5.510094011157003e-10
1.2980008055414198e-12
3.7387752739172697e-10
2.004342728771271e-11
1.7199393560536838e-9
1.9326436499273675e-12
5.4050201396338385e-11
6.319065010423703e-12
3.46975168953771e-10
1.618624696490446e-11
1.1295996529880547e-9
7.2111050998105005e-12
4.812623492801176e-11
4.3250495691191813e-10
4.304165788298623e-11
2.0143461964618896e-11
7.183899319010115e-12
2.120900803162262e-12
5.009397051245179e-13
9.640786002396043e-12
8.243375197877574e-11
2.5548137206842487e-10
4.4700063557101595e-11
7.62452999099044e-11
8.982939068640705e-12
5.162438313553122e-10
2.457374515159975e-10
1.4310578981688562e-9
1.6031275536434403e-11
4.711384963974542e-10
9.325785945289918e-11
5.574216807695937e-10
4.683195756580992e-11
1.8738365190095915e-10
4.306155135799541e-11
2.905763676435908e-9
3.2870784390647944e-10
2.6220504151729264e-10
7.613040079238276e-12
1.9745763523040544e-10
1.3059066257007506e-10
1.2525508111691827e-10
2.9225223195904664e-10
4.544013725342955e-12
9.981614682795715e-12
1.182217647089664e-11
2.3376772511443867e-9
6.934442674802866e-10
6.4809733098063904e-12
1.0453701083698408e-12
2.831756913832716e-11
2.755304380831739e-10
4.3715533815650015e-12
1.0258778070162935e-10
4.014872386854374e-12
4.129395214283364e-10
5.94909092885015e-11
4.2230945941372477e-10
1.1265347653398483e-10
3.586591263081727e-13
4.901485756601761e-11
8.869990863710834e-11
6.392337576214955e-11
1.0050125088273496e-12
2.7535310824612443e-11
5.841144653806353e-11
3.54412656810157e-13
9.793896885742079e-13
3.799378119403328e-10
3.267417042597418e-10
3.671093698120349e-9
4.59157551992764e-12
2.2271284393019412e-11
4.456529143396058e-11
1.281858862284841e-12
9.932264294391708e-11
2.2621013733546393e-10
2.5688777462467602e-9
1.7618497069879516e-12
6.62604474022266e-10
1.2378218123783332e-9
4.993321821618759e-9
2.941826238805692e-10
2.4435471376395534e-10
2.4583816085114706e-10
4.74694081817317e-10
1.5941082743600868e-11
1.971417505385327e-11
6.995922295905371e-11
5.011404067647993e-11
2.2117329393375723e-10
6.684444302831409e-10
1.8073612190517236e-10
4.494023045909283e-12
9.345754754656502e-11
1.2137652105629688e-12
1.3061062281907986e-10
1.1404308550736153e-10
5.6478932635935446e-11
7.073314672873099e-10
7.011188196425599e-9
1.4709552457171887e-10
2.5943768613779103e-10
5.437332401190708e-11
2.0149588113337183e-10
3.315038677687454e-10
1.063318435143009e-9
1.537227757388975e-11
2.659176849714082e-11
1.7863438696507426e-9
7.455032876757802e-11
1.23918335413006e-9
4.7329601936061474e-11
1.980416710068888e-12
1.2603863621946505e-10
1.2609518782390205e-9
4.4713154643163653e-10
1.8061344439325938e-9
3.1042243315806336e-10
5.032332873974039e-10
1.599353158464535e-10
1.512200675597531e-10
1.9425659789896084e-10
1.4047547980305914e-10
1.714063489116099e-11
2.7230847046087983e-10
6.092739297559564e-11
8.210747609939098e-8
3.277289005948311e-10
9.633823481195394e-13
6.561786207862811e-11
1.2942671224470197e-10
6.8681882828653444e-12
1.1331343435675964e-9
9.696168958885567e-12
2.9092283793819775e-9
1.2895094495061964e-10
7.366465755268638e-10
8.015910495569802e-10
1.1939818276324628e-9
4.9285641571382255e-12
8.483015802828223e-11
1.2378664924980107e-10
1.2049576529361283e-10
3.5819636640452092e-12
1.2636903371104267e-10
4.6293369023107887e-10
2.2318957682628738e-10
3.211258369993016e-11
6.9132202069624976e-12
1.232068908318819e-9
1.4405715829358097e-10
6.843358546287286e-12
1.3248534887880441e-10
5.676516183725933e-12
1.2682599490275384e-10
2.1105527820246556e-11
6.618882544020722e-13
2.4114283098433345e-10
3.6202376916464345e-12
5.4555630627093016e-11
1.832294963485765e-10
1.924633751494184e-9
1.524693086882848e-9
3.819138007297823e-10
9.401801316731951e-12
8.952320773715662e-11
2.1626257267080622e-10
3.964397537677177e-11
9.292358081166276e-11
5.0104667500817374e-11
2.328349331815138e-10
1.3382626606882927e-11
7.389646733251088e-11
7.670462677356258e-11
4.6203827604014964e-10
1.1340279284598103e-11
4.172527024636905e-10
3.4151116383436147e-13
2.276995434686808e-9
7.031442598042478e-11
3.17463612855847e-11
1.3687171770733951e-9
1.9797672549392468e-10
3.694644172505675e-10
8.352315746840125e-11
1.152902827668909e-10
1.3770996606112569e-11
6.915349670946698e-10
3.369442339923602e-11
1.1341170748802812e-9
3.5473467333734554e-11
1.1808672049931155e-10
6.46288928207891e-10
4.465802595572511e-9
3.486699223862594e-12
2.3486619589700876e-12
2.800912204255073e-10
3.7060423074808546e-10
1.8522266453758392e-10
7.077146195238124e-10
4.871193512711319e-10
4.0955372546764275e-11
5.618868016474542e-11
1.751633939061786e-10
1.94823510740086e-10
3.3243414517567027e-9
1.586337671430753e-10
9.422733054507883e-12
4.1354685415921473e-10
1.941842618575413e-10
4.966613626011736e-13
1.8682777559826683e-10
6.994622015638717e-12
1.6592384769594855e-10
1.0250607599397659e-10
5.924936224416498e-11
1.0654996677249717e-10
1.4446398381478259e-10
2.0261705027943126e-10
1.0721693976157357e-11
1.1404165113701475e-12
3.4651408842785746e-11
2.4807794346045738e-11
2.2368235428619378e-11
1.440093394068378e-9
2.6523878712911696e-10
3.4980738905733526e-11
3.576812495701127e-11
6.896432062646145e-10
6.584620433975378e-10
1.1827465103045301e-10
2.551641811133948e-10
6.98118691100814e-10
1.8962245521742254e-11
5.5961580586406865e-11
3.618456205883116e-9
9.821300924204203e-11
2.1101559167005034e-11
4.449828706237767e-11
2.4164713312419917e-11
2.2931034875926092e-11
8.467369521149211e-11
1.8110379537540584e-10
5.834525946522664e-10
6.150194608346359e-11
1.1816318421799817e-9
3.9534800649098905e-11
1.1539408454637813e-11
4.253939316687556e-11
1.43343959634801e-10
1.202411301944351e-10
1.5675589622515726e-9
5.701290391995716e-11
4.846890794156734e-11
1.297964890048402e-11
1.8785883732035506e-10
5.2377296448239055e-11
1.1666712407458307e-11
8.040835416145366e-10
5.341974079286019e-10
1.200536102932383e-10
1.2578057648187676e-12
1.69523946685105e-10
2.897776067144056e-10
4.563230760701575e-13
3.408357766634512e-11
8.881277481602664e-11
1.7091031121081625e-10
5.974570753728102e-11
1.1472565606728055e-10
1.0727072368476207e-12
2.936195186929293e-11
4.244761885898901e-11
1.5110209701183863e-9
1.5815798875973596e-9
6.230025838473627e-12
2.1223495258472923e-9
6.957208802404139e-10
3.054497406811226e-12
2.1046022444840927e-9
2.1578751976491524e-12
1.9286959035963103e-13
1.1125271737897469e-9
7.873583318305915e-10
1.0312882969955278e-9
6.50297359829854e-12
5.859367326639949e-13
6.181772119617348e-8
4.9653674635773693e-11
1.5618885754363934e-10
9.097514862043126e-11
8.920756679754095e-11
2.4717585499727226e-9
1.6740612559573046e-9
7.387992718431453e-10
1.767653058717926e-9
1.2663145894246507e-9
2.4415856901454856e-11
8.609850772370183e-12
1.4708877933302553e-12
1.6657013634433645e-10
6.017022189798413e-10
2.9135830845159734e-10
3.053627323799723e-10
1.7220738097311895e-11
2.2189169102716908e-10
3.5327141870587493e-10
6.945097660968368e-10
3.228913051408637e-12
1.3377064512678275e-10
3.6913313909725197e-11
6.125959701190304e-11
1.2240676829833035e-9
4.4688660024953465e-11
1.3710097902738578e-10
8.257864416411398e-11
5.348959217345027e-10
1.1895124923151488e-10
1.1614605501051773e-9
5.7892204806823044e-12
4.197447378776037e-12
2.5055177915637845e-10
4.391131134624511e-11
1.7066250672813268e-10
2.422581000592283e-10
4.600065218200258e-10
2.494106131851484e-10
4.211012589818776e-11
2.061036471583935e-12
8.037505723681833e-11
7.199562419565571e-11
3.673551964455547e-10
2.2175278847998043e-10
5.152255479969633e-10
2.5225905677491297e-10
4.604613482854688e-10
1.2102096378327123e-10
1.902220815889762e-10
2.748281595412498e-10
3.6878021477669753e-11
1.9408383046538856e-11
1.1086671504354613e-11
1.7481316627967857e-12
7.509301719375228e-10
5.463379756849554e-11
3.4965450350126897e-10
9.684614360931343e-13
3.0026057050089763e-10
8.904971309264875e-11
9.696366096110101e-11
3.459926745434779e-11
1.1880089053900948e-10
3.7993755622601105e-12
8.881447837565371e-11
3.358137417767476e-11
7.794453094945598e-13
2.625988772442982e-10
8.145668410501025e-10
3.618828593601651e-11
1.0548444339720538e-9
5.288370862688671e-12
1.7920541503493727e-11
8.80273836258078e-13
5.742750042191512e-12
1.9679882507550993e-10
6.829954959214791e-10
7.730414231564882e-10
1.6467157278736124e-10
1.14286774250554e-11
2.0344204596346636e-11
9.619308672764728e-11
1.055494085727001e-9
7.445318460765521e-12
3.1152694712530875e-12
3.634138726416857e-11
8.24047259262142e-11
5.889235848737515e-11
3.663151553181499e-11
2.4655734360082433e-11
2.5497247854522738e-11
1.2389500867708536e-11
6.954181539493531e-12
2.2967251649186207e-11
1.1174349264375128e-9
7.57754335314735e-10
6.574030950295182e-12
2.6275192081169503e-13
3.592771143854479e-10
3.08667623455714e-11
9.514600868104613e-9
3.0380448491005377e-10
1.131748780208559e-12
6.079399060324933e-9
6.643656827160454e-10
1.442942190047196e-10
1.9484893560766887e-10
1.3681765330474104e-11
2.680296178686429e-12
5.403007760801041e-14
1.649487789425993e-11
2.2647098441609748e-10
4.826055018730286e-9
2.111888013110833e-10
5.772310207260035e-13
2.643999239653604e-11
8.654303316432818e-11
4.210089377149171e-10
4.541402715275293e-12
5.96760635532161e-12
5.222194166893156e-11
3.928755730786832e-12
1.4689907083064321e-10
1.9581744438065676e-10
6.976515315082401e-11
2.5150610710768206e-9
5.672965100902844e-11
4.867355934641007e-10
1.8614306046627706e-10
2.951889934174274e-10
2.5316369214481547e-9
4.1317404469451585e-10
1.7470699786094642e-8
7.104794912902045e-10
1.2750577203450276e-10
2.1079536849375926e-10
1.1777057897544158e-9
2.1361831312590778e-10
6.644954955411893e-10
2.3601397165990474e-9
4.33868854687417e-10
1.9379543783263296e-10
3.1935220356980243e-10
5.852287000284763e-11
1.1691133179373128e-12
6.762633928262798e-10
4.483319017027021e-11
2.947718355760478e-11
2.130771785702275e-9
2.0152715044943815e-11
2.1108850264080774e-10
1.7528336425867085e-9
2.0140610603606444e-11
2.715963547414115e-12
2.952056155633292e-13
2.5005970653989135e-11
1.6708033547149132e-10
7.009257009161764e-9
4.827550134481809e-10
7.128545551807878e-12
3.289678145032368e-10
1.9936091967618543e-10
4.834327736449477e-10
4.267239856646669e-11
1.9154922420254477e-9
1.794756629569842e-9
2.3364651538724957e-10
2.1951800297664185e-11
3.435661385450582e-10
2.5100009028723012e-9
8.684217461460252e-12
3.5230186391376684e-10
2.2711189066786685e-11
2.453407796846456e-10
4.903319927767776e-11
2.509264451625858e-10
9.1310303564158e-11
2.6416757917005733e-14
2.2206060095146832e-10
4.27536607064225e-11
2.0916416794184176e-10
7.748082196768381e-11
2.4671899795427448e-12
2.3164571553745466e-12
2.1682449189363935e-11
4.0574617889298285e-10
1.7721101866747846e-9
3.324602775687248e-13
1.5910589518449224e-10
3.163054507002933e-10
3.7154852435209824e-10
1.2426295763155332e-10
6.905138459015682e-11
2.0915732696752682e-10
1.260138805696021e-9
1.7277722992949013e-10
1.9165046104312254e-11
7.06532142541736e-11
5.050729314408163e-12
1.4353344925201096e-11
2.7145408111296035e-10
9.799269830707933e-12
3.051141764755986e-12
1.398021358293722e-10
1.5400092452165003e-10
8.064951392289553e-12
1.3163162232729694e-9
1.1403496753308383e-11
7.275947025602141e-13
6.646555569300612e-10
1.972744177099625e-11
3.420755380757573e-11
1.230649947852378e-10
5.7826893642464305e-11
1.0276737635162137e-9
1.0642766195971015e-10
5.850793616685578e-10
7.421886606160913e-11
1.2186409506906156e-11
5.897258180235227e-10
2.8112333719366374e-9
1.425948308375588e-9
6.231699834298395e-9
2.1054915503035192e-10
5.5196222508132214e-11
3.1972962068268065e-9
2.0552563836354827e-10
3.8605089168339604e-14
6.5592412636626174e-12
8.010814768620648e-10
1.0160287837635934e-9
4.920082338489455e-10
2.4121390299170384e-11
3.090272333459934e-11
1.0702527920449921e-10
5.0961663410880483e-11
5.752018121365591e-10
1.3572203525009596e-11
1.2470121046809958e-10
1.775193682208278e-9
3.778827696963137e-12
5.07448551810902e-13
8.23768909298306e-10
1.8938865853918816e-10
4.979971438092688e-10
1.7491038476691515e-11
1.867281037531123e-10
6.957359102520679e-11
1.7556254018950398e-10
1.334109199038196e-9
7.61573348197524e-10
2.9619152526519546e-10
3.6013443828523324e-11
1.3723969906011281e-10
1.1853468097180345e-12
2.01960909857884e-11
1.506858030112639e-10
4.98102254909115e-12
1.8694858055039047e-8
1.015303162684136e-9
2.5717229320433197e-10
6.134308128925384e-10
6.484662107680353e-10
6.701102253236776e-11
2.7231705221727427e-10
6.914070154320183e-11
7.587953406758026e-10
1.7940046544628105e-9
1.7428706249711575e-8
2.6900295247429804e-12
7.151068610727679e-10
2.3718621125418377e-11
3.325553023617116e-10
1.030516660380673e-10
9.764473401828216e-12
1.8225658891472653e-10
1.311083801296698e-11
4.867156489687047e-10
1.4060842722034196e-10
3.3233754991391915e-10
3.5796134376495184e-10
2.8522631176487118e-12
2.3337234475278425e-10
1.5450990070332997e-9
1.3513055017532703e-10
1.4104927474349717e-9
7.514464612551914e-10
1.2909928143426205e-9
5.942752673917309e-13
2.918654446825577e-9
2.93789763855597e-11
9.249826697635732e-13
1.2296043711521553e-10
1.7745931773242462e-9
4.693489027460694e-13
9.481073787246979e-12
1.271211136222292e-11
9.424342520378911e-11
1.151979472309213e-9
1.1257796330817377e-9
2.0528532240673474e-11
4.776097060775252e-10
1.2093181437557606e-11
2.059037038840593e-11
1.0863334310071303e-10
8.3016918436595e-11
2.7978237021288745e-12
7.098566584500301e-12
3.895380375270824e-10
4.1575837381896384e-11
1.936287712849994e-11
6.257041697974236e-11
4.132396116552329e-11
6.788688537906561e-10
1.1208144483037281e-12
4.5242463536482834e-11
9.71221389829403e-11
1.1382460659825992e-9
2.351227480262478e-10
1.6051794994723217e-9
4.0619139257041874e-12
3.2848752525403203e-10
2.9643746145955584e-11
1.4714396816463958e-10
1.779429126689993e-12
7.072824590732358e-10
2.2983636699572847e-9
2.2299353910282145e-10
4.0034318882785987e-10
6.680309547245419e-12
1.3153635645990787e-9
1.0345719236691599e-10
1.0324970422263152e-9
8.21777062497851e-13
1.5759728049837186e-10
8.996754537253153e-10
2.1303868798918994e-9
9.31987257247702e-10
1.0768095334410879e-10
2.2781276930088444e-11
6.713441513227167e-11
2.0299057980627268e-11
5.730549383945445e-11
4.5845767556523973e-10
8.688414190516256e-12
6.8499637671617635e-12
1.8102933126714118e-12
8.92441068754762e-10
9.867253992707427e-11
8.29083225423802e-13
1.0673124797626717e-11
2.059107769994259e-8
5.762986593399443e-10
1.677627926938362e-10
3.8379396327324885e-10
9.779343834523607e-11
1.8379743247712556e-11
9.725776925642444e-12
5.274807151999562e-10
1.203312717112975e-10
8.807912020519898e-12
1.7153852585796957e-12
4.462174236274205e-10
4.236923914613318e-11
3.269803448567219e-11
2.4507546140190434e-10
6.961736303644135e-10
4.352596206602047e-10
4.4399089773069534e-11
1.211732748852787e-10
2.401350755649403e-10
1.8632615546920932e-9
1.5330320304672418e-11
2.202091346667408e-10
5.77350816681058e-10
6.030669497782945e-11
6.156632852795847e-10
1.9162975704275923e-11
4.6861683220195145e-11
7.626902995090785e-11
4.277553074342337e-10
2.308435834170752e-11
6.402728628255146e-10
5.163071270371765e-10
7.337364923320402e-13
2.1304895592757576e-10
1.205830722349849e-10
1.8527024329560208e-11
8.02654479255409e-10
3.465220117582888e-11
2.373115196681658e-12
5.865832652697389e-11
9.423673585720577e-11
2.8325861371726672e-11
4.2024840674664687e-10
1.460697532712046e-10
2.292714069381962e-10
1.6883062411914086e-10
3.067487855498789e-11
1.5495274003854807e-11
2.9580540109807093e-12
4.885155941578326e-10
9.720769786446742e-11
5.566269392009597e-11
2.6526144545669997e-11
4.3145066465110076e-10
1.163183363411395e-9
1.6249127748009016e-11
9.413722197091413e-11
1.1979674051804726e-10
5.619147661626459e-9
1.2894490212967934e-11
1.4907957856593155e-9
2.705226398326495e-11
7.267602108498535e-10
1.05349846286444e-9
2.0819725297152495e-10
8.192985311639096e-12
1.214147141793344e-11
8.999839452428986e-11
2.872844557911933e-10
9.608091141758659e-10
1.9907565000307517e-9
5.198129808563779e-10
1.3500636486422494e-10
1.2929385073003726e-10
5.715000852302154e-10
1.440083782986485e-10
3.1739581099788885e-12
1.9282696709025786e-12
9.225072895305014e-10
2.075457457432329e-11
3.7080733572486055e-10
1.7547669359452516e-9
9.317140476461175e-10
4.594659684987701e-12
6.440514097303986e-10
4.955918459822991e-10
3.6522002591543646e-10
5.36913347981413e-10
6.0669246804323244e-9
3.6867871122777085e-10
1.3517985495524954e-12
6.873958700911201e-12
4.786994058717525e-10
1.0694989117097238e-9
4.221340420058303e-10
7.877306707908196e-12
2.9506499895104446e-10
4.488035698778972e-10
7.264682763551487e-10
1.2603587636660615e-12
8.463100072004845e-11
2.0093747310307095e-9
7.954991658581173e-12
9.320751104557437e-13
2.9127981623660923e-13
2.847251834731191e-9
3.610521969773788e-10
1.9128322253378658e-8
5.067426787029745e-10
5.146580017824432e-10
1.7033955614898632e-11
4.262642013119524e-11
2.6514678149509897e-11
3.9717024486062894e-14
1.2413132293501012e-8
2.6270166371263033e-10
4.1071890219455986e-10
1.166528160592925e-10
1.523274413404364e-11
8.673982172214096e-10
2.885203232011964e-9
1.221576259228471e-10
7.089252663553503e-10
8.468328207092773e-11
2.0896800795074712e-10
2.6722034479972895e-11
2.957025767380187e-12
1.2993460056476415e-11
2.04435152858471e-11
6.471599208303014e-12
2.4012962229342598e-11
6.243190253671472e-11
2.906122781046139e-9
2.4636816178368926e-12
7.734102612794031e-10
2.4693528398515135e-10
2.6379150562842424e-11
2.2379612583182314e-11
8.699708724022564e-10
5.8122449164833884e-11
7.563339084270869e-10
7.552513996107099e-10
7.928330133481623e-10
1.2967628936487748e-9
6.81704495378813e-11
1.6152427982652297e-11
2.0248943812691154e-10
3.4538025448403645e-11
3.614273938255683e-10
2.5341124159671458e-11
2.1530470400600102e-11
2.7212233568690805e-10
1.0915332347975841e-10
3.999430739503019e-11
1.5630046402840415e-11
1.4878708553707545e-10
5.570223295294079e-10
4.843153877800515e-10
9.143383318550342e-11
7.447575153535307e-12
3.108822125817138e-10
7.640447610072928e-10
2.7733725953713306e-11
4.0493933598657933e-10
1.314080753580119e-10
3.3802998794783343e-10
5.617096511718223e-10
1.5498996822453855e-9
3.901181487262881e-11
2.0334404304615185e-11
1.9723870063876185e-9
1.198197308919161e-10
1.4181668803456608e-9
1.9277340096233378e-10
5.267912430531799e-11
9.848004516356929e-10
1.0844214475716266e-9
4.694616016999716e-10
4.085612987807571e-11
1.6675239725741398e-13
5.126033669645344e-10
4.189713102716118e-11
8.64581929952196e-10
2.4034375220418583e-10
8.54514815781268e-13
4.513004859061291e-10
6.982323543121112e-12
5.6972448958942945e-11
1.8595093187361296e-10
6.91171313940095e-10
3.0556246086008873e-10
8.580651449405691e-11
5.7648794743167747e-11
3.313635424052309e-11
4.442668252758361e-11
1.1924129142707407e-10
4.7184179321638584e-11
1.8245481410966319e-10
4.893904034054889e-10
4.157689083835944e-12
7.070410681019847e-10
2.4818801439540247e-10
6.58469632877425e-11
2.028096658185842e-10
3.3598691390727195e-11
1.1457191839587108e-9
1.3133220789816612e-9
3.484296154461735e-11
3.49997287697789e-11
4.3981886836627074e-8
1.424089151081083e-9
2.9746584966508395e-12
7.108559022252323e-10
5.066008179400565e-12
1.1370030182825952e-10
6.047870468929367e-9
8.382156232574075e-10
2.0558571766405585e-11
5.288927122857635e-10
5.925917890766809e-11
5.774374690461655e-11
4.776617613310545e-10
6.480394026952046e-11
7.727010345335026e-10
8.797134917815532e-11
1.5813009201754395e-11
7.797512107199212e-10
7.814730952183691e-9
5.940202531264576e-10
7.920849034285239e-10
5.863090711032048e-11
7.089227310700011e-10
2.3730885080939657e-10
1.92542475599915e-8
9.412391933371237e-11
1.591697742892416e-10
1.1749401303809842e-10
6.129271076871612e-10
9.797734283026807e-12
6.362189850786119e-12
5.429022495859626e-11
1.2403791350970396e-10
9.490881468257797e-9
7.835739230604308e-11
1.6191771961741588e-10
1.2782577185546862e-10
2.7758864293766075e-12
2.804294467678315e-9
2.1375553646461667e-12
1.9486981503411698e-10
2.6714754660042923e-10
2.365654303401557e-10
4.073559382984826e-9
3.3943078851829173e-10
9.581456711474745e-12
1.3862794182609667e-9
2.218393048272764e-10
1.6111841245260642e-10
3.880115400092506e-11
3.0065982996138057e-9
5.769054353749258e-10
9.846047341587978e-11
6.720351273229383e-11
2.92576283780591e-10
1.497677261749902e-10
3.604181903701793e-11
5.359265785194865e-9
5.0734966504348104e-11
1.91337109036406e-9
1.6595904426162943e-10
4.227565567213696e-11
7.839830372405923e-9
3.378359872380493e-10
2.9899895868260126e-12
2.6606852714567247e-12
3.961172069021684e-12
1.6151860946357463e-10
4.174353752790079e-11
8.475419806620894e-11
5.080344452479873e-10
1.9059685325012435e-10
5.848021919546386e-10
5.393684448698593e-10
5.266398289671166e-12
9.149816815021893e-10
8.397624802532532e-12
5.094948152743195e-10
4.685060199301541e-11
3.9147357915526627e-10
4.108198274683876e-11
9.89011572068009e-13
2.098820434183624e-9
3.911886033056589e-9
1.4810978811585065e-13
2.3272236243756725e-10
2.195023282119999e-11
1.628233089286332e-9
6.031011924555507e-11
1.0019171264045861e-10
2.9103274171566914e-10
1.7146001563810618e-9
1.684968986634146e-10
1.0776201748594666e-12
6.557270681700514e-10
5.792340803408229e-10
9.966126121822823e-9
1.083683448443293e-9
1.7444753836182076e-10
5.967223566051188e-9
9.800528732209236e-11
1.5864057818648937e-9
1.9708710069637867e-10
1.1765467382289879e-9
3.9850402585073097e-10
2.2997493221147592e-10
5.5943920321464174e-11
9.0335344004581e-10
6.040648552468994e-12
7.900801717183467e-11
7.107219553418886e-10
2.5449136924369927e-10
7.256370115536858e-11
2.5734252881899974e-11
1.0452140106400933e-11
2.2096500152903866e-9
2.0068804297698987e-10
2.6974145500273836e-11
3.929005911451083e-10
6.745144564917167e-10
8.011343812470032e-11
2.0265957007839026e-11
1.1415860857940285e-9
1.3930770831157769e-11
8.287805211192167e-12
3.4545518408677902e-12
1.0704183102918488e-8
1.9510787076112795e-10
1.597058166861853e-9
9.932409971035333e-11
7.083262194948897e-12
2.251878133737266e-9
3.1098573339043526e-10
2.1251466587758216e-11
2.781529676778817e-10
1.8431815318650545e-10
3.185894534946263e-10
8.500913193395327e-10
1.1003978551403284e-9
1.4315614934752263e-10
6.737878348062618e-10
3.1122364484315674e-8
2.603099332732552e-10
2.3502197930397408e-12
1.397284117358679e-9
1.1500894207852726e-11
1.672336526921305e-10
1.1701314896753854e-9
4.4264811098248964e-10
9.488836797984835e-11
2.965800991359633e-13
1.1312942362395165e-10
3.940886697559986e-10
1.8213887315991244e-10
2.394005106351653e-10
6.803979620928925e-10
3.9105183874976834e-10
1.0494861918654807e-9
