2.3748747894976757e-6
6.026259081100108e-9
9.490253193298427e-7
1.7122206507689777e-7
3.3371489393697296e-8
4.2371538587295226e-8
9.371561939101207e-10
3.415169324304226e-9
3.5928469006896334e-8
1.2318402761167552e-7
1.423834039042168e-6
1.3647794631973234e-8
3.015174860542749e-7
3.619877149353153e-7
1.6481033189554214e-5
9.670386406354286e-8
7.435410922006771e-8
4.0064701983608595e-9
0.00024223878148217808
1.8413622354490752e-5
3.135700218658546e-7
1.2206304141115007e-8
4.37753204107727e-8
5.441051460910613e-7
8.250808858718423e-7
8.206999020638822e-6
7.64189956599514e-6
1.8742114027741563e-8
1.1757447815149161e-7
2.4954047661255545e-8
6.23388489219566e-6
6.783800600913003e-8
4.302986367188702e-8
1.512529730295559e-9
1.1821336508774472e-8
2.8186402544294975e-8
9.176325188613138e-7
7.040204484723236e-6
6.606719805938446e-7
3.698763864370217e-7
5.840539785312173e-11
6.011403673567321e-7
6.147605377818977e-9
1.8543662898641754e-6
1.7854435022804887e-6
2.9230279610114886e-6
2.1062026368911643e-6
2.9318162027712754e-8
1.50080220205964e-5
1.9168767332981857e-6
1.830315993252029e-7
9.459172512679117e-6
2.511255642456934e-6
9.872039883952962e-6
1.5715552985749628e-6
2.6627583044045245e-8
3.903190295780121e-9
6.56591657090875e-7
1.5759541817181508e-7
5.662782510184834e-9
1.9817094405055118e-7
0.00029976581545103863
2.34668517961502e-6
2.8659804839199404e-7
2.854647305154961e-5
5.001760397009941e-6
2.996518916637751e-7
3.0639243341319554e-6
1.6824952067356655e-7
2.7402597238749335e-7
2.6522052689853402e-8
5.6559229330645783e-8
2.6261708146408274e-5
6.590021724470693e-6
1.4722587164698331e-6
1.0789809371294046e-6
1.3431367452681908e-6
7.886216098724085e-6
5.43715419488524e-9
2.3737740085636257e-9
1.3995196726588805e-10
9.430425444716333e-8
1.267714580538707e-8
2.6211742225178986e-5
2.9740212564449827e-5
2.837199670111714e-7
4.5095559751577093e-7
1.6217332096083246e-5
8.8432557880029e-10
4.142132152135204e-8
4.0512678495674153e-10
1.878968225976737e-8
1.402162404256349e-8
4.94739228268102e-8
4.776366435519874e-8
1.2183074683766848e-8
3.214475938101709e-9
6.802482677907076e-8
3.1120338621080243e-8
2.3012524315463527e-7
2.8612033229867076e-7
1.911711776487855e-7
9.063372336119645e-9
1.3071793992400015e-5
3.4399785958966146e-8
4.937130542016166e-7
2.936130140202485e-7
2.7492730235710664e-6
1.9741728516152965e-8
4.5695409946217333e-7
0.0002186715229258159
1.057290623077925e-5
1.2819561410741368e-9
6.075416901133123e-7
5.200022865283582e-7
6.010939724259478e-10
1.467174296766631e-7
7.788121960519302e-9
2.740727660559627e-7
2.3698148413806785e-8
4.890893090182618e-8
7.532752235270029e-7
9.13085537786879e-8
5.626464454818465e-7
8.934428483548438e-9
3.6939573588756114e-10
3.546678243959413e-7
8.38709256365292e-6
4.040663522317751e-7
3.6055487185111666e-8
1.111202669477107e-7
1.2810573525258122e-5
1.9286314186227415e-7
1.2602925218186368e-7
0.00016876388093224644
6.735439323538079e-6
1.1143956086271212e-5
5.321642720732227e-5
6.328087162174274e-7
1.8569472719366067e-7
2.563211477156747e-8
1.7577769633398084e-7
4.962346885180074e-6
1.121969428587311e-5
6.881835917970844e-8
1.1781026969968494e-7
6.08959879701259e-7
2.2177144641523545e-5
3.4339924327972907e-9
2.306025369078523e-9
5.022430748308692e-6
2.8030015885895066e-10
3.1055468401786978e-9
1.521492855573602e-6
1.4616268574690132e-5
4.77525378519804e-5
3.9978851642328284e-6
9.728709535383337e-8
6.625664017481879e-7
3.7416042873984985e-7
6.277308778308736e-8
1.3415066678586165e-6
1.1651454956377197e-7
4.8006718003762656e-8
6.585007431043399e-8
1.7161954513319838e-7
1.4060197807364763e-8
1.8661820116311667e-5
1.141107268121105e-6
1.6062911603591183e-8
6.461605955389396e-8
3.5612888394668243e-7
4.058679736301838e-6
1.183950965783419e-6
9.783540886364522e-7
6.966106281070831e-7
5.626343958802409e-7
7.041110121096255e-8
1.5249465132151642e-6
4.936561683519829e-8
2.3765005778917613e-7
2.1777693054524194e-6
1.7870803522015552e-7
9.899431700952717e-7
5.403851801276901e-8
2.235088595552938e-7
5.177272267705049e-9
8.53737611653482e-9
5.819238567148073e-8
1.4740323905787911e-9
1.90016669356303e-5
3.7173674325994785e-6
3.047830312960965e-6
0.00027699624056609114
0.00031232965668248256
6.098439128185856e-7
4.257630991564618e-10
1.3902678887585447e-5
0.0005974633719357258
3.866667738577762e-11
2.8849983841717274e-7
1.4659274663306358e-6
3.172347300787962e-8
1.2487118106375141e-6
1.1004899403787861e-5
7.161838938425658e-7
1.3092797049344665e-5
0.00021542029182459787
1.5859924511515625e-6
6.189503059534794e-7
1.2163806068337971e-5
4.717169486496102e-10
3.055337625187783e-7
1.324267186510266e-6
3.166499816230589e-10
4.328703632787264e-8
1.3977453519895946e-5
6.709268111734111e-6
3.294220825433055e-6
1.0347923741190603e-8
1.24967222525703e-7
1.6170206620999905e-6
4.9228346907018735e-6
9.452949268805304e-8
1.1972169619819592e-7
2.2739503090457925e-6
8.966341351630739e-5
1.880032829773622e-9
8.0061634706604e-8
2.8050242038631587e-5
1.5046523926256906e-5
2.3001836369779344e-5
1.1273420639304745e-5
9.379051382789851e-7
6.55031134850527e-8
1.8195328391657862e-5
6.679558951643342e-6
5.086872487325738e-5
7.216847614221174e-8
9.118170336289983e-8
1.9379397147943762e-8
1.0979669470946227e-6
4.686032031874722e-5
1.7140600811443807e-6
2.8287787090769106e-8
1.8955572912833847e-5
2.8632390408404603e-5
2.7000649714775306e-9
0.0009322108771292241
3.2769231246784352e-6
4.585421822994878e-8
2.4827172121453543e-7
1.6991668222404304e-6
2.151618014069327e-9
1.4614290083870812e-10
1.638512601293183e-5
8.542387453628706e-9
1.1158375042978029e-6
2.8510904773906305e-8
1.1439845031652907e-7
2.3510519536807862e-7
5.492795202516621e-6
7.271391601475702e-8
6.577494735795141e-7
1.0518700810989729e-7
8.315376182221576e-6
3.500759765562488e-6
4.0730188257228035e-5
3.607796941853147e-6
8.671973969122001e-7
2.716306055138048e-6
0.0001628878024873868
0.00021154756763113722
4.338059942764935e-8
4.81842907601408e-7
3.425388713506182e-8
4.0134567031213976e-9
7.519118168077389e-9
1.3643376717985772e-5
3.6550026711216875e-10
1.574342030246831e-7
1.722018554759055e-7
1.6529788139837565e-9
1.3994145390323986e-9
1.1206170664432833e-5
9.5583383811862e-7
1.1569174726618628e-8
3.259084718673355e-7
1.0924609607068978e-8
9.184713374802939e-9
5.626884187632464e-7
1.7944691475709295e-5
3.793169754932116e-7
8.09516550050609e-7
1.0313029834030602e-5
1.4262162420133746e-7
1.2289458625264906e-6
3.473393252371788e-7
2.536941639252683e-5
1.0520580729981415e-6
1.1133160143986362e-7
7.089395340221886e-6
7.98111032613667e-9
1.512226054840961e-7
3.438979108161167e-6
1.4777782120661054e-6
5.324760084169025e-6
1.1089720343867424e-5
6.0488465414352764e-6
5.125704852611654e-6
4.321075413071594e-6
2.3561957704902543e-6
6.153587145059007e-7
1.3746300403304195e-8
1.072203436825174e-6
1.828476081888091e-8
3.898688132412307e-8
1.867196661080124e-5
4.832556563661789e-10
5.110301450025729e-7
1.9580663128437666e-7
1.870310038022981e-8
6.499752767828724e-9
6.018588765212805e-8
1.4602589260065477e-6
3.3726777849897963e-8
1.4135289729407162e-5
3.7504043032143913e-7
5.119552368023902e-8
2.48183256435046e-7
2.067154279874167e-8
1.195871791126301e-7
1.7925374997227692e-6
1.237340483793204e-7
2.6123563333263292e-6
9.958324877735704e-9
2.2477194776811194e-6
2.94478338511233e-5
0.005556359107928047
2.1029129087551433e-7
1.927500819294742e-8
1.4609039683610202e-5
3.95734494536038e-8
9.940753057620947e-6
7.897736748777716e-7
6.426160305938441e-7
3.0658321489727195e-8
3.2946473461501777e-7
6.130347188936538e-7
3.979340948877109e-6
4.8598833411040294e-8
4.728795348163024e-6
1.5843219245778894e-6
2.315054300073708e-6
2.6485936125047555e-6
1.4988563643886312e-7
1.6296172207702536e-5
9.838954107392194e-8
1.083687523280406e-9
1.0474390932227038e-8
4.138662601072244e-5
1.843111883940504e-8
1.913928001263479e-6
6.372310840587135e-6
2.0755072210750825e-7
0.00043349278227527304
5.1203842900839057e-8
8.784943924533024e-7
2.8415268213034614e-7
1.4220938822808805e-5
1.122528090869401e-9
1.817842622808647e-5
2.284944463737524e-5
1.5056549309031635e-8
1.1190645328423195e-8
3.00226466131926e-6
5.2232719843734675e-8
3.7766929980530014e-6
1.0926061989524252e-8
1.5369682334215335e-6
1.079892457726115e-7
4.872253310342523e-6
2.70752341477472e-7
1.3726608989099265e-5
4.211360833167694e-7
8.473001676975521e-7
5.931591011248575e-7
5.766938005626977e-6
1.4407355810984946e-8
3.585161675869475e-5
1.3456414216889001e-8
6.737385481402396e-6
4.6621103830961484e-8
3.2926241431400956e-7
1.123997022380186e-7
3.9533551687755586e-7
6.643302578483647e-7
4.677674943693298e-5
1.770175701752138e-7
1.1301177534630721e-5
6.202112009136637e-6
3.920241237783206e-8
4.154940060758789e-6
1.0322939310622554e-5
1.3608626211784448e-7
1.2283166267304968e-8
1.919497303362194e-6
3.951074973591319e-8
3.0540899023003025e-6
7.903910984800198e-5
2.546750334504763e-7
1.2119948004484425e-6
3.969181773962548e-6
1.2022776882155543e-5
1.5117056688240363e-6
2.7486636879586547e-8
1.6282330361635725e-7
3.4881502835855527e-6
8.392559153691813e-9
9.799872404316016e-7
1.5463408566560206e-5
1.2889236323766608e-8
0.00017118404110084168
3.0453976517415534e-9
5.838294491966533e-7
2.008319627688637e-5
1.1148473514985755e-9
8.003340465793365e-9
1.2906759078875118e-5
5.790392831897713e-6
1.7825860249577255e-6
7.953302363853135e-7
1.692059876742988e-7
2.126187663446403e-7
2.0342866445627193e-5
2.823844060750185e-7
5.343820557247197e-7
1.4757506507034232e-7
2.0216051272409896e-7
3.082064511517876e-6
4.706278242789064e-7
5.3430476820608625e-8
5.13898425659054e-7
3.636294513526495e-8
9.295506242554828e-9
2.373594511737858e-6
7.519507320940046e-8
1.001268197360669e-6
1.2887879626661606e-7
5.753667527417329e-6
3.129808043946192e-6
2.39177775587817e-6
6.988784584039354e-10
1.5200773817659641e-6
6.354019725308702e-6
5.246307378368564e-9
2.4545598733065196e-9
1.7560408125732785e-6
1.1952581200950114e-5
8.52547808623574e-7
2.987304118502235e-6
5.361646111292386e-6
4.487192235937521e-7
2.387689407941876e-9
2.4131209196680647e-7
2.756430782017796e-6
1.7330049856750324e-7
7.109258559106799e-6
1.4546131387246044e-5
8.53935748942533e-8
3.6066477605799062e-9
2.601969846991767e-5
6.794572218381908e-6
2.6066792217710733e-7
1.1683899127119445e-6
1.7337114386427047e-8
1.4115003182912079e-5
1.0981221282391373e-8
6.735714264369992e-5
1.458887402092023e-6
4.655588044727385e-6
7.922218907577917e-8
5.099101254297936e-7
1.8038446295208998e-7
2.7582384474209817e-6
2.3828085658306444e-8
1.848118409946193e-5
3.4950915083676232e-6
4.000421156253258e-7
1.4992405984637368e-7
5.252302412577095e-7
7.421114388600621e-7
1.1271248615080943e-6
2.3404142869880286e-7
3.986417623612757e-5
8.559331717008702e-7
2.736515145764111e-7
5.579986630166131e-7
1.902142625019504e-5
2.178069086873851e-6
9.913841928171186e-6
1.6849703047714132e-5
9.123386091658636e-10
3.267270931737859e-7
8.157842927739773e-6
5.293578504535671e-7
7.756316779577041e-7
1.5587691296403776e-8
1.5943191720176405e-6
9.150003818301846e-6
4.5944022900021715e-5
8.728061916511718e-6
9.388187494148568e-7
9.92147321161423e-7
6.024000359986192e-7
6.83018977674798e-5
1.3867257911028925e-6
2.650517540723996e-6
0.00011878279074933316
9.372268009017196e-9
1.018127431170902e-8
5.81206958858845e-8
4.920205817690259e-6
1.2054407275966498e-6
1.3551620048562947e-8
2.2865519153764906e-7
1.790938859375471e-5
1.166721554868825e-7
2.8703996345143483e-6
1.9966335271595766e-5
1.0970018764341605e-7
1.139607423744946e-5
8.79503032094433e-6
1.2870162937263499e-6
3.0966029770177426e-8
7.470767995186329e-6
3.688492383081178e-7
9.689493730641767e-6
3.207782657467532e-8
5.787808261564859e-7
2.7415947409275605e-8
5.727634926463697e-6
1.9724358025263774e-7
2.5524430726031148e-5
2.5043978980235968e-8
9.963765133632621e-8
6.301631080541806e-7
2.348631648385059e-6
3.9477267307483454e-9
1.306281227473067e-7
1.8337522672714855e-8
1.142347252802018e-6
6.327840212761015e-6
1.7716720879334299e-6
7.540999289918762e-6
4.8643692560088307e-5
4.156445256779053e-6
4.066481708310306e-6
3.182031854236671e-5
2.542386228773291e-7
2.2467653278789193e-7
1.2611846185813944e-5
3.89491763926797e-7
1.275838491253545e-6
1.0608027848753059e-6
2.4234593105131554e-9
4.9419054317245e-8
1.6298078580609615e-5
9.065805755867985e-7
3.3130613491710896e-7
1.0605123303024565e-7
1.7908012207107362e-8
7.311866469092016e-8
5.207722449830468e-7
2.6584977398434017e-6
1.602650634966722e-6
6.886235323122546e-8
1.75990498011148e-6
4.057271204993661e-6
2.43982971671017e-6
3.212135666816216e-6
2.314879622423044e-6
1.6384270644753786e-7
0.0002729984426133375
4.617379399272569e-8
1.106599265266574e-5
2.2974068598487585e-7
1.196750147085396e-6
4.735950460563247e-8
2.857368450576733e-5
4.438100521533322e-7
2.976504822446104e-6
2.223676511369487e-6
