1.0150079145612507e-9
5.452553542190544e-14
3.425819876315457e-14
7.054873342252399e-11
1.2542763528361652e-14
4.622051111907406e-13
3.602401040733914e-14
1.0611044319319459e-13
1.5441339941616138e-13
1.2645457551006977e-11
4.55341927473748e-13
2.663099402983219e-11
1.7310937912451632e-14
3.093797433827084e-14
2.41948790841445e-12
5.000538669852508e-16
1.8500464203007464e-14
2.5375966161744305e-12
4.2062008386983117e-13
6.292574815823358e-15
3.1750663781222237e-14
1.0603294123417669e-15
2.142287868926659e-13
7.32006004482758e-11
1.3704478859193623e-10
1.1736994093304911e-11
3.238950379862437e-14
7.336874772241766e-15
4.037697722243796e-13
2.1569868913654073e-14
5.452602362585408e-12
1.4910981103735293e-13
5.618368978178168e-15
3.128396885463514e-13
2.0373606182708188e-13
1.3461728970081176e-12
2.4127241137404454e-14
1.5324705908259445e-11
3.293544258679235e-12
6.5559486368828735e-15
1.251042614160843e-10
7.717239884623491e-12
4.18375437038755e-14
6.354132874615305e-13
4.0503427166802767e-13
2.007206708191102e-15
1.2769776549349678e-13
3.955918129649412e-9
9.694549744355453e-15
1.8309256202415306e-15
2.274164497542948e-12
4.78020797827924e-14
4.990673838921812e-13
6.9723852622712904e-15
1.6138549930868615e-11
4.3606534438628765e-15
5.451739882201016e-14
7.671226423236647e-14
2.305340383033632e-11
6.145329255322667e-13
4.347787855667445e-12
5.485803963396078e-13
2.232181445517604e-13
4.007309062585067e-13
1.7676203045694442e-14
3.397837779715566e-14
3.001335862398659e-14
4.5644358418875245e-14
1.9813751250765143e-14
3.916413687029692e-12
1.2035674548436146e-11
5.776790844229347e-11
1.3566078690529196e-14
1.027832598772476e-12
6.6180362428898675e-12
2.991793381271091e-11
6.417981343872182e-13
1.0568206312284389e-11
9.19747845338289e-12
7.415244895939966e-13
5.559893720898705e-13
7.387332526955761e-14
4.24877570437022e-14
1.1707462572226478e-13
1.4895060173971704e-13
2.4941311376001696e-14
4.1206150242183524e-14
5.187159356369252e-12
5.102131029766504e-13
3.78883696719878e-15
2.1084191396902312e-13
5.026412632533714e-13
3.20813571514081e-14
3.669371277795126e-11
6.316835127946978e-12
3.3751484791889695e-13
2.6859653773310393e-12
3.2706495600331804e-12
7.374884913654451e-13
5.407781260727242e-13
1.9918075662187902e-11
7.527622859644524e-14
8.707637565285125e-13
1.1670261945760808e-15
9.719098045121026e-12
2.5478702450386754e-14
1.1909100683360362e-12
2.733545039253211e-11
8.437974514255163e-10
1.790365291165743e-13
5.231248497985816e-12
9.161782593155163e-15
2.931227294548753e-15
1.0121383876565195e-11
3.1234550400406393e-12
2.7264009454773493e-10
2.6836984588656265e-13
3.527600661687311e-12
5.329721344377607e-15
5.94861241940621e-12
1.0598876112185926e-11
1.6060090938214424e-11
1.5352142056981243e-10
1.3249854523929341e-11
1.5112506588501813e-15
6.181004639602893e-11
2.0097387727447413e-10
4.849213905627192e-11
2.4586591515422934e-11
1.247290495086546e-14
6.498329361135027e-11
3.505017869017783e-13
2.21121842925584e-11
2.3165232052581416e-11
2.8308846196434055e-13
1.0325830560463714e-12
1.2038365871911878e-10
8.398317921591462e-13
3.9031514699434734e-14
4.302842313873652e-14
1.0490234739765783e-13
1.2671504942181095e-14
2.4111607494249597e-12
5.46028968531722e-13
7.000981046819121e-10
1.4322989685514868e-13
2.982442369890894e-10
6.385795643705547e-13
1.8554568315847083e-12
3.032660989414262e-13
1.24502147598622e-14
3.909330956258255e-13
2.8997582979058973e-15
1.46132821898508e-13
6.284834505145731e-10
1.205273430115282e-13
4.0072888482511657e-13
1.864454177222222e-12
9.099672561336592e-13
4.466139857372572e-12
3.584016986659215e-11
7.674633610472764e-13
1.823176847578783e-11
2.3109127758096574e-11
1.1320445674703327e-10
3.539308579843664e-9
1.5944938321846987e-12
4.817395922841265e-14
5.646921573511188e-11
2.0782580816340662e-12
1.0753901639051092e-11
1.1843272506809378e-11
5.295773678443034e-11
6.572360796031972e-15
3.2662601353060227e-15
2.3441594630432106e-11
1.3377985376167678e-12
5.072601223331043e-12
5.141963401080919e-13
2.5547195485941942e-14
2.9378796644751655e-14
1.362991039854958e-13
1.0553958368942039e-10
5.535341554752314e-13
4.459345268924071e-12
2.1671965177580554e-11
2.670544980354441e-13
1.662295425448571e-10
1.6820441382185867e-11
3.0822341429231913e-10
1.5365975381685127e-13
5.455684601980126e-13
2.0006795691540426e-15
9.543626755179275e-13
9.11261349066446e-12
8.315398181213064e-14
3.754527583496474e-11
5.898348438613547e-13
1.2891771128963472e-11
1.6567783055745433e-13
7.632874827606356e-14
8.126584870183084e-11
4.2804591422332e-12
1.6286191815243265e-9
6.30937068011546e-13
1.5075953183635606e-13
2.2380614527110335e-11
2.7728268572172813e-13
1.3482405876028893e-9
1.8353752197147355e-9
2.860530828328201e-11
4.073828184840613e-12
2.723273010551119e-13
3.344246694921798e-11
3.941368463291225e-13
3.284617299166262e-11
5.113195056985481e-12
6.157954099198414e-11
1.0799162969136478e-11
5.156833464452884e-12
2.0953760547036224e-12
1.0550728604185707e-11
9.453487727889326e-16
5.3801855057417085e-14
3.360234780136535e-10
5.699841989926883e-10
6.007720387666539e-15
2.245389657207686e-14
1.7931127626277472e-9
1.1885887137614579e-13
2.684575183872963e-13
1.1285481616603297e-12
5.204232764825331e-14
3.0389421234361514e-13
4.534545627170317e-15
8.529108823096496e-12
2.4894441980772095e-10
1.5411622163734293e-11
9.897619944893148e-11
5.324484885707184e-12
2.721419918141602e-10
5.17732729633199e-13
3.95555100002545e-13
3.665521634657999e-11
4.8915455557167364e-12
7.339459417261979e-13
8.098758916303462e-13
2.270486802080156e-11
5.381346547668974e-10
6.323705104666231e-11
1.1430537894645406e-11
1.601598892518222e-14
3.3651651114885963e-12
6.056965099262377e-11
1.5973058497660724e-13
3.1284888301806e-11
4.616180918245986e-11
4.082249152378174e-11
7.31096864310282e-13
1.7135091558305136e-11
1.3391480754901895e-10
5.726825186047663e-11
8.435991799420544e-14
6.666693307723085e-13
2.385740240179576e-13
1.2587213413043155e-13
1.6364030465228655e-14
1.089783885114533e-12
3.640122530265738e-11
4.869767673785559e-13
4.94667228223373e-12
1.9515868764329587e-12
1.309348132003342e-13
1.4956663468647015e-12
1.6401338964998632e-12
3.431447721154345e-12
3.0440982332022986e-14
1.2403326820320254e-11
1.0743925696862948e-12
1.8195490288980342e-11
7.725438460782657e-12
3.219133269285986e-10
9.105105070872626e-12
2.573692996277148e-14
8.60915247088107e-15
9.934550548449125e-11
1.1609776386301975e-13
5.640703347640388e-12
2.998635479707759e-14
2.6116329780243946e-13
6.219287283773848e-10
1.7110954771168886e-11
3.485116730432118e-13
3.811707366344195e-14
3.264681416513073e-12
3.2458929775884038e-12
1.6658736792947481e-12
1.0999560418970573e-13
1.86931225574407e-12
4.2819205381764633e-14
2.3690486888600724e-10
1.8199786024987034e-11
1.0434954688868552e-11
7.722600777612399e-16
2.56529974350525e-10
4.216725595420662e-11
7.095855028377272e-12
5.952599892805145e-10
1.6314077150687493e-11
6.93701108772053e-15
1.3819216970244458e-11
2.723765335960357e-13
3.865741245647703e-12
1.425372081707918e-10
1.0497520896871825e-13
1.5428613736654245e-10
2.803904889443449e-11
4.159345384319203e-12
1.4929755771598243e-10
6.5598353169485274e-12
9.777710820009447e-11
8.755462881819205e-12
8.65625906961199e-13
2.694198595374049e-10
2.0279699542564439e-10
9.993622924233377e-12
1.6268767627995993e-9
3.141784442314682e-12
6.574101965008087e-10
3.66928941063701e-12
1.177590326563985e-9
1.944502666718921e-12
2.3015121658831725e-10
2.5557495311056764e-9
5.530260928115769e-13
3.9172182690126743e-14
2.1718494474651987e-12
7.492371071762601e-11
2.750367555988094e-12
1.4402956226721327e-11
1.2133791092399564e-15
1.4646110405804347e-13
7.095328703708759e-13
4.191059705306687e-12
1.8186884515415065e-11
2.4132859031754944e-11
1.470527559132331e-11
1.0321638917479195e-14
8.999884534696309e-11
1.4683272068543326e-11
2.4464005186915973e-13
7.063414431670559e-12
2.5660730175178043e-13
1.61789676022179e-11
8.946798446304623e-12
1.203012665620364e-11
7.737939561196571e-14
5.117240984873215e-13
3.153846608269801e-11
3.407944458949364e-13
5.116849402284494e-11
3.0738942935125704e-11
5.778977553200458e-13
4.6788464806098e-11
8.328800483309624e-16
1.0824751307782529e-13
1.2485710953785406e-10
1.6087162588041114e-11
1.0044516772963269e-11
1.948032876050464e-11
7.146762155552805e-11
1.6579410551065635e-11
1.2177706763953735e-13
2.5097046912732343e-11
1.9386335709934217e-12
1.1541820428376011e-11
9.471600722198535e-15
7.734369848927062e-14
3.1697697436687233e-10
1.8536591059787576e-14
1.2861379551553146e-10
6.929291196704696e-14
2.0530624817895162e-11
4.088418132348678e-12
4.8826378242637e-11
4.58852471604975e-11
9.62018296212013e-11
5.046400720826126e-13
3.640280188132814e-11
2.2118945398720185e-15
5.584609952608651e-10
1.1264702628816692e-10
2.59429070566109e-13
7.335261700625587e-12
1.6233074381621098e-10
9.071686881738417e-13
1.0331587245068127e-13
3.283399269771683e-13
5.488105209431221e-11
5.725165976656368e-12
6.204663177529187e-11
1.226869294171882e-13
1.883102879212693e-10
3.1382043720837964e-10
3.160969415221385e-12
5.437202093248077e-11
2.743245514374047e-10
1.4827035577415444e-14
1.6018832084845354e-11
1.1252875446512239e-11
2.5438961194461427e-13
2.345419475003344e-14
1.520759323303095e-11
3.981220529741244e-14
3.5608020049968727e-12
7.102606779331793e-13
3.0979720950870956e-12
1.4557563476111392e-13
4.851230408959167e-10
3.116924022575168e-13
2.4776406372050027e-10
1.0388067111749896e-10
1.222049384958128e-10
1.2467010121597895e-9
7.444936269881549e-11
2.368858763428677e-11
1.4432038034905979e-10
1.733792029293723e-12
2.946555369561913e-10
5.964258153879493e-13
2.3515727699464136e-13
7.044232705852518e-11
1.0238628029230097e-11
2.0716534426289058e-13
2.567502566931516e-11
4.617477876174508e-11
4.611446526540514e-11
1.110351009991754e-12
3.3378214476701145e-11
8.598692483610385e-13
3.173648248708647e-10
8.67946043014437e-13
1.555944708001161e-12
3.806464622437493e-13
2.143997763643545e-12
8.8901371802167e-15
8.240246476640802e-14
1.079004125705632e-12
6.430693796201112e-12
8.074817500133498e-10
1.3547846747615332e-10
5.260794179844456e-13
5.1571817245895216e-11
1.3156479265008646e-13
3.1531235526539647e-13
2.6635954259230557e-11
8.930124700409008e-12
1.2721481157432933e-11
7.232341593621809e-11
8.514482447708028e-11
9.917610956795014e-14
3.2469555131692076e-10
5.479656649028647e-14
1.957565791311582e-10
1.4582530760798118e-11
3.436783139313573e-11
2.527371409861225e-11
3.8251007482062576e-11
5.072297476370896e-11
1.727668726627183e-13
3.157585637365259e-10
9.079742530906283e-11
1.9865090673662305e-10
1.416375628645255e-12
8.233046209307004e-14
2.0811779921715738e-13
2.1964992347189652e-12
5.3553049349742465e-11
6.115089069671505e-15
3.8602733094292964e-13
7.141957162243936e-13
5.542170603060724e-11
6.228553162773516e-11
2.4797684272966463e-10
3.324810512141647e-11
8.286020055599424e-11
2.3948238454348487e-12
1.0181197967302009e-9
2.9042011541369253e-10
1.3505998272091715e-11
3.529521039744225e-14
2.666150242508902e-11
3.9413664518584636e-13
8.516138861156857e-11
3.998983452383245e-14
3.07053647667119e-10
2.1891337854101798e-14
6.227840079912665e-11
5.850662114873868e-13
1.8976846830189872e-14
1.1941502960326177e-11
8.067099635855209e-12
3.3784947216454967e-9
1.6190602024619512e-11
1.8953613747415445e-13
2.881490198748681e-12
6.348519698267689e-10
1.6960189586170744e-11
2.7558921417162266e-10
5.981575915415507e-12
2.132447729927658e-11
4.373904665287967e-11
1.1797675764625065e-10
1.15746944885057e-13
7.99517590551991e-15
1.119351453067105e-12
1.2742632982321457e-15
1.102207021772058e-11
3.294532526647814e-11
2.4221297178225256e-13
1.3427527861530216e-11
2.907770403436553e-13
3.931872891911377e-11
6.274984290257552e-11
5.193900631631278e-14
1.62820367705927e-12
2.1233759627045266e-14
1.413725690615235e-11
4.360266690207008e-13
2.416781278833485e-10
1.4568896633959135e-11
3.9659243542054736e-11
3.3360804377883945e-13
6.696989994242955e-12
6.050412788573674e-11
6.7938753550846865e-15
1.2783268779785753e-12
1.0476140315100217e-14
1.2855060653943706e-12
1.712147729396732e-11
2.8811088246040456e-11
2.035629792490091e-13
2.530113654266983e-11
1.106165555412134e-12
1.105947659662423e-10
5.796962685919356e-10
3.0319367477331186e-12
9.397779472103587e-11
1.1822693146308833e-9
2.1880561333049206e-10
4.645413161685373e-10
7.537092194089776e-12
1.548765502269338e-13
1.7262198715104704e-10
2.3352538174693893e-10
3.4219026516131834e-13
2.8907102826609275e-10
2.301084872576252e-11
3.289668356623693e-13
1.863170930614468e-10
2.0729095747098772e-14
3.2982337432146736e-10
4.69583819111763e-11
1.9342698953600684e-10
7.069112317767708e-12
1.408641605211708e-11
2.3539977643699756e-10
8.484527754667674e-11
1.3030411158151924e-12
8.506817898159001e-11
8.379051149297751e-11
1.002847830468453e-11
2.741878558207879e-12
1.163358439264967e-13
3.382377574639177e-10
3.1733652869921627e-13
1.1533661447372931e-11
4.608047245315217e-12
2.366081126244131e-10
2.578673434924373e-13
7.323853583793211e-11
3.361930169161013e-12
1.845417285589263e-11
6.31629889017154e-11
8.236893150080572e-11
1.3211501032360338e-10
8.887584190767579e-11
5.989041326204393e-14
1.637285664414021e-10
2.271684073102594e-9
1.2417074330431007e-12
2.7693451707237356e-13
3.80184790316154e-11
3.961307311060096e-13
2.372109531938779e-13
2.246558775126718e-12
1.0598051877108897e-11
5.837405203736354e-11
2.942171047843238e-11
2.695397039552813e-13
2.1944923347075604e-15
3.400156269042754e-13
5.314758643651156e-10
9.145747175322159e-14
9.11588301567442e-10
2.0349713646709184e-13
2.976833209466868e-12
9.210967130952314e-11
4.5233190051952745e-10
7.902257630539384e-11
3.9774270060401327e-13
1.4650042460648051e-12
8.408052612315178e-10
1.4926368129035588e-9
1.5483070053155136e-11
3.450324417353696e-10
1.2745167089142119e-12
1.194652319514631e-10
7.526906299761266e-15
1.098511834773195e-11
9.56916156831124e-11
8.27557339322342e-11
1.8357120079136553e-11
9.781764277202532e-11
6.951290325273744e-14
5.683405083117943e-11
9.194496676209462e-11
1.3639492446556895e-12
6.008107280780444e-13
5.775058178754253e-15
7.962079826544649e-13
1.8930224621472084e-10
3.276733102506391e-10
8.71384050321962e-11
7.608116107461276e-13
4.4837966786178574e-11
1.4469203380412755e-12
9.601953738549864e-11
1.6082055565992306e-13
8.723548239466642e-11
2.0880867577420204e-12
4.8258284774551e-13
2.761306867848454e-10
1.0497967206337074e-15
4.826507437841451e-10
1.2428507234001245e-10
1.256356774873441e-8
2.976113407441405e-13
1.7497170876374012e-11
2.4557505872574477e-14
2.932509156891217e-10
4.0028183130258214e-13
4.101436663064186e-11
3.872074190409918e-14
5.0094894170206725e-11
7.552839868147351e-13
3.79496249408633e-14
2.051462077885877e-12
8.455380175026831e-11
4.728300935646785e-12
2.419957510607291e-13
4.719496680252446e-10
1.5909375659348415e-13
1.4391180955433853e-11
1.211834834398533e-15
1.1100929718420483e-11
1.0044148851180126e-11
3.526152087994598e-11
7.956936657600187e-12
6.102001249713814e-12
1.3719703580885065e-11
2.295729586297067e-12
7.446581766154749e-15
2.5602915138154925e-14
5.176565891437876e-10
1.5086804734765144e-11
8.034901730287669e-11
7.771301928665472e-13
6.980313771465056e-12
6.010642171614413e-13
2.122055993335897e-11
2.0714249612581586e-14
7.793266300131201e-10
1.2237790466655206e-11
9.788799679385139e-14
1.037178044221997e-12
2.2642083852833e-11
6.813707010001979e-13
2.758670979764865e-11
1.1492256302665712e-13
3.279858657591102e-10
9.910248632015145e-11
9.665616476578515e-12
8.306577862668725e-12
1.537698758211606e-10
1.8262806905164136e-10
6.625977710490976e-14
7.98267569073428e-13
1.7280769958807757e-13
1.2463593244362498e-10
1.351510709059146e-10
1.3442066426497299e-12
1.485367014206276e-11
5.369546565537792e-13
8.692456125233108e-11
4.731760923040677e-11
3.992826745176251e-12
1.7646629911492791e-12
1.01470291619117e-12
6.162514262284285e-10
8.922849105463666e-15
1.6863709367695835e-12
3.0051819553831834e-12
1.0034117808168048e-12
2.9101359377539572e-11
1.4449930639372682e-13
2.0058881794588094e-11
7.944309486262098e-13
2.07395606826481e-10
1.680117953304286e-10
4.506921984133179e-13
6.898560838097466e-13
5.1657179175118e-12
3.820171369675089e-11
9.804260347529775e-11
3.166886347620336e-13
1.3108834391385746e-11
2.0144691771807357e-11
2.4148568925708783e-11
5.1809031346554804e-11
2.2620489333115336e-10
1.9528017331213426e-10
1.5857748563995446e-10
2.3963461915777983e-10
1.5378310886533082e-10
3.876536419910265e-16
2.095568488821565e-11
3.46086168450344e-12
1.5400156217741528e-11
7.31178340749161e-12
2.8651205352291615e-11
1.1575437680232312e-10
4.173721506594561e-10
1.5827108798701552e-12
4.105848255227579e-11
7.517784497950209e-14
7.463219619154438e-11
7.166455643008491e-10
4.490038151893526e-13
3.218912051331171e-9
8.57511182743578e-13
2.0173968243873065e-11
4.327135245234954e-15
1.0458491416492446e-10
7.848309569228924e-15
7.355592748867839e-13
3.254121039920948e-11
3.1151853705199497e-10
5.533766022937498e-11
2.0664738329592617e-14
5.50743629877215e-11
7.864331234612604e-11
1.0886884690805167e-13
5.977121893633085e-12
6.437383432186003e-15
2.1078227521769034e-14
6.665515303040485e-15
5.478005866113731e-11
1.3296952620234448e-12
7.555599827318228e-12
1.0571599966278753e-11
5.0068358094268147e-14
1.1988511294519244e-10
4.833006962680948e-11
5.178393371567745e-11
4.87131318682836e-13
6.8693907264768915e-12
6.798525123290731e-11
1.3397238645939843e-11
5.499687846190996e-12
6.850174276574541e-14
8.673128537494002e-13
2.3462409382880955e-11
2.2076877745204416e-11
6.546403774882031e-12
9.736460339350518e-13
3.0456625531439406e-10
5.0125412873723694e-11
4.923427596582651e-12
3.9357972421359354e-11
1.52414999871884e-10
7.118967656167476e-14
2.938182022714218e-11
6.407834800925389e-11
2.0978616524431876e-10
2.115076976847544e-10
2.5254268527366403e-10
4.863618491152151e-12
1.1519488272813237e-11
2.261552948191197e-12
1.9884234526509904e-12
3.7509547406299734e-10
3.666164802054841e-9
2.321363451950454e-12
1.830335246546679e-12
1.3693512802914696e-11
2.7099060288262026e-10
1.2585287447761935e-12
8.294821437002681e-11
7.535893567956315e-10
7.440408129668755e-11
1.3509892848065562e-12
8.428793185351511e-11
2.941070585007311e-10
1.6758959966701802e-11
1.9642499532959195e-10
4.576881378716812e-9
7.115745909404702e-14
8.71378977350427e-11
8.043025635423434e-12
4.1193240663531114e-13
1.5595851320848458e-10
9.627520803681135e-12
2.0817787340287274e-10
9.387771253248265e-14
5.914017728026663e-13
5.836703787495318e-12
4.8195084655041495e-11
2.6454422316033915e-12
1.1506425143540251e-11
1.0151865755127766e-13
2.775803266298073e-10
2.288612415971118e-11
6.056359959680091e-10
3.018091312692853e-11
1.4638276233640246e-12
5.565598106372797e-11
5.4920017310034996e-11
1.1254854670913371e-9
2.211976399462594e-11
6.249361642412535e-11
1.1291343095663151e-10
4.78476814172802e-11
3.117079594564359e-11
2.380304904974385e-10
1.035344441608787e-10
1.5461520850610265e-9
5.244583605311678e-10
3.5377177655296588e-12
8.67914373765672e-13
8.265774504007634e-14
3.682575807609865e-13
5.723386744345577e-11
9.55921207162433e-14
7.204545572399639e-11
4.263985775591495e-10
3.357611468679358e-14
5.145006938300171e-12
3.969455095912832e-12
6.856943593997697e-13
9.701912502632828e-10
4.803802102506793e-12
8.025935670692807e-15
4.542160235445526e-11
2.2304424407789526e-11
1.430839476028291e-12
9.629806519847894e-11
1.0816085093689665e-12
1.701075397615076e-12
2.1895422794208358e-12
1.1490020920089527e-11
2.590847077995835e-10
9.510150777806424e-15
1.1049594862785064e-11
5.456665744627974e-10
1.4415300820074538e-11
7.723694613973668e-12
8.739457794000707e-12
3.665933565191769e-13
1.7786248741034181e-12
3.388438568873789e-12
4.3966627013521293e-10
1.2151026052393558e-11
9.3056054923555e-13
2.9025557031099225e-10
2.1428517322686037e-12
2.202645889147588e-11
1.8178494859223317e-11
2.777518438034541e-10
5.4576326557084735e-12
2.7803640571331278e-12
6.78886531930298e-10
1.174497747951146e-13
3.278716671115666e-15
5.5814171619958275e-11
7.486521745016016e-15
1.1387482591084476e-12
1.07914055525082e-10
5.604725564876195e-13
1.3979654836442482e-11
7.153573683454284e-14
7.304386118409606e-12
2.6662490156176822e-12
1.102777613665178e-11
1.7362872624154387e-12
5.067330851660079e-10
1.2440721338347427e-12
5.146007943834337e-11
4.106951459058358e-10
1.0219640582427217e-9
2.6713832460957576e-11
1.8127750670733837e-13
2.7566424031095194e-12
3.756669736669649e-10
1.3565202681063798e-11
9.414531119788055e-13
1.3646901562577448e-11
3.374534411749823e-11
4.5028856348406966e-11
7.823099998151009e-12
5.166380129342294e-12
6.672010082081272e-14
1.2063845589443046e-11
6.418362546962534e-11
9.911156396890391e-11
3.7064893460189384e-11
4.671756950922494e-10
2.4404377260279515e-10
1.0157356506481869e-12
2.3268037970782384e-11
1.1427380366118656e-11
9.358273144773672e-11
2.555764631873587e-10
4.2931114896852733e-10
3.4113922296630795e-10
7.767485028717127e-14
2.2798609668897463e-11
1.797867054417271e-9
2.6485054247123627e-12
2.971705380384512e-10
1.7317432431433185e-11
1.415219685533531e-11
1.9628863620803947e-12
1.2959395481420053e-10
3.447285973873462e-10
2.935418170240691e-11
5.307003707992313e-13
2.4582578176845263e-10
1.1777438897561604e-12
1.1295505169909408e-10
2.299750712832515e-9
1.04455805500386e-11
3.042352374723513e-10
3.635080252195256e-13
1.1342690742487041e-10
1.7549434225582115e-11
7.027025754256228e-10
3.627807457036582e-14
3.78225675050809e-13
1.963773721430607e-12
2.991279182567784e-13
7.546298761080438e-11
2.1559303869534253e-13
5.989912621819425e-11
1.6840517206443257e-13
1.8237694285022658e-11
3.162587487415033e-12
3.3336167524006727e-13
3.019524822620686e-11
2.0818401169123455e-11
9.282180500499237e-12
4.829475059069182e-12
9.67060815922917e-15
9.721368551482984e-13
9.101882328046664e-11
4.303143661356685e-10
1.3691258691091528e-11
2.0694529422689195e-12
2.3262952217555047e-13
5.688554074712233e-13
3.2897678154663854e-11
4.231697497360489e-11
2.6799331398685477e-10
6.103552458143592e-10
1.460365120049592e-10
1.612318021557566e-11
3.5537980837412114e-10
1.5232107172618316e-13
3.165487340792949e-10
2.7712392763079505e-12
3.269285619095535e-11
9.287076619991305e-11
1.2415735806577311e-14
9.524232867220988e-13
2.6429500988644874e-10
4.6658284194179345e-11
1.9559883725640144e-12
8.641656432675473e-12
3.747158915111756e-10
1.579595343102849e-12
4.175171975456754e-11
8.755993283245486e-10
1.1507665390013896e-10
5.143215984322404e-13
3.941463021174559e-10
1.1134247159735397e-14
2.373923418763952e-10
1.5280269674156998e-15
2.6829732701775152e-11
1.2067133854399451e-14
8.148643299776943e-12
1.4455455616592492e-12
7.080254692740819e-13
8.989423296630471e-13
1.399206073859271e-10
1.2549705144130268e-12
1.3800171780198807e-11
3.839827127670631e-13
2.0745557653799683e-10
1.906664326421509e-11
1.6598481231824564e-11
4.457258911128484e-13
4.152567460400503e-11
1.8530124926811987e-11
2.243057617594574e-11
2.2668821659068101e-10
7.036546325992656e-12
4.2767835884561053e-13
3.397956339736232e-13
1.2286685315549716e-10
1.6058369023672112e-11
5.598203414979769e-11
1.871629073156897e-12
2.4658617020264996e-11
2.546256922062011e-11
1.1008424252522153e-12
6.195224486399773e-10
3.5462374722252487e-12
2.5029431261883013e-10
1.8931792708938714e-11
2.3629820406988836e-11
5.4568809042512445e-12
1.9287044554218896e-11
8.681835679353053e-12
1.3403632094478476e-11
2.9639099420818528e-12
8.0873096342919e-13
2.253789007801198e-11
6.598371493222635e-10
1.8126531483492746e-11
6.5995498474498236e-12
5.171206792183752e-12
1.488993490021064e-12
8.228414949789724e-10
4.827297956575855e-11
4.681492920989161e-11
1.4185022208501905e-9
7.087600640441276e-11
4.682700864594989e-13
3.681792323427186e-11
1.0814462745809564e-12
5.678422154895704e-12
6.341056739997475e-11
4.059673742815663e-12
2.784450352265644e-12
6.03614334936624e-11
2.717258163923174e-10
6.867612858826678e-10
2.0256146428019944e-13
2.9125198172618946e-11
1.809521577261813e-11
2.8244863389211953e-11
1.4474705998861921e-11
1.9163549853656063e-10
9.085728406836568e-12
1.0498459435025218e-12
1.375137598473334e-12
9.095193627933621e-13
3.5329919195037983e-13
3.731343617047904e-11
9.001408689502198e-12
3.7204319851876233e-10
1.933588113327642e-10
4.2122338780082503e-10
3.7362150458027474e-12
2.947427085165892e-10
2.5796035446393575e-11
4.247821750461297e-11
1.382476160697096e-12
1.0574082198993198e-13
5.864569152489135e-11
3.8093126395740514e-11
1.7237844081009627e-9
1.249232464310732e-12
1.4867166309772794e-12
1.2197231955194142e-13
2.5620191129783474e-12
5.1838064125308065e-11
4.821892741830427e-10
5.3541294210739185e-12
2.9237454893776624e-11
1.9389513547110182e-11
8.515443251873196e-11
3.576069838011749e-13
3.678626008509408e-10
3.382137769939047e-11
6.100521900409165e-11
2.1767876468798597e-11
2.2140146508385498e-8
1.3963133899780472e-9
1.528073084386525e-10
2.1988875270772846e-11
2.453074451969062e-11
1.8869158870339385e-11
1.1021621997448246e-10
1.0655271726966416e-9
7.346178249061237e-13
1.092265741046777e-12
3.488433334922996e-11
1.5173134853742277e-12
3.417400144163989e-12
3.089806146395822e-10
8.476643886482438e-11
7.728132203662472e-13
1.8885793492509534e-13
8.211599345735725e-10
6.135167123835972e-10
3.938923259811459e-11
1.7673861013256375e-11
4.1194752774930904e-10
3.0329853646356112e-12
3.556305173624835e-13
2.988392273770192e-13
3.410683731996519e-13
8.178600547347808e-14
9.201593724008515e-10
6.57924585282357e-11
6.345523683963377e-15
1.3329890125989476e-15
6.997431819332536e-12
2.2137039241561713e-11
7.073884185162764e-10
2.9574647731829687e-12
1.0252933890567843e-13
5.170658705103049e-12
1.1735175317204258e-11
6.32103226544268e-11
8.223092135236479e-11
8.432231855093366e-10
7.88093994178658e-12
6.737817576057378e-11
2.5033558043822974e-10
2.5684230460561096e-11
1.1562054713963616e-12
3.823158472149822e-12
3.433377300677709e-13
1.8262953886040134e-11
3.856998263941482e-10
1.0094652680719541e-11
7.808355234194307e-11
1.0201937100230547e-11
7.0717237987146674e-12
1.487659225780596e-11
5.814701304856342e-14
9.756456919396278e-11
5.819143646466361e-10
1.2147340001240468e-10
1.1362496169971878e-12
6.687144529115214e-12
8.367173437355822e-13
1.192099980343406e-12
8.167268171539179e-13
2.633577186994147e-11
2.979187258414264e-11
3.7323901717809906e-10
3.096861891053852e-11
1.2891416133181318e-13
6.781206975405758e-11
1.4644013996908251e-13
2.12137236225602e-10
2.7071961798972964e-12
3.1763998073646446e-14
5.0302037100963704e-11
2.3426918058893774e-13
8.314675339459401e-12
3.6551289775790386e-13
9.691462937692647e-14
4.066254095832747e-12
4.017235540450005e-13
4.847993509547465e-10
5.486605590786147e-13
2.5836001036407285e-11
6.524784009797192e-10
1.607078639064747e-10
2.3023733603885e-13
9.712062981333593e-13
2.2467322408780844e-10
3.486160097218904e-10
2.6080599316033932e-11
1.3345226412442327e-10
3.033055595365119e-11
6.956441434988364e-10
1.7892237335986294e-11
2.7497049712104806e-10
1.0067506990156705e-12
1.5011535466982437e-14
7.66917964719571e-14
7.95855243068096e-15
1.5375767470550548e-10
2.9243826426629255e-10
1.5979466753325866e-12
3.4559921540401243e-12
2.3021271502163615e-13
1.2413635002531878e-10
2.406548636673396e-10
6.492214898631048e-11
7.809850998395828e-11
2.427692720707054e-13
3.5945685431540973e-10
1.655534510325087e-11
5.8146706046381045e-12
4.0105529468334026e-10
3.429690048240887e-11
1.4761297536779014e-11
6.774973028899785e-13
5.963906752848431e-12
1.1257299961925142e-12
2.4059040977723602e-12
2.1691428823192045e-12
1.325389659808107e-11
2.8696721122708107e-11
4.847671591907655e-11
6.446423845400049e-12
1.2071443803948705e-11
3.687244306653586e-11
1.0794652577450075e-10
1.5468110113998774e-10
2.867871735710458e-10
1.3975709432292581e-9
2.347141257110859e-12
1.3725055580294332e-9
2.1699117301413885e-12
1.2043009134872663e-10
2.783486817004908e-10
4.1598946711606785e-13
2.1057353097236994e-11
3.070088599459085e-13
8.992439987247381e-13
1.1579590822392488e-11
6.194072016360128e-13
1.0634822786710616e-10
3.889180319303801e-15
2.9811141787926897e-11
2.64490266075141e-11
4.3291951939028713e-14
1.0043939570772893e-10
1.2978630252977404e-11
1.0301377085825366e-11
6.381616375115075e-11
1.6852385040593607e-12
3.572361484232086e-11
5.6740209564632034e-12
4.407856896355105e-10
1.8790127637507665e-11
7.332661943852498e-10
8.650944325668053e-11
1.281990420678558e-12
1.6873786053285482e-13
5.034441726310512e-11
4.0804226834862303e-10
1.6490068198785763e-12
7.0156717915473244e-12
3.765863722063559e-11
3.295887020167095e-10
7.97089624978785e-14
2.4318256709239935e-10
3.3955796451045446e-12
3.4395213435906025e-11
