15.065336863912153
12.662800277231991
11.499719678037403
10.865434591653289
10.477134915409547
10.171542351613192
10.061459489132387
9.91856136974896
9.757224615277384
9.569371843750789
9.38821672710944
9.194339313452694
8.989311047634654
8.791482463955639
8.629732185583492
8.466176101779169
8.332049691903563
8.185332307583995
7.995619037548753
7.8155332973385825
7.655343445173308
7.529935600293509
7.423712777591188
7.334178191298747
7.2505285046744525
7.168449723955611
7.10827531597069
7.06026992117193
7.014794715229847
6.973205920085267
6.937335762283247
6.91135587036155
6.893961395087459
6.873562044777174
6.854216935658684
6.8403129575869706
6.826895234211687
6.812348336340197
6.80127842697684
6.790771070873589
6.782031678038262
6.773160293282526
6.7666945895545325
6.761623309046016
6.756358642901066
6.749706950379231
6.742572465054394
6.736556459850437
6.727923514071946
6.720911745061343
6.701208287010729
6.670424427057835
6.626516999631992
6.570770371775588
6.51130490303057
6.454890157779207
6.402889075480683
6.351684727753824
6.303363516242133
6.259631806271653
6.221783186340065
6.188520224446595
6.159575990995108
6.13400425264415
6.110953429520386
6.089874712272454
6.070717185638022
6.055893278175052
6.041596753214851
6.029261533799724
6.019096526148132
6.008189412396682
5.999628176097172
5.992242211124218
5.9844737402734545
5.976242205043455
5.967746104401723
5.960178813144726
5.953519771829924
5.947247130769785
5.94222458969686
5.934957864994267
5.927783467826956
5.9214414817378405
5.917714412580082
5.914955021298201
5.911954412094492
5.907975040999029
5.903983090386635
5.871938416544012
5.680162773783472
5.621584153973938
5.549334845073506
5.536842564130154
5.474732171386105
5.21662821513109
4.9914017261869414
4.780238083748738
4.605094035618121
4.453911473565194
4.3286286871264235
4.216539516084779
4.110329453870822
4.01713842054777
3.931204018955153
3.8459604280278663
3.7633200236030184
3.7048007088908097
3.642091946410715
3.587516179051076
3.540596648714759
3.485711257221819
3.4299133328483764
3.3776759885912986
3.314379227185926
3.2512574354981663
3.1851416544241626
3.1275893962655585
3.0546767796988448
2.985391941132801
2.920884827695305
2.85835378810589
2.7946704246223817
2.7429508213890834
2.6926650758505666
2.640962578198409
2.5957369679611197
2.553394896442051
2.5113496766349455
2.473511685509628
2.4334025485479787
2.3935682092986967
2.3570283683663398
2.32537687305745
2.2962638482226634
2.263996257964216
2.230552671254647
2.198878007575537
2.1642408000632933
2.1304243207453677
2.087020521347174
2.0470080318582715
2.02003294192167
2.004033586843664
1.98706117647255
1.9661360616945824
1.9415375845290823
1.9135993041964428
1.8887242866126535
1.8646187209118068
1.8397091317110137
1.821373401703208
1.8032754395196395
1.746350158142704
1.6985136271930799
1.653619749235637
1.616322983087251
1.5865621442991102
1.5608813986984753
1.5412519773647446
1.5260458037617122
1.5140177264445267
1.5024278848569868
1.4944243610371402
1.4865241514489043
1.4796328650756667
1.4730202287776741
1.4667091142337645
1.4605659444018002
1.4545038069121938
1.4465355090466883
1.4379105162650667
1.4311335954127173
1.4248414486730656
1.4186187839397482
1.412855676880139
1.4075597438329144
1.4026739277752789
1.398234690467576
1.3943836104776661
1.3899954676922928
1.3854356962596892
1.3817284053006
1.377670220651292
1.3743172118615643
1.370682768681693
1.3669342346907225
1.36360789203143
1.3607277256204267
1.3576116966237413
1.3547033755128952
1.3516904367505544
1.3490056617126758
1.3463154951064773
1.343886715310167
1.3412947222604519
1.3391272304289856
1.337449198432937
1.335840901146498
1.3341264372720048
1.3326991489038518
1.3310438145563381
1.329636600318727
1.3278192467027488
1.3260005207732322
1.3242225778129093
1.3226454932647602
1.3211163735276372
1.3193630659822366
1.3178160580986242
1.3161589281442483
1.3147169672146353
1.3133063712960054
1.311822964233806
1.310417475180742
1.3089146098296904
1.3076948089394609
1.306439946803085
1.305042502381501
1.303754622893602
1.3023641371378858
1.3010707156301295
1.2997892523641283
1.2986860910539004
1.297545303979545
1.2962121422524238
1.295167073905965
1.2940014594248828
1.2928285547857055
1.2915681488068733
1.2905991506414232
1.2896055631418823
1.2886415633856005
1.2876246005623173
1.286623113096577
1.28568534598321
1.2847142746071079
1.2838124456735596
1.2828472307273326
1.28179925843975
1.2808201551212823
1.279848568368875
1.2790633492816958
1.2782545422897194
1.2774128528026374
1.2766220207922263
1.2757678929216496
1.2749168860258777
1.2741599200217983
1.2735012820658698
1.272706761671195
1.271897440593448
1.2711850092112522
1.2703710512871247
1.269671876846835
1.2689107708008631
1.268135870031509
1.267225746466142
1.2662511317533118
1.2653739239599329
1.2643605357683567
1.2634643630369142
1.262615547899336
1.2616651684949485
1.2608050753285376
1.2599179179223565
1.2588769351142801
1.2578830339725577
1.256964185636293
1.2561040193095785
1.255225269339868
1.2544540129477113
1.2536398683173537
1.252821966942789
1.251999545100448
1.2512216361489692
1.2504648220173165
1.249635188796856
1.248755664434933
1.2480387062125198
1.2473069536419485
1.246687960454139
1.2459102344124924
1.245307916654184
1.2447554264486849
1.2441106608535337
1.2434069132858925
1.2427911197440267
1.2422032907279856
1.2416663969931685
1.241122430415727
1.2405793862726489
1.2400112167637767
1.2395555090300032
1.2390913184347374
1.238639767080814
1.2381773959928655
1.237753195621269
1.2373831256164332
1.2369786936216887
1.2365795269077813
1.2361798697897797
1.2357967445434745
1.2353592220712963
1.2349478130828233
1.2345890278367948
1.2341947797752413
1.233795251018062
1.233464412321963
1.2330875837755864
1.2327185532173042
1.2323577645234813
1.231985210496945
1.231617830611503
1.2312453835629285
1.2308686853401545
1.2305782312466222
1.2302227618057504
1.2298551138356277
1.2295122022959122
1.2291935324011414
1.2288422037962663
1.2285447555447098
1.2282586574050098
1.2279856926296064
1.2276835210849457
1.2273712614576988
1.2271073180275263
1.2268268417975303
1.226605259880385
1.2263988075910692
1.226153624857532
1.2258988760198246
1.225622441196701
1.225394871956209
1.2251410139302665
1.2248859883328107
1.2246282311511187
1.2243869828080998
1.2241610154098383
1.2239194257429986
1.2236891278767814
1.2234274266623197
1.223191993335238
1.2229653257301791
1.2227340114602008
1.2225019633830723
1.2223224871537788
1.2221001815834036
1.2218711535347815
1.221680820130688
1.2214924201327726
1.2212980941603586
1.2210431719760226
1.220867807428613
1.2207002228551866
