15.053801306063761
12.646349504499355
11.479137167536903
10.855606893009849
10.552555675790112
10.179190320749692
10.07680033700081
9.94156091124667
9.79197081250173
9.621726279828925
9.444984126016786
9.239256796896496
9.019212763871668
8.809581264318034
8.650663983720449
8.477265829156647
8.330431521196374
8.168804480820793
7.967192260905158
7.7842473090763455
7.628833200851732
7.527813248620475
7.413500907949569
7.330456121588277
7.251216927987329
7.173819861560304
7.106007073282065
7.0534340764674965
7.010900996410886
6.968604380647854
6.93523178999348
6.911195578987879
6.894913676213683
6.87453571240286
6.855655648943891
6.843320572145139
6.827942487992001
6.814897848619058
6.802866500806374
6.793146332603602
6.785100765406359
6.775804171678203
6.768829701990377
6.763878870999541
6.759847852985722
6.754952950302091
6.748787946675925
6.742167316741924
6.73488281947613
6.727319029601755
6.721085914917513
6.706749421096671
6.674240258547105
6.624883651380344
6.561594383987199
6.499499865966708
6.434140104618191
6.373175954357379
6.32181318473377
6.273697786120355
6.231310148043757
6.193904549725765
6.1630346718679725
6.134230829023316
6.105939913481766
6.08366346745073
6.062175587763409
6.0441088111351124
6.027036177528478
6.012249701250784
5.99981035220701
5.987565711719078
5.976342791458091
5.964991965346957
5.955302832399946
5.946231650218184
5.937684592963331
5.930079255030044
5.923251156701653
5.918095809600985
5.915157386703081
5.913067741017123
5.909113912893602
5.904873829756443
5.901974436347341
5.827452774754573
5.582482400898126
5.374997595624542
5.160870227268765
4.954012150785571
4.77640434301286
4.626108590474365
4.489706042064196
4.373882369474794
4.2421458094633575
4.112101982582411
3.9829069215052364
3.8615551163763433
3.71716895600985
3.5761683923136562
3.445743074391417
3.333513287777537
3.2378394063127214
3.1505609880332077
3.052658605225675
2.9609947868278086
2.877999393009506
2.7992073831798177
2.7194901073784017
2.62867952407794
2.5301295540931683
2.4185300807249783
2.2923735035816524
2.1560209376539374
1.9854434177491642
1.9156463811847901
1.8748864235273999
1.854823535156683
1.8407393067727638
1.8175342294918124
1.7430230480733533
1.6896373911727656
1.6480993003618032
1.6072355773301918
1.575367723911853
1.5509160571761926
1.5272443554883752
1.508043004894006
1.4912855482449352
1.4745335448442356
1.461783160351703
1.452168916568878
1.443617768698629
1.4354500562875634
1.4307271760629403
1.427021719878673
1.4234836916542157
1.4204128044352444
1.4159262446483787
1.411931767385358
1.4085590554864877
1.404747348548054
1.401027513937124
1.39747811542951
1.394415398008844
1.3915450965086382
1.3886096926789504
1.3858216998402497
1.3831050270730643
1.3806438445523392
1.378079437166563
1.3757001356166034
1.373583057094498
1.3714213568955849
1.3695259456555169
1.3673033746921277
1.3654309890369571
1.363513250789107
1.361664822306956
1.3597163181287435
1.3579807318674826
1.3564352214256283
1.3546788836816912
1.3530911594487973
1.3514714263397396
1.3499066464552314
1.3484681373850114
1.3471270805704512
1.3457504400280822
1.3443902200655327
1.342982940662531
1.3414877650736603
1.3402688431550223
1.339116805828806
1.3378570022810692
1.3366553610371312
1.335414659576716
1.3343081876272738
1.3330888247897077
1.3318636628975167
1.330634351892285
1.329477161043986
1.3283217698547976
1.3271055206649223
1.3258828810068461
1.3249525309950672
1.3237449706123385
1.3226493710798684
1.3215041283232232
1.3204577504733157
1.3192585557371705
1.3175152960450376
1.3158948434690654
1.3141649085758838
1.3124132552321006
1.3108295762432496
1.3090282367823818
1.3073352120106092
1.3057284494802435
1.3041347987659035
1.3026178437485871
1.3010315495466163
1.2995995886001204
1.2981098373290303
1.2965388506193083
1.2950071445543365
1.2936775525986208
1.2921216744396746
1.2908836210167438
1.2896493210659425
1.2883809013064118
1.287302136337841
1.2862033989974844
1.2850231079170795
1.2838551771310875
1.282830594354797
1.2817640138028539
1.2806858967466903
1.279743785186871
1.2786227649074
1.2774927001711065
1.2764862143748
1.2755137516703172
1.2745827062906345
1.2737236122283067
1.2728475186280601
1.2719486975059073
1.2710288122175344
1.2701278467195891
1.2692937746637236
1.2683888996887749
1.2675763566668792
1.2668726917878796
1.2659880931103409
1.2652876026692637
1.2644689689096067
1.2636770998929157
1.2628997642455708
1.2621085917189374
1.2613163733354584
1.2605948575677761
1.2598621733789104
1.2590471876263853
1.2583423081312084
1.257539904566796
1.2568565194366759
1.2561787858446412
1.2553311252696142
1.2545220319941892
1.253669473396
1.252771363112064
1.2519058928121112
1.251015701750922
1.250140759137417
1.249172259376845
1.2483680557672798
1.2475113058528562
1.2467255064723668
1.245853599344911
1.2450644076721984
1.2443261359552338
1.2434611926684038
1.2426921428129534
1.2419450802367429
1.2411258947477481
1.2403129247899942
1.2395119296348325
1.2388467876396154
1.238087718148602
1.2374080954238993
1.236737793624279
1.2361574719383377
1.2355863066697168
1.2349707807003254
1.2343888059502763
1.2338794344619668
1.2333872405014157
1.2327902003358053
1.2322734050399475
1.2316705961323926
1.2311003199800687
1.2305223918476536
1.2299932110106147
1.2294536673011613
1.2289283037963399
1.2284478924040831
1.2279081575689679
1.227433141743962
1.2269626806661345
1.2265684352254267
1.2260730946549137
1.2255618863409161
1.2252193349392488
1.2248525116816413
1.224485272390135
1.2241288067547345
1.2237373110241538
1.2233694256938836
1.2229767422798012
1.2225969166642532
1.2222436716644323
1.2219292399438197
1.2216057379310516
1.22126529952624
1.220931253880405
1.2206237578091335
1.2202457138704244
1.2199652863206687
1.2196957448301164
1.21943374462343
1.219166170304704
1.2189264503506658
1.2186634876251592
1.218388392614612
1.2181932793522519
1.2180110679547216
1.2178127101634448
1.2176149281613968
1.2174285001939813
