15.046167204052558
12.642982702515482
11.500439960335154
10.87586982873001
10.547686479567956
10.173873875692589
10.061496074585941
9.918176242575239
9.756830705062761
9.563150570673143
9.362675110996108
9.164485552016297
8.938389089032011
8.75074261642628
8.596925948500438
8.431868464965795
8.294678776769494
8.151055934615592
7.961836895937623
7.785957612547861
7.6338328348495565
7.525836618087286
7.4075615878205845
7.3187886595846265
7.231708481733076
7.153018326884755
7.090241021665328
7.03971990802026
6.991003248691236
6.950046305166673
6.920589790214059
6.900443198690706
6.880205917439088
6.860263248580001
6.846125840928973
6.830085808465295
6.816395577596889
6.804276723813636
6.794954622683271
6.784871295367584
6.777003552997918
6.7699308852188445
6.7643118772396065
6.75964167558503
6.75388544848844
6.746712290684144
6.740370602325896
6.73299206111928
6.724924999152439
6.7175437233977675
6.690404437674193
6.649326417071027
6.588443611044493
6.526425588878098
6.467873731247984
6.405323110684719
6.350933474651807
6.296108909207948
6.243640572530625
6.200266950353882
6.1599221815656655
6.124118231702777
6.091674686847092
6.0636426760960305
6.040792416085786
6.020181810768101
6.00188701914777
5.984953488763178
5.967643512874211
5.953983671447265
5.944626609056209
5.937287459670294
5.929839423550391
5.923144504532129
5.917348316329207
5.912290381410969
5.90171317348878
5.656812339365008
5.358268966896338
5.018154762244325
4.7766340810241665
4.536863266677759
4.322209262778513
4.188263910843066
4.063066390180975
3.9335042349821787
3.8182703198432186
3.704779342919454
3.603997439061512
3.5037799209057923
3.4066627171147434
3.314803809043074
3.227272787190797
3.1365070977311706
3.0458469061253677
2.958703351681649
2.872538967798169
2.7805773059905494
2.6645412733352014
2.5420298026263435
2.404937552099719
2.278755431808732
2.161856810937718
2.074398438873562
2.005895100245449
1.9713497059132008
1.9518258272374531
1.931024226600254
1.9202735696361568
1.9122237277746983
1.905398208958676
1.8975489460028845
1.8905982400339942
1.8795831806019967
1.869603801932631
1.858833963475015
1.8461239080658443
1.8269703581626455
1.7988483329949805
1.7169306506272548
1.6501616770959817
1.6105153355327388
1.5845549089887445
1.5610229092453771
1.5399084478942493
1.5199689274267323
1.503304415443468
1.4907269899474667
1.4789854049840043
1.468142986756833
1.459870860302777
1.4519363476099354
1.444506183452214
1.4376202609560282
1.431405773981263
1.4260301387764205
1.4201043669319517
1.4141521125108234
1.4085079813438988
1.4034373566711382
1.3985189882244855
1.3939945261837643
1.3895830348009195
1.3851401309589315
1.3814778733924582
1.3778040101394184
1.3746205841611623
1.3712970259624644
1.3680407993445778
1.365155451617671
1.3625144396543032
1.36012463121111
1.3573659273795942
1.3549639761645205
1.352954577470756
1.3511088235876292
1.3490927812217937
1.347117793236282
1.345476446195672
1.3437307997052095
1.3417977873101279
1.3399466815905896
1.3377002645982978
1.3360209800004572
1.334285605520674
1.3325922888940864
1.330652719473843
1.329012585579762
1.3273424893405554
1.325470710860488
1.3237436526909967
1.3222043928945855
1.3205841333154575
1.3190494986627606
1.3176144820849345
1.3161511944021402
1.3145733554897499
1.3132839028806158
1.311757898891381
1.3102964713073693
1.3087920281947012
1.3074324120521297
1.3059257860179043
1.3045836649609166
1.303242989791408
1.3019384902060738
1.3005921762802393
1.2993748802246499
1.2980729873277275
1.296730125198204
1.2954995293912326
1.294272359065432
1.2930792097257475
1.2920069021310336
1.290790874052398
1.2894827757748617
1.2881560242822685
1.2868724873638788
1.2856277121103261
1.284322833605148
1.2831898638701524
1.282103304469456
1.2808573177140516
1.279677650546705
1.2785083808706652
1.2775021654943597
1.2762968226196492
1.2752321890024207
1.2739277224595913
1.2728154174017172
1.2715835611377582
1.2703815161428267
1.2690436575782549
1.2677659362773905
1.266543044429259
1.2654486945728447
1.2643419187292606
1.2631497493007062
1.2621064985028214
1.2610454939857183
1.2599791674316627
1.25907674910163
1.2580958325882294
1.25722803635641
1.2562626767844849
1.2553507802947959
1.2545614065376576
1.2537571195628052
1.2529114275135953
1.2521305235362687
1.251422681578287
1.2507042013563874
1.2499415379582741
1.2494154104808182
1.2487094194742054
1.2480829188764089
1.247447637810236
1.2466904011296753
1.2461133503446238
1.245433380354502
1.2448667342025894
1.2443856853955468
1.2438522590747692
1.2432965644453597
1.2428137527996297
1.2423165961882319
1.2416612417509594
1.2410796323813855
1.240429386546701
1.2398148094475818
1.2391941139489777
1.238635758709619
1.2380358464270733
1.2374272951806207
1.2368789624947896
1.2363739375448288
1.2357982705891226
1.2352873446675012
1.2347616352518065
1.2342341111502089
1.233695539016284
1.2331551469009883
1.2326421405640682
1.2321187332076793
1.23156119487538
1.2310314797510191
1.230460757015103
1.2299221562276497
1.2293992523239856
1.2288842308564236
1.2283677288769557
1.2278684282000727
1.2274442771002896
1.2270090098781665
1.2266216984752907
1.2261667301137003
1.2257675437319548
1.2253408083363233
1.2249400041314775
1.2246191010195409
1.2243065320728093
1.2240531447035936
1.2237571406632028
1.2234434216176764
1.2231468737297169
1.222861661101109
1.2226015150058593
1.2223288236009298
1.222033180110249
1.2217637191298945
1.2215080055650587
1.2212259866493955
1.2209691386026966
1.2206774839524988
1.220442309343703
1.2201923548556772
1.2199247273299951
1.219659648389948
1.2194068419113089
1.2191840256772313
1.2189611583248192
1.2187526655467495
1.2185369059085067
1.2183563106234185
1.2181723207751496
1.2179420265505678
1.2177600397396784
