15.069594602786324
12.708577193429175
11.540495180395775
10.881484201634873
10.605375525072997
10.187631386444396
10.08509214294751
9.94388954059026
9.791458976036054
9.603676126502334
9.397503855017101
9.174626574114253
8.965195150486544
8.777934526199083
8.625092935585066
8.467389217876097
8.340726728666453
8.194130458388631
8.009321036222971
7.833157357482342
7.676118395628112
7.550114526718765
7.439917820246645
7.358763378935993
7.280201327770598
7.1880455237981025
7.122344979665218
7.0704975534615855
7.01757418649531
6.97435134327333
6.940367722960627
6.916166828065748
6.899326731550975
6.880563997080515
6.860900603175679
6.8472820375764485
6.833164184510245
6.818488430180864
6.806762272245404
6.797327456123899
6.788613334724985
6.7808192210185005
6.772996044616676
6.766730211478599
6.761541077379068
6.7566468580133225
6.749211932087508
6.740864108601233
6.734225723705183
6.725590188786509
6.719572243228125
6.6950529133238845
6.659511100461046
6.603370741176089
6.5427706417222
6.4829685773105155
6.418121968277987
6.368091374286315
6.318241209238977
6.269602469290142
6.228072334352795
6.1932959015222515
6.161111302773595
6.133440226957234
6.107412524985817
6.086105183007845
6.06755090882873
6.04951190017135
6.03477373956931
6.021374719633439
6.008159810625845
5.9949268968732845
5.983990975817903
5.973245171713053
5.963079324187635
5.955528637354586
5.9488322829126545
5.942039965779637
5.9353132274935945
5.929257204115892
5.92419340113215
5.919630130576447
5.915040944992075
5.91083292465399
5.898275945722979
5.820783380091406
5.644193001862504
5.609346240559031
5.552155858268577
5.464280664400201
5.211790835755901
4.971187267640136
4.737162199413238
4.5074602774103845
4.2988010623744906
4.078749834212472
3.84224740081949
3.580779819153193
3.341771315001054
3.0703899326344626
2.812444986451246
2.6187813806784206
2.4906579084192524
2.4186954192434946
2.381655799765287
2.348060547959814
2.313877639680215
2.282280370706272
2.2316629778670505
2.155218299199552
2.035371385549113
1.8494363621231376
1.6175575189369527
1.4921120135697716
1.4309948563682244
1.3960914142322274
1.3930974552266902
1.3907404776651937
1.378369182830114
1.35942994092456
1.3516896412785115
1.3481639681407342
1.3465218488656516
1.3453930606864777
1.3408136112414262
1.3157296354083776
1.265386449415577
1.2631858599545174
1.2622927958020593
1.2616142003529776
1.2607988220998791
1.2597847001219833
1.258516965251233
1.256322775530263
1.2539506321322715
1.2516737695162004
1.2476364688059887
1.243716295630966
1.2403015071628296
1.237182893165313
1.2343012177078343
1.232216880491464
1.2295807978629245
1.2278343125309314
1.2266502759684634
1.225759162172933
1.2251670331164366
1.2242062834667822
1.2233601606851217
1.2225707719383898
1.221614669088476
1.2207267645798314
1.2197801185942039
1.2189700844467044
1.2182170200941513
1.2173545327421813
1.216485562133455
1.215510312249866
1.2145142159134341
1.213615120683631
1.2127799679160534
1.211923405670281
1.21130043976519
1.2105139308393227
1.2096043722961314
1.208764698475492
1.2078251302212184
1.2070235955349577
1.2064508903183526
1.2058917978036847
1.205416635644025
1.2049245072043409
1.2044937195615972
1.2040522084660141
1.2036372851946728
1.2031893310637347
1.2027527960584399
1.2023990048989806
1.2019652099740803
1.2015821506470168
1.2012840061458672
1.2010228733444412
1.2007789403083802
1.2005487576397575
1.2002520305931883
1.1999608877040293
1.1996568304863962
1.199405911099456
1.1991512428471127
1.1989288661932695
1.1986979257500323
1.198468995450087
1.1982484745655766
1.1980191415047319
1.197776335610894
1.1975613551802207
1.1973398813636136
1.197108035841647
1.1969172208351049
1.1967246902025552
1.1965150529431767
1.196304271023414
1.1960759479674197
1.1958910038955128
1.195722150278959
1.1955362404282042
