0.07071225543772208
0.22200267821717193
0.0002485538705938788
0.007668141020900009
1.0000148960900468
1.0499890592354344
0.6309133245236994
4.940265746219166
1.0160366477485852
1.17132162334358
0.4202332724657214
5.513181173575428
0.9314169558943459
1.0128611682364392
1.9332950303619938
4.966975659002184
0.15988639641089594
0.20297328968401704
4.486716091552261
1.1823354934931343
6.866903952948174
24.535331027388573
0.00010765285889241358
2.327302464696871e-9
0.2881765407189619
0.011418673132310623
4.818205376967783
9609.765911284287
1.0834595592445158
0.16319546858953485
0.40848743205994287
0.011357772754709899
2.552935875799027
4.749856453219542
1.220207490726114e-7
3.709319772601758
0.06069727577164879
1.0e10
1.0e10
701.012785234045
1.0
3.1264547058953776
0.046297426342203594
0.0013563583173887015
1.7688096581999733
9.614795461820366
0.29335549051403187
4.1671371660173016
32.4831819682721
35.87213614146295
40.28686659858216
0.6852349455975802
