0.07071225543772208
0.22200267821717193
0.0002485538705938788
0.007668141020900009
1.0000148960900468
1.0499890592354344
0.6309133245236994
4.940265746219166
1.0160366477485852
1.17132162334358
0.4202332724657214
5.513181173575428
0.9314169558943459
1.0128611682364392
1.9332950303619938
4.966975659002184
0.15988639641089594
0.20297328968401704
4.486716091552261
1.1823354934931343
6.866903952948174
24.535331027388573
0.00010765285889241358
2.327302464696871e-9
0.2881765407189619
0.011418673132310623
4.818205376967783
9609.765911284287
1.0834595592445158
0.22905912109008442
0.5185189851206314
0.006760243878884589
3.425961991332941
7.643113681531287
0.4694033767099835
2.0650676418816083
0.06069727577164879
1.0e10
1.0e10
22.134481149450192
1.0
3.6820554879159824
0.046297426342203594
0.0013563583173887015
1.7688096581999733
9.614795461820366
0.29335549051403187
4.1671371660173016
32.4831819682721
35.87213614146295
40.28686659858216
0.6852349455975802
