14.057554016435319
13.232155141141213
12.767008340158231
12.541628884194463
12.310221737019322
12.171230896533249
12.06398749048931
11.970167040896227
11.838226010105002
11.61755189762902
11.316668343111605
10.728325551084158
9.772030300325488
8.589420464247935
7.8131616210843085
7.419051181999848
7.229224498112927
7.105910972453952
7.077100269193011
7.060360998551566
7.0325785318325735
6.981994072098249
6.94635203121825
6.876619337239909
6.809457786839939
6.743394510609409
6.689231950780712
6.638484522397793
6.5955000844253036
6.5588776157720154
6.523819312570357
6.49875218103325
6.473416095828213
6.451730118531451
6.431827978264231
6.412747566142819
6.3964268087097835
6.380400131231244
6.366647839237626
6.355032587744276
6.343877667099775
6.333443360216094
6.32473259813079
6.31574094297628
6.308693929296975
6.301778834991143
6.296363055634526
6.292840738374007
6.289276685167174
6.286504488018277
6.284539391483577
6.283176285788819
6.268975964188904
6.25456597706523
6.243238033398033
6.2259551717656265
6.21118663629022
6.199647729531097
6.196695774443988
6.193711770533877
6.188022847345886
6.167481315957996
6.14834386640733
6.129330025775438
6.112793307107459
6.0966958089291765
6.079281486517198
6.061498997382394
6.04292221565057
6.017770587843014
5.97999854913958
5.875504209497841
5.565426636524055
5.4167781655095
5.3743164967996755
5.287764344046298
5.255489777882881
5.2388437157958485
5.231896498753962
5.223152984104402
5.220420017642805
5.1784763983156665
4.874518529314136
4.6140202833145345
4.415809501671474
4.260885786417143
4.1185680014457375
4.004056711707895
3.917224421535728
3.8469035794209425
3.7848927735678863
3.735180389261682
3.688916935577703
3.6424053890403396
3.5980397311441177
3.5569795843559344
3.515605182558227
3.4800087525651726
3.445490359775878
3.417141427334901
3.3919388033264752
3.3703265353516576
3.351603918827073
3.333983794177371
3.320096727790121
3.306452129315449
3.292486377824922
3.281149426846696
3.269706952722906
3.2593204608179747
3.2498558028883444
3.2406953634962488
3.231336320969122
3.2215231287473856
3.212120936304056
3.2029160903482587
3.1920540111414137
3.1813163695388713
3.169626238494332
3.15718163306032
3.140234693645139
3.119196034639165
3.0904798731348073
3.0461836973205507
2.9957295874628365
2.953118840716277
2.9044828638719693
2.8587032777547936
2.818079088385014
2.784340038208537
2.7458931923320273
2.7114758806900703
2.682561020912816
2.658045035982296
2.638321072966371
2.6164222945280073
2.6001807835071302
2.590215555567731
2.580385644158703
2.570520691267701
2.5599704051567294
2.5485997800073106
2.536510399454409
2.524752474473358
2.5105757233172907
2.493874508214464
2.473802704154748
2.447921528206603
2.42183525832238
2.3853521874576424
2.358358072316479
2.344903938618841
2.339328801993415
2.3330458591995242
2.326921432498189
2.3190930829617438
2.312141245662417
2.3071296589783996
2.3028866706949653
2.2993793235084503
2.2961458681185825
2.2934004924913403
2.2904145354430483
2.287694716387225
2.2846868264987554
2.2815978355942885
2.278663675075544
2.2757642903935302
2.273038548871363
2.270373536900439
2.2675084520885003
2.2644645730135142
2.2616127587956587
2.2590086760429244
2.256704441335742
2.2544732511656367
2.2527408059288314
2.251241817830943
2.2498440866876432
2.2485692414537297
2.2472920672465584
2.246182008973353
2.2450385148222463
2.2439354586550753
2.2428545464682577
2.241901976402257
2.2410327386822972
2.2402514816686487
2.2395842407015545
2.2389363493598484
2.2382249901552447
2.237499075235924
2.236776213701323
2.2361332252098904
2.2355400448434013
2.2350139023729536
2.2345239616925046
2.234144405642536
2.233798207806582
2.233452734574863
2.2330674893689313
2.2326498897051383
2.2322275594337846
2.2318184372491086
2.2315687859090367
2.231285665742808
2.230954220817349
2.2305840838365043
2.230239029640135
2.2298951833149845
2.2295568931670537
2.2292713388225938
2.2290226481365725
2.2287783207290985
2.228539611555644
2.228307976823018
2.228102859040291
2.2279039364075572
2.2277009460246147
2.2275223381445874
2.2273329071752563
