14.058831662281472
13.250290962811945
12.780940539228958
12.542322566870709
12.296471555120156
12.141643397711071
12.03594150477975
11.915810389398903
11.773255738660964
11.496624202288379
11.077203897300052
10.393181887358088
9.48737525450268
8.487916567296605
7.774014534622257
7.364077129525043
7.202054012682982
7.102415211046527
7.072938966193259
7.051700822093856
7.009269587158684
6.9613473975250315
6.885765952323446
6.814659736192681
6.744628095705028
6.688238421620426
6.638176227200695
6.58912821669913
6.5548096044049515
6.522320306156139
6.495507869654691
6.469787227833628
6.445936657896301
6.426381069007437
6.407776125810669
6.390674528954289
6.375367479074907
6.361032718512632
6.348321417600992
6.337141265193125
6.327838003241812
6.318063422566322
6.309853978018555
6.302270836738586
6.296477879114917
6.291850712996105
6.288045694702973
6.285291628144236
6.283960698873628
6.279673760350917
6.2628649146099065
6.241340985445728
6.222688074987776
6.210116198909041
6.20210084024837
6.19705386537408
6.195831936927799
6.193722697747134
6.189458766356214
6.1668614129178465
6.148067040072403
6.129046176512183
6.111318921653668
6.096105739270971
6.080673618335174
6.061660222267193
6.0412469749612026
6.017434674655711
5.98667630536557
5.892032341308752
5.496960750316177
5.395367193644475
5.333119125498474
5.300803711698968
5.25480517065712
5.237166872639582
5.222938489332808
5.195332241411164
4.895421235818802
4.647160008520888
4.457079080533958
4.295616035218153
4.165553516687952
4.0600382054640605
3.976709804673752
3.8974557625661923
3.8371623369355046
3.791486923457388
3.7479020484359333
3.7122911267771865
3.678949414713051
3.6462269780911303
3.617742673021322
3.5922967523161216
3.5688658803862516
3.5467163410484623
3.5248705782831546
3.505348048737691
3.4861128861231094
3.4685293535550388
3.4517395626050904
3.435686929838651
3.4209970684462494
3.405597162379504
3.387608524261469
3.3700673524128764
3.352351321850879
3.3343395070211432
3.3154189393994704
3.296073203397455
3.2773526540291797
3.2580825071022055
3.2368024146609846
3.213755310017154
3.189064981488661
3.159850628514725
3.1286353048484568
3.077521457297806
3.0146568086036734
2.939647893241019
2.8943787257526408
2.855146252770332
2.82307131011407
2.7951804855039217
2.765479582536429
2.7369789238661415
2.7071384419764044
2.6776345512830684
2.6521305997938303
2.627500545480638
2.605471984263187
2.580056450488711
2.557795110845875
2.538038502747982
2.5198993467894084
2.5027206593099214
2.4891699967187346
2.4724012028098823
2.4572999839401097
2.444919568167248
2.4304418458308685
2.416335232125106
2.4069020675479713
2.398389733801152
2.390586420541612
2.382860923783996
2.3761599583029387
2.370606582211586
2.3648315984603743
2.3603088193241257
2.356262164754673
2.350880701742227
2.3451955532741557
2.3395038703312006
2.333830180807121
2.328400729426275
2.3234990363706585
2.318403627732083
2.3136053557365788
2.3080860243252594
2.3029857862133243
2.29806701541688
2.2933886409335127
2.2889697240872584
2.2847433335280822
2.280625274454353
2.27709596773963
2.2741110555196986
2.27164053477727
2.269447460815834
2.267170569000289
2.264931713655529
2.262549855396001
2.2605889802788566
2.2585610961619693
2.2566570606479983
2.254921570064207
2.2533054744584273
2.251424012279534
2.2496844997954737
2.2480896316909593
2.2465520232730327
2.2450864242492985
2.2437978693723926
2.2425594330379663
2.2413665721853846
2.2402026032385347
2.239246391788999
2.238368733998276
2.237653209967174
2.237104550877742
2.2366964403725316
2.2360487188757237
2.2353940277366133
2.2348258033450925
2.234242560326922
2.2336129380596397
2.233007031291722
2.2324582578797916
2.231934666170198
2.231463182124216
2.230952018853711
2.23050035246761
2.230114461093849
2.2297524391549253
2.2294690552129417
2.229173227630721
2.2288832618961525
2.2285827066674706
2.228282100324871
2.2279929427122216
2.227699549905421
2.227446480145705
2.227242272344732
2.2270369243695223
2.2268228952143607
2.226626090222581
2.226408450167278
2.2261792969555536
2.2259560517710106
2.225738515276676
2.2255321132057038
2.2253293237151492
2.2251565128388773
2.2250422318630454
