14.05634007104572
13.22251527565605
12.773873155005933
12.552615527919862
12.314089348608004
12.160786240933554
12.048986061295068
11.940127857324265
11.775883492411468
11.49914821722673
11.047048058788466
10.349480953040429
9.256859158741515
8.235489713236305
7.6451569547242535
7.3011151085300305
7.153662307279006
7.089882513820925
7.067894332890916
7.047772890157486
7.009473495751301
6.962923185813462
6.902316235480939
6.833003321060218
6.761580477526373
6.700612789963163
6.650702021337477
6.604448430589798
6.5669925458900735
6.527699583456684
6.498562253150563
6.4731401867975045
6.451073613805754
6.4310469865297115
6.415986090244953
6.39825386402206
6.383130625348947
6.367222195012037
6.354536734808583
6.343526060599704
6.3314202821790815
6.322435994437978
6.314168903132067
6.3057012224789055
6.2988479959556365
6.293682930375805
6.288647951663247
6.285388227900693
6.283997355959087
6.27941698167842
6.261895889907645
6.242481172862856
6.227505622169543
6.21417532526711
6.204996761198611
6.196840181766316
6.195557071892226
6.194361913119373
6.193145834484806
6.171889262801852
6.1519882689088305
6.133685760063557
6.117388860349337
6.103185553505723
6.087223188345412
6.071621473883862
6.051127512269538
6.025178500325115
5.990293504107509
5.909748074003357
5.616071644083039
5.401265618186823
5.328682325174675
5.305450693662987
5.277318398773202
5.252046945339771
5.2425843027141354
5.231679055337338
5.227029800175513
5.208377827949736
4.913192710606701
4.682501391137556
4.497191155855468
4.3462680764664725
4.208085337559943
4.09843762940608
4.003566554142131
3.925520377776442
3.8549282808474867
3.797767073487474
3.7457590284738043
3.698675835052244
3.6577835205480103
3.619882258649893
3.5844189079630002
3.5544487151063384
3.5295891620440187
3.5057642533409297
3.4841958188161914
3.4641300423079633
3.445624691088703
3.428121671037287
3.4130375653729947
3.3995848186653195
3.387334530344736
3.375907751351045
3.3651404985922877
3.3532266214736985
3.340922732665957
3.3290766425427467
3.3190816338144353
3.307312781455389
3.2973926980631525
3.287196665397084
3.2774464167268906
3.2673846275979557
3.2559417933617656
3.2458055421323113
3.23590145605084
3.224750599078776
3.2143968148944158
3.203949114936142
3.194459458037408
3.1853175129836
3.1757523992268695
3.166452540052372
3.1569940848081917
3.145495173950624
3.1314659680901586
3.1162648506641286
3.095406557277732
3.069131233740192
3.041648961694314
3.0096988196933454
2.9846339025449478
2.959419149994165
2.9373514206517353
2.9190676360703947
2.8751751599503317
2.8382099383802997
2.8069150832025027
2.778523437736272
2.750274744614761
2.726845482025758
2.7042752136001553
2.6848752823993847
2.6675263461909893
2.6530959611626415
2.6346709488455904
2.6172163365667043
2.6003694762618483
2.583384018202656
2.566715011263917
2.5510623508535133
2.537208570667815
2.5252673804494323
2.5145964741848346
2.501992284805259
2.4889103970983957
2.47406380594766
2.4592611100208277
2.445175196991494
2.4331048229779793
2.4234972533234522
2.415092471829791
2.406626044800319
2.396537137042916
2.3864537273947075
2.3768634151999635
2.3676909396149552
2.359455535470781
2.3483432067628414
2.336589323669097
2.3246464114893577
2.312768551047549
2.3041832625513017
2.2971919337864897
2.290609436982436
2.2847186746251618
2.2797269176460064
2.274969855312934
2.270935227437592
2.267923428210908
2.2656300896821158
2.2620947030110408
2.2578845066273594
2.253196309429349
2.2498592134145357
2.2476252240269003
2.246423785977762
2.245606165061849
2.2446123365943
2.243446637223231
2.24216692335062
2.2409120327411163
2.2398095620322236
2.238504640316849
2.237235531041099
2.235987230010984
2.2348026073341547
2.2339068665112247
2.233047567358865
2.2324752477758736
2.2319687745144874
2.231497402357368
2.2310767444357174
2.2306864192384923
2.2303279952641475
2.2299812593100956
2.229701882414367
2.2294042894296737
2.2291276477915973
2.22890771178181
2.2286911241963603
2.228457739406739
2.228261043570501
2.2280595637062195
2.227855963222093
2.227622745082096
2.227409402433631
2.227203754614984
2.226996317727462
2.2268036438721293
2.226628683097088
