14.068238075780238
13.246846441188364
12.779244478832844
12.55085313349809
12.312471915392663
12.15826063770184
12.050465982189166
11.94537576339574
11.79476184068373
11.522480875948148
11.157376502411633
10.445401019405198
9.435899876088063
8.50523684960569
7.742756676470577
7.363170051861623
7.193044885468868
7.095787302999824
7.069713643363762
7.048064247263259
7.008018037610444
6.9645403003676485
6.899455253956834
6.833954060868059
6.768830797495468
6.713174208932362
6.663342936581017
6.61563770667065
6.574519112400051
6.533477012799757
6.503216432545152
6.476784463777204
6.453947847110104
6.43134863114431
6.4124523261166075
6.394278666120737
6.375545309567471
6.360443597994728
6.346436818874263
6.334952047716815
6.324220070678139
6.315103147893559
6.3076109721138955
6.300402831596648
6.295335171703005
6.290869226870036
6.287482812635634
6.284687417507712
6.281746868310693
6.2643211789750275
6.245898788359966
6.231217266179106
6.214260195368965
6.204669123453591
6.1997169399534435
6.19880155736713
6.1965069360678235
6.195731287757955
6.189731856726105
6.167354823584773
6.147355772363786
6.1301852275692035
6.114160761152263
6.100459814148454
6.086626584167735
6.072706817603379
6.0567298940262475
6.038344880338119
6.019404932986802
5.994631965427157
5.948470688115375
5.840647483184554
5.585083195520543
5.486511782701861
5.3474757267931405
5.316892288749138
5.296806305764372
5.279653586566255
5.251698054982718
4.917091300471572
4.660094570780219
4.453017029671079
4.28618065350776
4.156541145478384
4.057511022409315
3.977553111187115
3.9045380213774923
3.840638044311145
3.7785777394058915
3.727628034554586
3.6831992044892594
3.642522969647553
3.608862159042408
3.577997313932853
3.552224318255222
3.526479442477526
3.503432759667769
3.4829790358147914
3.4632255651534987
3.447016186572757
3.4272606265546433
3.4076298298845735
3.3891365109405314
3.3720763637235986
3.35532249230536
3.339908250347693
3.3231256415124513
3.3071006609818694
3.2918357782487195
3.2788091804064505
3.2655652059397617
3.2524951702918408
3.2401458579109104
3.2266948511819518
3.2142568898338144
3.199636821111916
3.186872416004591
3.173672115757183
3.1604116482023272
3.1461164028650614
3.130527064605963
3.116264205190335
3.102198406290807
3.0851313535178146
3.0579784970965873
3.0258899394518872
2.999871063068033
2.9768439026911873
2.927017891960916
2.8803461597751063
2.842514491034154
2.8064212100960013
2.7755330309386865
2.7480606215342753
2.7250668167944356
2.7022875237701314
2.6813897385316707
2.663382445927734
2.6477877554708904
2.6343988926773783
2.6192005303772756
2.6045527834395994
2.5892855486040993
2.5735372321444645
2.5574498215554993
2.5374574620663104
2.5169454659016397
2.4936279456246258
2.4705611478182874
2.4499839844937457
2.4293289576186377
2.4095820206891485
2.3884063027681286
2.3719647536786965
2.360480497752264
2.346521846595696
2.340973323067093
2.335548460194256
2.3294801581533804
2.3231030183736463
2.3163109053995274
2.3108303971657547
2.3060833583593388
2.3020777485808104
2.297695144777732
2.2938707553527333
2.2908137137547913
2.287927489887652
2.284669457029529
2.2816128337395973
2.2784954409919163
2.275564695111293
2.2727978181499413
2.2702997897758452
2.267820937909155
2.2655596676642054
2.2633438040037186
2.2611693426896613
2.259142015420732
2.2574059966507782
2.2557617728449664
2.2542232605132906
2.2527360348383034
2.251268012252238
2.250079245166173
2.248946532020101
2.247574101607457
2.2463085450718143
2.2452380121939637
2.2441516620676936
2.24311250561506
2.2421171901625705
2.2411392143251536
2.2401925101982325
2.2393125210500653
2.238494841086248
2.23770507992412
2.236931196887327
2.2362498435930807
2.235571892728263
2.234953240724211
2.234298973195772
2.233637016765212
2.233001563908747
2.232494889674131
2.232002959935963
2.2315585664475313
2.2311522206762344
2.230764210922037
2.23037730336259
2.230028336540559
2.229669045126692
2.229340450571504
2.228984632545105
2.22862987897304
2.2282827808597503
2.227967137184166
2.2276621964897796
2.2273497919254837
2.227080068246882
2.2268481674318483
2.226635855348877
2.2263694697866097
2.22610597418689
2.225864171071942
2.225658017685573
2.225481185925992
2.225308675716848
2.2251338795286095
